iter	frame	n_test	mean_returns	std_returns	max_returns	min_returns	n_test_train	mean_returns_train	std_returns_train	max_returns_train	min_returns_train	actor_loss	entropy_loss	value_loss	training_time	evaluation_time
0	0	10	0.5	0.6708203932499369	2.0	0.0	10	0.5	0.6708203932499369	2.0	0.0	0	0	0	0.0	29.108999708910005
4	65536	10	1.6	2.90516780926679	10.0	0.0	10	1.6	2.870540018881465	10.0	0.0	0.011234959867621514	-2.5252978997778923	0.11910795939155977	12.351999969120001	32.27699967723001
8	131072	10	2.0	2.792848008753788	10.0	0.0	10	1.0	1.0	3.0	0.0	-0.004251569009447597	-2.5570334565956148	0.05113467137029458	10.81999997295	30.533999694660004
12	196608	10	0.9	0.8306623862918076	2.0	0.0	10	1.2	0.6000000000000001	2.0	0.0	-0.005051732370782773	-2.5247360937150938	0.03150784123050288	11.425249971436877	30.859999691400006
16	262144	10	1.0	0.6324555320336759	2.0	0.0	10	1.3	0.7810249675906655	2.0	0.0	-0.005926863173336807	-2.5348340319933524	0.02696600748177981	10.531249973671873	30.833999691660004
20	327680	10	1.9	2.8792360097775935	10.0	0.0	10	0.8	0.7483314773547883	2.0	0.0	-0.006102300002234571	-2.5757834585804833	0.03341863315670023	10.786249973034375	33.55099966449001
24	393216	10	1.0	0.7745966692414834	2.0	0.0	10	1.3	0.7810249675906654	3.0	0.0	-0.005410051110975813	-2.5546784000914515	0.04799514785297075	10.067749974830626	33.094999669050004
28	458752	10	2.4	3.6110940170535573	13.0	0.0	10	3.0	2.449489742783178	10.0	1.0	-0.004808618039032132	-2.575027952323346	0.0444709449222864	10.141499974646251	33.28199966718
32	524288	10	0.8	0.7483314773547882	2.0	0.0	10	0.7	0.9	3.0	0.0	-0.004957873407661732	-2.59607605112372	0.054500647853660274	10.254249974364374	33.248999667510006
36	589824	10	2.3	3.689173349139343	13.0	0.0	10	0.7	0.7810249675906654	2.0	0.0	-0.0050902922370523775	-2.6091081248982895	0.060220935996557645	10.03949997490125	33.29699966703
40	655360	10	0.9	0.9433981132056604	3.0	0.0	10	2.0	2.8635642126552705	10.0	0.0	-0.004730118685491331	-2.5945590855955487	0.07105305840607687	10.570249973574375	30.654999693450005
44	720896	10	1.0	0.7745966692414834	2.0	0.0	10	0.9	0.8306623862918076	2.0	0.0	-0.004240737462333495	-2.578834801643679	0.09622336637856214	10.502749973743127	30.677999693220006
48	786432	10	4.5	5.5901699437494745	13.0	0.0	10	1.1	0.9433981132056604	2.0	0.0	-0.005516364398652692	-2.5823414770059006	0.05562885934489594	11.302249971744374	28.706999712930006
52	851968	10	5.7	5.984145720150873	13.0	0.0	10	3.9	4.678675026115834	13.0	0.0	-0.004959350283963424	-2.576316301752978	0.08837541962130806	11.30799997173	28.539999714600004
56	917504	10	2.4	3.6660605559646715	13.0	0.0	10	1.8	0.8717797887081348	3.0	0.0	-0.005215479691047214	-2.573779962688803	0.14584734297080018	11.071749972320625	25.281999747180006
60	983040	10	1.3	1.1	3.0	0.0	10	2.5	3.640054944640259	13.0	0.0	-0.004502914081498848	-2.5834503593336597	0.11671509025954856	10.40149997399625	30.962999690370005
64	1048576	10	1.5	1.02469507659596	3.0	0.0	10	2.6	3.6110940170535577	13.0	0.0	-0.0054612558397285965	-2.5546603473346674	0.09972380785552108	11.409749971475627	27.058999729410004
68	1114112	10	3.1	4.988987873306569	13.0	0.0	10	2.8	3.4871191548325386	13.0	0.0	-0.005320338741564515	-2.541526791685324	0.07385306938480554	11.218749971953125	27.519999724800005
72	1179648	10	1.1	0.9433981132056604	3.0	0.0	10	1.8	1.077032961426901	3.0	0.0	-0.004525321804505169	-2.531550322706051	0.09640156705635693	11.046999972382501	27.937999720620002
76	1245184	10	4.6	4.94368283772331	13.0	0.0	10	2.5	3.6124783736376886	13.0	0.0	-0.004283288376890982	-2.4975454407315585	0.09721133160401176	11.089999972275	28.174999718250007
80	1310720	10	2.2	2.7129319932501077	10.0	0.0	10	1.5	0.6708203932499369	3.0	1.0	-0.005022827321916389	-2.526352882122092	0.05129600982229471	11.32749997168125	20.176999798230003
84	1376256	10	1.7	0.9	3.0	0.0	10	2.5	3.640054944640259	13.0	0.0	-0.005494378735151302	-2.5384745495854033	0.06353554811908584	11.897749970255626	28.175999718240003
88	1441792	10	4.7	5.496362433464519	13.0	0.0	10	3.4	4.2	13.0	0.0	-0.004833212686917043	-2.5478397530643537	0.08885365009624065	11.220749971948123	29.546999704530005
92	1507328	10	2.8	3.54400902933387	13.0	0.0	10	4.1	4.5265881191025095	13.0	0.0	-0.00495338569401854	-2.5389683840014237	0.1013002936855608	12.34949996912625	26.92299973077
96	1572864	10	1.6	1.1135528725660042	3.0	0.0	10	1.2	1.077032961426901	3.0	0.0	-0.00445628003898456	-2.535596221421285	0.08348464097656533	11.946249970134376	24.271999757280003
100	1638400	10	2.3	3.74299345444258	13.0	0.0	10	3.4	4.17612260356422	13.0	0.0	-0.004018995595172808	-2.538155448669051	0.05785429546938194	12.718749968203126	20.67299979327
104	1703936	10	2.5	3.6124783736376886	13.0	0.0	10	4.8	5.436910887627275	13.0	0.0	-0.00494275635668045	-2.5324046037936787	0.06422821901224819	12.989499967526251	21.845999781540005
108	1769472	10	1.6	1.019803902718557	3.0	0.0	10	1.3	0.9000000000000001	3.0	0.0	-0.0051247311804033585	-2.4923321602132518	0.052926845076646245	13.113499967216251	22.691999773080003
112	1835008	10	1.7	1.1	3.0	0.0	10	6.1	5.664803615307419	13.0	0.0	-0.004001782892563217	-2.4991788215815443	0.1330302033124375	12.903749967740625	27.738999722610004
116	1900544	10	2.6	3.5552777669262356	13.0	0.0	10	1.6	1.1135528725660044	3.0	0.0	-0.004354654859375463	-2.5390238560574887	0.12270298047886158	11.595749971010624	26.548999734510005
120	1966080	10	1.3	1.1	3.0	0.0	10	2.5	3.6124783736376886	13.0	0.0	-0.004394674687770627	-2.5170560029507354	0.11964231045291283	12.14799996963	26.128999738710007
124	2031616	10	1.9	3.78021163428716	13.0	0.0	10	1.6	1.1135528725660044	3.0	0.0	-0.004379650470732535	-2.506830513216197	0.0979483626137593	11.887999970280003	19.673999803260003
128	2097152	10	1.7	0.7810249675906655	3.0	1.0	10	1.7	1.0049875621120892	3.0	0.0	-0.005043751251610647	-2.496758493024305	0.10585195577842554	14.433249963916875	23.317999766820005
132	2162688	10	3.8	4.643274706497559	13.0	0.0	10	2.4	2.7276363393971708	10.0	0.0	-0.004689123940621608	-2.50416695797187	0.14581747918112567	12.536249968659375	22.998999770010002
136	2228224	10	1.0	0.8944271909999159	2.0	0.0	10	2.3	3.7696153649941526	13.0	0.0	-0.0046083658133334445	-2.507686080770741	0.11515405726350865	12.432249968919376	23.220999767790005
140	2293760	10	3.6	4.8207883172775805	13.0	0.0	10	1.5	0.6708203932499369	2.0	0.0	-0.00400009082132649	-2.501111926871279	0.07090095682107209	12.461749968845627	25.818999741810003
144	2359296	10	3.9	4.592385001282013	13.0	1.0	10	4.0	4.626013402488151	13.0	0.0	-0.0036771519646622555	-2.4847690361136725	0.09305306814107316	11.903499970241251	25.826999741730006
148	2424832	10	4.6	5.607138307550474	13.0	0.0	10	3.0	3.3763886032268267	13.0	1.0	-0.005563572298369269	-2.5260080369662528	0.05777640464540678	11.529999971175002	28.908999710910003
152	2490368	10	2.0	0.8944271909999159	3.0	0.0	10	2.6	3.583294573433784	13.0	0.0	-0.004110900658084424	-2.551656521590987	0.08590225315689294	11.30649997173375	30.512999694870008
156	2555904	10	5.0	5.366563145999495	13.0	0.0	10	1.5	0.806225774829855	3.0	0.0	-0.005230013638296738	-2.5290294684318817	0.07750572240104073	10.424499973938751	30.599999694000008
160	2621440	10	1.0	0.4472135954999579	2.0	0.0	10	4.1	4.504442251822083	13.0	1.0	-0.00460896562872718	-2.5311459747300447	0.08344344838506884	10.434999973912499	31.070999689290005
164	2686976	10	1.5	1.284523257866513	3.0	0.0	10	1.7	1.0049875621120892	3.0	0.0	-0.004327115325854178	-2.5250769428762063	0.04538729923188082	11.01999997245	31.386999686130004
168	2752512	10	3.2	4.915282290977803	13.0	0.0	10	1.4	1.1135528725660044	3.0	0.0	-0.00508221356184057	-2.5520955892725716	0.05381316402948563	10.29349997426625	33.21599966784001
172	2818048	10	1.6	1.2	3.0	0.0	10	2.6	2.5768197453450252	10.0	0.0	-0.0052361169431608635	-2.529313208892725	0.029515441727155898	10.263999974339999	33.00499966995001
176	2883584	10	1.5	0.9219544457292888	3.0	0.0	10	6.0	5.779273310719955	13.0	0.0	-0.003855786858268148	-2.5251877752296275	0.06601669207924618	10.961999972595	31.123999688760005
180	2949120	10	3.6	4.7791212581394085	13.0	0.0	10	3.3	3.348133808556641	13.0	1.0	-0.005650746114060414	-2.5201518880682614	0.0477508066832018	12.0329999699175	27.056999729430004
184	3014656	10	3.7	4.73392015141785	13.0	0.0	10	4.4	5.6780278266313555	13.0	0.0	-0.004226173580581688	-2.517628080880649	0.06362381742720845	12.612499968468748	26.826999731730005
188	3080192	10	4.0	4.626013402488151	13.0	0.0	10	2.9	2.3853720883753127	10.0	2.0	-0.004197449519948279	-2.522836891050598	0.07359756315136476	12.55649996860875	26.109999738900004
192	3145728	10	5.3	5.119570294468081	13.0	0.0	10	1.8	0.9797958971132711	3.0	0.0	-0.003827180402575623	-2.494210995473924	0.11216015010524705	11.598249971004375	30.610999693890005
196	3211264	10	2.6	3.583294573433784	13.0	0.0	10	3.2	3.370459909270544	13.0	0.0	-0.004514840799689625	-2.52548275861659	0.11095878411830042	10.343749974140625	30.424999695750007
200	3276800	10	1.7	1.1	3.0	0.0	10	2.1	3.726929030716845	13.0	0.0	-0.003931730766953196	-2.5395826620198343	0.0926971347750773	12.543249968641875	27.715999722840007
204	3342336	10	3.1	3.3896902513356584	13.0	1.0	10	1.9	0.9433981132056604	3.0	0.0	-0.004857727905598008	-2.5670882858145445	0.09204404883602482	11.077749972305623	27.797999722020002
208	3407872	10	1.6	1.1135528725660044	3.0	0.0	10	2.9	3.4190641994557516	13.0	1.0	-0.004506025414366905	-2.5647189341297443	0.0856551992190874	12.104249969739376	24.286999757130005
212	3473408	10	2.6	3.5552777669262356	13.0	0.0	10	1.9	0.7	3.0	1.0	-0.004623488183039742	-2.5605981396948314	0.08033453173641866	13.308249966729374	21.433999785660003
216	3538944	10	2.6	3.5552777669262356	13.0	0.0	10	1.6	1.2	3.0	0.0	-0.004898754374855586	-2.5720587047242125	0.05498130785815148	12.955249967611875	20.371999796280004
220	3604480	10	2.5	3.640054944640259	13.0	0.0	10	2.4	3.693237062523877	13.0	0.0	-0.004733517822500767	-2.552860254776789	0.11084486637079984	13.455249966361876	20.662999793370002
224	3670016	10	2.2	0.6	3.0	1.0	10	1.7	0.9	3.0	0.0	-0.004583006995873586	-2.5586600921866345	0.1309805402861443	13.142249967144375	21.67599978324
228	3735552	10	2.8	3.4871191548325386	13.0	0.0	10	2.6	3.5832945734337835	13.0	0.0	-0.004283570880497238	-2.5496901767776863	0.08428062371574967	13.063999967340001	21.043999789560004
232	3801088	10	5.6	5.553377350765928	13.0	0.0	10	3.8	4.019950248448356	13.0	0.0	-0.004444477848808337	-2.5236121761156913	0.1433495216620775	12.72549996818625	21.693999783060004
236	3866624	10	2.7	3.606937759374287	13.0	0.0	10	1.6	1.019803902718557	3.0	0.0	-0.004031235533637566	-2.529784351323776	0.1479167917899686	12.549249968626876	20.532999794670005
240	3932160	10	0.9	0.7000000000000001	2.0	0.0	10	2.8	3.54400902933387	13.0	0.0	-0.0040783690463888226	-2.5075225752960315	0.1272852325213732	13.511999966220001	22.697999773020005
244	3997696	10	4.5	4.295346318982906	13.0	1.0	10	2.9	3.419064199455752	13.0	1.0	-0.004729273270148355	-2.5329968131923635	0.13887241023387825	13.22799996693	23.165999768340004
248	4063232	10	6.4	5.44426303552648	13.0	0.0	10	2.9	3.562302626111375	13.0	0.0	-0.004762711599555145	-2.518826576308292	0.11699316707618025	13.169749967075626	23.640999763590003
252	4128768	10	1.2	0.8717797887081347	3.0	0.0	10	3.0	3.4351128074635335	13.0	0.0	-0.005021827755710096	-2.5214519051071074	0.10403273325338723	12.501249968746876	26.697999733020005
256	4194304	10	5.4	5.043808085167396	13.0	0.0	10	3.6	2.154065922853802	10.0	2.0	-0.004896524856521127	-2.506367685633091	0.13078228285881277	11.450499971373752	25.710999742890003
260	4259840	10	2.5	3.640054944640259	13.0	0.0	10	1.9	0.8306623862918076	3.0	0.0	-0.005197075631626618	-2.4975884454827595	0.1620208164508252	12.37949996905125	25.386999746130005
264	4325376	10	2.0	0.7745966692414834	3.0	1.0	10	4.5	4.295346318982906	13.0	1.0	-0.00533403770719428	-2.5164062303663646	0.11772576070250873	11.9509999701225	24.942999750570007
268	4390912	10	2.7	3.5791060336346563	13.0	0.0	10	2.3	3.6619666847201104	13.0	0.0	-0.004654986560247852	-2.4962295465054622	0.11284281397615131	11.669499970826251	25.211999747880004
272	4456448	10	2.8	3.4871191548325386	13.0	0.0	10	4.8	5.3999999999999995	13.0	0.0	-0.00481307625594316	-2.4689821697683216	0.13041972437446264	11.752749970618126	25.301999746980005
276	4521984	10	2.8	2.6	10.0	0.0	10	4.7	4.243819034784589	13.0	1.0	-0.0044114174750830735	-2.4710008400091494	0.10898788493388323	11.682749970793125	25.349999746500007
280	4587520	10	1.7	1.2688577540449522	3.0	0.0	10	7.3	5.197114584074513	13.0	1.0	-0.004677341508308284	-2.5151248546801703	0.09648300992522875	11.717749970705626	26.723999732760003
284	4653056	10	3.9	3.9357337308308855	13.0	0.0	10	5.0	5.310367218940701	13.0	0.0	-0.003911388477310556	-2.5291280271955348	0.1558326079813488	11.906249970234375	25.765999742340004
288	4718592	10	3.0	3.40587727318528	13.0	1.0	10	1.8	1.16619037896906	3.0	0.0	-0.004394350366810647	-2.5220483961061078	0.10916714481648354	12.3549999691125	23.684999763150003
292	4784128	10	3.4	4.903060268852505	13.0	0.0	10	5.0	5.253570214625479	13.0	1.0	-0.004460092838437511	-2.5135384422902627	0.2592288660546818	13.402999966492501	23.340999766590006
296	4849664	10	1.4	1.1135528725660044	3.0	0.0	10	2.6	3.5552777669262356	13.0	0.0	-0.0046260276789964055	-2.499928399660054	0.21944940910561783	12.865499967836252	23.798999762010002
300	4915200	10	2.1	0.9433981132056604	3.0	0.0	10	5.0	5.329165037789691	13.0	0.0	-0.00486137058224802	-2.4808048901357935	0.2265354767205775	12.49849996875375	22.998999770010002
304	4980736	10	4.2	4.467661580737736	13.0	1.0	10	3.1	3.3600595232822883	13.0	1.0	-0.005378056671104215	-2.4962859672687903	0.21700166807733048	12.555999968610001	24.067999759320006
308	5046272	10	3.7	4.754997371187496	13.0	0.0	10	2.6	3.6110940170535577	13.0	0.0	-0.005151994516148318	-2.4833438468372844	0.1867859766934455	12.068999969827502	26.125999738740006
312	5111808	10	2.9	3.4481879299133333	13.0	1.0	10	3.8	4.66476151587624	13.0	0.0	-0.005201987077638663	-2.516168489790122	0.196562316170597	11.601749970995627	25.490999745090004
316	5177344	10	2.9	3.477067730142742	13.0	0.0	10	3.6	3.1685959035509725	13.0	2.0	-0.005177303875286298	-2.5371820278306374	0.1735139038077799	11.951999970120003	27.998999720010005
320	5242880	10	4.2	4.512205669071391	13.0	0.0	10	2.9	3.5902646142032486	13.0	0.0	-0.005522513710609467	-2.53252247942929	0.20472890524544576	11.367249971581874	28.056999719430003
324	5308416	10	3.5	3.2326459750489227	13.0	1.0	10	5.2	5.1536394906900505	13.0	0.0	-0.005503565615711519	-2.532387618953446	0.16117925020584128	11.565749971085626	30.631999693680008
328	5373952	10	4.7	4.920365840057018	13.0	0.0	10	3.0	3.4641016151377544	13.0	0.0	-0.005579258923439126	-2.5297023750690038	0.15429745054127844	10.665749973335624	30.416999695830008
332	5439488	10	4.9	5.3563046963368315	13.0	0.0	10	5.2	4.578209256903839	13.0	1.0	-0.004991138405568277	-2.4859891580932585	0.24130058844854213	10.6189999734525	30.809999691900003
336	5505024	10	4.1	4.548626166217664	13.0	0.0	10	4.2	4.512205669071391	13.0	0.0	-0.005556659321303943	-2.5245188770048665	0.16541282435087382	10.573999973564998	30.589999694100005
340	5570560	10	6.4	5.462600113499065	13.0	0.0	10	4.3	4.428317965096905	13.0	1.0	-0.006101253917193275	-2.51537288947527	0.19501003155316085	10.421999973945	31.021999689780003
344	5636096	10	4.9	5.374941860150676	13.0	0.0	10	2.8	3.4871191548325386	13.0	0.0	-0.004976552306679899	-2.503029659129717	0.19106223556395935	11.13749997215625	30.491999695080004
348	5701632	10	5.0	5.329165037789691	13.0	0.0	10	5.9	5.838664230798	13.0	0.0	-0.005635478014199077	-2.4947278124475565	0.2719369375950201	11.63449997091375	25.606999743930004
352	5767168	10	4.4	4.363484845854286	13.0	1.0	10	7.0	5.477225575051661	13.0	1.0	-0.005888902499153903	-2.492599035043152	0.28143793201867645	12.601749968495625	22.823999771760004
356	5832704	10	6.3	5.568662316930341	13.0	0.0	10	5.3	5.119570294468081	13.0	0.0	-0.005537010605044845	-2.473437304040433	0.2668466653086435	12.387999969030002	26.876999731230004
360	5898240	10	7.7	5.3113086899558	13.0	2.0	10	6.2	5.582114294781145	13.0	1.0	-0.005288556917300976	-2.396040774632252	0.2873074313481635	11.89049997027375	30.611999693880005
364	5963776	10	6.2	5.582114294781145	13.0	1.0	10	8.1	5.503635162326805	13.0	0.0	-0.005250184222615659	-2.437600532913604	0.235369805998176	10.38449997403875	30.545999694540004
368	6029312	10	4.5	4.295346318982906	13.0	1.0	10	8.5	5.554277630799526	13.0	0.0	-0.006184773854897662	-2.45394982620347	0.2520323726086045	10.440499973898751	30.991999690080007
372	6094848	10	3.9	4.592385001282013	13.0	0.0	10	5.6	4.862098312457287	13.0	2.0	-0.005252353698535233	-2.47375237667621	0.23448890949640377	10.463999973840002	31.377999686220004
376	6160384	10	3.0	3.4351128074635335	13.0	1.0	10	4.1	3.8327535793473597	13.0	1.0	-0.006614619032227357	-2.435599669560401	0.21331372008920452	11.021249972446878	33.27399966726001
380	6225920	10	6.7	5.158488150611572	13.0	2.0	10	5.3	5.060632371551998	13.0	1.0	-0.0059099364243500405	-2.473506137471034	0.2493649942851088	12.047749969880625	25.922999740770003
384	6291456	10	3.3	3.3181320046074116	13.0	1.0	10	5.8	5.929586832149438	13.0	0.0	-0.005811179492715774	-2.442613251252843	0.2171054006483255	13.377249966556876	18.819999811800002
388	6356992	10	7.2	5.844655678480983	13.0	0.0	10	3.7	4.050925820105819	13.0	0.0	-0.00642890551953043	-2.4070967830693695	0.27450757626068173	13.656749965858126	19.557999804420003
392	6422528	10	6.3	5.514526271584894	13.0	1.0	10	6.3	4.960846701924985	13.0	1.0	-0.006205169507626099	-2.4091430477771985	0.2240656678486665	13.559749966100627	13.721999862780002
396	6488064	10	6.0	5.761944116355173	13.0	0.0	10	5.2	5.192301994298868	13.0	0.0	-0.006113213624575872	-2.378411893795535	0.26255837840707974	12.99049996752375	20.348999796510004
400	6553600	10	6.7	5.797413216254298	13.0	0.0	10	6.1	4.52658811910251	13.0	2.0	-0.0057443442413769715	-2.4198825828693873	0.21131264191092775	13.746249965634375	22.811999771880004
404	6619136	10	2.5	3.6124783736376886	13.0	0.0	10	5.3	5.0803543183522155	13.0	1.0	-0.006287244645087933	-2.4411811801235115	0.2860464378893433	12.596749968508126	23.0799997692
408	6684672	10	5.9	5.838664230798	13.0	0.0	10	8.4	4.586937976471886	13.0	1.0	-0.006226873838344078	-2.437301645422409	0.2235255968368914	13.103249967241876	20.445999795540004
412	6750208	10	5.0	5.310367218940701	13.0	0.0	10	6.1	5.146843692983109	13.0	1.0	-0.006117984562145125	-2.38920603667644	0.34233701877455247	13.69349996576625	26.806999731930002
416	6815744	10	6.6	5.257375771237966	13.0	1.0	10	8.3	5.78013840664737	13.0	0.0	-0.005289428245966994	-2.3673835493641713	0.31936436655398426	11.74799997063	29.248999707510002
420	6881280	10	5.5	4.944694126030447	13.0	1.0	10	5.4	5.023942674832188	13.0	1.0	-0.006581405999210087	-2.3849423301715857	0.2550053737481542	11.477999971305001	32.98399967016001
424	6946816	10	6.3	5.568662316930341	13.0	0.0	10	7.6	5.4258639865002145	13.0	1.0	-0.006702377409267101	-2.368846781305083	0.22157765146520325	10.657999973355	33.353999666460005
428	7012352	10	5.1	5.204805471869242	13.0	1.0	10	7.9	5.107837115648853	13.0	2.0	-0.006332819967860529	-2.3689445602413	0.22144009217175872	10.087499974781249	32.9399996706
432	7077888	10	6.4	5.462600113499065	13.0	0.0	10	4.2	4.6000000000000005	13.0	0.0	-0.00611055464284328	-2.39330346857413	0.3469493277009524	11.163249972091874	27.653999723460004
436	7143424	10	5.1	5.281098370604358	13.0	0.0	10	10.6	4.152107898405339	13.0	2.0	-0.005854205843809574	-2.340106293315313	0.2846163209852137	11.031499972421251	17.914999820850003
440	7208960	10	5.0	5.291502622129181	13.0	0.0	10	6.2	5.075431016179809	13.0	0.0	-0.005949131202807588	-2.3982689328477016	0.22476787847298518	11.71449997071375	29.254999707450004
444	7274496	10	4.4	4.386342439892262	13.0	1.0	10	7.1	5.430469592954186	13.0	0.0	-0.006922559984141549	-2.413975213713324	0.17124207618725196	13.201249966996876	23.090999769090004
448	7340032	10	6.2	5.617828762075256	13.0	0.0	10	5.7	5.459853477887479	13.0	0.0	-0.006558385407742073	-2.4052515399930785	0.23392483791383226	13.50399996624	20.645999793540003
452	7405568	10	7.3	5.745432968889291	13.0	0.0	10	6.4	4.862098312457287	13.0	2.0	-0.006406059856635358	-2.4121897615463173	0.18109559157218608	13.339749966650626	20.8099997919
456	7471104	10	5.3	5.119570294468081	13.0	0.0	10	6.4	5.44426303552648	13.0	1.0	-0.005558182210761583	-2.3717202194048035	0.21704720455134008	13.453999966365	21.711999782880003
460	7536640	10	6.0	5.761944116355173	13.0	0.0	10	7.2	5.81033561853358	13.0	1.0	-0.006409090761067955	-2.402043069152164	0.2198968025005779	13.114749967213124	25.664999743350002
464	7602176	10	6.3	5.514526271584894	13.0	0.0	10	5.3	5.0803543183522155	13.0	1.0	-0.005877461987129366	-2.375300138941339	0.2614066645541186	11.59199997102	24.662999753370006
468	7667712	10	8.1	6.024118192731613	13.0	0.0	10	5.9	4.763402145525822	13.0	0.0	-0.006266706811659113	-2.3451576901019537	0.23460442391884817	12.728749968178123	27.101999728980005
472	7733248	10	6.0	5.779273310719955	13.0	0.0	10	5.9	5.80430874437258	13.0	1.0	-0.005429321661763272	-2.352579280489002	0.25359023266624325	11.701749970745626	26.341999736580004
476	7798784	10	5.1	5.204805471869242	13.0	1.0	10	5.4	4.409081537009721	13.0	2.0	-0.005955286454371094	-2.2803446076918528	0.18143533036395917	12.25349996936625	23.559999764400004
480	7864320	10	5.1	5.223983154643591	13.0	0.0	10	9.2	4.643274706497559	13.0	2.0	-0.004796038890572798	-2.358141027145317	0.1895906917242904	12.23349996941625	25.432999745670003
484	7929856	10	7.2	5.861740355901138	13.0	0.0	10	9.5	4.780167361086848	13.0	2.0	-0.005384554528109184	-2.3013392063564924	0.273165141203857	12.383249969041875	15.543999844560004
488	7995392	10	8.3	5.762811813689563	13.0	1.0	10	8.5	4.984977432245807	13.0	2.0	-0.005156274818918463	-2.2784443669131274	0.2457714626930445	12.674999968312502	26.301999736980004
492	8060928	10	7.4	5.624944444170094	13.0	1.0	10	4.1	3.8327535793473597	13.0	1.0	-0.00501280650686798	-2.216760662463859	0.24954048145756996	12.246249969384374	28.211999717880005
496	8126464	10	7.5	5.518151864528558	13.0	1.0	10	5.3	5.060632371551998	13.0	1.0	-0.005549251664007076	-2.3109689700183047	0.25150432303101106	11.69849997075375	30.596999694030007
500	8192000	10	4.3	4.382921400162225	13.0	1.0	10	8.7	5.273518749374084	13.0	2.0	-0.004821157620833965	-2.3574257838257213	0.24787207317750523	10.475499973811251	30.768999692310004
504	8257536	10	3.2	3.3406586176980135	13.0	1.0	10	8.6	4.862098312457287	13.0	2.0	-0.005653952347243623	-2.4195504260523037	0.20033757821122117	10.504249973739377	34.17399965826001
508	8323072	10	5.0	5.291502622129181	13.0	0.0	10	9.5	5.352569476429054	13.0	1.0	-0.006607567941721953	-2.4215300155143775	0.20028972747822413	11.590249971024374	31.767999682320006
512	8388608	10	3.1	3.3600595232822883	13.0	1.0	10	6.5	4.780167361086848	13.0	2.0	-0.006548550466732175	-2.3661770867823444	0.21763530899055725	11.850499970373749	27.860999721390005
516	8454144	10	4.8	4.874423042781577	13.0	0.0	10	5.5	4.944694126030447	13.0	1.0	-0.005168840749388133	-2.397214116899802	0.13231159784073743	11.820499970448749	25.641999743580005
520	8519680	10	6.5	5.352569476429054	13.0	1.0	10	5.1	4.6141087980237305	13.0	1.0	-0.006904009112873548	-2.3738555856059818	0.18543652776870187	11.953999970115001	28.523999714760006
524	8585216	10	4.4	4.340506882842141	13.0	1.0	10	6.7	5.21632054229799	13.0	0.0	-0.006208608659977089	-2.3352919317832854	0.18911015671104972	11.680749970798125	30.360999696390007
528	8650752	10	6.4	5.44426303552648	13.0	0.0	10	6.6	5.257375771237966	13.0	1.0	-0.006784102733238796	-2.35552930310667	0.21606704070465635	11.359749971600623	28.409999715900003
532	8716288	10	8.5	5.554277630799526	13.0	0.0	10	6.4	5.462600113499065	13.0	0.0	-0.00647484509008041	-2.3904687312735526	0.23156903650682986	12.055499969861248	26.094999739050003
536	8781824	10	8.7	5.292447448959697	13.0	1.0	10	8.7	5.273518749374084	13.0	2.0	-0.006511666602746908	-2.395226167886299	0.2653106719289523	13.266749966833123	21.720999782790003
540	8847360	10	4.9	5.374941860150675	13.0	0.0	10	7.4	5.102940328869229	13.0	1.0	-0.005845167717171114	-2.34823562180377	0.24903162395471048	14.521999963695	16.29899983701
544	8912896	10	4.8	5.418486873657626	13.0	0.0	10	8.5	5.572252686302013	13.0	0.0	-0.0049816849418033915	-2.3563043671378727	0.22279077238255607	12.808499967978753	25.498999745010003
548	8978432	10	7.3	5.74543296888929	13.0	0.0	10	6.4	5.4258639865002145	13.0	1.0	-0.007430207302437035	-2.312252349910679	0.1981191936053094	11.90149997024625	25.443999745560003
552	9043968	10	8.8	5.15363949069005	13.0	2.0	10	4.2	4.445222154178574	13.0	1.0	-0.005932623439839991	-2.3759513370701306	0.2063198780115602	11.85849997035375	27.961999720380003
556	9109504	10	2.9	3.477067730142742	13.0	0.0	10	4.1	4.4821869662029945	13.0	1.0	-0.0059175512960691	-2.399419570712648	0.17090862180499128	11.706249970734374	25.366999746330006
560	9175040	10	4.3	4.428317965096905	13.0	0.0	10	7.4	5.083306010855534	13.0	2.0	-0.0047319523019948104	-2.278684948644104	0.20385302255755855	12.8149999679625	27.023999729760007
564	9240576	10	7.3	5.710516614107694	13.0	1.0	10	7.6	5.425863986500215	13.0	1.0	-0.006200546067056926	-2.3571758168467203	0.18153338473882757	11.570999971072501	27.260999727390004
568	9306112	10	5.4	5.023942674832188	13.0	1.0	10	7.9	5.107837115648853	13.0	2.0	-0.004771582100256787	-2.301534386732843	0.2312997171103919	12.131999969670002	24.599999754000006
572	9371648	10	6.7	5.177837386399847	13.0	1.0	10	7.3	5.197114584074513	13.0	1.0	-0.007015733894025412	-2.3403611155893356	0.1825201589579248	13.989749965025625	26.520999734790006
576	9437184	10	4.5	5.044799302251775	13.0	0.0	10	8.8	5.173006862551025	13.0	1.0	-0.005735984193970316	-2.3469933119951683	0.14961204257166588	12.368499969078751	25.259999747400006
580	9502720	10	6.4	5.425863986500215	13.0	1.0	10	9.6	4.6303347611160905	13.0	2.0	-0.005530633914562012	-2.3226693145994846	0.21027944956578373	12.346249969134377	27.736999722630003
584	9568256	10	4.6	4.294182110716778	13.0	0.0	10	8.5	5.572252686302013	13.0	0.0	-0.006296012712432974	-2.3411999118869575	0.2305763188198927	11.214749971963126	30.546999694530005
588	9633792	10	8.3	5.762811813689563	13.0	1.0	10	7.2	5.844655678480984	13.0	0.0	-0.00749409615837826	-2.3118734903708917	0.19554617447914727	11.277749971805624	33.332999666670005
592	9699328	10	5.1	5.262128846769148	13.0	0.0	10	6.5	5.333854141237834	13.0	1.0	-0.0057664578604752804	-2.3084698292195194	0.19532587439270674	10.703499973241248	30.329999696700003
596	9764864	10	8.9	5.028916384272064	13.0	2.0	10	9.5	5.389805191284746	13.0	0.0	-0.004551205696296837	-2.314289003369539	0.2472714019371288	11.15599997211	29.638999703610004
600	9830400	10	6.9	5.647123161398199	13.0	0.0	10	8.1	5.48543526076099	13.0	0.0	-0.005606772954728975	-2.3577327129769063	0.1960995005394642	11.443499971391251	23.500999764990006
604	9895936	10	4.5	4.272001872658765	13.0	2.0	10	6.6	5.257375771237966	13.0	1.0	-0.007009316378144411	-2.3218327932124714	0.19494216064444067	11.4189999714525	29.900999700990006
608	9961472	10	7.0	5.513619500836088	13.0	0.0	10	6.2	5.035871324805668	13.0	1.0	-0.006769235153016206	-2.307069038111057	0.1274139607813355	12.95249996761875	24.022999759770002
612	10027008	10	5.4	5.043808085167396	13.0	0.0	10	5.9	5.300000000000001	13.0	0.0	-0.007039651400064392	-2.2881838825941743	0.20708858506769953	13.563249966091876	23.068999769310004
616	10092544	10	6.3	5.496362433464518	13.0	1.0	10	9.4	4.94368283772331	13.0	1.0	-0.006730829081087996	-2.3070382125756037	0.20755590961946663	12.713249968216875	23.415999765840006
620	10158080	10	6.7	5.158488150611572	13.0	2.0	10	8.6	4.862098312457287	13.0	2.0	-0.005872549010740903	-2.2972370284389627	0.21126550868436414	11.970499970073751	26.878999731210005
624	10223616	10	7.2	5.8275209137333865	13.0	0.0	10	7.4	5.624944444170094	13.0	1.0	-0.006822465246434093	-2.2810948612896698	0.2617970425362871	12.230749969423126	31.279999687200007
628	10289152	10	8.7	5.292447448959697	13.0	1.0	10	9.4	4.94368283772331	13.0	1.0	-0.006324062729565735	-2.2201054342261997	0.2426389440020496	10.472749973818125	30.841999691580003
632	10354688	10	4.0	4.58257569495584	13.0	0.0	10	7.8	5.2115256883181535	13.0	2.0	-0.005688502088877141	-2.265080061815668	0.20815042388630295	10.614249973464375	30.764999692350006
636	10420224	10	5.5	4.964876634922564	13.0	1.0	10	8.1	4.928488612140643	13.0	1.0	-0.006523866365799044	-2.2800140825519195	0.21171737180680017	10.558499973603748	30.684999693150004
640	10485760	10	7.9	5.107837115648853	13.0	2.0	10	7.3	5.710516614107694	13.0	1.0	-0.006636675235531479	-2.290803914030186	0.1905681193452502	10.552249973619377	31.478999685210006
644	10551296	10	8.4	5.6780278266313555	13.0	0.0	10	7.6	5.4258639865002145	13.0	1.0	-0.0059291402279276735	-2.287882692873575	0.19014441864136547	11.53549997116125	30.795999692040006
648	10616832	10	8.0	5.60357029044876	13.0	0.0	10	7.0	5.495452665613635	13.0	1.0	-0.006912211287764567	-2.312784780817714	0.24785050848090248	11.63949997090125	28.080999719190004
652	10682368	10	5.3	5.119570294468081	13.0	0.0	10	9.1	5.39351462406472	13.0	0.0	-0.005354210627095595	-2.3025570285902015	0.19240775197913207	11.054999972362502	20.279999797200006
656	10747904	10	8.5	5.5362442142665635	13.0	1.0	10	8.9	5.6824290580701495	13.0	0.0	-0.006546007902746716	-2.287424653530266	0.21138242552338535	11.089249972276875	25.346999746530006
660	10813440	10	3.4	4.882622246293481	13.0	0.0	10	8.3	5.273518749374083	13.0	0.0	-0.005965266810244535	-2.1569915982820818	0.28092481829404126	11.194249972014376	31.098999689010004
664	10878976	10	8.7	5.273518749374084	13.0	2.0	10	7.7	5.330103188494571	13.0	1.0	-0.006053693727735652	-2.204918034145035	0.2712798101234478	12.165999969585	24.047999759520003
668	10944512	10	9.5	4.801041553663121	13.0	1.0	10	9.2	4.64327470649756	13.0	2.0	-0.0051906904185721	-2.1885012659137635	0.24724726935135743	13.98399996504	25.65299974347
672	11010048	10	7.5	5.518151864528558	13.0	1.0	10	5.3	5.0803543183522155	13.0	1.0	-0.006404354813578866	-2.30985522742847	0.21613022271465468	11.867499970331252	33.68099966319
676	11075584	10	9.5	5.352569476429054	13.0	1.0	10	8.7	5.330103188494572	13.0	0.0	-0.006432605506473244	-2.198648340771054	0.24097647872416353	11.423249971441875	30.845999691540005
680	11141120	10	5.1	5.243090691567332	13.0	0.0	10	7.5	5.5362442142665635	13.0	1.0	-0.005208475177584472	-2.2402750201673207	0.14998610828372122	13.4449999663875	16.151999838480002
684	11206656	10	4.0	4.58257569495584	13.0	0.0	10	8.4	5.642694391866353	13.0	1.0	-0.0051948697237746136	-2.2758232973628862	0.21127446304047728	12.465999968835	26.672999733270004
688	11272192	10	7.4	5.642694391866353	13.0	0.0	10	7.7	5.3113086899558	13.0	2.0	-0.0063576740860952115	-2.3261705013673337	0.20053750522829306	12.367749969080625	28.775999712240004
692	11337728	10	7.6	5.425863986500215	13.0	1.0	10	9.8	4.894895300208167	13.0	2.0	-0.0064917779739121035	-2.325454594946065	0.22816922156246972	13.96649996508375	25.485999745140006
696	11403264	10	8.3	5.797413216254298	13.0	0.0	10	6.9	5.575840743780259	13.0	1.0	-0.006515926621359886	-2.3293476474838952	0.21041260284973842	12.678499968303752	25.631999743680005
700	11468800	10	8.4	5.660388679233963	13.0	1.0	10	7.3	5.710516614107694	13.0	1.0	-0.006986419836903067	-2.1750444171547194	0.22835000687383686	12.495999968760001	22.875999771240004
704	11534336	10	6.9	5.593746508378798	13.0	0.0	10	6.4	5.44426303552648	13.0	1.0	-0.005997601629114566	-2.1908813414675685	0.2752989829852013	12.50349996874125	22.876999771230004
708	11599872	10	7.2	5.844655678480984	13.0	0.0	10	8.5	5.004997502496879	13.0	1.0	-0.006387690947365992	-2.2044810998130275	0.24609464078440774	12.941249967646876	30.588999694110004
712	11665408	10	8.4	5.6780278266313555	13.0	0.0	10	8.6	5.40740233383831	13.0	1.0	-0.005405949959259345	-2.171476425997718	0.2571835778385722	10.4369999739075	34.17399965826001
716	11730944	10	9.4	5.5533773507659285	13.0	0.0	10	9.3	5.675385449465085	13.0	0.0	-0.006810758638087718	-2.2413243922243318	0.24171440813035208	10.808499972978751	20.783999792160003
720	11796480	10	6.2	5.6000000000000005	13.0	0.0	10	9.2	5.230678732248808	13.0	1.0	-0.006435265831832675	-2.2557989480728526	0.2350946498479431	12.028249969929375	30.610999693890005
724	11862016	10	7.5	5.554277630799526	13.0	0.0	10	8.6	5.40740233383831	13.0	1.0	-0.00563360527972215	-2.23329531626485	0.19655412208414555	11.191749972020624	28.154999718450007
728	11927552	10	7.2	5.844655678480983	13.0	0.0	10	10.8	4.4	13.0	2.0	-0.0061829952046159745	-2.217658278611761	0.21488924679281038	11.305999971735	27.972999720270003
732	11993088	10	7.3	5.197114584074513	13.0	1.0	10	7.4	5.083306010855534	13.0	2.0	-0.006422624534568725	-2.2698065735518864	0.20351388939709464	11.660499970848749	25.454999745450003
736	12058624	10	8.3	5.797413216254298	13.0	0.0	10	6.6	5.238320341483519	13.0	2.0	-0.006442057787895017	-2.288859747111793	0.23058657423364246	12.76549996808625	25.100999748990002
740	12124160	10	7.3	5.762811813689564	13.0	0.0	10	8.8	5.15363949069005	13.0	2.0	-0.006316301894860994	-2.319025563455455	0.18843472529723362	11.892249970269376	28.971999710280006
744	12189696	10	6.8	5.075431016179809	13.0	2.0	10	8.5	5.554277630799526	13.0	0.0	-0.005784541280570449	-2.2986425283143617	0.2183364509998319	12.440499968898752	28.861999711380005
748	12255232	10	5.1	5.223983154643591	13.0	0.0	10	7.6	5.44426303552648	13.0	1.0	-0.006583311055916053	-2.2335852456746412	0.3068405432927861	11.428749971428125	33.59999966400001
752	12320768	10	6.3	5.496362433464518	13.0	1.0	10	9.8	4.915282290977803	13.0	1.0	-0.005596101935855038	-2.228230915731542	0.20951464591538488	11.84399997039	27.330999726690003
756	12386304	10	7.0	6.016643582596529	13.0	0.0	10	9.4	4.94368283772331	13.0	1.0	-0.006228678197009334	-2.2393076864532544	0.23978151013750043	13.292249966769374	12.832999871670003
760	12451840	10	8.3	5.797413216254298	13.0	0.0	10	11.7	3.0347981810987035	13.0	3.0	-0.006110251465816125	-2.270472553632581	0.29891679603597154	13.624249965939375	26.595999734040003
764	12517376	10	8.7	5.292447448959697	13.0	1.0	10	9.8	4.915282290977803	13.0	1.0	-0.00611409071216234	-2.2744022232905143	0.2065259441518229	11.933249970166875	31.303999686960005
768	12582912	10	11.6	3.32264954516723	13.0	2.0	10	8.7	5.330103188494572	13.0	0.0	-0.006463432111492142	-2.2578564879926506	0.24564578397124226	11.916249970209375	33.38399966616001
772	12648448	10	8.3	5.762811813689563	13.0	1.0	10	8.3	5.23545604508337	13.0	1.0	-0.0063041104094233025	-2.244978502158917	0.2746767665283859	12.112499969718751	26.238999737610005
776	12713984	10	8.5	5.5362442142665635	13.0	1.0	10	9.7	5.1000000000000005	13.0	0.0	-0.006718980007066231	-2.2784926516424444	0.2026398085467534	13.54949996612625	24.409999755900003
780	12779520	10	7.3	5.762811813689564	13.0	0.0	10	7.5	5.518151864528558	13.0	1.0	-0.005289614452274236	-2.2033845705478967	0.22205491811828398	12.474499968813749	26.610999733890004
784	12845056	10	9.7	5.060632371551998	13.0	1.0	10	8.6	5.425863986500215	13.0	1.0	-0.007524721335786588	-2.2113799102784393	0.24468814346253134	12.069999969825	29.165999708340006
788	12910592	10	8.8	5.15363949069005	13.0	2.0	10	7.3	5.745432968889291	13.0	0.0	-0.006281701291858439	-2.243329768145849	0.2172252259301367	11.668999970827501	30.702999692970003
792	12976128	10	7.5	5.572252686302013	13.0	0.0	10	7.8	5.2115256883181535	13.0	2.0	-0.004977163077240481	-2.2879231495262125	0.2359626274310127	11.413999971465	29.250999707490006
796	13041664	10	6.4	5.407402333838309	13.0	1.0	10	9.0	4.959838707054898	13.0	1.0	-0.006068881542255363	-2.326973629252115	0.2058588222696524	13.4349999664125	24.128999758710005
800	13107200	10	7.2	5.325410782277739	13.0	0.0	10	6.5	5.333854141237834	13.0	1.0	-0.0064054537911940315	-2.3296587638613753	0.23144473094255352	13.372999966567502	26.461999735380004
804	13172736	10	6.7	5.177837386399847	13.0	1.0	10	10.8	4.422668877499196	13.0	1.0	-0.006010364277224911	-2.2853009102348176	0.18713628312486144	12.284499969288749	21.427999785720004
808	13238272	10	6.1	5.6824290580701495	13.0	0.0	10	11.5	3.6124783736376886	13.0	1.0	-0.007141695247975843	-2.1955630131262325	0.2528108263435372	12.180249969549376	18.854999811450003
812	13303808	10	6.2	5.617828762075256	13.0	0.0	10	9.3	5.0803543183522155	13.0	1.0	-0.0064712118758132745	-2.248108851178754	0.22272414284921752	11.88399997029	31.399999686000005
816	13369344	10	5.5	4.984977432245807	13.0	0.0	10	7.8	5.2687759489277965	13.0	1.0	-0.006127608752617431	-2.300330415128462	0.21612974440290245	12.131249969671876	30.936999690630007
820	13434880	10	6.1	5.664803615307419	13.0	0.0	10	6.4	4.882622246293481	13.0	1.0	-0.0067534860929540684	-2.2504386278629545	0.2515890368308812	11.79349997051625	26.942999730570005
824	13500416	10	4.1	4.504442251822083	13.0	1.0	10	3.1	3.4190641994557516	13.0	0.0	-0.005929199565787331	-2.3475138393579376	0.2415620246650481	13.45049996637375	23.871999761280005
828	13565952	10	6.8	5.075431016179809	13.0	2.0	10	9.6	4.6303347611160905	13.0	2.0	-0.00616541505280765	-2.3201321112679603	0.2513908379604565	13.347249966631875	24.466999755330004
832	13631488	10	6.3	5.514526271584894	13.0	0.0	10	8.6	4.862098312457287	13.0	2.0	-0.006005270590302523	-2.3314475737567046	0.24286534588116776	13.279249966801876	27.61499972385
836	13697024	10	6.5	5.371219600798314	13.0	0.0	10	9.6	4.6303347611160905	13.0	2.0	-0.005974596845877126	-2.324077330287598	0.21539137758554475	11.06449997233875	22.950999770490004
840	13762560	10	9.9	4.742362280551751	13.0	2.0	10	7.2	5.844655678480984	13.0	0.0	-0.005872617487203322	-2.277451127530328	0.20661600521786483	12.488999968777499	26.048999739510002
844	13828096	10	6.3	5.514526271584894	13.0	0.0	10	10.3	4.075536774462966	13.0	2.0	-0.006415588293080151	-2.3169213183294266	0.2126135141367275	12.158749969603125	27.976999720230005
848	13893632	10	7.3	5.745432968889291	13.0	0.0	10	7.2	5.844655678480984	13.0	0.0	-0.006518474119657266	-2.244652395213277	0.304295583751641	11.863249970341874	25.090999749090006
852	13959168	10	7.8	5.2115256883181535	13.0	2.0	10	8.8	5.1536394906900505	13.0	2.0	-0.006441964242120641	-2.265363417329847	0.2067299570362496	12.956249967609375	22.924999770750006
856	14024704	10	6.4	5.44426303552648	13.0	0.0	10	10.9	4.2059481689626175	13.0	2.0	-0.005989533169347248	-2.2761362167808707	0.2358897149627558	13.264249966839376	23.511999764880006
860	14090240	10	9.7	5.060632371551998	13.0	1.0	10	9.7	4.473253849269009	13.0	3.0	-0.006741748816446352	-2.290169092277545	0.28799065416783287	12.173249969566875	27.417999725820003
864	14155776	10	8.6	5.40740233383831	13.0	1.0	10	9.7	4.473253849269008	13.0	3.0	-0.006449706211479951	-2.3727898793927777	0.26328556904310235	11.4189999714525	30.168999698310007
868	14221312	10	4.9	5.3188344587888805	13.0	1.0	10	11.0	4.0	13.0	3.0	-0.006958719201553625	-2.326257886743619	0.24388808987356866	11.249749971875625	33.19999966800001
872	14286848	10	8.0	5.639148871948674	13.0	0.0	10	7.8	5.268775948927796	13.0	1.0	-0.0036479479915659412	-2.2845385916634884	0.19828767661112845	10.731499973171251	30.149999698500004
876	14352384	10	6.1	5.107837115648853	13.0	1.0	10	9.8	4.915282290977803	13.0	1.0	-0.007371162038139811	-2.3018794951425297	0.23124228361137456	12.321249969196874	26.962999730370004
880	14417920	10	5.4	5.043808085167396	13.0	0.0	10	6.5	5.371219600798314	13.0	0.0	-0.005778414958214413	-2.254915448291654	0.24949889425693764	12.043499969891249	31.534999684650007
884	14483456	10	5.3	5.1000000000000005	13.0	0.0	10	10.7	4.605431575867782	13.0	1.0	-0.007483958246493339	-2.2448889710154196	0.1603154750994739	10.500749973748125	33.19799966802
888	14548992	10	8.7	5.273518749374084	13.0	2.0	10	10.9	4.2059481689626175	13.0	2.0	-0.005910693002675877	-2.289765337864459	0.18868813025351822	10.953499972616251	22.012999779870004
892	14614528	10	2.7	3.551056180912941	13.0	0.0	10	10.0	4.58257569495584	13.0	3.0	-0.007302279707040408	-2.285179982344688	0.1652193746823077	11.3429999716425	31.921999680780004
896	14680064	10	6.4	5.44426303552648	13.0	1.0	10	6.3	5.496362433464518	13.0	1.0	-0.0058384129242749425	-2.1914198570154237	0.2746111709959357	12.174749969563127	32.38099967619001
900	14745600	10	5.5	4.944694126030447	13.0	1.0	10	10.6	4.152107898405339	13.0	2.0	-0.006852194496376373	-2.1930493834317146	0.2392255980272247	11.668249970829375	26.578999734210004
904	14811136	10	6.2	5.617828762075256	13.0	0.0	10	8.7	5.292447448959697	13.0	1.0	-0.006602798524827841	-2.2223135801821683	0.2297192201710365	11.012249972469375	28.013999719860003
908	14876672	10	10.9	4.2059481689626175	13.0	2.0	10	8.8	5.1536394906900505	13.0	2.0	-0.006254389347865983	-2.2422827008017694	0.2609234167922439	11.341249971646876	28.913999710860008
912	14942208	10	9.5	5.389805191284746	13.0	0.0	10	11.9	3.3	13.0	2.0	-0.006338260696133205	-2.201747971047093	0.2534943443148525	11.2629999718425	18.711999812880002
916	15007744	10	6.5	5.333854141237834	13.0	1.0	10	8.4	5.6780278266313555	13.0	0.0	-0.006138757886792742	-2.193999876350107	0.2766288707986408	11.03349997241625	28.107999718920006
920	15073280	10	10.9	4.2059481689626175	13.0	2.0	10	13.0	0.0	13.0	13.0	-0.006646660905279296	-2.1985168131882635	0.25754805620560456	11.73599997066	19.64799980352
924	15138816	10	5.9	5.872818744010409	13.0	0.0	10	9.4	4.923413450036469	13.0	2.0	-0.006964293783193196	-2.1857463814524887	0.20990588746641056	12.21649996945875	26.540999734590006
928	15204352	10	9.8	4.915282290977803	13.0	1.0	10	11.0	4.0	13.0	3.0	-0.006979203348116535	-2.1854138471393214	0.2625877568224725	11.198499972003752	29.177999708220007
932	15269888	10	7.4	5.660388679233963	13.0	0.0	10	8.7	5.330103188494572	13.0	0.0	-0.00658247623679268	-2.2271592788561834	0.23049253463517239	11.680499970798751	30.676999693230005
936	15335424	10	8.4	5.660388679233963	13.0	0.0	10	8.6	4.862098312457287	13.0	2.0	-0.006774610640202281	-2.2035521117537624	0.2524880377002306	11.347249971631873	33.138999668610005
940	15400960	10	9.6	4.6303347611160905	13.0	2.0	10	10.8	4.4	13.0	2.0	-0.00681446113038527	-2.1428892312201873	0.2624097188350899	11.095249972261875	30.608999693910008
944	15466496	10	8.0	5.039841267341661	13.0	1.0	10	10.7	3.950949253027682	13.0	3.0	-0.006805684923668978	-2.091506848514765	0.27682205193586457	12.1949999695125	27.168999728310006
948	15532032	10	7.6	5.462600113499065	13.0	0.0	10	9.5	4.780167361086848	13.0	2.0	-0.006199797503198401	-2.1217613789215855	0.227277829908995	12.015749969960625	29.274999707250004
952	15597568	10	9.5	5.352569476429054	13.0	1.0	10	11.6	3.32264954516723	13.0	2.0	-0.006181057316363938	-2.1706513511860277	0.18034357816275418	11.456499971358753	19.100999808990004
956	15663104	10	7.0	6.0332412515993425	13.0	0.0	10	12.0	3.0	13.0	3.0	-0.006159251615791829	-2.158127352370524	0.20749250347116868	10.7199999732	28.596999714030005
960	15728640	10	9.3	5.675385449465085	13.0	0.0	10	11.6	3.32264954516723	13.0	2.0	-0.006390702758473153	-2.135126304900761	0.20569482008957	11.489999971275	33.29499966705001
964	15794176	10	6.1	5.146843692983109	13.0	1.0	10	10.7	4.648655719667784	13.0	0.0	-0.007876876483743377	-2.1189620666482156	0.2683004066844698	11.466249971334374	28.208999717910004
968	15859712	10	9.8	4.894895300208167	13.0	2.0	10	9.8	4.894895300208167	13.0	2.0	-0.006277061146903245	-2.1918231867454154	0.22570523462080266	11.691499970771249	25.630999743690005
972	15925248	10	8.2	5.912698199637793	13.0	0.0	10	10.7	4.648655719667784	13.0	0.0	-0.007652615052505577	-2.192063013484225	0.22753989562195112	12.366999969082501	20.08599979914
976	15990784	10	7.5	5.5362442142665635	13.0	1.0	10	10.5	4.341658669218482	13.0	2.0	-0.00591923225813121	-2.1657166304915227	0.2303183361027135	12.271749969320625	15.637999843620003
980	16056320	10	9.8	4.894895300208167	13.0	2.0	10	8.7	5.292447448959696	13.0	1.0	-0.005605162277204751	-2.2393277930867566	0.2213223160324421	11.660749970848125	27.908999720910003
984	16121856	10	6.6	5.238320341483519	13.0	2.0	10	10.5	4.341658669218482	13.0	2.0	-0.0064990073120397805	-2.1356957378745633	0.19589484069628907	11.29849997175375	30.898999691010005
988	16187392	10	10.6	4.8207883172775805	13.0	0.0	10	10.2	4.28485705712571	13.0	1.0	-0.005638160584586252	-2.2145630764641226	0.24712045829652501	12.309999969224998	28.016999719830004
992	16252928	10	7.5	5.518151864528558	13.0	1.0	10	10.5	4.364630568559039	13.0	1.0	-0.0068924319923195	-2.206362900404777	0.25004353278505903	11.661249970846875	30.598999694010004
996	16318464	10	7.2	5.844655678480983	13.0	0.0	10	8.5	5.554277630799526	13.0	0.0	-0.006492649940437071	-2.1982956675385354	0.2058769936924549	10.50799997373	33.414999665850004
1000	16384000	10	6.4	5.425863986500215	13.0	1.0	10	9.6	5.2	13.0	1.0	-0.006568404132165327	-2.235253224537389	0.19971851645440655	10.422249973944373	31.142999688570004
1004	16449536	10	6.2	5.035871324805669	13.0	1.0	10	8.7	5.292447448959697	13.0	1.0	-0.0052900591248491	-2.2201159221601525	0.1981378644498425	10.85449997286375	29.793999702060006
1008	16515072	10	7.6	5.425863986500215	13.0	1.0	10	7.6	5.425863986500215	13.0	1.0	-0.006085166379582961	-2.200244198013631	0.2188548145898197	12.104749969738126	26.242999737570003
1012	16580608	10	6.7	5.158488150611572	13.0	2.0	10	11.0	4.0	13.0	3.0	-0.006640581668070297	-2.2819235421823687	0.20572503700572067	12.986749967533125	22.935999770640002
1016	16646144	10	9.4	4.983974317750845	13.0	0.0	10	10.2	4.28485705712571	13.0	1.0	-0.006428743277802247	-2.1427143015218975	0.2619882717766151	12.375499969061249	22.912999770870005
1020	16711680	10	8.4	5.660388679233963	13.0	0.0	10	10.4	4.586937976471886	13.0	0.0	-0.006625569082863109	-2.1617865932716134	0.20257396295419192	13.246499966883752	20.607999793920005
1024	16777216	10	7.5	5.518151864528558	13.0	1.0	10	12.0	3.0	13.0	3.0	-0.006297611773890869	-2.0785747515976882	0.2756805942727554	13.393249966516876	17.038999829610002
1028	16842752	10	6.2	5.564171097297422	13.0	1.0	10	11.5	3.6124783736376886	13.0	1.0	-0.006008802363168612	-2.1366021034876117	0.2280392413721366	13.629249965926874	15.975999840240004
1032	16908288	10	8.7	5.273518749374084	13.0	2.0	10	11.9	3.3	13.0	2.0	-0.006680253543195153	-2.10607605653918	0.24092221327410385	12.769749968075624	14.688999853110003
1036	16973824	10	8.4	5.660388679233963	13.0	1.0	10	10.8	4.422668877499197	13.0	1.0	-0.006174725639805541	-2.140558985149409	0.2230793148202036	12.919249967701875	25.545999744540005
1040	17039360	10	7.1	5.39351462406472	13.0	1.0	10	10.8	4.422668877499196	13.0	1.0	-0.005146419265120646	-2.12345598119233	0.25311776341096426	11.688499970778752	13.425999865740001
1044	17104896	10	8.7	5.292447448959697	13.0	1.0	10	8.3	5.273518749374083	13.0	0.0	-0.00560669784865651	-2.1468835421153734	0.25543096938303717	13.5849999660375	27.595999724040006
1048	17170432	10	6.3	5.514526271584894	13.0	1.0	10	7.0	5.495452665613635	13.0	1.0	-0.005484064506804525	-2.201023697623815	0.2539604627262754	11.812249970469374	30.619999693800008
1052	17235968	10	10.6	4.8	13.0	1.0	10	7.8	5.211525688318153	13.0	2.0	-0.007117319667048076	-2.1934636357128605	0.2780079828906543	11.9029999702425	25.056999749430002
1056	17301504	10	5.4	5.023942674832188	13.0	1.0	10	8.6	5.40740233383831	13.0	1.0	-0.004292948205003678	-2.166120342684652	0.23927285007502674	11.95349997011625	24.612999753870003
1060	17367040	10	8.8	5.15363949069005	13.0	2.0	10	12.0	3.0	13.0	3.0	-0.006476009234809941	-2.233844031657541	0.22617064328681358	12.052249969869376	23.065999769340003
1064	17432576	10	9.4	4.923413450036469	13.0	2.0	10	10.4	4.5431266766402185	13.0	1.0	-0.005994150043364675	-2.1491512604302616	0.22275302448162698	12.58049996854875	25.357999746420006
1068	17498112	10	9.6	5.238320341483518	13.0	0.0	10	7.5	5.518151864528558	13.0	1.0	-0.00574227021268203	-2.1856411842215246	0.2060431310071496	12.347249969131875	25.759999742400005
1072	17563648	10	3.9	4.635730794599704	13.0	0.0	10	13.0	0.0	13.0	13.0	-0.005865098156083685	-2.1488213263697222	0.25471600685719753	12.2969999692575	19.888999801110003
1076	17629184	10	7.4	5.642694391866354	13.0	0.0	10	8.8	5.15363949069005	13.0	2.0	-0.005236892397746068	-2.1288817125328086	0.19363801039600925	11.906749970233125	27.209999727900005
1080	17694720	10	11.8	3.6	13.0	1.0	10	9.3	4.495553358597805	13.0	2.0	-0.005865868014244826	-2.0435915413356955	0.24213419448545612	11.766749970583126	25.351999746480004
1084	17760256	10	7.8	5.211525688318153	13.0	2.0	10	7.4	5.10294032886923	13.0	1.0	-0.006530231778547576	-2.1017512254711144	0.2577128537351656	14.16849996457875	21.39699978603
1088	17825792	10	7.6	5.425863986500215	13.0	1.0	10	10.6	4.1521078984053394	13.0	2.0	-0.005846514482373444	-2.095130468190024	0.2322514552070664	14.241249964396877	19.52799980472
1092	17891328	10	8.6	5.40740233383831	13.0	1.0	10	9.5	5.389805191284746	13.0	0.0	-0.005081256179211199	-2.165266424191947	0.21685001546741686	13.67199996582	20.401999795980004
1096	17956864	10	6.0	5.761944116355173	13.0	0.0	10	13.0	0.0	13.0	13.0	-0.005569308694880843	-2.1217716185028515	0.20636218411560986	13.5929999660175	14.331999856680003
1100	18022400	10	9.6	5.2	13.0	1.0	10	9.5	4.780167361086848	13.0	2.0	-0.0058902527810690795	-2.074854870421127	0.26241784260668705	13.051499967371251	22.959999770400003
1104	18087936	10	6.3	5.496362433464518	13.0	1.0	10	9.6	4.6303347611160905	13.0	2.0	-0.006567132323878331	-2.1516524029517003	0.18235973096105276	12.680499968298752	22.908999770910004
1108	18153472	10	8.8	5.1536394906900505	13.0	2.0	10	11.7	3.9	13.0	0.0	-0.006746308283764539	-2.1626423744094674	0.18158290385860665	13.00449996748875	10.752999892470001
1112	18219008	10	8.7	5.292447448959697	13.0	1.0	10	8.8	5.173006862551025	13.0	1.0	-0.0068584326599022034	-2.163603171480824	0.20309288075872178	12.192249969519375	23.656999763430004
1116	18284544	10	9.5	5.371219600798314	13.0	0.0	10	10.8	4.4	13.0	2.0	-0.005330879656615047	-2.1500905278072224	0.24871080940482096	13.057999967355	21.617999783820004
1120	18350080	10	6.3	5.000999900019995	13.0	0.0	10	11.6	3.32264954516723	13.0	2.0	-0.007077417090709853	-2.161018887930513	0.2522451985985539	13.198749967003126	15.252999847470003
1124	18415616	10	7.3	5.7280013966478736	13.0	0.0	10	11.8	3.6	13.0	1.0	-0.005927069905120477	-2.1670176161058463	0.19246026871583766	11.009499972476249	20.185999798140003
1128	18481152	10	10.1	4.504442251822083	13.0	0.0	10	11.6	3.32264954516723	13.0	2.0	-0.005885745048841173	-2.1737122285088595	0.23916181919467652	11.642749970893124	28.113999718860004
1132	18546688	10	8.8	5.1536394906900505	13.0	2.0	10	12.0	3.0	13.0	3.0	-0.006694559517715414	-2.1614708326988947	0.2510057976207933	11.508249971229375	20.06299979937
1136	18612224	10	6.6	5.238320341483518	13.0	2.0	10	12.7	0.9	13.0	10.0	-0.005608311327424416	-2.197495793073948	0.1775203147562947	10.757749973105625	18.73699981263
1140	18677760	10	9.6	5.2	13.0	1.0	10	11.6	3.32264954516723	13.0	2.0	-0.005150488363818508	-2.076675986033921	0.2944985367050961	11.1169999722075	34.011999659880004
1144	18743296	10	9.4	5.517245689653488	13.0	0.0	10	8.7	5.292447448959697	13.0	1.0	-0.006048126409927098	-2.1170333249151834	0.24623804816273853	11.480749971298126	28.554999714450005
1148	18808832	10	9.7	5.040833264451424	13.0	2.0	10	10.7	3.950949253027682	13.0	3.0	-0.0055980861549798375	-2.161793182068387	0.26598609903540144	12.887749967780627	25.365999746340005
1152	18874368	10	10.8	4.422668877499197	13.0	1.0	10	9.4	4.94368283772331	13.0	1.0	-0.005728044553819884	-2.1763494608519407	0.2816289690961133	11.886749970283127	25.497999745020007
1156	18939904	10	9.9	4.742362280551751	13.0	2.0	10	9.8	4.894895300208167	13.0	2.0	-0.00636266353764883	-2.1579948810475247	0.2369978823452184	12.337999969155	25.035999749640006
1160	19005440	10	9.5	5.352569476429054	13.0	1.0	10	8.1	5.467174773134658	13.0	1.0	-0.006423363924657359	-2.1029021688098655	0.20469521014992012	12.529749968675626	27.465999725340005
1164	19070976	10	8.4	5.642694391866353	13.0	1.0	10	13.0	0.0	13.0	13.0	-0.007039077909085302	-2.1117045752987975	0.21708575742541442	11.333499971666251	15.601999843980003
1168	19136512	10	9.3	5.0803543183522155	13.0	1.0	10	8.8	5.1536394906900505	13.0	2.0	-0.0065930898144065785	-2.127277513123491	0.2251684521866484	13.237749966905625	25.103999748960003
1172	19202048	10	7.5	5.5362442142665635	13.0	1.0	10	13.0	0.0	13.0	13.0	-0.006650472333214237	-2.0864716319056527	0.21672316560747715	11.902249970244375	11.219999887800002
1176	19267584	10	9.8	4.915282290977803	13.0	1.0	10	12.4	1.2	13.0	10.0	-0.00648042799662815	-2.1337751123073274	0.2574485662745978	12.894749967763126	12.465999875340001
1180	19333120	10	8.8	5.1536394906900505	13.0	2.0	10	11.4	3.039736830714133	13.0	3.0	-0.005515723714205042	-2.1354088209828594	0.24291545414008542	13.253749966865625	15.285999847140003
1184	19398656	10	9.7	5.040833264451424	13.0	2.0	10	12.0	3.0	13.0	3.0	-0.004806050501534826	-2.1179760394274334	0.22155133120270434	13.306249966734374	23.102999768970005
1188	19464192	10	9.0	4.898979485566356	13.0	3.0	10	9.7	5.060632371551998	13.0	1.0	-0.005615721654997727	-2.0974432774186798	0.21507200511105165	12.264249969339376	23.168999768310005
1192	19529728	10	9.7	5.060632371551998	13.0	1.0	10	10.7	4.605431575867782	13.0	1.0	-0.005260868019283825	-2.05206577955169	0.2175827870539673	13.283249966791876	23.073999769260006
1196	19595264	10	9.5	5.371219600798314	13.0	0.0	10	13.0	0.0	13.0	13.0	-0.007723197936789295	-2.1116451072480062	0.2107705652183782	12.537249968656875	20.8099997919
1200	19660800	10	5.3	5.158488150611572	13.0	0.0	10	9.8	4.915282290977803	13.0	1.0	-0.00466163633682247	-2.131025885320252	0.17883730033722772	11.92799997018	28.144999718550004
1204	19726336	10	8.9	5.028916384272064	13.0	2.0	10	11.8	3.6	13.0	1.0	-0.0059069048238508315	-2.064627025061357	0.18446852520980642	12.474499968813749	17.75799982242
1208	19791872	10	9.8	4.915282290977803	13.0	1.0	10	13.0	0.0	13.0	13.0	-0.00638675820355442	-1.9991929951214484	0.24063108455366689	11.864249970339374	27.937999720620002
1212	19857408	10	9.5	5.371219600798314	13.0	0.0	10	9.4	4.923413450036469	13.0	2.0	-0.005602239007225788	-2.010629179367592	0.2797063983064598	12.615249968461875	25.423999745760003
1216	19922944	10	5.2	5.134199061197375	13.0	1.0	10	9.6	5.2	13.0	1.0	-0.005751183452358693	-2.065183410826772	0.23655896126932896	12.329249969176873	22.999999770000002
1220	19988480	10	7.7	5.3113086899558	13.0	2.0	10	11.4	3.039736830714133	13.0	3.0	-0.006060239989261304	-2.1165720718881103	0.1842915024416403	13.241499966896251	14.453999855460003
1224	20054016	10	5.4	5.0039984012787215	13.0	1.0	10	13.0	0.0	13.0	13.0	-0.006339131357836441	-2.0870767705451985	0.23786073967199373	14.107249964731876	10.278999897210001
1228	20119552	10	9.7	5.060632371551998	13.0	1.0	10	8.9	5.028916384272064	13.0	2.0	-0.004909441243190525	-2.1774999273535336	0.19368328478032432	11.384249971539376	27.591999724080004
1232	20185088	10	9.9	4.742362280551751	13.0	2.0	10	10.7	4.648655719667784	13.0	0.0	-0.0063607997525997675	-2.188344888161158	0.18973462382528172	12.142249969644373	26.333999736660004
1236	20250624	10	8.7	5.273518749374084	13.0	2.0	10	10.5	4.364630568559039	13.0	1.0	-0.006680009262619559	-2.1379467321195404	0.16010116271869557	12.207749969480624	21.986999780130002
1240	20316160	10	11.0	4.0	13.0	3.0	10	9.8	4.894895300208167	13.0	2.0	-0.005697568715441572	-2.1016084996656876	0.2675390648376907	12.8489999678775	24.648999753510004
1244	20381696	10	6.5	5.371219600798314	13.0	0.0	10	13.0	0.0	13.0	13.0	-0.006775016410657106	-2.2020369219473	0.1876532349850467	13.24849996687875	15.167999848320001
1248	20447232	10	7.3	5.177837386399847	13.0	2.0	10	11.8	3.6	13.0	1.0	-0.006773604130307105	-2.169621296000976	0.17107374545267384	11.635999970910001	21.089999789100002
1252	20512768	10	7.5	5.518151864528558	13.0	1.0	10	11.7	3.9	13.0	0.0	-0.00590273706559305	-2.109580414770836	0.24586702834116314	12.949249967626875	17.770999822290005
1256	20578304	10	9.9	4.742362280551751	13.0	2.0	10	9.8	4.915282290977803	13.0	1.0	-0.006402777012469118	-2.104898273725594	0.20501694678676863	13.139499967151249	25.793999742060006
1260	20643840	10	6.4	5.425863986500215	13.0	1.0	10	11.9	3.3	13.0	2.0	-0.006166261255166709	-2.1283167424567835	0.21462899568428048	11.82049997044875	17.854999821450004
1264	20709376	10	9.0	4.898979485566356	13.0	3.0	10	10.7	4.605431575867782	13.0	1.0	-0.006877251233053355	-2.119797641811493	0.25603922508162985	12.41049996897375	15.685999843140003
1268	20774912	10	8.3	5.814636704042652	13.0	0.0	10	11.9	3.3	13.0	2.0	-0.006349074243740831	-2.1052941652926243	0.2102063507554017	12.42449996893875	28.671999713280005
1272	20840448	10	9.8	4.915282290977803	13.0	1.0	10	9.8	4.894895300208167	13.0	2.0	-0.004964532810328273	-2.0923814225004094	0.3078901379358921	11.913499970216249	30.763999692360006
1276	20905984	10	7.5	5.5362442142665635	13.0	1.0	10	12.0	3.0	13.0	3.0	-0.006228494042522138	-2.1430258599671594	0.23930056654528528	11.529749971175626	32.53499967465
1280	20971520	10	9.8	4.894895300208167	13.0	2.0	10	13.0	0.0	13.0	13.0	-0.006985250195187559	-2.1409519362206306	0.22012549714065408	10.88949997277625	19.884999801150006
1284	21037056	10	5.3	5.1000000000000005	13.0	1.0	10	11.0	4.0	13.0	3.0	-0.007340799138388234	-2.132492047822865	0.2411193822569815	11.2389999719025	30.855999691440008
1288	21102592	10	10.9	4.2059481689626175	13.0	2.0	10	11.5	3.6124783736376886	13.0	1.0	-0.006633487992597641	-2.1744870019674187	0.1699897887318584	11.975749970060624	25.401999745980007
1292	21168128	10	8.6	5.44426303552648	13.0	0.0	10	13.0	0.0	13.0	13.0	-0.004974939867161272	-2.1400936417535887	0.24077669249202083	13.712999965717499	12.215999877840002
1296	21233664	10	10.7	4.605431575867782	13.0	1.0	10	11.9	3.3000000000000003	13.0	2.0	-0.0062360402752823915	-2.091891286055892	0.2307739869140601	12.788749968028126	13.163999868360001
1300	21299200	10	8.6	5.40740233383831	13.0	1.0	10	11.0	4.0	13.0	3.0	-0.005912414644617004	-2.17707928744129	0.1902935790320697	12.486249968784376	25.636999743630003
1304	21364736	10	9.5	4.780167361086848	13.0	2.0	10	11.7	3.0347981810987035	13.0	3.0	-0.005928789628634114	-2.1392067594087996	0.21363265685995317	12.905249967736873	25.132999748670002
1308	21430272	10	8.7	5.292447448959697	13.0	1.0	10	12.7	0.9	13.0	10.0	-0.0063668121528621295	-2.121457718091755	0.22146271182400776	13.39949996650125	14.553999854460002
1312	21495808	10	8.6	5.40740233383831	13.0	1.0	10	11.8	3.6	13.0	1.0	-0.007769448435686607	-2.10865874814877	0.19932120694875682	12.712749968218125	22.326999776730005
1316	21561344	10	6.6	5.238320341483519	13.0	2.0	10	13.0	0.0	13.0	13.0	-0.006199997992210439	-2.100453212638449	0.22493808830607784	12.762249968094375	10.222999897770002
1320	21626880	10	7.6	5.4626001134990645	13.0	0.0	10	13.0	0.0	13.0	13.0	-0.006098255890387813	-2.1387320779519654	0.14155771170510012	13.66449996583875	12.631999873680002
1324	21692416	10	13.0	0.0	13.0	13.0	10	9.9	4.742362280551751	13.0	2.0	-0.006561124427433731	-2.0573427985452333	0.2658827501693071	12.365749969085627	16.97899983021
1328	21757952	10	13.0	0.0	13.0	13.0	10	12.4	1.2	13.0	10.0	-0.006921249813368035	-2.086152458967021	0.23405894572581562	13.255749966860625	2.7089999729100005
1332	21823488	10	9.9	4.742362280551751	13.0	2.0	10	12.7	0.9	13.0	10.0	-0.005754551032327299	-1.9978159726068514	0.2484731819842713	10.55199997362	19.357999806420004
1336	21889024	10	7.8	5.2306787322488075	13.0	1.0	10	11.6	3.32264954516723	13.0	2.0	-0.005857743607214098	-2.058307756765853	0.17156774463517943	10.878249972804376	32.157999678420005
1340	21954560	10	7.7	5.3113086899558	13.0	2.0	10	11.4	3.039736830714133	13.0	3.0	-0.005113005766131871	-2.003818556457643	0.1892244846673393	10.693999973264999	29.289999707100005
1344	22020096	10	12.0	3.0	13.0	3.0	10	10.8	4.4	13.0	2.0	-0.005554814918193303	-2.0369821759923368	0.17722985301804153	11.72749997068125	25.650999743490004
1348	22085632	10	9.7	5.1000000000000005	13.0	0.0	10	11.8	3.6	13.0	1.0	-0.006479963487367513	-1.9991791693273888	0.20817939174366076	12.619749968450625	12.479999875200003
1352	22151168	10	8.5	5.554277630799526	13.0	0.0	10	11.6	3.32264954516723	13.0	2.0	-0.004518836066820264	-2.052483333681803	0.17875462543530385	13.503249966241874	12.077999879220002
1356	22216704	10	10.7	4.605431575867782	13.0	1.0	10	10.8	4.4	13.0	2.0	-0.006667452786044147	-1.964956180298288	0.1923752190965692	11.79599997051	17.098999829010005
1360	22282240	10	6.2	5.635601121442148	13.0	0.0	10	12.0	3.0	13.0	3.0	-0.0048144558454156034	-2.0136258674550613	0.22388203602746054	12.086749969783124	14.766999852330002
1364	22347776	10	9.7	5.060632371551998	13.0	1.0	10	11.9	3.3	13.0	2.0	-0.005304591499279121	-2.0486108372958376	0.18834259444438003	12.691749968270626	25.593999744060007
1368	22413312	10	9.8	4.915282290977803	13.0	1.0	10	11.7	3.034798181098703	13.0	3.0	-0.005132905238568839	-2.028184700545996	0.18047142407218733	13.03949996740125	25.810999741890004
1372	22478848	10	10.4	4.5431266766402185	13.0	1.0	10	12.0	3.0	13.0	3.0	-0.0048231335429417665	-1.9457668424109333	0.19462911790382528	12.835749967910626	24.694999753050006
1376	22544384	10	6.2	5.6	13.0	0.0	10	12.7	0.9	13.0	10.0	-0.005250951075806305	-1.9134900158140618	0.24932186365013986	13.357749966605624	14.754999852450004
1380	22609920	10	6.5	5.333854141237834	13.0	1.0	10	10.7	4.648655719667784	13.0	0.0	-0.005965342730011593	-1.9505937656218462	0.1447791382519591	12.36449996908875	23.526999764730004
1384	22675456	10	8.9	5.028916384272064	13.0	2.0	10	11.6	3.32264954516723	13.0	2.0	-0.005636520736535296	-1.9833260648370117	0.2181398763559772	12.5449999686375	26.048999739510002
1388	22740992	10	8.7	5.273518749374084	13.0	2.0	10	12.0	3.0	13.0	3.0	-0.005134413631893594	-1.9473258999941825	0.2704811539840082	12.779749968050625	22.732999772670006
1392	22806528	10	8.3	5.23545604508337	13.0	1.0	10	11.3	3.318132004607412	13.0	2.0	-0.005696784985667242	-1.9474135933277992	0.21709827339188315	12.71949996820125	24.754999752450004
1396	22872064	10	9.8	4.894895300208167	13.0	2.0	10	13.0	0.0	13.0	13.0	-0.006857277490066389	-2.013838328211341	0.14735229358404772	12.695249968261875	12.818999871810004
1400	22937600	10	6.5	5.371219600798314	13.0	0.0	10	11.9	3.3	13.0	2.0	-0.0043813201441464085	-2.009743924974663	0.1703046075046234	13.184749967038124	22.960999770390004
1404	23003136	10	12.0	3.0	13.0	3.0	10	11.9	3.3000000000000003	13.0	2.0	-0.0047520780833920665	-2.029671586838537	0.17571632368211926	14.153249964616876	3.897999961020001
1408	23068672	10	7.0	4.898979485566356	13.0	3.0	10	10.9	4.2059481689626175	13.0	2.0	-0.005645880620571336	-2.0402246674260165	0.18484629874986155	10.962999972592499	28.222999717770005
1412	23134208	10	5.0	5.310367218940701	13.0	0.0	10	12.4	1.2	13.0	10.0	-0.0052332222664826615	-2.101741216857847	0.19265785376707548	11.406499971483752	21.283999787160003
1416	23199744	10	6.7	5.158488150611572	13.0	2.0	10	13.0	0.0	13.0	13.0	-0.005919185342756519	-1.9987519952559625	0.19740121165407296	12.307749969230626	21.693999783060004
1420	23265280	10	9.5	5.389805191284746	13.0	0.0	10	12.7	0.9	13.0	10.0	-0.005293301194548875	-1.9280706083256274	0.18006956660796536	11.364249971589375	21.592999784070003
1424	23330816	10	10.9	4.2059481689626175	13.0	2.0	10	9.5	5.389805191284746	13.0	0.0	-0.005898622511562659	-1.9565042714723404	0.1840158055810427	10.70399997324	30.263999697360003
1428	23396352	10	9.6	5.219195340279955	13.0	1.0	10	12.0	3.0	13.0	3.0	-0.006629977440061932	-1.9725075275134716	0.14834545101046048	12.033249969916874	26.660999733390007
1432	23461888	10	8.5	4.984977432245807	13.0	2.0	10	11.0	4.0	13.0	3.0	-0.0064052921946007564	-1.947859107003363	0.19378910452281906	13.619999965949999	26.776999732230006
1436	23527424	10	8.4	5.6780278266313555	13.0	0.0	10	11.4	3.0397368307141326	13.0	3.0	-0.004584464920731016	-1.9666896944679593	0.19124055768233733	11.970749970073125	33.328999666710004
1440	23592960	10	7.8	5.2115256883181535	13.0	2.0	10	13.0	0.0	13.0	13.0	-0.005738896739187757	-1.9633197397432038	0.1536265015442084	10.694249973264375	21.593999784060006
1444	23658496	10	9.9	4.742362280551751	13.0	2.0	10	13.0	0.0	13.0	13.0	-0.004865702718940203	-1.85355680044059	0.18162020262922418	11.575499971061248	15.772999842270002
1448	23724032	10	10.0	4.58257569495584	13.0	3.0	10	12.0	3.0	13.0	3.0	-0.005043887462387809	-1.8738172896738012	0.19385744427484528	12.977249967556874	26.565999734340004
1452	23789568	10	7.5	5.518151864528558	13.0	1.0	10	13.0	0.0	13.0	13.0	-0.005500075301858241	-1.9163871355842075	0.1758411624285695	12.574499968563751	19.898999801010003
1456	23855104	10	8.5	5.572252686302013	13.0	0.0	10	12.0	3.0	13.0	3.0	-0.004999260038033834	-1.9600018583679981	0.14421205104689128	12.390749969023126	28.548999714510003
1460	23920640	10	8.8	5.173006862551025	13.0	1.0	10	11.8	3.6	13.0	1.0	-0.004879583228201041	-1.8909747461991675	0.18876055447591544	11.73049997067375	13.724999862750002
1464	23986176	10	9.8	4.894895300208167	13.0	2.0	10	13.0	0.0	13.0	13.0	-0.004878638862259841	-1.978453794909064	0.15766485864206417	12.050749969873126	13.10399986896
1468	24051712	10	9.7	5.060632371551998	13.0	1.0	10	13.0	0.0	13.0	13.0	-0.004983952617684895	-1.9290827225126037	0.155332073785948	12.47349996881625	17.566999824330004
1472	24117248	10	7.4	5.642694391866353	13.0	1.0	10	9.7	5.060632371551998	13.0	1.0	-0.006001867105908414	-1.9826248422683344	0.09944545111824808	13.984249965039375	29.486999705130003
1476	24182784	10	10.6	4.8207883172775805	13.0	0.0	10	12.7	0.9	13.0	10.0	-0.004943959500542789	-1.9712888732982627	0.18127189458322251	11.329499971676249	13.535999864640003
1480	24248320	10	8.5	5.572252686302013	13.0	0.0	10	13.0	0.0	13.0	13.0	-0.005103259390503364	-1.946972828155602	0.1347854491182831	13.107249967231876	9.46599990534
1484	24313856	10	10.6	4.1521078984053394	13.0	2.0	10	12.7	0.9	13.0	10.0	-0.00538285275195766	-1.8705855792302437	0.18817636066018867	12.802249967994376	13.583999864160003
1488	24379392	10	9.7	5.060632371551998	13.0	1.0	10	13.0	0.0	13.0	13.0	-0.005489582391757053	-1.8190086717995633	0.1583932430784069	11.640499970898752	26.337999736620006
1492	24444928	10	9.8	4.894895300208167	13.0	2.0	10	10.8	4.422668877499197	13.0	1.0	-0.004944574089768459	-1.7524927840294815	0.1642642008590456	13.621999965945001	13.483999865160003
1496	24510464	10	9.7	5.060632371551998	13.0	1.0	10	12.0	3.0	13.0	3.0	-0.0038953958351647545	-1.8899972536184582	0.1528506921445056	12.015249969961875	25.393999746060004
1500	24576000	10	8.5	5.554277630799526	13.0	0.0	10	12.0	3.0	13.0	3.0	-0.004535884067215339	-1.8984108167896043	0.1411744858922529	11.7849999705375	25.348999746510003
1504	24641536	10	8.5	5.518151864528558	13.0	1.0	10	11.9	3.3	13.0	2.0	-0.0042074774411819576	-1.862655135298457	0.17551410142056245	12.607749968480624	24.599999754000006
1508	24707072	10	9.6	5.238320341483518	13.0	0.0	10	13.0	0.0	13.0	13.0	-0.006160986242891977	-1.9509056432003107	0.14756529148062233	12.748499968128748	14.697999853020002
1512	24772608	10	11.0	4.0	13.0	3.0	10	12.0	3.0	13.0	3.0	-0.004893601944276746	-1.8500179559548808	0.14032584962835984	12.66849996832875	29.745999702540004
1516	24838144	10	10.8	4.4	13.0	2.0	10	11.9	3.3000000000000003	13.0	2.0	-0.006625939176872435	-1.812380060364761	0.13278833061315232	10.511249973721876	15.961999840380003
1520	24903680	10	13.0	0.0	13.0	13.0	10	11.6	3.32264954516723	13.0	2.0	-0.00557636200091534	-1.7866288185742083	0.10952735136208705	12.570749968573125	15.057999849420002
1524	24969216	10	7.9	5.107837115648853	13.0	2.0	10	11.4	3.903844259188627	13.0	0.0	-0.005121407554494695	-1.9103411968049269	0.12275285291914237	13.7029999657425	15.705999842940003
