iter	frame	n_test	mean_returns	std_returns	max_returns	min_returns	n_test_train	mean_returns_train	std_returns_train	max_returns_train	min_returns_train	actor_loss	entropy_loss	value_loss	training_time	evaluation_time
0	0	10	3.6	4.862098312457287	11.0	0.0	10	1.5	3.52845575287547	12.0	0.0	0	0	0	0.0	39.25299960747001
4	65536	10	0.3	0.45825756949558405	1.0	0.0	10	1.3	3.287856444554719	11.0	0.0	0.0014462825467196007	-2.6219556701432345	0.15600414525955097	11.507249971231875	42.75799957242001
8	131072	10	4.8	5.509990925582365	12.0	0.0	10	2.5	4.544227107000705	12.0	0.0	-0.00326770935464605	-2.644218630813294	0.14044279704580553	10.974749972563126	41.951999580480006
12	196608	10	1.7	3.1953090617340916	11.0	0.0	10	1.6	3.826225293941799	13.0	0.0	-0.00330793955522901	-2.6457915228829467	0.12642339375105355	11.757749970605627	39.42099960579001
16	262144	10	1.6	3.2310988842807027	11.0	0.0	10	2.4	4.565084884205331	12.0	0.0	-0.00301405763304634	-2.6306178144853907	0.10378581823786573	11.748749970628126	41.63699958363001
20	327680	10	0.6	0.66332495807108	2.0	0.0	10	2.2	4.4	11.0	0.0	-0.0027943911600353064	-2.6358313880598674	0.14963632416904915	10.022499974943749	42.545999574540005
24	393216	10	3.7	5.23545604508337	12.0	0.0	10	0.7	0.6403124237432849	2.0	0.0	-0.003344050508788918	-2.6419391256799027	0.12633648750142767	10.031249974921876	39.84299960157001
28	458752	10	2.5	4.522167621838006	12.0	0.0	10	3.5	5.142956348249516	12.0	0.0	-0.0029490178346006737	-2.64542454701921	0.10395169214349227	11.51449997121375	42.02499957975
32	524288	10	1.4	3.2310988842807022	11.0	0.0	10	3.8	4.975942121849892	12.0	0.0	-0.0037409881754121685	-2.6329736284652476	0.16248559290402842	11.469749971325625	38.044999619550005
36	589824	10	2.7	4.196427051671458	11.0	0.0	10	3.5	5.142956348249516	12.0	0.0	-0.003174154824867512	-2.6405956469209126	0.1638437187283682	11.50549997123625	36.35599963644001
40	655360	10	2.8	4.422668877499196	12.0	0.0	10	3.6	5.083306010855534	12.0	0.0	-0.003898122566976664	-2.622095177297844	0.12865864775200353	11.167749972080626	34.30399965696001
44	720896	10	3.7	5.020956084253277	12.0	0.0	10	4.5	5.315072906367325	11.0	0.0	-0.0040929565337724455	-2.635215130670545	0.14866692322930805	10.898749972753125	33.968999660310004
48	786432	10	3.7	4.796873982084582	11.0	0.0	10	3.5	4.924428900898052	11.0	0.0	-0.004084898515004303	-2.622785026555241	0.10765638255634546	11.279249971801875	34.290999657090005
52	851968	10	0.6	0.66332495807108	2.0	0.0	10	2.5	4.272001872658765	11.0	0.0	-0.003760298471118091	-2.6058850012488692	0.1506312452099772	12.188249969529375	33.59699966403001
56	917504	10	0.2	0.4000000000000001	1.0	0.0	10	1.2	3.2802438933713454	11.0	0.0	-0.004249937186777889	-2.605878842102243	0.13187489412748257	12.126749969683125	31.483999685160008
60	983040	10	1.6	3.1685959035509725	11.0	0.0	10	2.3	4.360045871318328	11.0	0.0	-0.004144233030145809	-2.6044913875330478	0.13345384328632934	12.230249969424376	33.17299966827001
64	1048576	10	2.4	4.31740662898458	11.0	0.0	10	2.5	4.272001872658765	11.0	0.0	-0.004222015464180405	-2.5908671391291693	0.1588170679586349	12.435749968910626	34.55799965442001
68	1114112	10	2.4	4.317406628984581	11.0	0.0	10	4.1	5.223983154643591	13.0	0.0	-0.0050507129533387905	-2.589490612078182	0.12625687505976457	12.071249969821874	35.46199964538001
72	1179648	10	3.5	4.924428900898052	11.0	0.0	10	4.8	5.509990925582365	12.0	0.0	-0.005007567819811633	-2.6034949394335385	0.12219271209991192	11.303749971740626	37.41599962584
76	1245184	10	3.7	4.817675788178362	11.0	0.0	10	3.5	4.924428900898052	11.0	0.0	-0.004800934783012784	-2.6122647670170505	0.11092894984961127	11.153749972115627	37.07199962928001
80	1310720	10	3.8	4.955804677345546	12.0	0.0	10	1.2	3.2802438933713454	11.0	0.0	-0.004937414794859407	-2.580061373342535	0.13008909620696968	10.945999972635	40.259999597400004
84	1376256	10	1.7	3.49428104193123	12.0	0.0	10	3.7	4.817675788178362	11.0	0.0	-0.004662294656978716	-2.5875420592513447	0.12610947735225306	10.756749973108123	38.78599961214001
88	1441792	10	2.5	4.272001872658765	11.0	0.0	10	1.6	3.2310988842807027	11.0	0.0	-0.005244541978208262	-2.587022788553169	0.1501854099952945	10.9999999725	38.768999612310004
92	1507328	10	3.3	5.040833264451424	11.0	0.0	10	3.9	5.127377497317708	13.0	0.0	-0.005097614714713464	-2.5879033726738276	0.14749611718595912	11.55749997110625	36.86199963138001
96	1572864	10	3.7	5.020956084253277	12.0	0.0	10	3.8	5.230678732248808	12.0	0.0	-0.0049900187314916794	-2.5723980811538936	0.12338521881295951	11.614749970963127	36.807999631920005
100	1638400	10	2.7	4.172529209005013	11.0	0.0	10	2.5	4.341658669218482	11.0	0.0	-0.005722028532555949	-2.594207629291194	0.12958441844101953	11.133499972166252	38.149999618500004
104	1703936	10	3.8	4.975942121849891	12.0	0.0	10	1.2	3.2802438933713454	11.0	0.0	-0.005989493357732506	-2.603282361951496	0.11648956196100531	10.80349997299125	39.235999607640004
108	1769472	10	3.7	4.817675788178362	11.0	0.0	10	0.1	0.30000000000000004	1.0	0.0	-0.005257390002405243	-2.5902953194860494	0.1316095268759998	10.64049997339875	39.23699960763001
112	1835008	10	4.8	5.287721626560915	12.0	0.0	10	3.6	4.862098312457287	11.0	0.0	-0.005455637090600993	-2.5722754147949587	0.15198464457225128	10.581249973546877	40.89299959107001
116	1900544	10	3.5	5.142956348249516	12.0	0.0	10	2.0	3.521363372331802	12.0	0.0	-0.005746873859008516	-2.5615285483314634	0.1458527146841896	10.441749973895625	43.98199956018001
120	1966080	10	6.1	5.146843692983109	12.0	0.0	10	2.3	4.360045871318328	11.0	0.0	-0.00572015308899747	-2.568582961689099	0.0987610880105015	9.680499975798751	40.42099959579001
124	2031616	10	4.0	4.959838707054898	12.0	0.0	10	3.7	5.020956084253277	12.0	0.0	-0.006142184901633773	-2.5669432478456065	0.13407885941521902	10.319749974200624	41.1899995881
128	2097152	10	1.6	3.5832945734337835	12.0	0.0	10	1.5	3.2326459750489227	11.0	0.0	-0.005771317673866782	-2.558558652531818	0.1129897653085139	10.425749973935623	41.671999583280005
132	2162688	10	3.5	4.924428900898052	11.0	0.0	10	2.6	4.737087712930805	13.0	0.0	-0.005569976171829746	-2.5469982373048143	0.12326514940821846	10.536249973659377	40.067999599320004
136	2228224	10	1.5	3.2015621187164243	11.0	0.0	10	1.4	3.2310988842807022	11.0	0.0	-0.006335796620327842	-2.5297663358198945	0.14559436952730845	10.726749973183125	39.69599960304001
140	2293760	10	1.7	3.7960505792204615	13.0	0.0	10	3.7	5.441507144165117	12.0	0.0	-0.006055246169707798	-2.5407270339464993	0.08338825892719735	11.452249971369376	35.87499964125001
144	2359296	10	3.9	4.7	11.0	0.0	10	2.6	4.476605857119878	12.0	0.0	-0.0057396643284627815	-2.5564102254628547	0.13266448477298182	11.833999970415	35.486999645130005
148	2424832	10	1.5	3.52845575287547	12.0	0.0	10	1.3	3.257299494980466	11.0	0.0	-0.005361229379607386	-2.5616708097173664	0.1149813013109126	11.830499970423752	36.77999963220001
152	2490368	10	4.2	4.853864439804639	12.0	0.0	10	1.5	3.2015621187164243	11.0	0.0	-0.0056237037200443435	-2.574795454472316	0.10075744562508891	11.410749971473125	36.33999963660001
156	2555904	10	2.6	4.223742416388575	11.0	0.0	10	4.2	4.935585071701227	12.0	0.0	-0.006122691216628863	-2.5602611325497797	0.12114789902212393	11.53349997116625	37.042999629570005
160	2621440	10	3.7	4.838388161361178	11.0	0.0	10	6.9	5.6471231613982	12.0	0.0	-0.005153177266714126	-2.5698030240640404	0.1182118567592572	12.169999969575	33.65599966344001
164	2686976	10	3.7	4.796873982084582	11.0	0.0	10	3.8	4.955804677345547	12.0	0.0	-0.004693820099536489	-2.5805622336560567	0.1182909254637572	12.109499969726249	33.53599966464001
168	2752512	10	3.7	5.040833264451424	12.0	0.0	10	3.0	4.2895221179054435	12.0	0.0	-0.006202063818475831	-2.544703326854277	0.12084033692083404	12.481249968796876	34.50199965498001
172	2818048	10	5.2	5.473572873361603	14.0	0.0	10	4.8	5.74108003776293	14.0	0.0	-0.005832663794837545	-2.567128769785977	0.14676186875463615	11.432749971418124	35.72499964275001
176	2883584	10	4.6	4.841487374764082	12.0	0.0	10	2.9	4.3920382511995495	12.0	0.0	-0.005327411515636266	-2.5771714272397395	0.145048087564089	12.408749968978125	36.48399963516001
180	2949120	10	3.5	5.142956348249516	12.0	0.0	10	3.6	4.862098312457287	11.0	0.0	-0.0063729321584742975	-2.5477137364276774	0.1527820691928065	12.479249968801875	35.229999647700005
184	3014656	10	3.7	5.040833264451424	12.0	0.0	10	5.0	5.347896782848375	12.0	0.0	-0.005890329490277538	-2.5600423537011543	0.12851143696869372	11.601749970995625	35.41599964584
188	3080192	10	3.4	4.983974317750844	11.0	0.0	10	2.8	4.142463035441596	11.0	0.0	-0.0053639589163009555	-2.529194784397676	0.14600689358419683	11.403749971490624	35.762999642370005
192	3145728	10	3.7	4.796873982084582	11.0	0.0	10	0.5	0.6708203932499369	2.0	0.0	-0.0064649401628468885	-2.5013213229554068	0.1557104383277869	11.244999971887502	37.065999629340006
196	3211264	10	3.5	5.142956348249516	12.0	0.0	10	3.4	5.2	12.0	0.0	-0.006338080152946304	-2.502404336867336	0.15194680229730131	11.509999971224998	36.43599963564001
200	3276800	10	2.7	4.6701177715342475	12.0	0.0	10	3.7	5.441507144165117	12.0	0.0	-0.006263682052985379	-2.5037996468320065	0.11603422143529646	11.413999971465	38.148999618510004
204	3342336	10	0.5	0.6708203932499369	2.0	0.0	10	2.8	4.4	12.0	0.0	-0.005588471568771581	-2.49986710373349	0.1283969497174388	11.131249972171874	37.27299962727001
208	3407872	10	3.7	4.817675788178362	11.0	0.0	10	4.7	5.367494760127857	12.0	0.0	-0.005965974511112443	-2.4899780027458136	0.15791277058019404	11.5709999710725	36.81399963186001
212	3473408	10	3.9	5.127377497317708	13.0	0.0	10	4.6	5.44426303552648	12.0	0.0	-0.006500122944321924	-2.4629023792761027	0.1819560249767408	12.096999969757501	35.805999641940005
216	3538944	10	2.4	4.317406628984581	11.0	0.0	10	3.7	4.817675788178362	11.0	0.0	-0.006415670846095233	-2.42390955462638	0.14716479436824087	11.805749970485625	35.36299964637001
220	3604480	10	4.1	5.028916384272063	12.0	0.0	10	2.8	4.4	12.0	0.0	-0.006154309535572913	-2.4197218887470897	0.14679966306647352	12.08149996979625	35.00899964991
224	3670016	10	4.8	5.491812087098392	12.0	0.0	10	5.2	4.995998398718719	12.0	0.0	-0.005753602128613868	-2.434959282224055	0.14448996771484526	12.401249968996876	33.46899966531001
228	3735552	10	3.0	4.669047011971501	12.0	0.0	10	6.2	5.230678732248808	12.0	0.0	-0.006288442267711102	-2.4473502260877456	0.116779659241691	12.464249968839376	32.27399967726001
232	3801088	10	6.6	5.388877434122992	11.0	0.0	10	3.8	4.791659420284375	11.0	0.0	-0.005812028533910962	-2.4255966541624643	0.13965674806483677	12.42449996893875	21.133999788660002
236	3866624	10	3.7	5.020956084253277	12.0	0.0	10	4.1	5.243090691567332	14.0	0.0	-0.005964295096403985	-2.430801366513085	0.15181105264122927	10.41449997396375	41.567999584320006
240	3932160	10	1.5	3.52845575287547	12.0	0.0	10	2.4	4.31740662898458	11.0	0.0	-0.006540103862108431	-2.3956361634023975	0.14839347527989727	10.31749997420625	41.51299958487
244	3997696	10	2.6	4.24735211631906	11.0	0.0	10	1.5	3.2326459750489227	11.0	0.0	-0.006012098639965266	-2.4111490942509697	0.1484694516053988	10.488999973777501	40.178999598210005
248	4063232	10	2.9	4.158124577258358	11.0	0.0	10	2.8	4.66476151587624	13.0	0.0	-0.006554005383122197	-2.4322884129931093	0.12860439817323271	11.102249972244374	38.80799961192
252	4128768	10	3.8	4.770744176750625	11.0	0.0	10	2.1	3.7	13.0	0.0	-0.007116793646841775	-2.441800109787741	0.13015664577059655	11.152749972118125	39.049999609500006
256	4194304	10	4.6	5.238320341483518	11.0	0.0	10	5.0	5.347896782848375	12.0	0.0	-0.00657762163541215	-2.4601091963470365	0.13075026883933924	11.151749972120625	39.14399960856
260	4259840	10	2.8	4.66476151587624	13.0	0.0	10	3.2	3.994996871087636	11.0	0.0	-0.005984704128405813	-2.4488364952238606	0.14142855360096457	11.265999971835	36.93499963065001
264	4325376	10	5.0	5.366563145999495	12.0	0.0	10	3.8	4.995998398718719	12.0	0.0	-0.007527628666567739	-2.448203603171594	0.09344229229218201	11.118749972203126	37.087999629120006
268	4390912	10	4.8	5.30659966456864	12.0	0.0	10	4.0	4.898979485566356	12.0	0.0	-0.0070431526466503145	-2.395238727081657	0.13444295306841794	11.457499971356249	36.93499963065001
272	4456448	10	2.3	4.360045871318327	11.0	0.0	10	4.1	5.503635162326805	14.0	0.0	-0.005439414642184611	-2.3173507325420855	0.21793055446721446	11.635499970911251	35.92199964078
276	4521984	10	2.7	4.450842616853578	12.0	0.0	10	3.9	4.90815647672321	12.0	0.0	-0.007084323262329491	-2.364165449889599	0.1684407399947074	11.907499970231251	35.49599964504001
280	4587520	10	0.3	0.45825756949558394	1.0	0.0	10	1.8	3.249615361854384	11.0	0.0	-0.006936797039578636	-2.363684057943175	0.1425617866380029	11.9389999701525	35.2199996478
284	4653056	10	4.0	5.513619500836088	14.0	0.0	10	3.0	5.059644256269407	14.0	0.0	-0.007415762209181886	-2.387044707685411	0.12482430365498981	11.743249970641875	35.36399964636
288	4718592	10	1.7	3.195309061734091	11.0	0.0	10	1.6	3.2	11.0	0.0	-0.006574459786783043	-2.355781962228793	0.1421093281676111	12.0309999699225	35.02999964970001
292	4784128	10	3.8	5.192301994298868	13.0	0.0	10	3.5	5.142956348249516	12.0	0.0	-0.006101347992899898	-2.447969046476793	0.12151905815403441	12.146749969633126	35.204999647950004
296	4849664	10	4.6	5.257375771237966	11.0	0.0	10	5.9	5.717516943569122	12.0	0.0	-0.006624203500821732	-2.432955523078527	0.11578346100826732	12.286499969283751	36.022999639770006
300	4915200	10	3.8	4.728636167014756	11.0	0.0	10	4.2	5.418486873657626	14.0	0.0	-0.007085996474284083	-2.406487057355703	0.1442862269318307	11.569499971076247	36.17699963823001
304	4980736	10	4.7	5.386093203798093	12.0	0.0	10	3.6	5.083306010855534	12.0	0.0	-0.005820515523737439	-2.492520317175627	0.12627888221220046	11.488999971277499	39.37499960625001
308	5046272	10	5.0	5.176871642217914	12.0	0.0	10	1.3	3.2572994949804657	11.0	0.0	-0.006234659815120353	-2.4543675752904424	0.1307773156110565	11.206249971984375	39.534999604650004
312	5111808	10	1.6	3.2310988842807027	11.0	0.0	10	5.9	5.337602458033007	12.0	0.0	-0.006636931511735858	-2.435550458475564	0.16997268173314836	10.975249972561874	40.06699959933
316	5177344	10	3.2	4.770744176750625	13.0	0.0	10	2.8	4.643274706497559	12.0	0.0	-0.00651523921920106	-2.396328208097544	0.18577819672651066	10.850749972873125	41.38799958612
320	5242880	10	6.1	5.185556864985669	12.0	0.0	10	3.9	5.3188344587888805	12.0	0.0	-0.007373618515420107	-2.3858971618114118	0.14579469468478093	10.350249974124374	44.81299955187001
324	5308416	10	4.7	5.367494760127857	12.0	0.0	10	5.9	5.717516943569122	12.0	0.0	-0.006410665629966786	-2.3918464479339088	0.17371996094525768	10.07149997482125	43.78899956211001
328	5373952	10	5.2	5.6	13.0	0.0	10	2.6	4.24735211631906	11.0	0.0	-0.00705323691896305	-2.396025632568954	0.1032369893790407	10.325749974185625	41.325999586740004
332	5439488	10	8.1	4.678675026115834	12.0	0.0	10	6.0	5.422176684690384	12.0	0.0	-0.006036689664423286	-2.4272576816335154	0.15130702047584882	10.797749973005624	40.97599959024001
336	5505024	10	6.2	5.035871324805669	12.0	0.0	10	4.6	5.238320341483518	11.0	0.0	-0.006622144051933188	-2.4272226316188643	0.14927015475305208	10.452749973868125	41.30099958699001
340	5570560	10	4.8	5.287721626560915	12.0	0.0	10	3.9	5.146843692983108	13.0	0.0	-0.006987143503647298	-2.3861547855037384	0.1524233046449892	10.948999972627501	40.05699959943001
344	5636096	10	5.0	5.744562646538029	13.0	0.0	10	6.4	5.276362383309167	12.0	0.0	-0.0077024035482443865	-2.3998323651635243	0.1203458321465858	10.923499972691252	39.5099996049
348	5701632	10	1.9	3.2695565448543626	11.0	0.0	10	2.8	4.190465367951392	11.0	0.0	-0.007321123394371922	-2.3412449431960805	0.15316853422317814	10.666749973333125	40.82699959173001
352	5767168	10	2.9	4.592385001282013	12.0	0.0	10	5.1	5.48543526076099	12.0	0.0	-0.008067785123551078	-2.3530291589630314	0.13622756572573433	10.53749997365625	39.75899960241001
356	5832704	10	3.9	4.887739763939975	12.0	0.0	10	7.0	5.531726674375733	12.0	0.0	-0.007412352351048907	-2.305282696841432	0.13396789434833073	11.28399997179	38.39299961607001
360	5898240	10	4.8	5.134199061197375	11.0	0.0	10	3.2	5.015974481593782	15.0	0.0	-0.007487266032642278	-2.268499823671709	0.13137528221306632	11.426249971434375	36.96799963032001
364	5963776	10	3.8	5.173006862551025	12.0	0.0	10	6.9	5.664803615307419	13.0	0.0	-0.00792619598520001	-2.33208441213316	0.13335984105717757	11.505749971235625	38.63599961364001
368	6029312	10	4.1	5.243090691567332	13.0	0.0	10	4.0	4.9396356140913875	12.0	0.0	-0.007384492226708579	-2.372149797530236	0.14914869383596938	11.567499971081249	36.55899963441
372	6094848	10	6.1	5.5578772926361015	13.0	0.0	10	4.3	5.348831648126533	13.0	0.0	-0.006868258971626372	-2.3503081796105225	0.124831160983106	11.952249970119375	35.166999648330005
376	6160384	10	3.8	4.975942121849891	12.0	0.0	10	5.0	5.5677643628300215	13.0	0.0	-0.007723158641767544	-2.283895171940839	0.12497445225655582	12.357249969106876	34.42499965575
380	6225920	10	3.4	5.2	12.0	0.0	10	1.7	3.1638584039112754	11.0	0.0	-0.007666670578257178	-2.325627624746303	0.15670636054048254	12.40249996899375	33.953999660460006
384	6291456	10	8.2	5.173006862551026	12.0	0.0	10	3.6	5.083306010855534	12.0	0.0	-0.007911292289549145	-2.2638288957502644	0.1415046211184682	12.660749968348126	32.225999677740006
388	6356992	10	3.8	4.975942121849891	12.0	0.0	10	6.3	5.348831648126533	12.0	0.0	-0.008185073013370016	-2.2998973998018486	0.13684110753364975	12.577499968556252	32.53099967469
392	6422528	10	3.8	5.3999999999999995	13.0	0.0	10	4.3	5.348831648126533	13.0	0.0	-0.00727407736530969	-2.292584381758774	0.1575287934228598	12.286749969283125	33.10799966892
396	6488064	10	2.8	4.261455150532504	11.0	0.0	10	4.5	5.06458290484024	13.0	0.0	-0.007937867474924304	-2.319343439993063	0.16048214280237477	12.334999969162501	35.20399964796
400	6553600	10	5.1	5.068530358989675	12.0	0.0	10	6.0	5.477225575051661	12.0	0.0	-0.00743045237245403	-2.3478654719926997	0.13114733519218683	12.100249969749376	35.291999647080004
404	6619136	10	4.2	4.791659420284375	12.0	0.0	10	3.7	5.020956084253277	12.0	0.0	-0.00747075912581236	-2.341532786443305	0.11495128102024046	11.580249971049374	35.84399964156
408	6684672	10	4.0	5.079370039680118	13.0	0.0	10	6.4	5.102940328869229	12.0	0.0	-0.00821465313771037	-2.325083928561406	0.1234629480039616	12.038749969903126	35.718999642810005
412	6750208	10	0.5	0.6708203932499369	2.0	0.0	10	7.6	5.276362383309167	14.0	0.0	-0.00844634456646656	-2.317054256555477	0.1542847221556525	11.796999970507501	34.43399965566
416	6815744	10	4.4	4.694677837722201	12.0	0.0	10	5.1	5.664803615307419	13.0	0.0	-0.006915745683613376	-2.296225646892412	0.150326658723118	11.713249970716873	36.05199963948001
420	6881280	10	1.9	3.269556544854363	11.0	0.0	10	7.0	5.513619500836088	14.0	0.0	-0.0075705820264674204	-2.329715803022893	0.1348293836398543	11.6869999707825	38.73299961267001
424	6946816	10	6.1	5.166236541235796	12.0	0.0	10	6.2	5.617828762075256	12.0	0.0	-0.007003206483688008	-2.2950488227201964	0.15044969745586237	11.188499972028751	38.95799961042
428	7012352	10	5.0	5.585696017507576	14.0	0.0	10	6.6	5.953150426454887	15.0	0.0	-0.007504298852964451	-2.3696589790299765	0.13180298411156183	11.291249971771872	37.70899962291001
432	7077888	10	5.0	5.138093031466052	12.0	0.0	10	4.8	5.30659966456864	12.0	0.0	-0.007450755222768426	-2.338906816894559	0.1418657786996407	10.99549997251125	38.216999617830005
436	7143424	10	4.9	5.682429058070149	14.0	0.0	10	4.9	5.412023651093923	12.0	0.0	-0.008036494099008354	-2.292938751240142	0.1652673334487234	10.8709999728225	38.538999614610006
440	7208960	10	3.8	4.791659420284375	11.0	0.0	10	6.3	4.73392015141785	11.0	1.0	-0.006656052956323945	-2.2893925530313846	0.1555624008792769	10.903499972741251	38.26399961736001
444	7274496	10	3.7	5.459853477887479	13.0	0.0	10	4.3	4.670117771534247	12.0	0.0	-0.007293283247385881	-2.2851049102946015	0.14565625079011105	11.493499971266251	35.936999640630006
448	7340032	10	6.4	6.069596362197407	17.0	0.0	10	5.2	5.3999999999999995	13.0	0.0	-0.00849857491662985	-2.2516266477742786	0.15142982575706782	11.76399997059	36.86299963137001
452	7405568	10	3.5	4.924428900898052	11.0	0.0	10	5.2	5.075431016179808	12.0	0.0	-0.008586167856583359	-2.2652133229002107	0.15615472459780771	11.570999971072501	36.16299963837
456	7471104	10	4.8	5.74108003776293	14.0	0.0	10	5.4	5.083306010855534	12.0	0.0	-0.007573793067845952	-2.248171888057651	0.14934861805907354	11.824749970438125	34.69099965309001
460	7536640	10	3.4	4.983974317750844	11.0	0.0	10	3.3	4.450842616853578	13.0	0.0	-0.008390474872041842	-2.195626415083579	0.17520497116608263	11.763999970590001	35.92099964079001
464	7602176	10	6.2	5.287721626560914	12.0	0.0	10	5.6	6.151422599691879	15.0	0.0	-0.008655513883248806	-2.184419795643237	0.1610864666898885	11.936999970157501	35.675999643240004
468	7667712	10	4.5	5.518151864528558	12.0	0.0	10	9.3	6.0174745533321525	16.0	0.0	-0.008726817295307375	-2.22089900798313	0.1758808047172254	12.471249968821875	35.32799964672001
472	7733248	10	6.0	5.639148871948674	13.0	0.0	10	5.3	5.348831648126533	13.0	0.0	-0.008460483675387574	-2.2729430270807587	0.13567827888903328	11.905749970235625	28.242999717570004
476	7798784	10	4.3	5.177837386399847	13.0	0.0	10	5.2	5.418486873657626	12.0	0.0	-0.008793917968729277	-2.2759916755173055	0.1489529201295288	12.245749969385626	36.61099963389
480	7864320	10	2.5	4.295346318982906	11.0	0.0	10	6.1	5.734980383575867	13.0	0.0	-0.007917064655969842	-2.2777207094045115	0.12755486554068812	11.634999970912501	36.53599963464001
484	7929856	10	2.8	4.422668877499196	12.0	0.0	10	5.2	5.192301994298868	12.0	0.0	-0.008163449477310696	-2.211604090797997	0.15439916059008246	11.495749971260624	36.28699963713
488	7995392	10	3.6	5.102940328869229	12.0	0.0	10	6.0	5.656854249492381	13.0	0.0	-0.008842662405174657	-2.235498043165198	0.15787782130360137	11.46349997134125	30.146999698530003
492	8060928	10	4.1	5.008991914547277	12.0	0.0	10	4.0	4.626013402488151	11.0	0.0	-0.008777746395021189	-2.3153621576798127	0.12062770321019119	11.13349997216625	38.12699961873001
496	8126464	10	9.4	4.317406628984581	14.0	0.0	10	5.1	5.906775770248943	14.0	0.0	-0.007973659154613497	-2.2578427615396657	0.13399765188962154	11.271749971820624	36.90799963092001
500	8192000	10	7.0	5.329165037789691	12.0	0.0	10	3.2	4.190465367951393	11.0	0.0	-0.008107005113201756	-2.245497266217612	0.15010533169831863	11.4399999714	41.582999584170004
504	8257536	10	8.6	5.276362383309167	14.0	0.0	10	5.3	6.148983655857283	14.0	0.0	-0.008957185944055507	-2.2505929120024124	0.1486739254556948	10.263999974339999	37.77499962225001
508	8323072	10	5.9	5.337602458033007	12.0	0.0	10	6.2	5.861740355901138	13.0	0.0	-0.008585159884220702	-2.2476851118249823	0.12073037826440283	10.8129999729675	39.56999960430001
512	8388608	10	6.0	5.656854249492381	13.0	0.0	10	7.2	5.706137047074843	13.0	0.0	-0.008597134046505757	-2.2113128898224503	0.13986988100318468	10.847249972881874	39.899999601000005
516	8454144	10	3.3	4.733920151417849	14.0	0.0	10	4.2	4.935585071701226	12.0	0.0	-0.008445023145849915	-2.2424145835289018	0.11982761438619112	10.756749973108125	40.33499959665001
520	8519680	10	6.1	5.5578772926361015	13.0	0.0	10	8.2	5.4	14.0	0.0	-0.007940943182278568	-2.262888610127289	0.12141759032670998	10.740249973149375	41.57199958428001
524	8585216	10	2.3	4.360045871318328	11.0	0.0	10	5.4	5.7306195127577615	13.0	0.0	-0.008798079213792335	-2.2269673568670805	0.14249964964954337	10.5729999735675	40.67899959321001
528	8650752	10	8.3	5.254521862167861	13.0	0.0	10	4.7	4.648655719667784	12.0	0.0	-0.0086703165764814	-2.162832103444348	0.15064960545843167	10.504749973738127	43.100999568990005
532	8716288	10	4.0	4.878524367060187	12.0	0.0	10	6.1	5.769748694700662	13.0	0.0	-0.008603981479319582	-2.210211383569481	0.13947863906410793	10.901749972745625	40.31499959685
536	8781824	10	5.0	5.779273310719955	14.0	0.0	10	6.7	6.132699242584786	13.0	0.0	-0.006977426678107978	-2.135323283350562	0.1915809452178938	11.041999972395002	39.00499960995001
540	8847360	10	6.1	5.3563046963368315	12.0	0.0	10	7.2	5.075431016179809	12.0	1.0	-0.009396401897529789	-2.15823536840448	0.14686341116537674	11.38349997154125	29.815999701840003
544	8912896	10	4.0	5.079370039680118	12.0	0.0	10	7.6	4.862098312457287	13.0	0.0	-0.008851625162593519	-2.144560217633969	0.13349831304674514	10.741499973146253	40.33499959665001
548	8978432	10	6.3	5.020956084253277	12.0	0.0	10	5.7	5.21632054229799	13.0	0.0	-0.008374225308556754	-2.1223073475335634	0.1433985174173748	11.36949997157625	38.45799961542001
552	9043968	10	2.8	5.192301994298868	15.0	0.0	10	6.3	5.1778373863998475	12.0	0.0	-0.008310670868966696	-2.136081302936887	0.13865033908234184	11.417249971456874	37.811999621880005
556	9109504	10	4.9	5.204805471869242	12.0	0.0	10	5.6	5.607138307550475	12.0	0.0	-0.009173051116051939	-2.1617272220783694	0.1368410473857335	11.185249972036875	37.853999621460005
560	9175040	10	3.6	5.083306010855534	12.0	0.0	10	7.6	5.71314274283428	14.0	0.0	-0.009662042332117121	-2.157731902871276	0.11336685258024694	11.0489999723775	38.090999619090006
564	9240576	10	2.9	4.678675026115834	13.0	0.0	10	3.1	4.253234063627348	12.0	0.0	-0.0085267586852661	-2.104645748713922	0.14390677716636188	11.128749972178126	38.068999619310006
568	9306112	10	1.4	3.261901286060018	11.0	0.0	10	7.4	5.868560300448483	13.0	0.0	-0.009360738472358108	-2.1857028824794416	0.13100851442231512	11.00749997248125	38.663999613360005
572	9371648	10	4.0	4.669047011971501	11.0	0.0	10	5.8	4.853864439804639	13.0	0.0	-0.008440978390080909	-2.149662467116705	0.12671314271709636	11.406499971483752	37.37599962624
576	9437184	10	7.1	5.430469592954186	13.0	0.0	10	3.4	4.651881339845202	14.0	0.0	-0.008756222136978183	-2.1620153111947538	0.15111788461583767	11.709999970724999	36.2899996371
580	9502720	10	2.8	4.214261501141095	11.0	0.0	10	6.2	5.473572873361603	12.0	0.0	-0.009302200566648567	-2.140200671827379	0.1547986760884704	11.424749971438125	36.07199963928001
584	9568256	10	3.8	4.955804677345546	12.0	0.0	10	6.3	5.367494760127857	13.0	0.0	-0.00883758990584084	-2.1905120608909012	0.14942639373859415	11.58049997104875	36.334999636650004
588	9633792	10	3.9	5.974110812497538	14.0	0.0	10	8.6	5.083306010855534	14.0	0.0	-0.008889607266896913	-2.135606802777514	0.1518587185843055	11.19349997201625	36.63099963369
592	9699328	10	5.0	5.039841267341661	11.0	0.0	10	3.7	5.0803543183522155	15.0	0.0	-0.008805486013738862	-2.0730664256042473	0.1693568195350385	10.98749997253125	37.00699962993001
596	9764864	10	6.9	5.243090691567332	12.0	0.0	10	7.5	5.200961449578338	14.0	0.0	-0.008275938578407296	-2.0323165814448356	0.1682069905237478	11.2509999718725	38.22799961772001
600	9830400	10	9.1	4.060788100849391	12.0	1.0	10	9.9	4.0853396431631	14.0	1.0	-0.00874319311848493	-2.135278634504576	0.14724673088658358	11.130749972173124	39.171999608280004
604	9895936	10	5.3	5.550675634551167	13.0	0.0	10	5.2	5.015974481593781	12.0	0.0	-0.008441915409730239	-2.1339698158465197	0.12909388928881638	11.033999972415	40.08599959914
608	9961472	10	5.3	5.848931526355903	14.0	0.0	10	8.6	5.4626001134990645	13.0	0.0	-0.008784531626886036	-2.1559903520086685	0.14931328057618773	10.719249973201878	38.84299961157001
612	10027008	10	6.3	6.148983655857283	17.0	0.0	10	6.3	5.330103188494572	12.0	0.0	-0.007811551226440003	-2.1394623466090965	0.1594781527750467	10.6729999733175	40.243999597560006
616	10092544	10	6.5	5.06458290484024	12.0	0.0	10	7.1	5.990826320300064	14.0	0.0	-0.008326401205564576	-2.122576229053171	0.12225693688075286	10.54349997364125	34.74399965256001
620	10158080	10	5.6	5.953150426454887	14.0	0.0	10	3.3	4.733920151417849	13.0	0.0	-0.007540709077574936	-2.1066975566537147	0.17642692971378593	10.302749974243126	39.299999607000004
624	10223616	10	5.1	5.262128846769148	12.0	0.0	10	5.7	5.568662316930341	13.0	1.0	-0.007775171297704361	-2.074552611542212	0.17261159643285012	10.70649997323375	38.91199961088
628	10289152	10	2.7	4.473253849269009	12.0	0.0	10	7.7	5.604462507680821	15.0	0.0	-0.007815505289822677	-2.1640281749497703	0.1686165651596529	11.165999972085	38.880999611190006
632	10354688	10	4.7	5.386093203798093	12.0	0.0	10	7.1	5.467174773134658	14.0	0.0	-0.00861697826289529	-2.172338798415873	0.14591726511749073	10.832249972919374	40.00499959995001
636	10420224	10	8.2	4.5563142999578075	12.0	0.0	10	5.0	5.549774770204643	13.0	0.0	-0.009023427996271363	-2.1784207669611533	0.14387436721837885	11.382749971543126	36.43899963561
640	10485760	10	5.8	5.230678732248808	11.0	0.0	10	8.8	5.114684741017769	14.0	0.0	-0.008756862447926676	-2.169857380064799	0.14400089941971045	11.5349999711625	36.68499963315001
644	10551296	10	7.0	5.138093031466052	12.0	0.0	10	7.8	5.035871324805669	13.0	0.0	-0.009403093777645796	-2.0998731601037703	0.14896597719441332	11.00349997249125	37.363999626360005
648	10616832	10	2.6	4.476605857119878	12.0	0.0	10	7.0	6.324555320336759	17.0	0.0	-0.00868751291182434	-2.176359196277253	0.14137019378523155	11.147249972131874	39.408999605910005
652	10682368	10	5.1	5.281098370604358	12.0	0.0	10	5.4	5.4626001134990645	14.0	0.0	-0.00877540818479392	-2.1475508508829404	0.13038484137699322	10.923249972691876	40.02299959977001
656	10747904	10	5.2	6.04648658313239	14.0	0.0	10	6.8	5.3065996645686395	13.0	0.0	-0.007510559411887816	-2.0734657407130612	0.18386333309682262	10.652749973368124	42.24299957757001
660	10813440	10	6.0	5.848076606885378	13.0	0.0	10	7.4	5.4808758424178885	13.0	0.0	-0.008585741844414454	-2.2807669041165153	0.13797475015859534	10.491749973770625	38.90099961099001
664	10878976	10	5.0	5.403702434442518	13.0	0.0	10	5.7	5.273518749374084	13.0	0.0	-0.008690174403762308	-2.1564742647348614	0.14898231662810152	10.147499974631248	41.45599958544001
668	10944512	10	3.9	5.185556864985669	13.0	0.0	10	9.1	4.90815647672321	15.0	0.0	-0.009323413218467521	-2.1266291238635846	0.13892233284916275	10.041749974895625	41.55999958440001
672	11010048	10	8.2	5.3814496188294845	14.0	0.0	10	5.7	5.404627646748664	14.0	1.0	-0.007578643355796277	-2.0884770028601163	0.16060612954388978	10.214749974463125	42.64299957357001
676	11075584	10	3.8	4.556314299957807	12.0	0.0	10	6.0	5.253570214625479	12.0	0.0	-0.009494922774058542	-2.134687445835433	0.13004076890845023	10.080249974799374	43.38699956613001
680	11141120	10	7.4	5.4626001134990645	12.0	0.0	10	7.4	5.295280917949491	13.0	0.0	-0.008351152811619784	-2.0956022662721674	0.1550338825359876	9.909249975226876	41.75099958249
684	11206656	10	4.8	4.556314299957807	12.0	0.0	10	5.8	5.230678732248808	11.0	0.0	-0.008581590980930252	-2.1314601697290936	0.13876059898282078	10.272499974318752	36.72699963273
688	11272192	10	5.5	4.801041553663121	12.0	0.0	10	8.9	4.678675026115834	13.0	0.0	-0.008677063736898036	-2.1242781974645983	0.1425118405068234	10.70399997324	41.796999582030004
692	11337728	10	4.7	5.780138406647371	13.0	0.0	10	4.1	5.4671747731346585	14.0	0.0	-0.008446561081987899	-2.0900901230979345	0.1262837039019994	10.12399997469	42.64499957355001
696	11403264	10	6.9	5.262128846769148	12.0	0.0	10	8.6	4.340506882842141	12.0	2.0	-0.00875271909444339	-2.0848457537903267	0.15364292433126703	10.364749974088125	43.14199956858001
700	11468800	10	1.5	4.177319714841085	14.0	0.0	10	11.4	3.9547439866570384	14.0	0.0	-0.009193341952547656	-2.1645004424184915	0.13913953000161564	10.2629999743425	36.25899963741001
704	11534336	10	5.5	5.084289527554465	12.0	0.0	10	7.0	5.138093031466052	12.0	0.0	-0.008784977269588582	-2.138848773912316	0.14308990614239964	10.8269999729325	41.075999589240006
708	11599872	10	7.1	5.262128846769148	12.0	0.0	10	5.3	5.568662316930341	13.0	0.0	-0.009797686061160231	-2.0252632720148918	0.12451764862308241	10.562749973593125	40.368999596310005
712	11665408	10	6.9	5.243090691567332	12.0	0.0	10	7.1	5.430469592954186	13.0	0.0	-0.008970331203247592	-2.1010131461219914	0.14416917086008466	10.7469999731325	40.478999595210006
716	11730944	10	7.9	4.988987873306568	14.0	0.0	10	7.3	5.622277118748239	14.0	0.0	-0.008950413454817759	-2.104062328516814	0.1589442031137233	10.424249973939375	41.133999588660004
720	11796480	10	6.7	5.3113086899558	13.0	0.0	10	4.7	5.367494760127857	12.0	0.0	-0.008096101006600354	-2.0852608877235097	0.16013609010920773	10.412249973969375	41.57099958429001
724	11862016	10	4.0	4.878524367060187	12.0	0.0	10	6.0	5.329165037789691	12.0	0.0	-0.008803179741327539	-2.0680719313851466	0.1385399624561002	10.793999973015001	46.16599953834
728	11927552	10	5.2	4.975942121849892	11.0	0.0	10	3.8	5.2115256883181535	13.0	0.0	-0.00883723701947127	-2.049510697310262	0.16618692780045075	9.891749975270626	43.226999567730005
732	11993088	10	4.3	4.960846701924985	13.0	0.0	10	5.4	5.462600113499065	14.0	0.0	-0.009296724021261879	-2.0913538707104378	0.14772638056130186	10.060749974848125	38.259999617400005
736	12058624	10	5.4	6.086049621881176	14.0	0.0	10	5.3	5.119570294468081	12.0	0.0	-0.009107283643022055	-2.065203537328489	0.1420275581231786	10.095249974761876	42.49199957508
740	12124160	10	2.5	4.272001872658765	11.0	0.0	10	1.8	3.4871191548325386	12.0	0.0	-0.010290182056288759	-2.1119501886552032	0.1412819247390434	9.87349997531625	43.53999956460001
744	12189696	10	2.5	4.295346318982906	11.0	0.0	10	9.0	4.626013402488151	13.0	1.0	-0.008156719102528274	-2.1349175545336183	0.1679826791533686	9.992749975018127	44.527999554720004
748	12255232	10	4.3	5.675385449465085	15.0	0.0	10	4.7	4.712748667179271	12.0	0.0	-0.008759786095042776	-2.12475193021417	0.15922089152242191	9.569749976075624	47.64199952358001
752	12320768	10	6.4	5.314132102234569	12.0	0.0	10	5.8	6.029925372672534	16.0	0.0	-0.009622275488768177	-2.1420700821035976	0.15123693426116472	9.404249976489375	47.27299952727001
756	12386304	10	7.3	6.0671245248470065	15.0	0.0	10	7.0	5.549774770204643	13.0	0.0	-0.009867226842170458	-2.168634061786137	0.11738079094347031	10.212499974468749	43.524999564750004
760	12451840	10	6.1	5.223983154643591	12.0	0.0	10	7.7	5.197114584074513	13.0	0.0	-0.009108192075433922	-2.148559964969463	0.1580431288874924	10.733999973165	39.80099960199001
764	12517376	10	4.2	4.66476151587624	11.0	0.0	10	6.1	5.593746508378798	14.0	0.0	-0.010239960719288493	-2.1255322717399614	0.1345984806787335	10.869499972826251	42.70899957291001
768	12582912	10	4.0	5.157518783291051	12.0	0.0	10	8.1	5.717516943569122	14.0	0.0	-0.008965673254024118	-2.098111398299532	0.16122575630306626	10.38399997404	43.721999562780006
772	12648448	10	3.4	4.223742416388575	12.0	0.0	10	4.3	4.87954915950234	13.0	0.0	-0.009410667435915614	-2.15052321530829	0.13492118829697616	9.786749975533125	44.26499955735001
776	12713984	10	6.7	5.348831648126533	12.0	0.0	10	5.7	4.980963762164909	12.0	0.0	-0.0101802120905941	-2.107601637422047	0.1261334664367377	10.056249974859375	43.482999565170005
780	12779520	10	6.5	5.748912940721924	13.0	0.0	10	10.1	4.1340053217188775	14.0	2.0	-0.009627822084649447	-2.149338205431526	0.1309958401310087	10.303749974240626	43.32899956671001
784	12845056	10	5.8	4.955804677345546	12.0	0.0	10	2.9	5.3188344587888805	14.0	0.0	-0.008649251163366031	-2.09019659437818	0.1446910600492885	10.588999973527498	41.33099958669001
788	12910592	10	8.7	5.586591089385369	14.0	0.0	10	6.4	5.083306010855534	13.0	0.0	-0.008957688310123606	-2.0850188630634245	0.14998339704848637	11.62049997094875	36.916999630830006
792	12976128	10	7.1	5.048762224545736	12.0	0.0	10	7.5	5.572252686302013	12.0	0.0	-0.009716854541287621	-2.1329436920844955	0.12505720810593346	11.053249972366874	38.14799961852001
796	13041664	10	4.0	4.669047011971501	11.0	0.0	10	7.5	5.181698563212646	13.0	0.0	-0.00924415714835769	-2.0636029315825457	0.1468589901771155	11.378499971553751	37.08399962916001
800	13107200	10	6.9	5.448853090330111	12.0	0.0	10	7.1	6.10655385630881	15.0	0.0	-0.008505553542235403	-2.02984609433726	0.15870337427182368	11.655749970860624	38.794999612050006
804	13172736	10	4.9	5.6648036153074175	14.0	0.0	10	8.8	5.723635208501674	16.0	0.0	-0.009138592812590407	-2.0929379883215224	0.12205941880713018	11.387499971531252	38.45599961544001
808	13238272	10	6.0	5.2345009313209605	12.0	0.0	10	7.2	5.946427498927402	14.0	0.0	-0.00858323579603494	-2.131081414497435	0.14570798956202607	11.259749971850626	26.926999730730003
812	13303808	10	3.7	5.040833264451424	12.0	0.0	10	6.3	5.586591089385369	13.0	0.0	-0.010626648980890335	-2.136963290250225	0.11757597919725751	9.751749975620626	44.298999557010006
816	13369344	10	2.4	4.34050688284214	11.0	0.0	10	7.1	5.8898217290508885	16.0	0.0	-0.010109210097206263	-2.127620381391945	0.13370458757043385	10.01249997496875	41.08299958917001
820	13434880	10	6.2	5.528109984434102	14.0	0.0	10	6.1	5.974110812497539	14.0	0.0	-0.0087780551927256	-2.098150826772047	0.10804408337416326	10.182749974543125	43.081999569180006
824	13500416	10	5.8	5.230678732248808	11.0	0.0	10	6.5	6.168468205316454	14.0	0.0	-0.008790433461696504	-2.0539691495742654	0.12818215149671744	10.019749974950628	43.52099956479001
828	13565952	10	3.9	5.39351462406472	13.0	0.0	10	6.3	5.586591089385369	13.0	0.0	-0.008741302417243335	-2.095034159501711	0.13681087563872768	9.999749975000626	30.000999699990007
832	13631488	10	7.7	6.466065264130885	17.0	0.0	10	9.1	5.48543526076099	15.0	0.0	-0.008596453693537199	-2.090150194645754	0.1410559078841996	9.9869999750325	44.42999955570001
836	13697024	10	5.7	5.514526271584895	12.0	0.0	10	5.5	5.277309920783504	13.0	0.0	-0.00911442402529195	-2.069264960570158	0.12349151453890002	9.654999975862502	50.52099949479001
840	13762560	10	3.8	5.173006862551025	12.0	0.0	10	8.2	5.653317610041028	15.0	0.0	-0.009936692740237587	-2.11748837160862	0.10153538880122526	8.8809999777975	48.04799951952001
844	13828096	10	4.2	4.833218389437828	12.0	0.0	10	7.8	4.915282290977803	12.0	0.0	-0.009547924745590037	-2.1521826707068357	0.11049960242054191	8.86049997784875	47.75199952248001
848	13893632	10	5.1	5.872818744010409	13.0	0.0	10	5.6	5.141984052872977	13.0	0.0	-0.009125950524583563	-2.1966347592767734	0.113921331928352	9.136499977158747	48.02599951974001
852	13959168	10	7.2	5.528109984434101	13.0	0.0	10	9.4	4.758150901348128	13.0	0.0	-0.007751624804870686	-2.0931198818291428	0.13089876085087584	9.443249976391874	40.76699959233001
856	14024704	10	3.7	4.838388161361178	11.0	0.0	10	5.8	5.617828762075256	15.0	0.0	-0.008823702414086013	-2.0819736468610057	0.15844871971347474	9.641999975894999	45.84699954153001
860	14090240	10	8.4	5.535341001239218	13.0	0.0	10	8.2	5.912698199637792	16.0	0.0	-0.009297871199670914	-2.149080812707198	0.13615056513942636	9.945249975136877	44.09499955905001
864	14155776	10	5.2	5.2115256883181535	12.0	0.0	10	8.6	5.043808085167397	12.0	0.0	-0.008212263724144058	-2.137674820697157	0.12463167386073014	10.450749973873124	41.21699958783
868	14221312	10	2.9	5.166236541235795	15.0	0.0	10	8.6	5.257375771237966	13.0	0.0	-0.008334268579691332	-2.1142319314463003	0.1308677772234157	10.98349997254125	30.169999698300007
872	14286848	10	2.9	4.592385001282013	12.0	0.0	10	6.3	5.441507144165117	13.0	0.0	-0.008648297251368441	-2.0551947812582028	0.18899851763825323	10.393249974016875	40.9799995902
876	14352384	10	6.4	6.421837743200928	17.0	0.0	10	4.1	4.592385001282014	11.0	0.0	-0.009697097357477742	-2.0835826469277543	0.16375391532823855	10.44249997389375	42.09399957906001
880	14417920	10	4.3	4.495553358597804	11.0	0.0	10	6.4	5.953150426454887	15.0	0.0	-0.008148484944952907	-2.106803151248977	0.1507776758942155	10.856999972857501	39.54799960452001
884	14483456	10	6.7	5.441507144165117	14.0	0.0	10	6.5	5.554277630799526	13.0	0.0	-0.009436302722787546	-2.1219890910163453	0.17168455825261528	10.792999973017501	40.262999597370005
888	14548992	10	5.4	4.841487374764082	12.0	0.0	10	4.8	5.491812087098392	14.0	0.0	-0.008668541451401175	-2.036098900970319	0.17092201849217467	11.086249972284374	40.69899959301001
892	14614528	10	5.4	4.903060268852505	12.0	0.0	10	7.8	5.912698199637792	16.0	0.0	-0.008740358024623624	-2.137437460100525	0.15703890890109864	11.176499972058751	41.15499958845001
896	14680064	10	3.1	4.52658811910251	13.0	0.0	10	5.9	6.220128616033595	15.0	0.0	-0.009585470787201743	-2.1145525026105574	0.14717324456840034	10.942499972643748	38.38299961617001
900	14745600	10	10.9	3.419064199455752	14.0	1.0	10	6.7	5.496362433464518	14.0	0.0	-0.010401438792064585	-2.070076135081983	0.14080159356903124	11.093999972265	32.93699967063
904	14811136	10	2.7	4.450842616853578	12.0	0.0	10	6.8	5.564171097297422	12.0	0.0	-0.01036944111075387	-2.084636777422239	0.1270224155415403	10.738249973154376	39.76299960237
908	14876672	10	8.5	5.004997502496879	14.0	0.0	10	6.6	5.314132102234569	13.0	0.0	-0.009188621810863822	-2.0942772003813572	0.15161648142745282	11.033999972415002	38.31499961685
912	14942208	10	5.9	5.734980383575867	13.0	0.0	10	7.3	5.622277118748238	14.0	0.0	-0.008620093995292384	-2.1352672798197476	0.1340825323186223	11.42349997144125	37.09599962904
916	15007744	10	3.9	5.3188344587888805	12.0	0.0	10	10.0	4.312771730569565	13.0	1.0	-0.009092713288093293	-2.1595370146369497	0.12787893001831166	12.10449996973875	36.60799963392
920	15073280	10	6.3	5.74543296888929	13.0	0.0	10	6.6	6.2960304954788775	15.0	0.0	-0.008884984186487642	-2.158473322564033	0.13327770919392487	11.615999970959999	37.07499962925001
924	15138816	10	4.8	5.30659966456864	12.0	0.0	10	6.6	5.499090833947008	13.0	0.0	-0.00928449576070909	-2.1340510395926517	0.13438791438779074	11.377499971556249	40.24999959750001
928	15204352	10	7.8	5.134199061197375	13.0	0.0	10	8.7	4.960846701924985	14.0	0.0	-0.007886192385828304	-2.0911468588121007	0.14867670134023836	10.6169999734575	44.29999955700001
932	15269888	10	3.8	5.192301994298868	12.0	0.0	10	6.0	5.966573556070519	16.0	0.0	-0.0087867657048206	-2.131857365147728	0.13288483123152556	10.593999973515	40.793999592060004
936	15335424	10	4.1	5.262128846769148	13.0	0.0	10	8.0	4.979959839195493	14.0	0.0	-0.009347709040347929	-2.160234292123201	0.12955723530815536	10.67149997332125	38.94999961050001
940	15400960	10	8.3	5.040833264451424	13.0	0.0	10	8.6	4.8	14.0	1.0	-0.009464207999295505	-2.1298365938431725	0.14099757177838715	10.9009999727475	39.12599960874
944	15466496	10	6.9	5.699999999999999	14.0	0.0	10	9.2	4.64327470649756	13.0	0.0	-0.008865295377276775	-2.1583922503130397	0.14220049669260948	11.074999972312499	31.630999683690007
948	15532032	10	7.0	5.531726674375733	12.0	0.0	10	7.9	5.889821729050889	16.0	0.0	-0.01033635481279163	-2.090503379484807	0.09073129993849607	11.462749971343124	39.371999606280006
952	15597568	10	8.0	4.8373546489791295	12.0	0.0	10	6.8	5.878775382679628	14.0	0.0	-0.00855099410578438	-2.0867048102430434	0.15811601458022528	11.584999971037501	37.701999622980004
956	15663104	10	4.4	4.841487374764082	12.0	0.0	10	6.4	5.834380858325929	13.0	0.0	-0.008649633733217345	-2.1346796152752265	0.1468834575733524	11.121749972195627	37.61099962389
960	15728640	10	6.4	6.102458520956943	15.0	0.0	10	5.5	5.162363799656123	13.0	0.0	-0.009540779358673963	-2.112936302799426	0.11286412845742239	11.272249971819376	39.18699960813
964	15794176	10	4.9	5.448853090330111	13.0	0.0	10	8.9	4.592385001282014	13.0	1.0	-0.00758804454301837	-2.129267376936207	0.1293423992524544	10.780999973047502	37.96699962033001
968	15859712	10	7.0	5.347896782848375	13.0	0.0	10	7.8	6.257795138864806	15.0	0.0	-0.009662049217598343	-2.0827327318803563	0.11851083501559817	11.330499971673751	39.856999601430005
972	15925248	10	9.7	4.495553358597805	15.0	1.0	10	9.3	4.561797891182818	14.0	0.0	-0.0086005418794972	-2.134155658161856	0.1283999711607012	10.6069999734825	34.21499965785001
976	15990784	10	4.9	6.024118192731614	13.0	0.0	10	6.3	5.933801479658719	13.0	0.0	-0.00929787295560202	-2.0764518340749225	0.13109160120164756	11.220499971948751	38.14599961854001
980	16056320	10	4.8	5.30659966456864	12.0	0.0	10	6.6	5.517245689653489	13.0	0.0	-0.008812493700731783	-2.1027722132995805	0.10062790796819915	10.99049997252375	39.344999606550005
984	16121856	10	7.6	5.10294032886923	13.0	0.0	10	7.8	5.653317610041028	14.0	0.0	-0.009703987832431489	-2.0674572634530177	0.14725277982670507	10.509999973725	40.368999596310005
988	16187392	10	5.2	5.861740355901138	15.0	0.0	10	11.0	5.291502622129181	17.0	0.0	-0.009576579753747715	-2.0464101195687237	0.13321013987849842	10.85849997285375	39.65799960342001
992	16252928	10	7.2	4.935585071701226	12.0	0.0	10	7.4	5.161395160225576	14.0	0.0	-0.009302019115179624	-2.078064160825907	0.12337624342447823	11.339749971650626	39.94899960051001
996	16318464	10	5.2	5.381449618829484	12.0	0.0	10	7.9	5.769748694700662	14.0	0.0	-0.009187720170558387	-2.1023663950756695	0.13162726465172855	10.883499972791252	41.096999589030005
1000	16384000	10	6.5	5.5901699437494745	13.0	0.0	10	7.1	5.664803615307418	15.0	0.0	-0.008700021325849076	-2.0667816001010757	0.1334377443278909	10.821999972945001	34.81499965185
1004	16449536	10	4.6	4.94368283772331	13.0	0.0	10	8.5	5.004997502496879	14.0	0.0	-0.008560204987909775	-2.069319188379264	0.13626130925003385	11.061249972346875	32.987999670120004
1008	16515072	10	5.7	5.441507144165117	14.0	0.0	10	8.9	5.664803615307419	14.0	0.0	-0.009529367733413811	-2.1094291257647773	0.12182089188419395	10.80949997297625	39.88999960110001
1012	16580608	10	5.9	5.3563046963368315	14.0	0.0	10	6.6	5.6956123463592565	14.0	0.0	-0.009901568818834326	-2.0899265729197416	0.11388433692411418	11.041749972395625	37.63199962368
1016	16646144	10	3.9	4.948737212663449	12.0	0.0	10	5.6	6.437390775772433	17.0	0.0	-0.009630808358358044	-2.092374697109658	0.10880923262284747	11.60399997099	38.42599961574001
1020	16711680	10	9.0	5.813776741499453	14.0	0.0	10	8.3	5.496362433464519	14.0	0.0	-0.009578520292873644	-2.084756361724334	0.14851779978106594	11.357249971606876	16.932999830670003
1024	16777216	10	7.6	5.553377350765928	15.0	0.0	10	9.6	4.386342439892262	13.0	0.0	-0.007973258160824845	-2.074519559524924	0.1357296766416656	11.999999970000001	30.251999697480002
1028	16842752	10	7.0	5.761944116355173	13.0	0.0	10	8.7	4.73392015141785	14.0	0.0	-0.008864411198056954	-2.098409349501099	0.1110419648739014	12.558999968602501	24.529999754700004
1032	16908288	10	3.0	4.171330722922842	11.0	0.0	10	8.7	4.517742799230606	13.0	0.0	-0.008710337673318509	-2.0479272800537536	0.1604847162794788	12.902249967744376	32.04499967955001
1036	16973824	10	6.2	5.8275209137333865	13.0	0.0	10	8.9	5.204805471869242	13.0	0.0	-0.008469232872536543	-2.072515538367312	0.11002358878437497	12.90149996774625	35.25899964741001
1040	17039360	10	6.1	5.374941860150675	12.0	0.0	10	7.7	5.848931526355904	16.0	0.0	-0.008706809360170265	-2.1641839914253045	0.10258147026274954	11.761749970595627	37.109999628900006
1044	17104896	10	7.4	5.063595560468865	12.0	0.0	10	5.6	5.642694391866353	14.0	0.0	-0.00866137247461786	-2.1337065644823157	0.10561806800606363	11.640999970897502	38.685999613140005
1048	17170432	10	5.1	5.485435260760991	12.0	0.0	10	7.7	5.586591089385369	14.0	0.0	-0.009107063762370318	-2.1000272405940255	0.10996763841655756	11.32349997169125	40.53599959464001
1052	17235968	10	5.7	6.372597586541928	16.0	0.0	10	6.9	4.867237409455183	12.0	0.0	-0.009185187752895821	-2.1153782852274046	0.13391474151830673	10.682999973292498	41.731999582680004
1056	17301504	10	2.9	4.548626166217663	12.0	0.0	10	9.6	4.862098312457287	13.0	0.0	-0.010396668050946188	-2.1519101309521553	0.08919465327482398	10.399749974000626	44.655999553440004
1060	17367040	10	5.1	5.4671747731346585	12.0	0.0	10	8.6	5.276362383309167	14.0	0.0	-0.008790323301272919	-2.117091650543617	0.1141960686729855	9.645249975886877	46.018999539810004
1064	17432576	10	6.7	5.273518749374084	15.0	0.0	10	7.0	4.8373546489791295	12.0	0.0	-0.009341603870413336	-2.1454516771187713	0.11623525800680055	9.851999975370001	43.39199956608001
1068	17498112	10	5.9	5.769748694700663	14.0	0.0	10	7.7	5.831809324729334	15.0	0.0	-0.009230363843874169	-2.135700506246145	0.1036150817806623	10.376749974058125	42.64899957351001
1072	17563648	10	4.9	5.243090691567332	12.0	0.0	10	8.1	5.48543526076099	14.0	1.0	-0.009416889691772783	-2.129643906927795	0.10854960650937531	9.819249975451875	31.118999688810003
1076	17629184	10	4.7	5.367494760127857	12.0	0.0	10	8.6	4.82078831727758	12.0	0.0	-0.007839457034092867	-2.136867237365179	0.1449457469710969	10.4669999738325	40.796999592030005
1080	17694720	10	6.0	5.440588203494177	12.0	0.0	10	9.7	4.172529209005013	13.0	1.0	-0.009230794034868062	-2.0586484271130314	0.14523548786567742	10.447499973881252	41.261999587380004
1084	17760256	10	6.0	5.830951894845301	14.0	0.0	10	10.7	4.360045871318328	15.0	0.0	-0.007592638643288466	-2.1572528752424276	0.12965536279184584	10.906499972733751	42.06699957933001
1088	17825792	10	2.4	4.31740662898458	11.0	0.0	10	8.1	5.107837115648854	12.0	0.0	-0.008305408832149709	-2.172749243450334	0.11885545219143191	10.445999973885	41.85399958146001
1092	17891328	10	4.2	5.418486873657627	14.0	0.0	10	12.0	3.0659419433511785	16.0	4.0	-0.008904742386506268	-2.1096141112633453	0.13931033945122584	11.199749972000626	32.1499996785
1096	17956864	10	2.9	4.592385001282013	12.0	0.0	10	5.8	6.128621378417825	14.0	0.0	-0.008763634438761327	-2.173383335046077	0.12391851538432756	10.764499973088748	41.29199958708001
1100	18022400	10	6.2	5.075431016179809	12.0	0.0	10	8.2	6.794115100585212	17.0	0.0	-0.009392390686350699	-2.1417891703798544	0.10021249607403274	11.055249972361876	39.22599960774001
1104	18087936	10	4.2	4.995998398718719	13.0	0.0	10	7.9	5.281098370604358	13.0	1.0	-0.00973948284707559	-2.149719158584461	0.12865940433518	10.85049997287375	42.38099957619001
1108	18153472	10	5.1	5.906775770248943	14.0	0.0	10	7.2	6.11228271597445	14.0	0.0	-0.007969368949265039	-2.1257300921053695	0.13403009202797803	11.015249972461875	40.58099959419001
1112	18219008	10	7.1	5.430469592954186	13.0	0.0	10	4.3	4.940647730814249	13.0	0.0	-0.00878188308130198	-2.085856800060751	0.11687220041974887	10.681249973296875	40.814999591850004
1116	18284544	10	8.4	5.122499389946279	13.0	0.0	10	7.4	5.71314274283428	14.0	0.0	-0.010182767552427087	-2.118730231898859	0.11128737015732196	11.396249971509373	38.03299961967001
1120	18350080	10	5.3	4.8999999999999995	12.0	0.0	10	7.9	6.10655385630881	14.0	0.0	-0.009751932039655992	-2.140899660463641	0.11472159413357134	11.505249971236875	37.189999628100004
1124	18415616	10	8.3	5.040833264451424	12.0	0.0	10	4.2	5.173006862551025	13.0	0.0	-0.008926184866423678	-2.090449459633033	0.13606620167206468	11.203499971991251	39.113999608860006
1128	18481152	10	7.4	5.6780278266313555	16.0	0.0	10	11.3	3.551056180912941	14.0	1.0	-0.00886006796795473	-2.0632497231499873	0.11711524767202096	11.367999971579998	34.64299965357001
1132	18546688	10	5.6	5.834380858325929	16.0	0.0	10	5.9	5.923681287847955	13.0	0.0	-0.008334614927400327	-2.066290418091748	0.1353457881928066	11.476249971309375	37.129999628700006
1136	18612224	10	7.9	5.185556864985669	12.0	0.0	10	6.8	5.173006862551025	11.0	0.0	-0.008343036998707658	-2.1060114500713034	0.12281058548912144	11.56849997107875	32.38199967618
1140	18677760	10	6.4	5.44426303552648	14.0	0.0	10	7.9	6.284106937345991	17.0	0.0	-0.008543176034759074	-2.1198252139267524	0.10926279517615135	11.500749971248124	38.35899961641001
1144	18743296	10	11.4	0.4898979485566356	12.0	11.0	10	9.0	4.6475800154489	13.0	0.0	-0.008099770912309073	-2.0304337464641464	0.11949348363091071	12.36399996909	32.70599967294001
1148	18808832	10	5.2	5.2115256883181535	12.0	0.0	10	6.9	5.664803615307419	13.0	0.0	-0.008349658437852691	-2.0373677385711337	0.12233493305089299	11.972749970068127	35.50099964499
1152	18874368	10	7.1	5.629387178015028	13.0	0.0	10	7.6	4.903060268852505	13.0	0.0	-0.008959959696743493	-1.9907066472284587	0.13877759678395898	11.613999970964999	37.91399962086001
1156	18939904	10	7.3	5.404627646748664	13.0	0.0	10	9.6	4.409081537009721	14.0	1.0	-0.00797453982197111	-2.0870031041713175	0.14835481165604678	11.33449997166375	22.883999771160003
1160	19005440	10	4.1	4.805205510693585	12.0	0.0	10	7.6	5.6780278266313555	14.0	0.0	-0.008673250841644976	-2.0418954017618214	0.11183515515876137	12.07199996982	35.54099964459
1164	19070976	10	6.4	5.535341001239218	13.0	0.0	10	5.3	5.550675634551167	13.0	0.0	-0.008740364577836114	-2.025567648100459	0.13958682677185857	12.474499968813749	33.798999662010004
1168	19136512	10	4.2	5.491812087098393	14.0	0.0	10	11.4	3.773592452822642	15.0	1.0	-0.009513057034907535	-2.1292123543985046	0.1068783058130299	12.51549996871125	23.118999768810003
1172	19202048	10	8.1	5.18555686498567	13.0	0.0	10	7.4	5.102940328869229	13.0	0.0	-0.009578337489289244	-2.0926132920191423	0.10430796641235551	12.477249968806875	34.70899965291001
1176	19267584	10	3.9	5.629387178015028	15.0	0.0	10	6.6	5.499090833947008	13.0	0.0	-0.00835566402054277	-2.0782459251901306	0.11647715457122672	12.20399996949	36.768999632310006
1180	19333120	10	3.6	5.083306010855534	12.0	0.0	10	9.9	4.887739763939974	16.0	0.0	-0.009073224732638501	-2.1004593245980647	0.13886573334951088	12.5049999687375	35.70899964291001
1184	19398656	10	8.7	4.69148164229596	13.0	1.0	10	7.8	5.635601121442148	14.0	0.0	-0.009954616644663359	-2.1192958079554396	0.10803499638219347	11.592749971018126	24.458999755410005
1188	19464192	10	6.2	5.268775948927796	13.0	0.0	10	6.5	6.020797289396148	15.0	0.0	-0.008700211320504915	-2.1476231090970885	0.10895294477649077	11.803749970490626	37.878999621210006
1192	19529728	10	4.0	5.966573556070519	15.0	0.0	10	6.4	5.660388679233963	13.0	0.0	-0.008556285054831605	-2.0295110802225174	0.12122335330251734	11.4209999714475	20.812999791870002
1196	19595264	10	6.4	5.919459434779497	15.0	0.0	10	8.6	5.083306010855534	13.0	0.0	-0.008516356534853851	-2.0459759320174293	0.15730518675322866	12.445499968886251	38.896999611030004
1200	19660800	10	5.9	5.717516943569122	12.0	0.0	10	7.0	5.744562646538029	13.0	0.0	-0.008315087715995395	-2.074061145169058	0.13851733104590366	11.141249972146875	39.407999605920004
1204	19726336	10	6.3	5.404627646748664	14.0	0.0	10	8.6	5.257375771237966	13.0	0.0	-0.008821492851277967	-2.089410255135009	0.10277619293285968	10.900249972749375	38.96199961038001
1208	19791872	10	8.1	5.682429058070149	14.0	0.0	10	7.4	5.10294032886923	13.0	0.0	-0.00863014027619244	-2.0579910189253128	0.12742412438220144	10.801499972996249	24.555999754440005
1212	19857408	10	4.1	4.4821869662029945	14.0	0.0	10	4.9	5.906775770248943	15.0	0.0	-0.008150558621976563	-2.107851045607503	0.13100575126584674	11.30799997173	37.69499962305001
1216	19922944	10	7.4	5.10294032886923	12.0	0.0	10	11.0	2.8284271247461903	14.0	3.0	-0.008335127014147799	-2.1520603694263496	0.11440123794960891	11.716249970709375	26.987999730120006
1220	19988480	10	6.5	4.964876634922564	12.0	0.0	10	8.0	5.848076606885378	15.0	0.0	-0.00934561991646626	-2.162841220471471	0.13922586717434338	11.539999971150001	38.688999613110006
1224	20054016	10	6.3	5.762811813689564	13.0	0.0	10	6.7	5.967411499134277	15.0	0.0	-0.009305270639986317	-2.172008933894086	0.1451091721968444	11.417999971455002	38.474999615250006
1228	20119552	10	5.2	5.381449618829484	12.0	0.0	10	8.8	4.995998398718719	14.0	0.0	-0.009476816281901782	-2.1464385561892683	0.08730290336401077	11.643249970891874	38.41899961581
1232	20185088	10	7.3	5.780138406647371	13.0	0.0	10	10.0	4.049691346263317	13.0	2.0	-0.009174822430955692	-2.1802181946947052	0.10416560413317376	10.90749997273125	8.573999914260002
1236	20250624	10	4.7	5.386093203798093	12.0	0.0	10	9.9	4.635730794599704	15.0	0.0	-0.009842779755556585	-2.0729924711412497	0.09193217679676682	11.93199997017	36.145999638540005
1240	20316160	10	5.6	5.180733538795447	12.0	0.0	10	6.5	6.2008063991709985	15.0	0.0	-0.009668426186992884	-2.109935939092196	0.08272440059335352	11.9549999701125	35.318999646810006
1244	20381696	10	5.1	5.717516943569123	14.0	0.0	10	7.5	5.643580423808985	15.0	0.0	-0.009052881341900942	-2.0713650991845145	0.14489903027855477	12.0869999697825	35.869999641300005
1248	20447232	10	8.1	5.374941860150676	14.0	0.0	10	11.3	3.0675723300355937	15.0	3.0	-0.009506436468877416	-2.1250221776735536	0.12320938223931248	12.56649996858375	21.54799978452
1252	20512768	10	5.7	5.020956084253277	13.0	0.0	10	9.1	4.323193264243457	14.0	2.0	-0.008442369516796808	-2.1045946029616567	0.14753109354851665	12.384749969038126	36.447999635520006
1256	20578304	10	5.9	5.337602458033007	12.0	0.0	10	11.1	2.1656407827707715	13.0	5.0	-0.009516594484233223	-2.07574546563858	0.14143364238631684	11.6329999709175	30.865999691340004
1260	20643840	10	5.0	5.138093031466052	12.0	0.0	10	6.4	5.2	16.0	1.0	-0.00939588263911343	-2.086121390045935	0.11854079938811073	12.20049996949875	37.53899962461001
1264	20709376	10	5.9	5.61159513863928	16.0	0.0	10	8.9	5.647123161398199	16.0	0.0	-0.008547303353244438	-2.1414809671793873	0.1639038496480022	12.361749969095627	35.12999964870001
1268	20774912	10	8.7	5.348831648126533	14.0	0.0	10	8.7	5.58659108938537	14.0	0.0	-0.009206746247957375	-2.0833368063286404	0.11257561783996282	11.903749970240625	25.743999742560003
1272	20840448	10	5.2	5.249761899362675	13.0	0.0	10	8.9	5.3188344587888805	14.0	0.0	-0.008588770325346837	-2.162480053577073	0.11418139118443152	12.225999969435001	34.90499965095
1276	20905984	10	6.2	5.055689863905815	12.0	0.0	10	9.7	4.94064773081425	14.0	0.0	-0.008966653230927197	-2.111632878361721	0.09839139183113516	12.017249969956875	22.500999774990007
1280	20971520	10	8.1	5.107837115648854	12.0	0.0	10	6.2	5.455272678794342	13.0	0.0	-0.009788666809568481	-2.091441010217564	0.08453147946752482	12.129249969676875	22.435999775640003
1284	21037056	10	7.4	5.161395160225576	13.0	0.0	10	2.7	4.450842616853578	12.0	0.0	-0.009163384802635689	-2.051357538536091	0.09577731240008723	10.421749973945625	40.112999598870005
1288	21102592	10	6.7	4.796873982084582	12.0	1.0	10	10.1	3.3896902513356584	13.0	3.0	-0.009699137223126368	-2.0238182977217307	0.13624726575932247	10.56349997359125	37.91099962089001
1292	21168128	10	7.3	5.622277118748239	13.0	0.0	10	9.3	5.9	17.0	0.0	-0.008059384593928921	-2.128379029310567	0.11667734748089362	11.145249972136876	39.31899960681001
1296	21233664	10	6.5	5.162363799656123	13.0	0.0	10	9.6	4.862098312457287	14.0	0.0	-0.008886468612808018	-2.1607571068142137	0.1200681485809112	11.917749970205625	36.25899963741001
1300	21299200	10	3.9	5.127377497317708	12.0	0.0	10	7.6	5.257375771237966	13.0	0.0	-0.01047449147287534	-2.1001655531722125	0.09266590880972224	11.7829999705425	34.611999653880005
1304	21364736	10	4.1	5.048762224545736	13.0	0.0	10	11.0	3.0659419433511785	13.0	2.0	-0.008881414106917378	-2.1693996536458746	0.1358181157318338	12.706749968233124	34.13299965867001
1308	21430272	10	8.0	5.253570214625479	12.0	0.0	10	8.0	6.276941930590086	15.0	0.0	-0.009514205360492555	-2.1529600667697646	0.10972589024286161	12.089999969775	24.596999754030005
1312	21495808	10	5.0	5.157518783291051	12.0	0.0	10	10.7	4.583666654546335	15.0	1.0	-0.009151503835666385	-2.130344460185982	0.12273260507385486	11.439249971401876	37.383999626160005
1316	21561344	10	6.9	5.629387178015028	14.0	0.0	10	12.0	3.3763886032268267	17.0	3.0	-0.008999224127943274	-2.1305698427325424	0.12674121828981758	11.63049997092375	24.571999754280004
1320	21626880	10	6.2	5.688585061331157	14.0	0.0	10	6.4	5.902541825349483	14.0	0.0	-0.009172079690824375	-2.1558569096266647	0.13298698156307667	11.056999972357499	39.12399960876001
1324	21692416	10	7.4	4.882622246293481	12.0	0.0	10	9.7	4.405678154382137	13.0	1.0	-0.009752404360869786	-2.0605274387041113	0.11935067319154508	11.290749971773124	38.30899961691
1328	21757952	10	4.7	5.367494760127857	12.0	0.0	10	8.2	6.029925372672534	15.0	0.0	-0.010255371750486507	-2.1059606842986485	0.09338764465062081	11.600249970999375	36.08399963916001
1332	21823488	10	4.5	5.408326913195984	14.0	0.0	10	9.8	4.512205669071391	14.0	0.0	-0.00946911505547979	-2.1549904493232894	0.13708626912099664	12.357749969105624	34.485999655140006
1336	21889024	10	7.7	6.197580172938467	18.0	0.0	10	9.6	3.954743986657038	13.0	0.0	-0.008929014513018049	-2.1672279211608068	0.11744049166968511	12.539499968651251	26.437999735620004
1340	21954560	10	5.1	5.4671747731346585	12.0	0.0	10	9.8	4.578209256903839	15.0	0.0	-0.00963909736695254	-2.146068734203744	0.13267620775708347	11.670749970823126	32.95699967043001
1344	22020096	10	5.3	5.74543296888929	13.0	0.0	10	6.5	5.6258332716140815	14.0	0.0	-0.009841778719606854	-2.186012183398783	0.09836350702432128	11.144749972138126	32.136999678630005
1348	22085632	10	4.7	5.000999900019995	14.0	0.0	10	7.7	5.728001396647874	13.0	0.0	-0.008967855832730694	-2.2014521457445233	0.10781405620550848	10.892749972768124	39.08699960913001
1352	22151168	10	4.3	5.000999900019995	12.0	0.0	10	7.3	5.586591089385369	13.0	0.0	-0.009410987706592521	-2.149086606775375	0.10741855059407536	10.815249972961874	37.90599962094001
1356	22216704	10	6.5	5.352569476429054	12.0	0.0	10	8.8	5.528109984434102	16.0	0.0	-0.00929989427240937	-2.08249290265802	0.14715441415726616	10.746749973133124	33.34299966657001
1360	22282240	10	5.4	5.4808758424178885	13.0	0.0	10	9.9	4.6141087980237305	14.0	0.0	-0.009968226090548628	-2.157151122663226	0.08139949582134896	11.264499971838752	39.049999609500006
1364	22347776	10	7.1	5.664803615307418	14.0	0.0	10	8.9	5.204805471869242	16.0	0.0	-0.009253285989210354	-2.1126004008238293	0.15789119788973918	11.221499971946251	29.288999707110005
1368	22413312	10	10.1	3.3896902513356584	12.0	0.0	10	10.4	5.0039984012787215	17.0	1.0	-0.009543347152042445	-2.138896465078712	0.09375243625247909	10.862749972843126	39.42399960576
1372	22478848	10	8.7	5.235456045083369	15.0	0.0	10	7.3	4.980963762164908	12.0	0.0	-0.009082447908706942	-2.124728522973464	0.13490458692881388	10.5369999736575	41.838999581610004
1376	22544384	10	9.1	4.323193264243457	12.0	0.0	10	7.5	4.759201613716317	12.0	0.0	-0.0084321279734476	-2.174058111778928	0.11398702920779345	10.539249973651874	18.701999812980006
1380	22609920	10	3.0	4.857983120596447	14.0	0.0	10	6.5	6.391400472509918	15.0	0.0	-0.01015102026713434	-2.158174380435247	0.08591228897254063	10.543249973641876	45.71599954284001
1384	22675456	10	6.2	5.635601121442148	13.0	0.0	10	4.9	5.80430874437258	12.0	0.0	-0.009125334766354038	-2.1165954965135043	0.09571032062107229	9.487249976281877	45.50199954498001
1388	22740992	10	5.2	5.4	13.0	0.0	10	6.6	6.16765757804371	15.0	0.0	-0.00879912829167753	-2.1173218933522526	0.1354673901276491	10.240749974398128	43.02399956976001
1392	22806528	10	4.3	4.960846701924985	12.0	0.0	10	7.0	5.621387729022079	13.0	0.0	-0.008967401264853476	-2.1590041590468205	0.09152089756891463	10.039749974900625	42.32799957672001
1396	22872064	10	6.2	5.861740355901138	13.0	0.0	10	6.1	5.3563046963368315	13.0	0.0	-0.008267817683238778	-2.0880155312826787	0.12444596363797872	10.576749973558124	40.621999593780004
1400	22937600	10	7.0	5.366563145999495	13.0	0.0	10	7.3	5.441507144165117	13.0	0.0	-0.00988051802796844	-2.144759863391623	0.10342753824942294	10.354249974114376	28.443999715560004
1404	23003136	10	3.9	4.72122865364515	11.0	0.0	10	5.3	5.604462507680821	13.0	0.0	-0.009028937125821564	-2.1388432828344164	0.10042997021734133	9.713999975715	42.35299957647001
1408	23068672	10	6.5	5.987486951969082	15.0	0.0	10	6.6	4.565084884205331	13.0	1.0	-0.00956541944370151	-2.0534115990347503	0.11453281923866804	9.81049997547375	44.84499955155
1412	23134208	10	9.2	4.64327470649756	13.0	0.0	10	6.4	6.2641839053463295	14.0	0.0	-0.009068615748184445	-2.1380547779558188	0.09141252394589502	10.31249997421875	43.24099956759001
1416	23199744	10	3.2	4.044749683231337	11.0	0.0	10	7.3	4.980963762164908	12.0	0.0	-0.009052024796768136	-2.0926644650902033	0.10372307080626372	10.517999973704999	40.266999597330006
1420	23265280	10	2.8	4.166533331199932	11.0	0.0	10	6.5	5.181698563212646	13.0	0.0	-0.009079867638283813	-2.1065184918831936	0.1166837159810735	10.823249972941877	40.22899959771001
1424	23330816	10	6.0	5.329165037789691	12.0	0.0	10	7.0	5.709640969448079	14.0	0.0	-0.008748522143831004	-2.1751735381999775	0.09565501379715387	10.927249972681876	37.50199962498001
1428	23396352	10	7.0	5.916079783099616	16.0	0.0	10	9.0	4.266145801540309	12.0	0.0	-0.009169512012658554	-2.1244664835703704	0.1269037914330196	11.148749972128124	37.065999629340006
1432	23461888	10	3.8	4.955804677345546	12.0	0.0	10	10.1	5.127377497317708	14.0	0.0	-0.00911245935181462	-2.1484744422383266	0.10783236084624424	11.425749971435627	40.66399959336001
1436	23527424	10	7.7	4.980963762164909	14.0	0.0	10	9.1	5.146843692983109	14.0	1.0	-0.008902867635376423	-2.2064763528790414	0.09703578577763096	10.465499973836248	43.90599956094
1440	23592960	10	4.0	4.669047011971501	11.0	0.0	10	8.3	6.2136945531623935	14.0	0.0	-0.009359887005843715	-2.173254097275056	0.10719712481027797	10.141499974646251	43.869999561300006
1444	23658496	10	7.1	5.448853090330111	13.0	0.0	10	7.7	6.1	17.0	0.0	-0.009599602392185139	-2.1270316911508287	0.10663616819127736	9.675499975811249	33.71099966289
1448	23724032	10	9.5	4.544227107000705	13.0	0.0	10	6.0	4.404543109109048	12.0	0.0	-0.008720624839347272	-2.1812480387799735	0.10599537243117697	10.62949997342625	41.14399958856001
1452	23789568	10	4.9	5.61159513863928	12.0	0.0	10	9.2	5.2687759489277965	14.0	0.0	-0.007944238511988071	-2.1035811576042804	0.11531208407795294	10.352499974118752	44.00599955994001
1456	23855104	10	4.7	5.568662316930341	12.0	0.0	10	9.6	5.589275444992849	15.0	0.0	-0.008512337383179686	-2.1051360080930195	0.11898464902306452	10.305499974236248	46.26699953733001
1460	23920640	10	7.3	5.814636704042653	14.0	0.0	10	9.0	5.495452665613635	16.0	0.0	-0.009011904344304498	-2.0722257641779493	0.1357729260202628	9.462749976343124	48.860999511390006
1464	23986176	10	9.6	4.2	14.0	0.0	10	9.6	4.862098312457287	13.0	0.0	-0.008553108252896943	-2.1623366721205537	0.0827448356732836	9.961749975095625	30.943999690560005
1468	24051712	10	7.9	5.374941860150676	15.0	0.0	10	5.3	5.423098745182499	13.0	0.0	-0.010204466585035264	-2.145460811530582	0.099385509722758	9.328499976678751	47.52899952471001
1472	24117248	10	3.1	3.9862262855989496	11.0	0.0	10	9.7	4.561797891182818	15.0	2.0	-0.009330042651464652	-2.1357347913345217	0.08331091949469269	10.236249974409375	41.77299958227001
1476	24182784	10	5.9	5.940538696111658	13.0	0.0	10	7.7	6.132699242584786	17.0	0.0	-0.008504575207273424	-2.1419523952160278	0.14430080810610846	10.329999974175001	41.25599958744001
1480	24248320	10	4.2	5.0556898639058145	13.0	0.0	10	8.9	5.356304696336832	15.0	0.0	-0.009246449033775493	-2.1000517803229823	0.13635929920842418	10.590749973523126	40.05899959941
1484	24313856	10	6.2	5.114684741017769	12.0	0.0	10	7.3	5.404627646748664	13.0	0.0	-0.008385874405308833	-2.116488997914463	0.13046645053545097	10.715499973211251	31.055999689440007
1488	24379392	10	4.1	5.028916384272064	12.0	0.0	10	11.1	3.858756276314948	15.0	0.0	-0.009001106881413834	-2.1281658110785937	0.07726401947409985	10.125749974685625	29.576999704230005
1492	24444928	10	4.0	5.329165037789691	14.0	0.0	10	11.0	3.847076812334269	15.0	0.0	-0.009004351604412819	-2.1021752802327978	0.1216517968054179	9.98399997504	34.47499965525001
1496	24510464	10	5.2	5.491812087098393	13.0	0.0	10	5.0	6.164414002968976	14.0	0.0	-0.008162537043122142	-2.1430865648143302	0.13284172030955108	10.172499974568751	35.39799964602001
1500	24576000	10	6.4	5.499090833947008	13.0	0.0	10	7.6	5.3516352641038605	15.0	0.0	-0.008209945627088953	-2.1138059097313397	0.12426944712124208	10.840249972899375	38.92799961072
1504	24641536	10	4.9	5.664803615307418	14.0	0.0	10	8.5	5.6258332716140815	14.0	0.0	-0.008472562104570548	-2.1309859849776327	0.15633269584040574	10.934749972663127	43.14199956858001
1508	24707072	10	3.9	5.752390807307862	13.0	0.0	10	8.7	5.550675634551166	14.0	0.0	-0.00830405490134179	-2.1245362930270293	0.1140853154819829	10.24749997438125	43.70399956296001
1512	24772608	10	4.1	4.867237409455183	12.0	0.0	10	6.7	5.950630218724736	14.0	0.0	-0.008836225067159798	-2.1417784092579466	0.10673237912952482	10.213999974465	42.70899957291001
1516	24838144	10	9.0	4.919349550499537	14.0	0.0	10	12.5	1.6278820596099706	16.0	11.0	-0.008545170942265607	-2.1462345568090186	0.1058106449477672	10.452999973867499	28.761999712380007
1520	24903680	10	7.9	5.769748694700662	15.0	0.0	10	7.5	5.6964901474504455	16.0	0.0	-0.007976160723428442	-2.1645590188831383	0.1194482896507779	10.656749973358124	31.761999682380004
1524	24969216	10	5.0	5.5677643628300215	13.0	0.0	10	8.0	5.215361924162119	14.0	0.0	-0.008346487953874555	-2.078515462360831	0.1504574377553894	10.499749973750626	42.651999573480005
