iter	frame	n_test	mean_returns	std_returns	max_returns	min_returns	n_test_train	mean_returns_train	std_returns_train	max_returns_train	min_returns_train	actor_loss	entropy_loss	value_loss	training_time	evaluation_time
0	0	10	0.9	0.8306623862918076	2.0	0.0	10	1.1	0.5385164807134505	2.0	0.0	0	0	0	0.0	12.238999877610002
4	65536	10	1.8	2.85657137141714	10.0	0.0	10	1.4	0.9165151389911681	3.0	0.0	-0.00018978310009660799	-2.586356378822327	0.07350671240138984	7.9472499801318754	47.26999952730001
8	131072	10	0.7	0.7810249675906655	2.0	0.0	10	1.0	0.8944271909999159	3.0	0.0	-0.003989656884680748	-2.574530700574359	0.031179498373387345	12.119749969700624	42.32099957679001
12	196608	10	1.2	1.077032961426901	3.0	0.0	10	0.9	0.8306623862918076	2.0	0.0	-0.004914592099737201	-2.576363513598689	0.038987810835837654	11.860999970347502	43.81099956189001
16	262144	10	0.8	0.6000000000000001	2.0	0.0	10	1.1	0.7	2.0	0.0	-0.004396975076357561	-2.5868009028124352	0.030012447548775464	12.747249968131875	41.159999588400005
20	327680	10	0.4	0.48989794855663565	1.0	0.0	10	1.7	2.8653097563788807	10.0	0.0	-0.005773589611034127	-2.581472851067099	0.020334128249491563	11.944749970138126	41.45599958544001
24	393216	10	1.1	0.9433981132056604	3.0	0.0	10	1.4	0.8	3.0	0.0	-0.006180894490133826	-2.5654260265141677	0.024834250339902008	12.273499969316251	43.83399956166001
28	458752	10	1.9	0.8306623862918076	3.0	0.0	10	0.7	0.7810249675906655	2.0	0.0	-0.006264680696357715	-2.5816185223353876	0.01995971398026143	11.663749970840625	39.9099996009
32	524288	10	1.2	0.6000000000000001	2.0	0.0	10	1.1	0.9433981132056605	3.0	0.0	-0.006143225073746848	-2.5779120075004163	0.034429180830002286	12.821999967944999	45.192999548070006
36	589824	10	1.4	0.9165151389911681	3.0	0.0	10	0.6	0.9165151389911681	3.0	0.0	-0.005012547851425461	-2.588144197790437	0.04146159773571038	11.799999970500002	41.31599958684001
40	655360	10	1.5	0.806225774829855	2.0	0.0	10	2.0	2.8284271247461903	10.0	0.0	-0.005038023937919493	-2.602769411829193	0.04743617370929043	12.035249969911876	43.80899956191001
44	720896	10	2.1	3.7269290307168443	13.0	0.0	10	2.5	3.6124783736376886	13.0	0.0	-0.0060551803429066105	-2.6055664442249005	0.03781612028827611	11.861749970345626	40.56299959437001
48	786432	10	1.2	0.8717797887081347	3.0	0.0	10	1.2	0.8717797887081347	2.0	0.0	-0.005481656247295334	-2.5902996482733758	0.05787884813984206	12.1829999695425	43.530999564690006
52	851968	10	1.8	2.9257477676655586	10.0	0.0	10	2.7	4.495553358597805	13.0	0.0	-0.004678509087289808	-2.5427438539598124	0.15362998457422178	11.75149997062125	42.51099957489001
56	917504	10	2.7	3.5227829907617076	13.0	0.0	10	1.4	0.9165151389911681	3.0	0.0	-0.003976973563910942	-2.5307549161062943	0.1311126653123665	12.252749969368125	43.591999564080005
60	983040	10	3.5	4.8425200051213	13.0	0.0	10	3.9	4.592385001282013	13.0	1.0	-0.0060191809916225565	-2.516860685980407	0.08236062531665723	11.069999972325	44.185999558140004
64	1048576	10	3.8	4.749736834815167	13.0	0.0	10	3.6	4.737087712930805	13.0	0.0	-0.005258504536017787	-2.494621517497718	0.12980946988300207	11.58649997103375	43.36299956637001
68	1114112	10	2.6	3.4985711369071804	13.0	1.0	10	2.2	3.6551333764994136	13.0	0.0	-0.00489907926334026	-2.46966507756813	0.10304962454532032	11.55049997112375	41.63399958366001
72	1179648	10	1.2	0.9797958971132713	3.0	0.0	10	1.8	0.9797958971132711	3.0	0.0	-0.005332778355346718	-2.407380501178471	0.07269902276282082	11.7589999706025	46.00899953991001
76	1245184	10	4.0	4.560701700396552	13.0	1.0	10	1.4	0.9165151389911681	3.0	0.0	-0.00512255339412753	-2.451822663091528	0.05094828577375492	11.695749970760625	39.878999601210005
80	1310720	10	2.7	3.5227829907617076	13.0	0.0	10	1.4	0.9165151389911679	3.0	0.0	-0.005602662994253156	-2.4499881836206714	0.08891183915009912	12.281999969295	39.31199960688
84	1376256	10	2.9	3.477067730142742	13.0	0.0	10	5.8	5.362835071116769	13.0	1.0	-0.004682952911144017	-2.4234701318004532	0.06273232252304459	12.193999969515001	43.015999569840005
88	1441792	10	4.0	4.604345773288535	13.0	0.0	10	1.4	0.9165151389911679	3.0	0.0	-0.004904662088639807	-2.4573763978901755	0.06472795199859915	11.86399997034	41.328999586710005
92	1507328	10	1.6	1.019803902718557	3.0	0.0	10	3.5	4.780167361086848	13.0	0.0	-0.0042382935930750845	-2.4675353241376676	0.0780117366536904	11.793999970515	42.674999573250005
96	1572864	10	4.1	4.52658811910251	13.0	0.0	10	1.5	1.118033988749895	3.0	0.0	-0.003646046187213029	-2.4435687658625573	0.10435083683967765	11.20049997199875	45.19899954801001
100	1638400	10	3.1	3.3896902513356584	13.0	0.0	10	3.0	3.4351128074635335	13.0	1.0	-0.004063994567514971	-2.4633070898470315	0.13730433123929062	11.970499970073751	39.60999960390001
104	1703936	10	3.9	4.657252408878008	13.0	0.0	10	2.4	3.6110940170535577	13.0	0.0	-0.00426306032463351	-2.4959409060461137	0.09625524931438331	11.717249970706876	46.78099953219001
108	1769472	10	3.2	4.975942121849892	13.0	0.0	10	1.5	1.118033988749895	3.0	0.0	-0.003919204844549122	-2.506050497032425	0.08194536249231041	10.527749973680624	45.13299954867001
112	1835008	10	4.6	4.94368283772331	13.0	0.0	10	2.5	3.5846896657869842	13.0	0.0	-0.004531997643559957	-2.500392697491064	0.10768104952724905	11.843249970391877	41.71199958288001
116	1900544	10	1.7	0.9	3.0	0.0	10	1.3	1.1	3.0	0.0	-0.005072402934655697	-2.4851509056880206	0.08175129542478633	11.370749971573126	41.479999585200005
120	1966080	10	1.8	0.7483314773547883	3.0	0.0	10	2.0	3.714835124201342	13.0	0.0	-0.003951234879618025	-2.5128814500932943	0.09262438905236633	10.8009999729975	45.70899954291001
124	2031616	10	2.4	3.6110940170535577	13.0	0.0	10	1.9	1.044030650891055	3.0	0.0	-0.004331520353089733	-2.507039459781962	0.11336244020671951	11.722749970693124	41.19499958805001
128	2097152	10	2.4	3.6932370625238775	13.0	0.0	10	2.4	3.7202150475476548	13.0	0.0	-0.004011047149901003	-2.481613673011247	0.09306708491446818	11.124999972187501	46.73599953264
132	2162688	10	4.1	4.592385001282014	13.0	0.0	10	2.7	3.5791060336346563	13.0	0.0	-0.003803220999147386	-2.5092262474068883	0.11439291157654675	10.438749973903127	41.40799958592001
136	2228224	10	3.0	3.3466401061363023	13.0	1.0	10	1.7	1.004987562112089	3.0	0.0	-0.004162006569631541	-2.5188100732722716	0.12631202577073644	11.836249970409375	41.796999582030004
140	2293760	10	1.3	1.004987562112089	3.0	0.0	10	2.7	3.5227829907617076	13.0	0.0	-0.004953574955015321	-2.5277035780101524	0.08308785918156937	11.493249971266875	40.37899959621
144	2359296	10	2.9	3.5057096285916205	13.0	0.0	10	1.4	0.66332495807108	2.0	0.0	-0.00439203529534125	-2.5450697488915224	0.09363668802926339	11.9269999701825	39.497999605020006
148	2424832	10	3.8	4.707440918375927	13.0	0.0	10	3.8	4.621688003316537	13.0	1.0	-0.004524630076789541	-2.533077515397854	0.07813417344161076	10.571499973571251	45.33299954667
152	2490368	10	3.9	4.6141087980237305	13.0	0.0	10	2.5	3.640054944640259	13.0	0.0	-0.0053202518108482685	-2.515490295724304	0.07788278163608377	11.091249972271873	41.222999587770005
156	2555904	10	3.1	4.988987873306569	13.0	0.0	10	2.7	3.5791060336346563	13.0	0.0	-0.005312241544189943	-2.5071713648608367	0.062432160284075645	11.454749971363126	42.226999577730005
160	2621440	10	2.2	0.6	3.0	1.0	10	4.1	4.548626166217664	13.0	0.0	-0.005027561479519906	-2.525751565630392	0.08067564460733898	11.609999970975	39.65299960347001
164	2686976	10	1.5	0.6708203932499369	3.0	1.0	10	2.0	0.6324555320336759	3.0	1.0	-0.0037021691819754607	-2.545194670292851	0.08020878650266254	12.628499968428748	42.139999578600005
168	2752512	10	3.8	4.019950248448356	13.0	0.0	10	3.4	3.261901286060018	13.0	1.0	-0.004380302064265967	-2.5605365209097743	0.09491248441414679	10.726249973184375	41.85599958144001
172	2818048	10	1.8	0.8717797887081347	3.0	1.0	10	1.3	1.1	3.0	0.0	-0.004415811254900818	-2.554727767638482	0.08998094459368766	11.896749970258126	40.157999598420005
176	2883584	10	1.6	0.8	3.0	0.0	10	1.6	1.2	3.0	0.0	-0.0044035311143449255	-2.530985260739532	0.06392771516221868	12.11449996971375	44.6899995531
180	2949120	10	3.7	4.712748667179271	13.0	0.0	10	2.9	3.5341194094144583	13.0	0.0	-0.004902025005114312	-2.5068130912752364	0.08042883505439775	9.865749975335623	46.50599953494001
184	3014656	10	2.8	3.4871191548325386	13.0	0.0	10	3.4	3.352610922848042	13.0	0.0	-0.004980438170086543	-2.5249961611978557	0.09024238800854101	10.551749973620623	44.60199955398
188	3080192	10	3.5	4.129164564412516	13.0	0.0	10	1.6	1.2	3.0	0.0	-0.004949340717545486	-2.532258838151369	0.08915079727538736	10.726249973184375	39.89099960109
192	3145728	10	4.2	4.467661580737736	13.0	1.0	10	1.5	0.6708203932499369	2.0	0.0	-0.004577157201137288	-2.5084067754318062	0.047744969444343026	10.39149997402125	38.55399961446001
196	3211264	10	4.1	4.548626166217664	13.0	0.0	10	2.5	2.6551836094703507	10.0	0.0	-0.004619508527688821	-2.519096791481826	0.07615712641255493	12.368249969079375	43.17599956824001
200	3276800	10	3.6	4.758150901348128	13.0	0.0	10	1.6	1.2806248474865698	3.0	0.0	-0.003926627657665697	-2.521252202228335	0.1185957282114792	10.86749997283125	47.01399952986001
204	3342336	10	1.7	1.004987562112089	3.0	0.0	10	4.1	3.806573262134856	13.0	1.0	-0.004725968889147579	-2.495156955955787	0.07641241337773708	10.196749974508124	41.68099958319
208	3407872	10	1.8	1.16619037896906	3.0	0.0	10	2.8	3.54400902933387	13.0	0.0	-0.004658651030816236	-2.4609400428751624	0.08663149668010302	10.857999972855001	42.19399957806001
212	3473408	10	1.6	1.0198039027185568	3.0	0.0	10	3.1	3.3600595232822883	13.0	1.0	-0.005363995518005729	-2.4793474001089946	0.09141112819409541	10.76399997309	43.81699956183001
216	3538944	10	2.6	3.5832945734337835	13.0	0.0	10	4.5	5.024937810560445	13.0	0.0	-0.005375822714435611	-2.4685587706577308	0.08529301625176035	10.70549997323625	42.418999575810005
220	3604480	10	1.4	1.1135528725660042	3.0	0.0	10	3.8	4.66476151587624	13.0	0.0	-0.005066829585078282	-2.4790418691834346	0.06455490523082792	10.72949997317625	44.94999955050001
224	3670016	10	1.4	0.9165151389911681	3.0	0.0	10	4.1	4.52658811910251	13.0	0.0	-0.004052234080702468	-2.4828113786773462	0.08365259142109219	10.8489999728775	41.09299958907001
228	3735552	10	3.9	4.635730794599704	13.0	0.0	10	3.7	4.050925820105819	13.0	0.0	-0.003919298520078076	-2.4744132481421417	0.11909449161341988	11.101499972246252	39.13299960867001
232	3801088	10	1.9	1.2206555615733703	3.0	0.0	10	2.9	3.5057096285916205	13.0	0.0	-0.0042713682495051425	-2.4513494394649635	0.1312666606060087	12.071249969821876	38.41399961586001
236	3866624	10	1.8	0.9797958971132713	3.0	0.0	10	2.5	3.556683848755748	13.0	0.0	-0.005099972454823625	-2.4674895378363777	0.14277444514510929	11.41249997146875	42.845999571540005
240	3932160	10	4.0	4.516635916254486	13.0	1.0	10	6.2	5.582114294781145	13.0	1.0	-0.005205159193856622	-2.4842291819448366	0.17353773751661503	10.268249974329375	44.165999558340005
244	3997696	10	4.7	5.496362433464519	13.0	0.0	10	1.9	1.044030650891055	3.0	0.0	-0.004582533968891904	-2.4787856586178942	0.1468304354389297	10.408249973979375	44.11099955889001
248	4063232	10	1.1	1.2206555615733703	3.0	0.0	10	2.9	3.477067730142742	13.0	0.0	-0.005006356765770708	-2.4603415079335513	0.15367233278181283	10.430749973923126	45.720999542790004
252	4128768	10	4.1	4.504442251822083	13.0	1.0	10	2.8	3.6	13.0	0.0	-0.0053420592127818	-2.4790449537238013	0.10687872230824624	10.439249973901877	41.134999588650004
256	4194304	10	2.7	3.5791060336346563	13.0	0.0	10	1.1	0.9433981132056604	2.0	0.0	-0.005718933786445932	-2.4475493627223925	0.1338274853242235	11.110749972223125	42.60899957391001
260	4259840	10	3.9	4.678675026115834	13.0	0.0	10	4.9	4.805205510693585	13.0	0.0	-0.004369081426829869	-2.4604273733913953	0.11333851685808657	10.620749973448124	41.73999958260001
264	4325376	10	3.6	4.1036569057366385	13.0	0.0	10	2.6	3.583294573433784	13.0	0.0	-0.005585708373498093	-2.4924137192355107	0.12851907971218107	10.3429999741425	41.584999584150005
268	4390912	10	3.0	3.4641016151377544	13.0	1.0	10	4.5	4.318564576337836	13.0	1.0	-0.005815002285696506	-2.443305742982825	0.09207279936537938	10.878999972802502	44.767999552320006
272	4456448	10	2.0	0.8944271909999159	3.0	0.0	10	2.7	2.5317977802344322	10.0	1.0	-0.0054132294602641275	-2.4463639058107933	0.16706983335904174	10.9109999727225	43.36599956634001
276	4521984	10	4.6	4.24735211631906	13.0	1.0	10	3.9	3.935733730830885	13.0	1.0	-0.005754437393995973	-2.4469163514608363	0.15554685041162716	10.918749972703125	40.749999592500004
280	4587520	10	2.7	3.551056180912941	13.0	0.0	10	3.0	2.449489742783178	10.0	1.0	-0.006360764991712269	-2.4397414547643805	0.1091775214961935	11.276749971808124	40.621999593780004
284	4653056	10	3.1	3.4190641994557516	13.0	0.0	10	2.1	0.7	3.0	1.0	-0.005350851516341651	-2.4271735372597893	0.10939343660551236	11.182249972044376	42.439999575600005
288	4718592	10	3.4	3.261901286060018	13.0	1.0	10	4.4	4.340506882842141	13.0	1.0	-0.006656687697526886	-2.4905905969330098	0.14940298072562821	11.099749972250626	44.58699955413001
292	4784128	10	2.4	3.6386810797320503	13.0	0.0	10	4.4	4.34050688284214	13.0	1.0	-0.004775956777047817	-2.5009046293673522	0.13267974732613813	9.776999975557501	39.70299960297001
296	4849664	10	6.9	5.61159513863928	13.0	0.0	10	3.3	3.3778691508109073	13.0	0.0	-0.005176848070496285	-2.5050086152924402	0.13845421003753394	10.11649997470875	46.16199953838001
300	4915200	10	1.4	0.9165151389911679	2.0	0.0	10	3.3	3.3778691508109073	13.0	0.0	-0.0056991980570097345	-2.481359389662554	0.12733326047729515	9.784499975538752	45.340999546590005
304	4980736	10	2.7	3.63455636907725	13.0	0.0	10	5.8	5.912698199637793	13.0	0.0	-0.0058106699295129354	-2.442519925280296	0.14783649439935706	10.076249974809373	47.29199952708001
308	5046272	10	1.5	1.02469507659596	3.0	0.0	10	5.2	5.173006862551025	13.0	0.0	-0.0051866584442353016	-2.47878477448233	0.11014054458372385	9.406249976484375	48.40199951598001
312	5111808	10	3.3	3.348133808556641	13.0	0.0	10	3.6	3.2619012860600183	13.0	0.0	-0.005887878611846626	-2.4682336769910522	0.11358325874879575	9.629499975926251	46.39799953602001
316	5177344	10	2.4	3.6386810797320503	13.0	0.0	10	2.9	3.5341194094144583	13.0	0.0	-0.00587862615247411	-2.422012073046002	0.16339843757300718	10.235999974410001	43.09399956906001
320	5242880	10	6.3	5.478138369920935	13.0	1.0	10	4.9	5.374941860150676	13.0	0.0	-0.006367872911084612	-2.352048044158389	0.19847200894213088	10.976249972559376	40.55499959445001
324	5308416	10	5.4	5.023942674832188	13.0	1.0	10	3.0	2.4899799195977463	10.0	0.0	-0.005010193552843251	-2.3383546121466217	0.20501160603985485	11.2609999718475	38.73299961267001
328	5373952	10	3.8	4.728636167014756	13.0	0.0	10	6.7	5.1778373863998475	13.0	1.0	-0.00621998666061179	-2.308449464299223	0.25467676573574066	10.316499974208751	45.30999954690001
332	5439488	10	4.1	4.504442251822083	13.0	1.0	10	3.8	4.686149805543993	13.0	0.0	-0.00641601575558994	-2.260450576507026	0.23968921335400814	10.046999974882501	43.15699956843
336	5505024	10	7.0	6.04979338490167	13.0	0.0	10	4.1	4.52658811910251	13.0	0.0	-0.006189799458259343	-2.227017804748297	0.21887221681778588	10.733999973165002	40.25899959741
340	5570560	10	6.7	5.797413216254298	13.0	0.0	10	5.2	5.134199061197375	13.0	1.0	-0.005950728486506506	-2.283354523043407	0.24921648201730623	10.812749972968126	25.995999740040002
344	5636096	10	5.3	5.119570294468081	13.0	0.0	10	4.5	5.024937810560445	13.0	0.0	-0.00602563359217117	-2.3042279007617474	0.3359451863254344	11.047499972381251	39.154999608450005
348	5701632	10	4.8	5.436910887627274	13.0	0.0	10	6.1	5.146843692983109	13.0	0.0	-0.006025712092477861	-2.3345043507766814	0.2836675286618424	11.6829999707925	37.62599962374
352	5767168	10	3.4	3.352610922848042	13.0	0.0	10	6.0	5.2345009313209605	13.0	0.0	-0.006065637738452358	-2.332614101226536	0.2247500124463769	11.92149997019625	30.749999692500005
356	5832704	10	9.1	5.39351462406472	13.0	0.0	10	6.5	4.780167361086848	13.0	2.0	-0.005742458153092504	-2.2960047421447896	0.24732340233307704	10.6669999733325	40.23399959766001
360	5898240	10	4.5	5.608029957123981	13.0	0.0	10	5.1	4.657252408878007	13.0	0.0	-0.006337070773898509	-2.297715594131814	0.2553966262422201	10.300749974248124	44.59299955407001
364	5963776	10	5.7	6.000833275471	13.0	0.0	10	7.5	5.518151864528558	13.0	1.0	-0.006257114286154341	-2.317894994971107	0.2586579383081473	9.911249975221876	44.21599955784001
368	6029312	10	3.6	3.1685959035509725	13.0	2.0	10	5.0	5.329165037789691	13.0	0.0	-0.006018417816428484	-2.3436776571017974	0.24998469865449982	10.21349997446625	42.24299957757001
372	6094848	10	4.7	5.496362433464519	13.0	0.0	10	6.0	5.2345009313209605	13.0	0.0	-0.004739355610694344	-2.338222806408822	0.25913460239552233	10.708249973229375	44.62899955371
376	6160384	10	2.6	3.5552777669262356	13.0	0.0	10	7.5	5.5362442142665635	13.0	1.0	-0.006279147716923793	-2.3060937024734303	0.23591131714509217	10.49449997376375	41.203999587960006
380	6225920	10	6.3	5.496362433464518	13.0	1.0	10	6.4	5.425863986500215	13.0	1.0	-0.007027420568673247	-2.264972003561755	0.27499801499698495	10.988249972529376	39.55499960445
384	6291456	10	3.2	3.370459909270544	13.0	1.0	10	6.9	5.028916384272063	13.0	1.0	-0.006108034277804501	-2.2029979350854942	0.2801748936083133	10.68799997328	39.42299960577001
388	6356992	10	7.6	5.425863986500215	13.0	1.0	10	5.3	5.119570294468081	13.0	0.0	-0.005611524829289281	-2.2171842577730727	0.3157438337473987	11.353249971616874	34.79399965206
392	6422528	10	8.1	5.485435260760991	13.0	0.0	10	6.2	5.0556898639058145	13.0	1.0	-0.0054649664895872925	-2.2012897330216346	0.19755592334820304	10.921999972695001	42.911999570880006
396	6488064	10	7.9	5.107837115648853	13.0	2.0	10	3.2	3.4000000000000004	13.0	0.0	-0.004693270886002636	-2.2170147545809833	0.29291988518142215	10.642999973392499	40.52999959470001
400	6553600	10	4.9	4.763402145525822	13.0	1.0	10	6.6	4.758150901348127	13.0	1.0	-0.006475502856051217	-2.2915703800913803	0.25720638965371245	10.432249973919374	41.077999589220006
404	6619136	10	3.3	3.2572994949804657	13.0	2.0	10	6.4	5.40740233383831	13.0	1.0	-0.005803449394081311	-2.2458551896259236	0.27138914894590055	9.80649997548375	43.39199956608001
408	6684672	10	5.9	5.872818744010409	13.0	0.0	10	8.9	5.028916384272064	13.0	2.0	-0.006040225857433626	-2.23635013378213	0.26684281071972793	11.101999972245	37.94499962055001
412	6750208	10	8.3	5.762811813689564	13.0	1.0	10	4.5	4.272001872658765	13.0	2.0	-0.005702011674669484	-2.296326264499836	0.23250140744012637	11.823749970440625	32.37699967623001
416	6815744	10	6.5	5.371219600798314	13.0	0.0	10	4.5	5.044799302251775	13.0	0.0	-0.006797795959350665	-2.2693443072458526	0.24383569894302085	10.82799997293	39.86899960131001
420	6881280	10	5.3	5.060632371551998	13.0	1.0	10	8.4	5.6780278266313555	13.0	0.0	-0.005072959353812907	-2.297777091224055	0.3015699738632918	11.280249971799376	21.571999784280003
424	6946816	10	10.3	4.754997371187496	13.0	0.0	10	7.5	4.984977432245807	13.0	2.0	-0.004300634230737558	-2.1790484088376263	0.28441601321242926	10.675249973311875	39.33499960665001
428	7012352	10	8.5	5.518151864528558	13.0	1.0	10	7.3	5.710516614107694	13.0	1.0	-0.0060427810427802235	-2.133344369407795	0.2939432581270017	10.956249972609376	35.401999645980005
432	7077888	10	8.9	5.028916384272064	13.0	2.0	10	5.8	5.929586832149437	13.0	0.0	-0.005906570491173175	-2.183775524070873	0.24915060468216702	11.93449997016375	40.284999597150005
436	7143424	10	6.5	5.333854141237834	13.0	1.0	10	5.0	4.69041575982343	13.0	1.0	-0.004658196470214975	-2.189952840179569	0.24227849438125415	11.020749972448124	39.219999607800005
440	7208960	10	6.5	5.352569476429054	13.0	1.0	10	5.8	5.362835071116769	13.0	1.0	-0.005849327433070413	-2.2519862748820203	0.2408482135643514	11.706249970734376	35.07599964924
444	7274496	10	7.2	5.287721626560915	13.0	1.0	10	5.1	5.262128846769148	13.0	0.0	-0.005347542308955658	-2.306932332374752	0.22514178415277813	9.830749975423124	40.536999594630004
448	7340032	10	6.1	5.6824290580701495	13.0	0.0	10	5.3	5.119570294468082	13.0	0.0	-0.005896224118251991	-2.2548751555517903	0.17848447025446548	11.361749971595627	39.493999605060004
452	7405568	10	6.6	5.295280917949491	13.0	0.0	10	4.7	4.9	13.0	0.0	-0.006299709364561881	-2.2392318569274736	0.20348383522956387	11.188499972028751	42.183999578160005
456	7471104	10	6.2	5.6	13.0	0.0	10	4.9	4.763402145525822	13.0	1.0	-0.00492094456128118	-2.146113437687321	0.26576275391219334	10.201999974495001	41.99999958000001
460	7536640	10	4.8	5.436910887627275	13.0	0.0	10	9.4	4.923413450036469	13.0	2.0	-0.006866564197371391	-2.2147882628120605	0.2296339686099898	10.828749972928124	41.481999585180006
464	7602176	10	4.2	4.48998886412873	13.0	0.0	10	6.2	5.035871324805669	13.0	1.0	-0.0063404755776662654	-2.1381128452974583	0.2740774013126998	10.454749973863127	37.69299962307
468	7667712	10	7.5	5.554277630799526	13.0	0.0	10	7.4	5.607138307550474	13.0	1.0	-0.005111299415828328	-2.2271411739453346	0.23768319575123698	10.912749972718125	40.82899959171001
472	7733248	10	6.5	5.333854141237834	13.0	1.0	10	7.2	5.287721626560915	13.0	1.0	-0.00607832445224373	-2.249679888053838	0.1983079544527639	10.68549997328625	38.81999961180001
476	7798784	10	6.2	5.635601121442148	13.0	0.0	10	9.6	4.6303347611160905	13.0	2.0	-0.005425307343750282	-2.271696405869519	0.25236356271285587	11.446249971384374	37.95099962049001
480	7864320	10	8.9	5.028916384272064	13.0	2.0	10	9.5	4.780167361086848	13.0	2.0	-0.006099307607020301	-2.2848889601830757	0.23621479465959574	11.22149997194625	24.274999757250004
484	7929856	10	4.9	5.374941860150675	13.0	0.0	10	6.5	4.780167361086848	13.0	2.0	-0.0049027675505432305	-2.180465029946329	0.2910154346694398	10.375999974059999	44.040999559590006
488	7995392	10	9.8	4.915282290977803	13.0	1.0	10	4.9	4.742362280551751	13.0	1.0	-0.005548886403658924	-2.1846126340537535	0.3007344877965407	9.86149997534625	43.14899956851001
492	8060928	10	4.7	4.920365840057018	13.0	0.0	10	6.6	5.2573757712379665	13.0	1.0	-0.005908342055884807	-2.1913287960193775	0.31057070316616125	10.080499974798752	43.23999956760001
496	8126464	10	5.1	5.243090691567332	13.0	0.0	10	7.2	5.844655678480984	13.0	0.0	-0.005830629095118823	-2.2789620084176794	0.2799022531155746	10.440999973897501	43.976999560230006
500	8192000	10	4.3	4.360045871318328	13.0	2.0	10	8.7	5.292447448959697	13.0	1.0	-0.006631406624886787	-2.319047828273803	0.26581146658423305	10.587499973531251	43.164999568350005
504	8257536	10	4.2	4.48998886412873	13.0	0.0	10	7.8	5.211525688318153	13.0	2.0	-0.00594505547813766	-2.295376658200534	0.2651958320944927	10.46049997384875	31.825999681740004
508	8323072	10	10.6	4.8	13.0	1.0	10	8.0	5.079370039680118	13.0	0.0	-0.006396212303965597	-2.288781632741296	0.1762230202837752	10.5049999737375	42.22199957778001
512	8388608	10	6.5	5.389805191284746	13.0	0.0	10	6.4	4.923413450036469	13.0	0.0	-0.005863277808501574	-2.3109511233942497	0.16885417449702256	11.029749972425625	42.98399957016001
516	8454144	10	4.6	5.571355310873647	13.0	0.0	10	8.1	4.90815647672321	13.0	2.0	-0.004930630480977878	-2.249802174433163	0.258133347429765	10.726999973182501	39.558999604410005
520	8519680	10	7.6	5.40740233383831	13.0	2.0	10	6.6	5.2573757712379665	13.0	1.0	-0.006217964351848884	-2.2322662544905443	0.29064969498120063	11.111249972221875	32.91999967080001
524	8585216	10	6.3	5.532630477449221	13.0	0.0	10	8.8	4.643274706497559	13.0	1.0	-0.006503202161113076	-2.1981078433687604	0.28368398342430945	10.943249972641876	37.94899962051
528	8650752	10	6.6	5.257375771237966	13.0	1.0	10	8.3	4.670117771534247	13.0	2.0	-0.007177738481772923	-2.2395627620470173	0.24024265412222218	11.2399999719	39.392999606070006
532	8716288	10	6.1	5.717516943569122	13.0	0.0	10	6.6	5.238320341483519	13.0	2.0	-0.005082932462832564	-2.213868548242111	0.27252225326639806	10.829249972926876	40.075999599240006
536	8781824	10	5.5	4.964876634922564	13.0	1.0	10	6.6	5.257375771237966	13.0	1.0	-0.005868531321534218	-2.2297495899261968	0.29517287804464387	10.856499972858751	36.127999638720006
540	8847360	10	7.6	5.4626001134990645	13.0	0.0	10	9.6	5.238320341483519	13.0	0.0	-0.005958114563313091	-2.241067523524172	0.30497243717861305	11.291999971769998	24.145999758540004
544	8912896	10	6.0	5.2345009313209605	13.0	0.0	10	5.2	5.1536394906900505	13.0	1.0	-0.006989255056880971	-2.217228638398157	0.26861711278243205	10.5369999736575	41.03999958960001
548	8978432	10	8.8	5.1536394906900505	13.0	2.0	10	5.1	5.223983154643591	13.0	0.0	-0.005599211170821983	-2.1913147616090614	0.19133639527664772	10.304249974239374	42.60099957399001
552	9043968	10	6.6	5.351635264103861	13.0	0.0	10	8.3	5.273518749374083	13.0	0.0	-0.005475046769824617	-2.144473309094842	0.20013293823626094	10.612749973468127	39.63599960364001
556	9109504	10	9.8	4.894895300208167	13.0	2.0	10	8.7	5.292447448959697	13.0	1.0	-0.0066058379348548895	-2.2635252622392295	0.2083478686958831	10.2169999744575	20.611999793880003
560	9175040	10	8.1	6.024118192731613	13.0	0.0	10	10.9	4.2059481689626175	13.0	2.0	-0.00577925701934093	-2.1428756835811367	0.26718944805064115	9.86049997534875	43.993999560060004
564	9240576	10	4.9	5.374941860150676	13.0	0.0	10	10.9	4.2059481689626175	13.0	2.0	-0.0051340629525644995	-2.1488145003961328	0.27102071789064147	9.432499976418752	46.90599953094001
568	9306112	10	6.4	5.44426303552648	13.0	0.0	10	9.8	4.894895300208167	13.0	2.0	-0.006031683119219915	-2.1708592894398855	0.30988864706084707	9.383249976541876	39.413999605860006
572	9371648	10	5.3	5.119570294468081	13.0	0.0	10	4.2	3.736308338453881	13.0	2.0	-0.005169039632838858	-2.1397623641050156	0.2674437641508445	10.581999973545	37.05199962948001
576	9437184	10	4.4	4.454211490264018	13.0	0.0	10	9.2	5.230678732248808	13.0	1.0	-0.005391207363011318	-2.2432463092255377	0.21090546558587248	11.1349999721625	38.92499961075001
580	9502720	10	8.5	5.518151864528558	13.0	1.0	10	7.6	5.425863986500215	13.0	1.0	-0.006475375144805207	-2.2860553113225	0.2077104409474581	11.780999970547501	31.553999684460003
584	9568256	10	3.8	4.749736834815167	13.0	0.0	10	8.3	5.780138406647371	13.0	0.0	-0.006163179090400065	-2.2356908766086603	0.2445239703847565	11.622749970943126	22.20499977795
588	9633792	10	3.5	4.8218253804964775	13.0	0.0	10	8.4	5.102940328869229	13.0	2.0	-0.006469458166301625	-2.2009203183345165	0.2617749791940559	11.091249972271873	39.877999601220004
592	9699328	10	6.1	5.664803615307419	13.0	1.0	10	8.4	5.102940328869229	13.0	2.0	-0.006331265403734078	-2.2369673622304567	0.3048789367383034	10.969999972575	27.167999728320005
596	9764864	10	6.9	5.028916384272063	13.0	1.0	10	5.9	5.838664230798	13.0	0.0	-0.0065805364543663454	-2.254435541494295	0.30249834461091035	10.017999974955	42.01999957980001
600	9830400	10	8.6	5.44426303552648	13.0	0.0	10	10.9	4.2059481689626175	13.0	2.0	-0.006418784029481843	-2.2553594482575936	0.2870245823958549	9.9309999751725	41.12799958872001
604	9895936	10	6.3	5.532630477449222	13.0	0.0	10	6.5	5.333854141237834	13.0	1.0	-0.006353891213868586	-2.1864495920844216	0.25450640634776456	10.3049999742375	41.87099958129001
608	9961472	10	6.9	4.988987873306569	13.0	2.0	10	8.7	4.775981574503821	13.0	1.0	-0.005448043707210086	-2.1576234124836886	0.2371447226561691	9.906249975234376	43.00899956991001
612	10027008	10	8.9	5.028916384272063	13.0	2.0	10	8.5	5.5362442142665635	13.0	1.0	-0.0053133300747426355	-2.1912992991707974	0.22836369304712048	9.9329999751675	42.75499957245001
616	10092544	10	7.4	5.607138307550475	13.0	1.0	10	8.4	5.660388679233963	13.0	1.0	-0.005886668731660197	-2.1947526383100584	0.30704773353939624	10.60249997349375	42.02299957977001
620	10158080	10	8.4	5.642694391866353	13.0	1.0	10	8.5	5.518151864528558	13.0	1.0	-0.005735529108287448	-2.263787400983398	0.23323320594980687	10.788999973027503	41.755999582440005
624	10223616	10	6.8	5.075431016179809	13.0	2.0	10	7.8	5.2115256883181535	13.0	2.0	-0.00574391224352027	-2.239755312368417	0.25669784639461163	10.652249973369376	43.50099956499
628	10289152	10	5.8	5.89576118919347	13.0	0.0	10	8.7	5.292447448959697	13.0	1.0	-0.004556176247337895	-2.230344444280993	0.1975091111174868	10.34149997414625	44.35099955649001
632	10354688	10	4.0	4.604345773288535	13.0	0.0	10	8.7	4.148493702538308	13.0	2.0	-0.00699552444396624	-2.285856152336111	0.3136178091773041	9.87949997530125	44.81699955183001
636	10420224	10	8.6	5.40740233383831	13.0	1.0	10	8.6	5.40740233383831	13.0	1.0	-0.0051839161236842055	-2.2788662485888036	0.2497716685496862	10.293249974266876	32.64199967358001
640	10485760	10	8.6	5.425863986500215	13.0	1.0	10	9.4	4.94368283772331	13.0	1.0	-0.006235909104318536	-2.2199003122918075	0.3783387963576399	9.742999975642501	43.56499956435
644	10551296	10	7.3	5.74543296888929	13.0	0.0	10	8.3	5.273518749374083	13.0	0.0	-0.006830566062384918	-2.2341315445956926	0.24290715931557547	9.773499975566251	42.57299957427001
648	10616832	10	9.6	5.238320341483519	13.0	0.0	10	7.0	5.513619500836088	13.0	0.0	-0.005946997134123081	-2.198571522801581	0.31246170491450626	10.3649999740875	42.51799957482001
652	10682368	10	6.3	5.550675634551166	13.0	0.0	10	10.4	3.878143885933063	13.0	3.0	-0.005727043331120574	-2.253743640843707	0.3036522841696041	10.209999974475002	24.139999758600005
656	10747904	10	5.4	5.0039984012787215	13.0	1.0	10	7.3	5.762811813689564	13.0	0.0	-0.005855403522215086	-2.2307030630768274	0.2888866242030839	10.717249973206876	43.58599956414
660	10813440	10	8.4	5.161395160225576	13.0	0.0	10	5.6	4.882622246293481	13.0	1.0	-0.006231908663982034	-2.267267890038351	0.26597071420735213	10.1149999747125	44.52199955478
664	10878976	10	5.2	5.192301994298868	13.0	0.0	10	10.3	4.075536774462967	13.0	2.0	-0.005754069313001587	-2.186833080918286	0.3593449506844778	10.739999973150002	44.951999550480004
668	10944512	10	7.2	5.30659966456864	13.0	1.0	10	6.2	5.582114294781145	13.0	1.0	-0.005967071396889795	-2.176389224600582	0.30622441209767265	10.14049997464875	33.0699996693
672	11010048	10	6.8	5.075431016179809	13.0	2.0	10	12.0	3.0	13.0	3.0	-0.006229118707736443	-2.1652403074234305	0.33003807871579427	9.843749975390626	42.499999575000004
676	11075584	10	10.9	4.2059481689626175	13.0	2.0	10	10.1	4.459820624195551	13.0	1.0	-0.0062701281706557584	-2.1046043830904524	0.24258423089627243	9.761249975596876	44.96299955037001
680	11141120	10	2.8	3.4871191548325386	13.0	0.0	10	9.4	4.94368283772331	13.0	1.0	-0.006256493707602896	-2.0722273995803904	0.3233981917585822	9.947249975131875	41.12999958870001
684	11206656	10	8.7	5.292447448959697	13.0	1.0	10	9.7	5.060632371551998	13.0	1.0	-0.006404611691262408	-2.1019093901212997	0.28722667520357376	10.0569999748575	34.481999655180005
688	11272192	10	7.7	5.367494760127856	13.0	0.0	10	10.5	4.364630568559039	13.0	1.0	-0.0055705593786375684	-2.118937972712331	0.2771467350445082	10.57949997355125	43.189999568100006
692	11337728	10	5.7	5.496362433464518	13.0	0.0	10	8.7	5.292447448959697	13.0	1.0	-0.0059109331723354195	-2.0848450236334286	0.3132467322346108	10.36949997407625	39.83099960169001
696	11403264	10	5.3	5.0803543183522155	13.0	1.0	10	11.0	4.0	13.0	3.0	-0.005186349334877372	-2.136225486572584	0.3003546644154991	11.1969999720075	37.598999624010006
700	11468800	10	7.2	5.81033561853358	13.0	1.0	10	10.9	4.205948168962618	13.0	2.0	-0.005993926217931251	-2.1712552778644634	0.27760549926722144	10.257249974356874	37.471999625280006
704	11534336	10	10.5	4.364630568559039	13.0	1.0	10	8.4	5.122499389946279	13.0	1.0	-0.00576138119201775	-2.028140775648091	0.3361233807750095	11.843499970391251	33.354999666450006
708	11599872	10	6.3	5.514526271584894	13.0	1.0	10	12.7	0.9	13.0	10.0	-0.006189877988882524	-2.1170867704133265	0.319465808071446	10.737999973155	39.20499960795001
712	11665408	10	11.9	3.3	13.0	2.0	10	8.4	5.6780278266313555	13.0	0.0	-0.006008410578316981	-2.099565839797104	0.28194325988658875	10.595249973511875	39.61499960385001
716	11730944	10	10.5	4.364630568559039	13.0	1.0	10	10.7	3.9509492530276824	13.0	3.0	-0.005093760467767969	-2.057866910879033	0.281790432646078	10.627499973431252	28.557999714420003
720	11796480	10	6.1	5.682429058070149	13.0	0.0	10	8.8	5.1536394906900505	13.0	2.0	-0.005296911796352407	-2.0752145298147178	0.3486255487684845	11.6829999707925	37.935999620640004
724	11862016	10	8.6	5.40740233383831	13.0	1.0	10	9.7	5.060632371551998	13.0	1.0	-0.006483321741983778	-2.117884243307435	0.3128993717317185	11.3199999717	38.31899961681001
728	11927552	10	6.3	5.550675634551166	13.0	0.0	10	8.2	5.344155686354955	13.0	1.0	-0.007113169480227932	-2.103858691731487	0.32759925766229503	11.369249971576876	38.429999615700005
732	11993088	10	8.7	5.292447448959697	13.0	1.0	10	11.7	3.9	13.0	0.0	-0.005683214332762649	-2.084189509134945	0.27805792537415375	11.139749972150625	38.32899961671001
736	12058624	10	6.2	5.035871324805668	13.0	1.0	10	8.2	5.362835071116769	13.0	1.0	-0.006120525988655876	-2.1437277096263703	0.31179737187778517	11.53149997117125	38.01899961981
740	12124160	10	8.5	5.518151864528558	13.0	1.0	10	10.7	4.605431575867782	13.0	1.0	-0.006761392175175328	-2.172313193253891	0.1953871717938653	11.555999971110001	36.97399963026
744	12189696	10	6.9	4.988987873306568	13.0	2.0	10	10.1	3.78021163428716	13.0	3.0	-0.005213649649464242	-2.139717943743501	0.29288436484887087	11.814749970463126	34.798999652010004
748	12255232	10	8.8	5.173006862551025	13.0	1.0	10	9.1	5.39351462406472	13.0	0.0	-0.005573726898875636	-2.188375174771281	0.24378252508062873	10.215249974461877	41.04199958958001
752	12320768	10	9.5	5.352569476429054	13.0	1.0	10	7.3	5.710516614107694	13.0	1.0	-0.004934099786109878	-2.1399781229849726	0.2532343300726974	11.049249972376876	39.79899960201001
756	12386304	10	6.4	5.40740233383831	13.0	1.0	10	9.4	4.94368283772331	13.0	1.0	-0.006068459415447824	-2.183587737154001	0.2542324388755776	11.794249970514375	36.49999963500001
760	12451840	10	6.3	5.532630477449221	13.0	0.0	10	11.7	3.0347981810987035	13.0	3.0	-0.006660269839422213	-2.146403454020553	0.23649068826208725	11.671249970821876	25.076999749230005
764	12517376	10	11.0	4.0	13.0	3.0	10	9.9	4.742362280551751	13.0	2.0	-0.005312653113582984	-2.1305678695704477	0.3111788428374832	11.346249971634375	35.30799964692
768	12582912	10	10.9	4.205948168962618	13.0	2.0	10	9.3	4.495553358597805	13.0	2.0	-0.005655375485747701	-2.142812984461893	0.21556295785980578	12.101249969746876	26.082999739170003
772	12648448	10	10.5	4.341658669218482	13.0	2.0	10	8.7	5.273518749374084	13.0	2.0	-0.0056356865237417245	-2.11663089173839	0.2882085186129104	11.256249971859376	36.700999632990005
776	12713984	10	6.4	5.425863986500215	13.0	1.0	10	11.2	3.6	13.0	1.0	-0.006020648855438085	-2.1713664430104846	0.3254615941987662	11.359249971601876	38.97899961021
780	12779520	10	7.4	5.642694391866354	13.0	0.0	10	7.5	5.554277630799526	13.0	0.0	-0.006115318573665351	-2.1948126279014915	0.25124386183163044	10.948999972627501	36.50499963495001
784	12845056	10	5.3	5.119570294468081	13.0	0.0	10	10.8	4.422668877499197	13.0	1.0	-0.006446615088796824	-2.1592772203421426	0.31357543229273876	11.255749971860624	39.84799960152001
788	12910592	10	6.3	5.550675634551166	13.0	0.0	10	9.3	5.080354318352215	13.0	1.0	-0.006633620366519821	-2.1534783241889786	0.26326923775848665	10.956999972607502	38.901999610980006
792	12976128	10	9.4	5.553377350765928	13.0	0.0	10	12.4	1.2	13.0	10.0	-0.006905028064656244	-2.211847518650761	0.2723223088646381	10.547749973630626	15.669999843300003
796	13041664	10	8.7	5.292447448959697	13.0	1.0	10	12.0	3.0	13.0	3.0	-0.005521347643814466	-2.195070902277857	0.264954748535869	10.356249974109376	40.672999593270006
800	13107200	10	9.7	5.1000000000000005	13.0	0.0	10	10.9	4.2059481689626175	13.0	2.0	-0.006005882522591004	-2.1314575967952614	0.31264849500578284	10.404499973988749	39.46099960539001
804	13172736	10	10.0	4.58257569495584	13.0	3.0	10	11.7	3.9	13.0	0.0	-0.005742265653081925	-2.154233152443282	0.2597829232032197	10.542499973643748	20.497999795020004
808	13238272	10	9.7	5.060632371551998	13.0	1.0	10	8.4	5.122499389946279	13.0	1.0	-0.0057405555896146805	-2.1872556008603667	0.2122466092087272	12.527749968680626	35.88599964114001
812	13303808	10	10.9	4.2059481689626175	13.0	2.0	10	13.0	0.0	13.0	13.0	-0.005730428936061507	-2.167098916841311	0.2788519683624409	11.929249970176874	25.026999749730006
816	13369344	10	4.3	3.74299345444258	13.0	1.0	10	10.7	3.9509492530276824	13.0	3.0	-0.006088311293420723	-2.173042304587503	0.2883088368001268	12.481249968796874	35.24499964755
820	13434880	10	6.2	5.6000000000000005	13.0	0.0	10	9.3	5.1000000000000005	13.0	1.0	-0.005857287539276952	-2.179177053045726	0.22389308857572385	12.342249969144374	36.53499963465
824	13500416	10	7.4	5.642694391866353	13.0	0.0	10	9.3	4.495553358597805	13.0	2.0	-0.005642987629489981	-2.181479148339485	0.23619066106489162	11.539499971151251	37.579999624200006
828	13565952	10	9.3	5.675385449465084	13.0	0.0	10	10.7	4.605431575867782	13.0	1.0	-0.006843345542210543	-2.150039690012288	0.2162549122942726	11.61749997095625	22.107999778920004
832	13631488	10	7.3	5.74543296888929	13.0	0.0	10	6.7	5.1778373863998475	13.0	1.0	-0.005549140138128778	-2.2286340716146533	0.18584839679537948	12.617749968455625	32.201999677980005
836	13697024	10	4.5	4.341658669218482	13.0	0.0	10	9.1	5.430469592954186	13.0	0.0	-0.006180500846275025	-2.1821211102318645	0.1891742947624759	12.490499968773749	36.082999639170005
840	13762560	10	8.7	5.292447448959697	13.0	1.0	10	10.8	4.422668877499197	13.0	1.0	-0.00552176878109177	-2.202653422722255	0.2839692197444276	12.4809999687975	17.455999825440003
844	13828096	10	10.8	4.422668877499197	13.0	1.0	10	10.4	4.586937976471886	13.0	0.0	-0.0059927986009342595	-2.187868719071731	0.24967643258975894	12.441749968895627	29.558999704410006
848	13893632	10	4.7	4.172529209005013	13.0	2.0	10	9.5	4.780167361086848	13.0	2.0	-0.00510145048072662	-2.1893472371204994	0.2752349893275792	12.300999969247501	32.627999673720005
852	13959168	10	7.2	5.844655678480984	13.0	0.0	10	12.0	3.0	13.0	3.0	-0.0048288365743370445	-2.0691770747632097	0.25938699678920335	12.834749967913124	34.62299965377
856	14024704	10	7.5	5.554277630799526	13.0	0.0	10	10.6	4.8	13.0	1.0	-0.006442664331124226	-2.111281312782184	0.21445020751656418	11.004249972489374	38.41499961585001
860	14090240	10	10.9	4.2059481689626175	13.0	2.0	10	10.8	4.4	13.0	2.0	-0.005076706130013813	-2.0982622700730773	0.24475077304302256	12.184749969538126	36.107999638920006
864	14155776	10	7.4	5.624944444170094	13.0	1.0	10	9.5	5.352569476429054	13.0	1.0	-0.005677688875963564	-2.1449402121455337	0.2158240438214135	11.345499971636249	38.92599961074001
868	14221312	10	5.6	4.882622246293481	13.0	1.0	10	9.1	4.805205510693586	13.0	1.0	-0.005967478308457306	-2.0637164684967235	0.266499173799709	11.331249971671873	36.81799963182
872	14286848	10	7.6	5.44426303552648	13.0	1.0	10	12.0	3.0	13.0	3.0	-0.004883719783514597	-2.079833781750911	0.2494037657095473	11.721999970695	35.15299964847001
876	14352384	10	9.8	4.915282290977803	13.0	1.0	10	9.5	5.352569476429054	13.0	1.0	-0.004693544634206564	-2.090617682567023	0.3503488249090942	11.534249971164375	33.52999966470001
880	14417920	10	8.3	5.780138406647371	13.0	0.0	10	9.4	4.94368283772331	13.0	1.0	-0.003853703877720023	-2.198591927458307	0.2921258626822316	11.9509999701225	34.85699965143
884	14483456	10	9.3	5.675385449465085	13.0	0.0	10	12.4	1.2	13.0	10.0	-0.003966584995286239	-2.1618808977537456	0.30168872106161276	12.129249969676875	18.167999818320002
888	14548992	10	8.6	5.40740233383831	13.0	1.0	10	8.3	5.25452186216786	13.0	1.0	-0.004917306565497233	-2.1396831942356007	0.2980605206762712	10.72949997317625	39.29299960707001
892	14614528	10	5.2	5.173006862551025	13.0	0.0	10	10.4	4.586937976471886	13.0	0.0	-0.006353893042559265	-2.095665293216957	0.23425978644794332	11.0829999722925	25.104999748950004
896	14680064	10	5.0	5.291502622129181	13.0	0.0	10	10.8	4.422668877499197	13.0	1.0	-0.0048885663655771775	-2.153706639780767	0.2580044629404408	11.606749970983127	36.72699963273
900	14745600	10	7.4	5.660388679233963	13.0	0.0	10	7.4	5.642694391866354	13.0	1.0	-0.00550383069824993	-2.1984420590296154	0.2383387717170103	11.027249972431875	38.851999611480004
904	14811136	10	6.4	5.462600113499065	13.0	0.0	10	10.3	4.733920151417849	13.0	1.0	-0.0065842070306758255	-2.2142613676864085	0.24982707355052602	10.149999974625	44.490999555090006
908	14876672	10	6.6	5.238320341483518	13.0	2.0	10	10.6	4.8	13.0	1.0	-0.006332811657504275	-2.250651975238325	0.2911318445585396	9.56399997609	44.90699955093
912	14942208	10	6.0	5.196152422706632	13.0	1.0	10	12.0	3.0	13.0	3.0	-0.00580115552232708	-2.2053963812875224	0.2686066682325895	9.864999975337502	26.535999734640004
916	15007744	10	6.8	5.075431016179809	13.0	2.0	10	11.6	3.32264954516723	13.0	2.0	-0.005549439393414779	-2.2242028934426856	0.2909214337984668	10.55599997361	39.498999605010006
920	15073280	10	11.9	3.3	13.0	2.0	10	9.6	4.6303347611160905	13.0	2.0	-0.00667116527308214	-2.2382523638658745	0.17733352365608535	10.842749972893126	36.641999633580006
924	15138816	10	10.9	4.2059481689626175	13.0	2.0	10	10.5	4.364630568559039	13.0	1.0	-0.0061336397623540494	-2.088961357654091	0.20973865289850263	11.51649997120875	22.959999770400003
928	15204352	10	7.7	5.367494760127856	13.0	0.0	10	11.9	3.3	13.0	2.0	-0.006117454763291503	-2.1681990521874503	0.2158373963483848	12.563999968589998	17.336999826630002
932	15269888	10	9.9	4.742362280551751	13.0	2.0	10	11.9	3.3	13.0	2.0	-0.0066337909198169185	-2.162694995376691	0.23821745779367395	12.094499969763751	25.064999749350005
936	15335424	10	7.6	5.4258639865002145	13.0	1.0	10	10.6	4.1521078984053394	13.0	2.0	-0.0053260962419911465	-2.230206730232781	0.2568533656230241	10.679749973300625	40.63599959364001
940	15400960	10	8.5	5.5362442142665635	13.0	1.0	10	11.8	3.6	13.0	1.0	-0.00615282079946031	-2.188632353912299	0.21593536240282904	11.089249972276875	32.033999679660006
944	15466496	10	11.0	4.0	13.0	3.0	10	9.9	4.742362280551751	13.0	2.0	-0.005603446117697686	-2.2038104978888367	0.2407047361816071	10.1449999746375	43.13299956867001
948	15532032	10	9.7	5.060632371551998	13.0	1.0	10	12.0	3.0	13.0	3.0	-0.005414514161548015	-2.155198755139123	0.29648012478541513	10.457249973856877	24.492999755070002
952	15597568	10	6.2	5.6000000000000005	13.0	0.0	10	12.0	3.0	13.0	3.0	-0.006569704115385522	-2.1654189648955455	0.2544326397014864	10.404499973988749	38.71199961288001
956	15663104	10	5.4	5.0039984012787215	13.0	1.0	10	8.2	5.4	13.0	0.0	-0.0063709408671186974	-2.228761563466288	0.21736580410570655	10.647749973380625	40.557999594420004
960	15728640	10	6.5	5.333854141237834	13.0	1.0	10	9.7	5.040833264451424	13.0	2.0	-0.005914686261642215	-2.1662204263338003	0.25174582840115084	10.54149997364625	39.69699960303001
964	15794176	10	7.4	5.660388679233963	13.0	0.0	10	10.7	4.648655719667783	13.0	0.0	-0.0060063499616372406	-2.24602686590402	0.26509001211916733	10.144749974638126	39.432999605670005
968	15859712	10	8.4	5.71314274283428	13.0	0.0	10	13.0	0.0	13.0	13.0	-0.0060646893828610665	-2.1556724630534263	0.22743375472838862	10.1529999746175	37.63899962361001
972	15925248	10	8.4	5.102940328869229	13.0	2.0	10	11.9	3.3	13.0	2.0	-0.007108469141275402	-2.1899937364164614	0.18059451658881037	10.090749974773125	40.925999590740005
976	15990784	10	8.6	5.388877434122992	13.0	2.0	10	11.4	3.039736830714133	13.0	3.0	-0.005321509041754186	-2.197209333151187	0.2041898713389676	10.901499972746251	24.005999759940003
980	16056320	10	7.6	5.425863986500215	13.0	1.0	10	13.0	0.0	13.0	13.0	-0.005905894034479918	-2.1200993828750563	0.26670957152126573	10.253749974365626	32.14899967851001
984	16121856	10	9.6	5.238320341483519	13.0	0.0	10	10.6	4.8	13.0	1.0	-0.0047396034637651255	-2.1840193567385167	0.25850736347128306	11.12849997217875	39.79999960200001
988	16187392	10	8.8	5.15363949069005	13.0	2.0	10	7.6	5.4258639865002145	13.0	1.0	-0.005482191554048868	-2.211116981772728	0.2825857681548781	10.728249973179375	37.280999627190006
992	16252928	10	6.2	5.035871324805669	13.0	1.0	10	10.2	4.28485705712571	13.0	1.0	-0.005596940714312011	-2.2735555442786217	0.23018558165765135	11.2709999718225	38.91699961083001
996	16318464	10	8.8	5.1536394906900505	13.0	2.0	10	10.7	4.605431575867782	13.0	1.0	-0.006872853850423933	-2.3211686335569697	0.21936286556732965	11.46149997134625	36.00699963993
1000	16384000	10	9.8	4.894895300208167	13.0	2.0	10	8.6	4.862098312457287	13.0	2.0	-0.0066625462076477454	-2.307780479151022	0.22732097389292086	11.275249971811874	38.46699961533
1004	16449536	10	8.7	5.273518749374084	13.0	2.0	10	11.9	3.3	13.0	2.0	-0.005286891386332305	-2.315941646453893	0.2584595304334149	11.084749972288124	23.299999767000003
1008	16515072	10	7.1	5.430469592954186	13.0	0.0	10	10.2	4.261455150532504	13.0	2.0	-0.0074616324774482564	-2.300209519524182	0.24949318043772253	10.6089999734775	40.067999599320004
1012	16580608	10	8.6	5.44426303552648	13.0	0.0	10	11.7	3.0347981810987035	13.0	3.0	-0.006606940552874182	-2.2540894744432385	0.214187242844493	11.0509999723725	38.67399961326001
1016	16646144	10	8.5	5.5362442142665635	13.0	1.0	10	9.4	4.94368283772331	13.0	1.0	-0.00632160731942589	-2.2724853205300493	0.1892972471926617	11.217499971956249	36.613999633860004
1020	16711680	10	5.7	4.796873982084582	13.0	2.0	10	10.6	4.152107898405339	13.0	2.0	-0.007002509778004712	-2.240893353785103	0.2303653050284529	12.082749969793126	17.29799982702
1024	16777216	10	6.7	5.158488150611572	13.0	2.0	10	10.7	3.9509492530276824	13.0	3.0	-0.006660297677236042	-2.2027907692084914	0.23919830693855207	11.768249970579376	35.339999646600006
1028	16842752	10	9.9	4.742362280551751	13.0	2.0	10	12.7	0.9	13.0	10.0	-0.005676885069396859	-2.247531935338506	0.2239210814935666	11.743999970640001	20.249999797500003
1032	16908288	10	9.5	5.371219600798314	13.0	0.0	10	11.6	3.32264954516723	13.0	2.0	-0.006344809516370617	-2.2389107741566825	0.2638203271700307	10.749499973126252	23.333999766660003
1036	16973824	10	10.9	4.2059481689626175	13.0	2.0	10	9.9	4.742362280551751	13.0	2.0	-0.00704490435527362	-2.238850089177727	0.20480127475264173	10.272749974318126	34.63999965360001
1040	17039360	10	10.8	4.4	13.0	2.0	10	11.0	4.0	13.0	3.0	-0.005448117759481356	-2.27554155614117	0.27300467913610077	10.17549997456125	44.10999955890001
1044	17104896	10	4.3	4.382921400162225	13.0	1.0	10	11.8	3.6	13.0	1.0	-0.006404907180027685	-2.2843186455572364	0.22950944651321487	10.15649997460875	20.826999791730007
1048	17170432	10	7.9	5.107837115648853	13.0	2.0	10	9.7	4.473253849269009	13.0	3.0	-0.006902626408078587	-2.2750314918770846	0.19512341138426445	11.60549997098625	34.77899965221001
1052	17235968	10	9.8	4.894895300208167	13.0	2.0	10	10.7	3.950949253027682	13.0	3.0	-0.005277752674430478	-2.2589333278567927	0.23809980094125707	12.121999969695	33.21099966789
1056	17301504	10	11.9	3.3	13.0	2.0	10	11.0	4.0	13.0	3.0	-0.00623578732661596	-2.172317939273731	0.19151440268560574	12.574499968563751	21.119999788800005
1060	17367040	10	7.7	5.330103188494571	13.0	1.0	10	10.7	4.605431575867782	13.0	1.0	-0.006649196954857371	-2.171981962792328	0.2443125845299482	11.24149997189625	38.10299961897001
1064	17432576	10	8.7	5.273518749374084	13.0	2.0	10	12.0	3.0	13.0	3.0	-0.006007803103765198	-2.1345316020411036	0.250429062457125	11.959999970100002	24.498999755010004
1068	17498112	10	9.4	4.94368283772331	13.0	1.0	10	12.0	3.0	13.0	3.0	-0.004966118513127989	-2.175460094980286	0.2389588175713453	9.902749975243124	35.02399964976001
1072	17563648	10	8.6	5.425863986500215	13.0	1.0	10	10.9	4.2059481689626175	13.0	2.0	-0.0050649367204519576	-2.221740322576993	0.26132127290663465	9.369749976575624	46.363999536360005
1076	17629184	10	8.9	5.028916384272064	13.0	2.0	10	11.5	3.6124783736376886	13.0	1.0	-0.0059693216771693055	-2.2675956137599798	0.18298307850913487	9.444749976388126	45.34799954652001
1080	17694720	10	8.6	5.44426303552648	13.0	0.0	10	10.0	4.58257569495584	13.0	3.0	-0.005936351769063029	-2.269946927589157	0.1220192172204632	9.9889999750275	44.30799955692001
1084	17760256	10	7.7	5.330103188494571	13.0	1.0	10	13.0	0.0	13.0	13.0	-0.00586220504373637	-2.1911853251558915	0.2278144765252738	9.797749975505626	28.707999712920003
1088	17825792	10	8.7	5.273518749374083	13.0	2.0	10	10.7	3.950949253027682	13.0	3.0	-0.004712113266087099	-2.2047099965501022	0.1779177146002342	10.257249974356876	25.700999742990003
1092	17891328	10	8.5	5.554277630799526	13.0	0.0	10	12.4	1.2	13.0	10.0	-0.005381407165911684	-2.1151324930570645	0.1659592446543007	11.283249971791873	22.873999771260003
1096	17956864	10	9.6	5.2	13.0	1.0	10	12.0	3.0	13.0	3.0	-0.006818123284773813	-2.1519421460969768	0.15681652358341375	12.096999969757501	37.82299962177001
1100	18022400	10	10.9	4.205948168962618	13.0	2.0	10	10.8	4.4	13.0	2.0	-0.006131740762882797	-2.2089520491842176	0.17530100883952612	11.397749971505625	20.040999799590004
1104	18087936	10	6.2	5.075431016179809	13.0	0.0	10	10.9	4.2059481689626175	13.0	2.0	-0.004286991604060252	-2.232439319060158	0.19853968830884158	11.43749997140625	25.995999740040002
1108	18153472	10	8.8	5.1536394906900505	13.0	2.0	10	10.9	4.2059481689626175	13.0	2.0	-0.006116414834923009	-2.174401146443682	0.26972302745080734	11.30149997174625	27.958999720410006
1112	18219008	10	7.6	5.425863986500215	13.0	1.0	10	12.0	3.0	13.0	3.0	-0.006388889942719832	-2.1978591678237294	0.17428786398890075	10.518499973703749	31.780999682190004
1116	18284544	10	6.4	5.40740233383831	13.0	1.0	10	10.0	4.58257569495584	13.0	3.0	-0.005495328923677582	-2.167227953446656	0.24681365751263468	9.860249975349376	42.014999579850006
1120	18350080	10	9.9	4.742362280551751	13.0	2.0	10	12.7	0.9	13.0	10.0	-0.006065546259049944	-2.1792227300718343	0.2532450344615383	10.289749974275624	31.763999682360005
1124	18415616	10	8.7	5.292447448959697	13.0	1.0	10	12.0	3.0	13.0	3.0	-0.004749107188632545	-2.130806927657692	0.25977721792112823	10.60849997347875	23.023999769760003
1128	18481152	10	10.8	4.4	13.0	2.0	10	13.0	0.0	13.0	13.0	-0.004332407949584314	-2.097066096743054	0.25320782727097396	11.51749997120625	19.060999809390005
1132	18546688	10	10.8	4.4	13.0	2.0	10	13.0	0.0	13.0	13.0	-0.00470715948370302	-2.0248026783642015	0.3673796176838154	11.382499971543751	25.443999745560003
1136	18612224	10	9.4	4.94368283772331	13.0	1.0	10	13.0	0.0	13.0	13.0	-0.004431230900832646	-2.1594221415853183	0.2714630023603986	9.909249975226876	9.297999907020001
1140	18677760	10	7.9	5.7	13.0	1.0	10	11.4	3.0397368307141326	13.0	3.0	-0.005807971869824661	-2.1688834376857438	0.2643729725887661	10.931249972671875	25.938999740610004
1144	18743296	10	6.6	5.2573757712379665	13.0	1.0	10	8.3	5.78013840664737	13.0	0.0	-0.005735941696314556	-2.1754839567064086	0.314794106531383	11.751749970620626	34.352999656470004
1148	18808832	10	12.0	3.0	13.0	3.0	10	12.0	3.0	13.0	3.0	-0.003970056728162762	-2.1808441875093396	0.18615483591567003	11.7829999705425	35.68699964313
1152	18874368	10	5.1	5.204805471869242	13.0	1.0	10	11.9	3.3	13.0	2.0	-0.005994542855338989	-2.0734845795060983	0.17070250366588485	11.986249970034375	15.971999840280002
1156	18939904	10	7.9	5.107837115648853	13.0	2.0	10	9.7	4.473253849269008	13.0	3.0	-0.005066882831748757	-2.0817657905635345	0.25827430139399365	11.81349997046625	24.934999750650004
1160	19005440	10	7.3	5.728001396647874	13.0	0.0	10	12.0	3.0	13.0	3.0	-0.004855357236111167	-2.122579996563426	0.277196709503416	10.523749973690625	41.57099958429001
1164	19070976	10	7.4	5.624944444170094	13.0	1.0	10	12.0	3.0	13.0	3.0	-0.005847009363906479	-2.14000541942875	0.2251314881488862	11.22399997194	38.11799961882001
1168	19136512	10	8.4	5.660388679233963	13.0	0.0	10	10.9	4.2059481689626175	13.0	2.0	-0.004454576717904704	-2.07907611110011	0.24607171069130052	10.563249973591873	41.904999580950005
1172	19202048	10	10.7	3.950949253027682	13.0	3.0	10	11.8	3.6	13.0	1.0	-0.004836545645454006	-2.122077524440968	0.25903981975685825	10.107749974730625	34.395999656040004
1176	19267584	10	8.9	5.028916384272064	13.0	2.0	10	13.0	0.0	13.0	13.0	-0.005257089498079851	-2.147945917919051	0.2514862532775896	8.96799997758	26.389999736100005
1180	19333120	10	12.0	3.0	13.0	3.0	10	13.0	0.0	13.0	13.0	-0.006095985612138803	-2.1008802948193814	0.1852054696647622	11.45649997135875	18.035999819640004
1184	19398656	10	9.8	4.915282290977803	13.0	1.0	10	11.9	3.3	13.0	2.0	-0.00547556540735926	-2.109632557659138	0.19935965528187216	13.081499967296251	33.051999669480004
1188	19464192	10	9.6	5.219195340279955	13.0	1.0	10	13.0	0.0	13.0	13.0	-0.005294901753641378	-2.1214036243931003	0.22865778213158097	12.695249968261876	22.345999776540005
1192	19529728	10	10.4	4.586937976471886	13.0	0.0	10	10.8	4.422668877499197	13.0	1.0	-0.004939008178645044	-2.075640916608128	0.17641320535627675	10.167749974580625	45.47799954522001
1196	19595264	10	8.7	5.273518749374084	13.0	2.0	10	8.8	5.1536394906900505	13.0	2.0	-0.0058221981422925655	-2.106989387203322	0.19164230975188795	9.723249975691875	45.127999548720005
1200	19660800	10	8.7	5.273518749374084	13.0	2.0	10	12.0	3.0	13.0	3.0	-0.005349124499893167	-2.118767882166138	0.24398882024863452	10.237749974405626	43.25999956740001
1204	19726336	10	9.6	5.238320341483518	13.0	0.0	10	9.2	4.66476151587624	13.0	1.0	-0.005711766893011812	-2.0966943897606387	0.2506467997766711	11.05449997236375	37.84399962156001
1208	19791872	10	9.8	4.894895300208167	13.0	2.0	10	13.0	0.0	13.0	13.0	-0.005247190112700712	-2.146211241458807	0.20569217125294764	11.28649997178375	20.392999796070004
1212	19857408	10	9.6	5.2	13.0	1.0	10	11.9	3.3	13.0	2.0	-0.004932210455173633	-2.15051513391187	0.2583142236226934	11.322749971693126	20.404999795950005
1216	19922944	10	8.8	5.1536394906900505	13.0	2.0	10	10.9	4.2059481689626175	13.0	2.0	-0.0054165424766139305	-2.14178465781154	0.2445102586777123	11.4769999713075	36.250999637490004
1220	19988480	10	8.7	5.330103188494572	13.0	0.0	10	11.0	4.0	13.0	3.0	-0.00564845621497904	-2.24666130022647	0.21678030294591577	11.029249972426873	21.7399997826
1224	20054016	10	8.7	5.273518749374084	13.0	2.0	10	12.0	3.0	13.0	3.0	-0.006422764604028741	-2.216608414816431	0.18301274516886443	10.521249973696875	41.61599958384001
1228	20119552	10	8.8	5.173006862551025	13.0	1.0	10	12.7	0.9	13.0	10.0	-0.006050094522507062	-2.0688193090588536	0.20025010296230736	10.032749974918126	22.045999779540004
1232	20185088	10	8.7	5.292447448959697	13.0	1.0	10	11.9	3.3	13.0	2.0	-0.006281110748460022	-2.1124986681128424	0.17836664545354436	12.086749969783124	17.012999829870004
1236	20250624	10	9.9	4.742362280551751	13.0	2.0	10	8.6	5.425863986500215	13.0	1.0	-0.005118615607062037	-2.0949307069483702	0.19218840999079007	11.9689999700775	35.571999644280005
1240	20316160	10	9.8	4.894895300208167	13.0	2.0	10	13.0	0.0	13.0	13.0	-0.0049401999368463775	-2.087205000004312	0.2059313675639843	11.756749970608125	26.798999732010003
1244	20381696	10	10.4	5.2	13.0	0.0	10	9.5	4.801041553663121	13.0	1.0	-0.004776207700572712	-2.1841108001976997	0.2659925995117512	9.358249976604375	28.814999711850007
1248	20447232	10	4.4	4.34050688284214	13.0	1.0	10	9.6	5.238320341483519	13.0	0.0	-0.006025164467528086	-2.1683718609537976	0.2355925798325949	10.690749973273125	40.41799959582001
1252	20512768	10	13.0	0.0	13.0	13.0	10	11.6	3.32264954516723	13.0	2.0	-0.004539923994173809	-2.1564566912987617	0.32478093624146703	10.84049997289875	26.784999732150006
1256	20578304	10	9.7	5.060632371551998	13.0	1.0	10	11.7	3.0347981810987035	13.0	3.0	-0.00507666263676452	-2.2161200814124173	0.26394953001645494	11.87599997031	26.329999736700003
1260	20643840	10	8.4	5.642694391866353	13.0	1.0	10	12.0	3.0	13.0	3.0	-0.0054817615861843414	-2.1331828259193095	0.22268027421871847	11.138749972153127	37.84499962155
1264	20709376	10	11.0	4.0	13.0	3.0	10	13.0	0.0	13.0	13.0	-0.005412016538727416	-2.139963269010791	0.2879980771191927	11.746749970633125	24.081999759180004
1268	20774912	10	9.9	4.742362280551751	13.0	2.0	10	10.8	4.422668877499196	13.0	1.0	-0.003176694813163975	-2.1339834851783865	0.20204953544531123	11.003249972491874	30.203999697960004
1272	20840448	10	9.6	5.2	13.0	1.0	10	10.7	3.950949253027682	13.0	3.0	-0.00466975731930248	-2.045627439802389	0.2799167680883393	11.629249970926875	41.42599958574001
1276	20905984	10	10.7	4.605431575867782	13.0	1.0	10	11.5	3.6124783736376886	13.0	1.0	-0.004132516327620905	-2.0461407425855063	0.2645015514490654	11.8049999704875	16.717999832820002
1280	20971520	10	10.7	3.9509492530276824	13.0	3.0	10	12.0	3.0	13.0	3.0	-0.004419011689145809	-2.077596048297632	0.3108335413335827	11.748249970629377	36.51899963481
1284	21037056	10	9.9	4.742362280551751	13.0	2.0	10	10.6	4.152107898405339	13.0	2.0	-0.004465099113217791	-2.119068215069969	0.23759588006892426	11.5249999711875	38.262999617370006
1288	21102592	10	8.5	5.5362442142665635	13.0	1.0	10	12.0	3.0	13.0	3.0	-0.005542835840998879	-2.072651515188482	0.17794774393249632	10.834999972912499	45.23799954762001
1292	21168128	10	5.4	5.063595560468865	13.0	0.0	10	12.0	3.0	13.0	3.0	-0.0050902502887314165	-2.1243497528406436	0.2642514569564821	10.197999974505	30.280999697190005
1296	21233664	10	8.7	5.292447448959697	13.0	1.0	10	11.6	3.32264954516723	13.0	2.0	-0.004073068924784366	-2.0922119565612234	0.24844106113433742	8.690999978272501	48.93899951061001
1300	21299200	10	11.7	3.9	13.0	0.0	10	10.8	4.422668877499197	13.0	1.0	-0.004461945456104297	-2.1684299481636518	0.23439900015833126	9.752499975618752	42.92099957079001
1304	21364736	10	8.9	5.028916384272064	13.0	2.0	10	10.0	4.58257569495584	13.0	3.0	-0.005482051581601621	-2.128079466300065	0.2749062206620216	10.3309999741725	38.301999616980005
1308	21430272	10	9.6	5.219195340279955	13.0	1.0	10	12.7	0.9	13.0	10.0	-0.005094831554212284	-2.1647418362627526	0.3306626072585111	10.921749972695624	19.11599980884
1312	21495808	10	11.9	3.3	13.0	2.0	10	11.7	3.0347981810987035	13.0	3.0	-0.004608818504013598	-2.1976878740087704	0.2194953771700305	13.264999966837498	34.83699965163001
1316	21561344	10	9.6	4.6303347611160905	13.0	2.0	10	11.9	3.3	13.0	2.0	-0.004755629165437003	-2.170014214786348	0.21804397209449253	11.808249970479375	36.75199963248001
1320	21626880	10	11.0	4.0	13.0	3.0	10	13.0	0.0	13.0	13.0	-0.003789912651790714	-2.1333409520748288	0.25548396567325843	10.95749997260625	23.745999762540002
1324	21692416	10	10.4	4.5431266766402185	13.0	1.0	10	10.6	4.1521078984053394	13.0	2.0	-0.0057195217444540765	-2.1190822246450165	0.18283680878848152	9.943499975141249	43.18499956815001
1328	21757952	10	8.6	5.40740233383831	13.0	1.0	10	12.0	3.0	13.0	3.0	-0.005786699620636895	-2.1381704730548425	0.2136095657256508	9.12449997718875	50.26199949738001
1332	21823488	10	10.7	4.605431575867782	13.0	1.0	10	12.0	3.0	13.0	3.0	-0.005232152974774558	-2.076649113031474	0.21653457061305115	9.85049997537375	24.184999758150003
1336	21889024	10	9.6	5.238320341483519	13.0	0.0	10	9.4	5.517245689653488	13.0	0.0	-0.004598753485097367	-2.049465875859159	0.2339786372369434	11.661999970844999	33.611999663880006
1340	21954560	10	7.3	5.710516614107694	13.0	1.0	10	11.8	3.6	13.0	1.0	-0.004884743642930702	-2.102251060088041	0.20903112030894208	12.927999967680002	18.288999817110003
1344	22020096	10	7.7	5.330103188494571	13.0	1.0	10	10.7	3.950949253027682	13.0	3.0	-0.003872298894648183	-2.0654853207701622	0.22114028197272295	10.8529999728675	40.861999591380005
1348	22085632	10	11.7	3.0347981810987035	13.0	3.0	10	12.4	1.2	13.0	10.0	-0.004920962780279045	-2.1201564766741647	0.30953699269522494	11.262499971843752	31.507999684920005
1352	22151168	10	8.4	5.678027826631356	13.0	0.0	10	11.6	3.32264954516723	13.0	2.0	-0.004560577653571877	-2.1578617416557986	0.21242723720418946	10.817499972956249	41.497999585020004
1356	22216704	10	9.9	4.742362280551751	13.0	2.0	10	12.7	0.9	13.0	10.0	-0.0044584922647930925	-2.0995357680120543	0.20185261023611745	11.049999972375	20.89399979106
1360	22282240	10	9.7	5.060632371551998	13.0	1.0	10	11.0	4.0	13.0	3.0	-0.005771797566927132	-2.1496732108539245	0.2801884676348369	11.501999971245	37.33299962667
1364	22347776	10	11.9	3.3	13.0	2.0	10	12.7	0.9	13.0	10.0	-0.004797303505363033	-2.1568802319703844	0.23571266052962214	11.689749970775626	17.862999821370003
1368	22413312	10	9.7	5.1000000000000005	13.0	0.0	10	13.0	0.0	13.0	13.0	-0.0057544972908917065	-2.072527311526417	0.19337344947585047	13.420249966449376	18.27299981727
1372	22478848	10	11.7	3.0347981810987035	13.0	3.0	10	12.7	0.9	13.0	10.0	-0.004050851464431658	-2.055733145310919	0.21251887891866592	11.52799997118	7.867999921320002
1376	22544384	10	10.9	4.205948168962618	13.0	2.0	10	11.9	3.3	13.0	2.0	-0.0031707400966935716	-2.145678964530437	0.21980512566747937	10.914749972713127	44.07199955928001
1380	22609920	10	7.7	5.3113086899558	13.0	2.0	10	13.0	0.0	13.0	13.0	-0.004839302471839263	-2.191775766283448	0.20790996640927994	9.994249975014377	21.235999787640004
1384	22675456	10	7.4	5.660388679233963	13.0	0.0	10	12.0	3.0	13.0	3.0	-0.0055894379929909465	-2.2068608624424475	0.23369774833060303	12.251249969371875	36.422999635770005
1388	22740992	10	10.8	4.422668877499197	13.0	1.0	10	11.8	3.6	13.0	1.0	-0.005269004885179306	-2.2250234805213305	0.2233632500826852	12.5389999686525	35.58499964415001
1392	22806528	10	7.2	5.287721626560915	13.0	1.0	10	11.8	3.6	13.0	1.0	-0.006012681643046277	-2.16283208605966	0.17684313590969308	12.5849999685375	35.10699964893001
1396	22872064	10	11.8	3.6	13.0	1.0	10	11.9	3.3	13.0	2.0	-0.0056402612335847814	-2.0993784887391964	0.1966365429678372	12.207999969480001	37.07099962929001
1400	22937600	10	12.0	3.0	13.0	3.0	10	12.0	3.0	13.0	3.0	-0.00593430894937561	-2.116738669353767	0.18429393777256248	11.933999970164999	38.362999616370004
1404	23003136	10	8.6	5.40740233383831	13.0	1.0	10	13.0	0.0	13.0	13.0	-0.0057035943676480684	-2.1534888493758344	0.23517046563671587	11.027249972431873	25.333999746660005
1408	23068672	10	8.5	5.554277630799526	13.0	0.0	10	11.7	3.0347981810987035	13.0	3.0	-0.005661769801025193	-2.2113061495305373	0.21771848416792408	10.543749973640624	42.826999571730006
1412	23134208	10	9.8	4.894895300208167	13.0	2.0	10	13.0	0.0	13.0	13.0	-0.006572638601253147	-2.134198799507035	0.1972289173658381	10.69199997327	18.98699981013
1416	23199744	10	5.1	5.281098370604358	13.0	0.0	10	11.9	3.3	13.0	2.0	-0.004937481646357959	-2.113584397761399	0.1980850596240205	12.516749968708126	37.471999625280006
1420	23265280	10	10.5	4.341658669218482	13.0	2.0	10	11.7	3.0347981810987035	13.0	3.0	-0.004534137209230443	-2.0513058762102374	0.2531881968537482	12.275249969311876	20.07499979925
1424	23330816	10	10.6	4.1521078984053394	13.0	2.0	10	12.0	3.0	13.0	3.0	-0.005889799765396152	-2.1643760947118684	0.1719617284267207	11.37349997156625	23.816999761830004
1428	23396352	10	9.5	5.371219600798314	13.0	0.0	10	10.6	4.1521078984053394	13.0	2.0	-0.004331482270727585	-2.0862358185462577	0.1863883653616714	10.87949997280125	41.948999580510005
1432	23461888	10	9.6	5.238320341483519	13.0	0.0	10	11.7	3.0347981810987035	13.0	3.0	-0.005775658114851921	-2.0977090719143936	0.15890690325656273	10.980999972547501	41.201999587980005
1436	23527424	10	10.5	5.004997502496879	13.0	0.0	10	11.6	3.32264954516723	13.0	2.0	-0.005232168320981824	-1.9956567310201527	0.12983514101366653	11.285499971786251	42.96799957032001
1440	23592960	10	7.7	5.3113086899558	13.0	2.0	10	13.0	0.0	13.0	13.0	-0.004696540776539005	-2.061325481567635	0.17533939298899404	10.8709999728225	24.11799975882
1444	23658496	10	9.5	4.801041553663121	13.0	1.0	10	12.7	0.9	13.0	10.0	-0.00520547580715217	-2.0463000111633836	0.15810062594927543	12.078249969804375	20.43499979565
1448	23724032	10	6.2	5.6000000000000005	13.0	0.0	10	11.9	3.3	13.0	2.0	-0.004284693079331128	-2.064080779536133	0.17565750864367283	10.931249972671875	44.90299955097001
1452	23789568	10	9.8	4.894895300208167	13.0	2.0	10	13.0	0.0	13.0	13.0	-0.006803372010733673	-2.023582293130767	0.12971919478739097	10.599249973501877	30.007999699920003
1456	23855104	10	8.5	5.5362442142665635	13.0	1.0	10	12.7	0.9	13.0	10.0	-0.005164392789152021	-2.037256976998228	0.16318334132906195	10.995999972509999	21.946999780530003
1460	23920640	10	8.2	5.929586832149438	13.0	0.0	10	12.0	3.0	13.0	3.0	-0.004902277063688594	-2.0499678897709104	0.1257311609675523	10.972749972568124	38.46299961537001
1464	23986176	10	8.2	5.362835071116769	13.0	1.0	10	13.0	0.0	13.0	13.0	-0.005078235635742242	-2.0472822100275025	0.17005407156513982	10.849749972875623	24.993999750060002
1468	24051712	10	5.4	5.0635955604688645	13.0	0.0	10	13.0	0.0	13.0	13.0	-0.0057051952505206855	-2.12259346224609	0.15201452939429394	9.83649997540875	26.216999737830005
1472	24117248	10	10.6	4.152107898405339	13.0	2.0	10	12.7	0.9	13.0	10.0	-0.004742195601275123	-2.1870890704499355	0.20062591994885387	11.038499972403748	23.375999766240007
1476	24182784	10	8.7	5.292447448959697	13.0	1.0	10	11.0	4.0	13.0	3.0	-0.005530929522167931	-2.1860874417133846	0.14127583753708614	11.999749970000625	24.793999752060003
1480	24248320	10	9.9	4.742362280551751	13.0	2.0	10	12.0	3.0	13.0	3.0	-0.004764473911674012	-2.0938473763867655	0.18604046733043317	11.054749972363124	39.70399960296001
1484	24313856	10	8.7	5.292447448959697	13.0	1.0	10	11.9	3.3	13.0	2.0	-0.005143380700317341	-2.109748882332222	0.17797892344813798	11.548749971128125	38.260999617390006
1488	24379392	10	10.9	4.2059481689626175	13.0	2.0	10	11.9	3.3	13.0	2.0	-0.0063994733154083576	-2.050602185015856	0.17730947442368442	11.634749970913125	38.53099961469
1492	24444928	10	9.6	5.238320341483518	13.0	0.0	10	13.0	0.0	13.0	13.0	-0.005621505466499749	-2.101859385549629	0.22735536491924033	11.925749970185626	23.734999762650002
1496	24510464	10	9.9	4.742362280551751	13.0	2.0	10	10.9	4.2059481689626175	13.0	2.0	-0.005657321377553113	-2.108921753643814	0.24066332996799508	11.673999970815	38.30699961693001
1500	24576000	10	9.8	4.915282290977803	13.0	1.0	10	11.7	3.034798181098703	13.0	3.0	-0.006110687019190779	-2.096301036358065	0.15806997387265181	10.203999974490001	41.265999587340005
1504	24641536	10	10.9	4.2059481689626175	13.0	2.0	10	13.0	0.0	13.0	13.0	-0.0048409329011630895	-2.1120543055519807	0.16503178082084421	9.9669999750825	27.969999720300002
1508	24707072	10	10.5	4.341658669218482	13.0	2.0	10	13.0	0.0	13.0	13.0	-0.005549734086675358	-2.0837850866531324	0.16568231363607142	10.366999974082502	22.759999772400004
1512	24772608	10	10.8	4.4	13.0	2.0	10	13.0	0.0	13.0	13.0	-0.0037901942070971617	-2.0651341537966874	0.16765742320373142	11.815249970461876	20.385999796140002
1516	24838144	10	8.5	5.518151864528558	13.0	1.0	10	11.7	3.0347981810987035	13.0	3.0	-0.004304278219485259	-1.9281252484001927	0.20096683849349825	11.083249972291874	22.554999774450003
1520	24903680	10	12.0	3.0	13.0	3.0	10	11.0	4.0	13.0	3.0	-0.004643429984572785	-1.9649813173154558	0.20092364934042753	11.482749971293126	26.082999739170003
1524	24969216	10	8.4	5.6780278266313555	13.0	0.0	10	13.0	0.0	13.0	13.0	-0.004324689979971192	-2.0045534121888946	0.16182671640866123	11.205499971986251	22.323999776760004
