iter	frame	n_test	mean_returns	std_returns	max_returns	min_returns	n_test_train	mean_returns_train	std_returns_train	max_returns_train	min_returns_train	actor_loss	entropy_loss	value_loss	training_time	evaluation_time
0	0	10	5.0	5.0	10.0	0.0	10	0.0	0.0	0.0	0.0	0	0	0	0.0	27.041999729580006
4	65536	10	6.0	4.898979485566356	10.0	0.0	10	3.0	4.58257569495584	10.0	0.0	0.007634057631056735	-2.437373801811956	0.3005046300897894	11.10149997224625	29.890999701090003
8	131072	10	3.3	4.473253849269008	10.0	0.0	10	3.0	4.58257569495584	10.0	0.0	-0.00273285438229656	-2.4811730779606402	0.2860303103315408	10.3489999741275	31.105999688940006
12	196608	10	2.0	4.0	10.0	0.0	10	2.0	4.0	10.0	0.0	-0.003232154172683125	-2.5462109741896493	0.2745361881975956	11.341999971645	33.11299966887
16	262144	10	3.0	4.58257569495584	10.0	0.0	10	3.0	4.58257569495584	10.0	0.0	-0.0043528105229611	-2.5955498960890737	0.2918651209219254	10.75249997311875	33.40099966599001
20	327680	10	5.0	5.0	10.0	0.0	10	2.0	4.0	10.0	0.0	-0.0044063995054135895	-2.6135307820895823	0.27833932751684287	10.37049997407375	33.420999665790006
24	393216	10	4.0	4.898979485566356	10.0	0.0	10	6.0	4.898979485566356	10.0	0.0	-0.004863977214678243	-2.6135557961721703	0.3390590087933561	11.83249997041875	25.970999740290004
28	458752	10	5.0	5.0	10.0	0.0	10	4.0	4.898979485566356	10.0	0.0	-0.005477344044301692	-2.5978013473029935	0.2864801366515064	12.771749968070626	30.120999698790005
32	524288	10	4.0	4.898979485566356	10.0	0.0	10	3.0	4.58257569495584	10.0	0.0	-0.006279054259673567	-2.578187912433999	0.2429920801018878	12.559749968600624	26.725999732740004
36	589824	10	5.0	5.0	10.0	0.0	10	6.0	4.898979485566356	10.0	0.0	-0.006867643056963756	-2.5417707534963645	0.27817728569316963	11.949749970125625	31.094999689050002
40	655360	10	4.0	4.898979485566356	10.0	0.0	10	0.0	0.0	0.0	0.0	-0.005812511914580328	-2.551160953673215	0.21340070554005433	10.8309999729225	29.486999705130003
44	720896	10	3.0	4.58257569495584	10.0	0.0	10	5.0	5.0	10.0	0.0	-0.005090162026514927	-2.4661608261281294	0.23909518803152346	13.1469999671325	26.661999733380004
48	786432	10	4.0	4.898979485566356	10.0	0.0	10	2.0	4.0	10.0	0.0	-0.006209949222425553	-2.4641126068846573	0.24326936595401796	13.112249967219377	25.506999744930006
52	851968	10	4.0	4.898979485566356	10.0	0.0	10	4.0	4.898979485566356	10.0	0.0	-0.006027482801051814	-2.4706185084988044	0.23378733869069376	12.81649996795875	28.040999719590005
56	917504	10	6.0	4.898979485566356	10.0	0.0	10	2.0	4.0	10.0	0.0	-0.00648850977382322	-2.4884515402109093	0.222015737377574	11.2149999719625	26.67599973324
60	983040	10	6.0	4.898979485566356	10.0	0.0	10	4.0	4.898979485566356	10.0	0.0	-0.00692847934188327	-2.4333107642778242	0.2317952521214331	12.706499968233748	32.881999671180004
64	1048576	10	4.0	4.898979485566356	10.0	0.0	10	2.0	4.0	10.0	0.0	-0.005693218544075784	-2.447486810131234	0.21498386140536	13.236749966908125	28.046999719530007
68	1114112	10	4.0	4.898979485566356	10.0	0.0	10	1.0	3.0	10.0	0.0	-0.005606118193728662	-2.366583980373388	0.18282135186054288	12.6629999683425	20.781999792180002
72	1179648	10	3.0	4.58257569495584	10.0	0.0	10	1.0	3.0	10.0	0.0	-0.006311893986346224	-2.393900791554631	0.20233804839107722	12.531249968671876	25.714999742850004
76	1245184	10	1.0	3.0	10.0	0.0	10	2.0	4.0	10.0	0.0	-0.006824960970229756	-2.3415182329758744	0.21577513572685353	12.256499969358751	25.688999743110003
80	1310720	10	5.0	5.0	10.0	0.0	10	3.0	4.58257569495584	10.0	0.0	-0.0061515149809221095	-2.4121700473100596	0.2576888717132105	12.293749969265624	29.070999709290007
84	1376256	10	6.0	4.898979485566356	10.0	0.0	10	5.0	5.0	10.0	0.0	-0.0069397355951318854	-2.444615634524488	0.21466646465409853	10.881249972796875	32.907999670920006
88	1441792	10	3.0	4.58257569495584	10.0	0.0	10	4.3	4.73392015141785	10.0	0.0	-0.00695878406186511	-2.4228603241304003	0.27272885771110883	11.245999971885	32.091999679080004
92	1507328	10	3.0	4.58257569495584	10.0	0.0	10	0.0	0.0	0.0	0.0	-0.007713519404614894	-2.386324229091183	0.29107087987237074	10.980249972549375	30.739999692600005
96	1572864	10	3.0	4.58257569495584	10.0	0.0	10	6.0	4.898979485566356	10.0	0.0	-0.007116491488448686	-2.420102129127814	0.27872619526661774	12.579249968551876	14.226999857730002
100	1638400	10	2.0	4.0	10.0	0.0	10	5.0	5.0	10.0	0.0	-0.006963237093443679	-2.43851753298869	0.22016534206958013	11.915749970210625	27.899999721000004
104	1703936	10	4.3	4.73392015141785	10.0	0.0	10	6.0	4.898979485566356	10.0	0.0	-0.007255992041338946	-2.4358135186081986	0.23259773064154918	11.461249971346875	30.927999690720007
108	1769472	10	4.0	4.898979485566356	10.0	0.0	10	4.0	4.898979485566356	10.0	0.0	-0.006279013533713486	-2.3531283957295184	0.2547532091583184	10.5129999737175	20.715999792840005
112	1835008	10	4.0	4.898979485566356	10.0	0.0	10	2.0	4.0	10.0	0.0	-0.006555951620535595	-2.369558932633731	0.216323932920711	11.8109999704725	28.431999715680004
116	1900544	10	5.0	5.0	10.0	0.0	10	5.0	5.0	10.0	0.0	-0.006911397906037643	-2.3866797136761133	0.203559765105352	11.218249971954377	32.49299967507001
120	1966080	10	6.0	4.898979485566356	10.0	0.0	10	6.0	4.898979485566356	10.0	0.0	-0.006246444232557447	-2.3555109150737588	0.24057256940108948	11.312249971719375	27.460999725390003
124	2031616	10	1.0	3.0	10.0	0.0	10	4.0	4.898979485566356	10.0	0.0	-0.007352466461414136	-2.3499726551310096	0.2161882356515338	10.397749974005626	20.505999794940003
128	2097152	10	4.0	4.898979485566356	10.0	0.0	10	3.0	4.58257569495584	10.0	0.0	-0.006803296888896634	-2.36617932444005	0.21056482271271015	11.799749970500626	27.958999720410006
132	2162688	10	3.0	4.58257569495584	10.0	0.0	10	3.0	4.58257569495584	10.0	0.0	-0.007406280326739221	-2.3718750449531183	0.21732337289399103	12.10399996974	18.282999817170005
136	2228224	10	4.0	4.898979485566356	10.0	0.0	10	3.0	4.58257569495584	10.0	0.0	-0.006510084176553437	-2.3826966034870902	0.22420039336034742	12.818249967954374	16.642999833570002
140	2293760	10	1.0	3.0	10.0	0.0	10	5.0	5.0	10.0	0.0	-0.006686341045892001	-2.3963783331202677	0.21351655585950727	12.308249969229376	22.774999772250002
144	2359296	10	2.0	4.0	10.0	0.0	10	4.0	4.898979485566356	10.0	0.0	-0.0074723496210428245	-2.437432306254324	0.15496212506294352	11.361249971596877	20.655999793440003
148	2424832	10	2.0	4.0	10.0	0.0	10	5.0	5.0	10.0	0.0	-0.007349287554302404	-2.3940194445341514	0.1849479283168731	13.353249966616874	25.352999746470005
152	2490368	10	3.0	4.58257569495584	10.0	0.0	10	4.0	4.898979485566356	10.0	0.0	-0.007080805465365317	-2.3748052813122507	0.22961027685023705	12.613499968466252	23.122999768770004
156	2555904	10	4.0	4.898979485566356	10.0	0.0	10	4.0	4.898979485566356	10.0	0.0	-0.007359247971626664	-2.4306332640301482	0.18538456315106253	13.151249967121874	22.257999777420004
160	2621440	10	6.0	4.898979485566356	10.0	0.0	10	5.0	5.0	10.0	0.0	-0.007029882163377063	-2.4513847552169894	0.13794441007503416	14.434499963913751	23.218999767810004
164	2686976	10	3.0	4.58257569495584	10.0	0.0	10	5.0	5.0	10.0	0.0	-0.006836432748256817	-2.449578279995067	0.16189152466309512	12.570499968573749	25.674999743250005
168	2752512	10	4.0	4.898979485566356	10.0	0.0	10	1.0	3.0	10.0	0.0	-0.007041312525440729	-2.4060614156203526	0.18303040320009772	12.581249968546876	30.505999694940005
172	2818048	10	2.0	4.0	10.0	0.0	10	6.0	4.898979485566356	10.0	0.0	-0.006720759209108038	-2.392653122295054	0.17124561179818568	12.587249968531877	24.428999755710002
176	2883584	10	5.0	5.0	10.0	0.0	10	4.0	4.898979485566356	10.0	0.0	-0.006602939239422766	-2.4607373796323664	0.16095609526646387	12.59449996851375	29.463999705360003
180	2949120	10	3.0	4.58257569495584	10.0	0.0	10	3.0	4.58257569495584	10.0	0.0	-0.007398814650956345	-2.4885539111883004	0.1446812980036726	11.479749971300624	32.86799967132001
184	3014656	10	6.0	4.898979485566356	10.0	0.0	10	4.0	4.898979485566356	10.0	0.0	-0.008153973929801793	-2.4759084008538546	0.16487420325312682	11.083249972291874	31.155999688440005
188	3080192	10	3.0	4.58257569495584	10.0	0.0	10	5.0	5.0	10.0	0.0	-0.007380900338668028	-2.538612889482386	0.15090824367148292	10.781499973046252	23.23199976768
192	3145728	10	6.0	4.898979485566356	10.0	0.0	10	4.0	4.898979485566356	10.0	0.0	-0.007774790104221696	-2.492156674204944	0.1784152721334664	11.3689999715775	29.829999701700004
196	3211264	10	3.0	4.58257569495584	10.0	0.0	10	5.0	5.0	10.0	0.0	-0.006988905461669561	-2.4509885631432087	0.1901996534430048	11.905999970235	25.516999744830002
200	3276800	10	3.0	4.58257569495584	10.0	0.0	10	3.0	4.58257569495584	10.0	0.0	-0.007260626018707404	-2.422373617436484	0.2046749749939027	12.970249967574375	24.386999756130006
204	3342336	10	4.0	4.898979485566356	10.0	0.0	10	4.0	4.898979485566356	10.0	0.0	-0.008044091256195943	-2.4589504895033043	0.19123568647722153	12.424499968938752	22.89099977109
208	3407872	10	4.0	4.898979485566356	10.0	0.0	10	7.0	4.58257569495584	10.0	0.0	-0.007141809348330477	-2.49249952508871	0.16608441588291006	12.524999968687501	21.590999784090005
212	3473408	10	7.0	4.58257569495584	10.0	0.0	10	4.0	4.898979485566356	10.0	0.0	-0.007994708179847002	-2.4760518915855556	0.1823121171720407	12.2649999693375	28.281999717180003
216	3538944	10	6.0	4.898979485566356	10.0	0.0	10	3.0	4.58257569495584	10.0	0.0	-0.006375754743751806	-2.471382972837345	0.1919983514229382	12.265249969336875	27.868999721310004
220	3604480	10	3.0	4.58257569495584	10.0	0.0	10	5.0	5.0	10.0	0.0	-0.007385614618355346	-2.4726084989713906	0.16787756465489342	12.331749969170625	23.473999765260004
224	3670016	10	6.0	4.898979485566356	10.0	0.0	10	4.0	4.898979485566356	10.0	0.0	-0.005950560356103294	-2.471596466740801	0.1575929988011471	13.800249965499376	25.680999743190004
228	3735552	10	5.0	5.0	10.0	0.0	10	3.0	4.58257569495584	10.0	0.0	-0.0069507173701554925	-2.4724791966286714	0.22292695293053924	11.895749970260624	29.634999703650006
232	3801088	10	6.0	4.898979485566356	10.0	0.0	10	3.0	4.58257569495584	10.0	0.0	-0.00609728436814748	-2.4710550951370505	0.18134936292629353	11.081999972295	30.590999694090005
236	3866624	10	3.0	4.58257569495584	10.0	0.0	10	3.0	4.58257569495584	10.0	0.0	-0.006014311820136905	-2.45223949327356	0.21415774289150427	10.666749973333125	30.854999691450004
240	3932160	10	4.0	4.898979485566356	10.0	0.0	10	6.0	4.898979485566356	10.0	0.0	-0.006991183818656842	-2.4657368756745743	0.18546580754151193	11.286999971782501	29.635999703640003
244	3997696	10	5.0	5.0	10.0	0.0	10	5.0	5.0	10.0	0.0	-0.007594164595924262	-2.465359747153012	0.1938986733043375	12.975749967560626	25.660999743390004
248	4063232	10	4.0	4.898979485566356	10.0	0.0	10	3.0	4.58257569495584	10.0	0.0	-0.006880603843951831	-2.416009505338135	0.20398902495129426	12.484249968789376	30.873999691260003
252	4128768	10	1.0	3.0	10.0	0.0	10	1.0	3.0	10.0	0.0	-0.008059054155101247	-2.4211772205890427	0.20412225351715704	11.200749971998125	32.730999672690004
256	4194304	10	5.0	5.0	10.0	0.0	10	6.0	4.898979485566356	10.0	0.0	-0.006878979197801649	-2.4283499963535555	0.19790156059389163	10.821249972946875	30.886999691130004
260	4259840	10	5.0	5.0	10.0	0.0	10	5.0	5.0	10.0	0.0	-0.006933967292333517	-2.430065909768332	0.18528883545281594	10.74249997314375	28.341999716580002
264	4325376	10	3.0	4.58257569495584	10.0	0.0	10	2.0	4.0	10.0	0.0	-0.007990707535783686	-2.4540462292658036	0.15511445272650326	11.645249970886876	27.255999727440006
268	4390912	10	5.0	5.0	10.0	0.0	10	6.0	4.898979485566356	10.0	0.0	-0.007065797522219087	-2.4263910648679476	0.16698906654304754	11.888999970277501	27.581999724180005
272	4456448	10	6.0	4.898979485566356	10.0	0.0	10	3.0	4.58257569495584	10.0	0.0	-0.0076210240675152925	-2.448067647460402	0.17727170370535225	12.367249969081874	30.077999699220005
276	4521984	10	4.0	4.898979485566356	10.0	0.0	10	6.0	4.898979485566356	10.0	0.0	-0.007764562672592278	-2.456509500486072	0.21539465638427854	10.7529999731175	28.726999712730006
280	4587520	10	3.0	4.58257569495584	10.0	0.0	10	4.0	4.898979485566356	10.0	0.0	-0.008106557692740234	-2.430785906558348	0.18107612646471735	10.8569999728575	30.730999692690006
284	4653056	10	3.0	4.58257569495584	10.0	0.0	10	5.0	5.0	10.0	0.0	-0.006827733333209837	-2.4376151037657237	0.18802542850589662	11.618249970954375	31.384999686150007
288	4718592	10	6.0	4.898979485566356	10.0	0.0	10	2.0	4.0	10.0	0.0	-0.0075706474349010455	-2.4353475791659305	0.1799036217666027	11.120249972199375	25.432999745670003
292	4784128	10	4.0	4.898979485566356	10.0	0.0	10	4.0	4.898979485566356	10.0	0.0	-0.00721550772066038	-2.465873673301373	0.19656278284081705	12.338999969152498	26.785999732140006
296	4849664	10	3.0	4.58257569495584	10.0	0.0	10	8.0	4.0	10.0	0.0	-0.006848762929211195	-2.459207763018343	0.18325114931244127	11.049749972375626	28.630999713690006
300	4915200	10	4.0	4.898979485566356	10.0	0.0	10	4.0	4.898979485566356	10.0	0.0	-0.007979972364791471	-2.4137592660853255	0.18651323592830962	11.9709999700725	28.015999719840003
304	4980736	10	3.0	4.58257569495584	10.0	0.0	10	2.0	4.0	10.0	0.0	-0.008430717189519548	-2.4367495275979123	0.18205341004111897	11.852749970368125	22.728999772710004
308	5046272	10	3.0	4.58257569495584	10.0	0.0	10	4.0	4.898979485566356	10.0	0.0	-0.008189023915349107	-2.4225680949747317	0.2049541581053376	12.8209999679475	22.341999776580003
312	5111808	10	4.0	4.898979485566356	10.0	0.0	10	1.0	3.0	10.0	0.0	-0.007891581899847998	-2.4562016921663763	0.17157109095479992	13.853499965366249	20.701999792980004
316	5177344	10	3.0	4.58257569495584	10.0	0.0	10	4.0	4.898979485566356	10.0	0.0	-0.00667133304453811	-2.4893348437934857	0.16771452165945255	13.255249966861875	19.086999809130003
320	5242880	10	4.0	4.898979485566356	10.0	0.0	10	5.0	5.0	10.0	0.0	-0.007089442752222896	-2.4910178753125645	0.1810120360271578	13.2129999669675	24.961999750380002
324	5308416	10	2.0	4.0	10.0	0.0	10	4.0	4.898979485566356	10.0	0.0	-0.007625649653279301	-2.5039683975154556	0.15460921535210118	13.2449999668875	25.424999745750004
328	5373952	10	7.0	4.58257569495584	10.0	0.0	10	5.0	5.0	10.0	0.0	-0.007005007268645415	-2.4281649537338694	0.2193418474018577	12.45149996887125	12.238999877610002
332	5439488	10	6.0	4.898979485566356	10.0	0.0	10	4.0	4.898979485566356	10.0	0.0	-0.0073340966111209195	-2.409870957083808	0.19975156288375906	12.8869999677825	27.426999725730003
336	5505024	10	3.0	4.58257569495584	10.0	0.0	10	4.0	4.898979485566356	10.0	0.0	-0.006623143300422666	-2.4166108615662654	0.2528180316758554	11.3109999717225	12.605999873940002
340	5570560	10	4.0	4.898979485566356	10.0	0.0	10	4.0	4.898979485566356	10.0	0.0	-0.006929787713069934	-2.3895410073294623	0.21773153285090543	12.856749967858123	24.449999755500002
344	5636096	10	3.0	4.58257569495584	10.0	0.0	10	5.0	5.0	10.0	0.0	-0.006511744198409536	-2.36299236839237	0.24125022811164762	13.560749966098124	23.316999766830005
348	5701632	10	6.0	4.898979485566356	10.0	0.0	10	6.0	4.898979485566356	10.0	0.0	-0.0074544911517291906	-2.3407582091833685	0.24006251351890723	13.66399996584	17.667999823320002
352	5767168	10	6.0	4.898979485566356	10.0	0.0	10	4.0	4.898979485566356	10.0	0.0	-0.006974276574087118	-2.35603275622224	0.20541504287194276	13.188999967027499	23.783999762160004
356	5832704	10	8.0	4.0	10.0	0.0	10	4.0	4.898979485566356	10.0	0.0	-0.005495868515970151	-2.346901202950785	0.21250806513822765	13.230749966923126	17.866999821330005
360	5898240	10	3.0	4.58257569495584	10.0	0.0	10	5.0	5.0	10.0	0.0	-0.00794611786031047	-2.3432684438966613	0.24966336706536102	12.360749969098125	23.062999769370002
364	5963776	10	5.0	5.0	10.0	0.0	10	2.0	4.0	10.0	0.0	-0.0074930536979765155	-2.384236064801608	0.18082105700216147	13.216999966957498	27.032999729670006
368	6029312	10	6.0	4.898979485566356	10.0	0.0	10	5.0	5.0	10.0	0.0	-0.00702506540425208	-2.412908506638793	0.19258464405169687	12.067249969831877	25.563999744360004
372	6094848	10	6.0	4.898979485566356	10.0	0.0	10	6.0	4.898979485566356	10.0	0.0	-0.006971920454090185	-2.383473746230279	0.19125939965739347	12.994999967512502	24.634999753650007
376	6160384	10	5.0	5.0	10.0	0.0	10	2.0	4.0	10.0	0.0	-0.007114596884868491	-2.42104875271135	0.15178903664122895	13.393999966515002	23.937999760620002
380	6225920	10	4.0	4.898979485566356	10.0	0.0	10	5.0	5.0	10.0	0.0	-0.007732639571059761	-2.4446534189022175	0.14966064270889454	12.68849996827875	28.054999719450006
384	6291456	10	5.0	5.0	10.0	0.0	10	6.0	4.898979485566356	10.0	0.0	-0.008066646724797562	-2.4381706712090363	0.15325595359273744	12.10349996974125	27.495999725040004
388	6356992	10	4.0	4.898979485566356	10.0	0.0	10	4.0	4.898979485566356	10.0	0.0	-0.008056496481377146	-2.4433487129646503	0.11582433741574975	11.884249970289376	26.355999736440005
392	6422528	10	2.0	4.0	10.0	0.0	10	4.0	4.898979485566356	10.0	0.0	-0.007102508715603592	-2.380515855799501	0.15025233840556929	11.401749971495626	26.903999730960003
396	6488064	10	2.0	4.0	10.0	0.0	10	7.0	4.58257569495584	10.0	0.0	-0.007251294903807767	-2.4113760761888314	0.16919402543555567	11.821999970445	28.311999716880006
400	6553600	10	6.0	4.898979485566356	10.0	0.0	10	8.0	4.0	10.0	0.0	-0.007539602548728426	-2.423525688296432	0.18601300906935841	11.746249970634375	19.548999804510004
404	6619136	10	4.0	4.898979485566356	10.0	0.0	10	5.0	5.0	10.0	0.0	-0.006193047260201057	-2.450971801820394	0.18876455256611763	12.715499968211251	29.389999706100006
408	6684672	10	6.0	4.898979485566356	10.0	0.0	10	4.0	4.898979485566356	10.0	0.0	-0.007527036295691301	-2.4639394777433443	0.14445878641416865	11.100749972248124	30.743999692560006
412	6750208	10	5.0	5.0	10.0	0.0	10	6.0	4.898979485566356	10.0	0.0	-0.008080937817559185	-2.4499851711025835	0.15425981051854756	11.222749971943125	22.51599977484
416	6815744	10	5.0	5.0	10.0	0.0	10	5.0	5.0	10.0	0.0	-0.007350684031272468	-2.4462922212913507	0.16625905671598162	11.504999971237499	28.960999710390002
420	6881280	10	5.0	5.0	10.0	0.0	10	4.0	4.898979485566356	10.0	0.0	-0.007032111248792045	-2.4583586898865524	0.19562685526421866	11.26549997183625	22.167999778320002
424	6946816	10	6.0	4.898979485566356	10.0	0.0	10	7.0	4.58257569495584	10.0	0.0	-0.008210647125202995	-2.4729046918359368	0.20345555352411282	11.347749971630627	21.075999789240004
428	7012352	10	4.0	4.898979485566356	10.0	0.0	10	7.0	4.58257569495584	10.0	0.0	-0.0074772515937580565	-2.4598306961278795	0.1676944331091304	11.377999971555003	19.7399998026
432	7077888	10	4.0	4.898979485566356	10.0	0.0	10	7.0	4.58257569495584	10.0	0.0	-0.008449158145321201	-2.468066940447891	0.19050016733385583	12.415499968961251	25.493999745060005
436	7143424	10	4.0	4.898979485566356	10.0	0.0	10	3.0	4.58257569495584	10.0	0.0	-0.008003288107905394	-2.4741876271770025	0.22297462896294334	11.757249970606875	26.161999738380004
440	7208960	10	2.0	4.0	10.0	0.0	10	4.0	4.898979485566356	10.0	0.0	-0.007534799356839073	-2.4549806661830114	0.17740187008259004	12.941749967645624	27.906999720930006
444	7274496	10	6.0	4.898979485566356	10.0	0.0	10	5.0	5.0	10.0	0.0	-0.007973167578790538	-2.415597729133274	0.20808359993937695	12.378499969053749	25.718999742810006
448	7340032	10	8.0	4.0	10.0	0.0	10	4.0	4.898979485566356	10.0	0.0	-0.0081196848396485	-2.489173337557903	0.15856286454846308	12.465499968836253	19.245999807540002
452	7405568	10	5.0	5.0	10.0	0.0	10	3.0	4.58257569495584	10.0	0.0	-0.005911905012292567	-2.506183758116968	0.18492151329230225	12.41649996895875	16.860999831390004
456	7471104	10	2.0	4.0	10.0	0.0	10	2.0	4.0	10.0	0.0	-0.007442874015833587	-2.4613815021931185	0.18150770150096965	13.605999965985	21.389999786100002
460	7536640	10	4.0	4.898979485566356	10.0	0.0	10	3.0	4.58257569495584	10.0	0.0	-0.007999571383834751	-2.4941331319396407	0.12604748363224957	12.905749967735623	21.853999781460004
464	7602176	10	1.0	3.0	10.0	0.0	10	6.0	4.898979485566356	10.0	0.0	-0.007840748002401577	-2.461517480256052	0.15513321616002232	12.845249967886875	29.149999708500005
468	7667712	10	4.0	4.898979485566356	10.0	0.0	10	3.0	4.58257569495584	10.0	0.0	-0.007351934200861522	-2.47690425787397	0.1436667430530592	11.677749970805625	30.801999691980004
472	7733248	10	6.0	4.898979485566356	10.0	0.0	10	8.0	4.0	10.0	0.0	-0.00934902781494132	-2.4798754550416926	0.14372660303543425	10.828249972929376	33.74399966256001
476	7798784	10	4.0	4.898979485566356	10.0	0.0	10	6.0	4.898979485566356	10.0	0.0	-0.007649996093996827	-2.472471929829063	0.1692632237893854	10.83549997291125	28.816999711830004
480	7864320	10	3.0	4.58257569495584	10.0	0.0	10	4.0	4.898979485566356	10.0	0.0	-0.007586079765252314	-2.4608038884818213	0.1614548836200885	12.494999968762501	24.894999751050005
484	7929856	10	6.0	4.898979485566356	10.0	0.0	10	4.0	4.898979485566356	10.0	0.0	-0.007627262466297085	-2.466339630128329	0.18436411191961966	11.752749970618124	23.862999761370002
488	7995392	10	5.0	5.0	10.0	0.0	10	8.0	4.0	10.0	0.0	-0.0069206924822908045	-2.4398887726109812	0.1916607823023229	11.4069999714825	20.180999798190005
492	8060928	10	5.0	5.0	10.0	0.0	10	4.0	4.898979485566356	10.0	0.0	-0.0077702180161486984	-2.443110855662645	0.1524909167236439	12.676249968309374	29.032999709670005
496	8126464	10	4.0	4.898979485566356	10.0	0.0	10	6.0	4.898979485566356	10.0	0.0	-0.007904293422229513	-2.4354784361964676	0.15258971118951817	11.82949997042625	33.37099966629001
500	8192000	10	6.0	4.898979485566356	10.0	0.0	10	3.0	4.58257569495584	10.0	0.0	-0.007753279733556456	-2.4326108890224716	0.1386892608377659	10.26849997432875	33.308999666910005
504	8257536	10	4.0	4.898979485566356	10.0	0.0	10	7.0	4.58257569495584	10.0	0.0	-0.008055484305936307	-2.443703243875264	0.16661596280960148	10.833249972916875	21.783999782160002
508	8323072	10	5.0	5.0	10.0	0.0	10	3.0	4.58257569495584	10.0	0.0	-0.00821181271784809	-2.4806052940486762	0.1307410380356419	10.599249973501875	31.360999686390006
512	8388608	10	4.0	4.898979485566356	10.0	0.0	10	4.0	4.898979485566356	10.0	0.0	-0.007376636908843589	-2.493371113875062	0.16352280390608148	12.00149996999625	23.721999762780005
516	8454144	10	2.0	4.0	10.0	0.0	10	5.0	5.0	10.0	0.0	-0.006688554586223541	-2.4806011937458217	0.17332397810861533	11.818999970452499	21.222999787770004
520	8519680	10	4.0	4.898979485566356	10.0	0.0	10	4.0	4.898979485566356	10.0	0.0	-0.007647674835538139	-2.5114420177903334	0.11149576669949672	11.891749970270626	25.560999744390003
524	8585216	10	4.0	4.898979485566356	10.0	0.0	10	4.0	4.898979485566356	10.0	0.0	-0.006796976587085305	-2.4810191936690074	0.15013425570590522	11.754249970614374	16.9699998303
528	8650752	10	3.0	4.58257569495584	10.0	0.0	10	5.0	5.0	10.0	0.0	-0.007816394513706445	-2.457060252370793	0.16541366712019354	12.112749969718125	17.88599982114
532	8716288	10	3.0	4.58257569495584	10.0	0.0	10	4.0	4.898979485566356	10.0	0.0	-0.0068730055626287905	-2.4473912067645514	0.18470151192757747	13.229749966925624	20.259999797400006
536	8781824	10	6.0	4.898979485566356	10.0	0.0	10	2.0	4.0	10.0	0.0	-0.006952105297875361	-2.4356659499253848	0.1901238022639742	13.355249966611877	19.834999801650003
540	8847360	10	4.0	4.898979485566356	10.0	0.0	10	3.0	4.58257569495584	10.0	0.0	-0.007929078307302185	-2.514330384370042	0.129220437788293	12.970249967574375	20.088999799110002
544	8912896	10	2.0	4.0	10.0	0.0	10	6.0	4.898979485566356	10.0	0.0	-0.007760011954006792	-2.4788928699891457	0.192621799786689	12.287749969280624	17.444999825550003
548	8978432	10	2.0	4.0	10.0	0.0	10	4.0	4.898979485566356	10.0	0.0	-0.007724097735064794	-2.4923709255840936	0.14725301459760406	13.01599996746	13.825999861740003
552	9043968	10	3.0	4.58257569495584	10.0	0.0	10	6.0	4.898979485566356	10.0	0.0	-0.008589300178163811	-2.491578375040232	0.13811088064799013	13.863749965340626	23.482999765170003
556	9109504	10	3.0	4.58257569495584	10.0	0.0	10	6.0	4.898979485566356	10.0	0.0	-0.006841807935915971	-2.5183874167362132	0.12889562864066095	12.857999967855001	20.653999793460002
560	9175040	10	3.0	4.58257569495584	10.0	0.0	10	6.0	4.898979485566356	10.0	0.0	-0.007459345580912057	-2.5015279797094023	0.16722010772796042	11.81749997045625	21.430999785690005
564	9240576	10	3.0	4.58257569495584	10.0	0.0	10	6.0	4.898979485566356	10.0	0.0	-0.00885016535083775	-2.4886770419667594	0.1586423820340287	11.085999972285	26.425999735740003
568	9306112	10	5.0	5.0	10.0	0.0	10	3.0	4.58257569495584	10.0	0.0	-0.007003948229974248	-2.501632772125487	0.15237116369694245	11.200749971998125	27.457999725420002
572	9371648	10	1.0	3.0	10.0	0.0	10	4.0	4.898979485566356	10.0	0.0	-0.007346329467653601	-2.503815223512506	0.12689803500579672	11.875749970310626	20.753999792460004
576	9437184	10	7.0	4.58257569495584	10.0	0.0	10	6.0	4.898979485566356	10.0	0.0	-0.007082928594647553	-2.4798257447679553	0.18040854916580795	12.37999996905	22.33599977664
580	9502720	10	6.0	4.898979485566356	10.0	0.0	10	4.0	4.898979485566356	10.0	0.0	-0.008131420445111283	-2.4892624763041553	0.12790650632452272	11.418499971453748	21.166999788330006
584	9568256	10	2.0	4.0	10.0	0.0	10	8.0	4.0	10.0	0.0	-0.007074800435648017	-2.481268872558892	0.149582520499766	10.74649997313375	28.340999716590005
588	9633792	10	5.0	5.0	10.0	0.0	10	3.0	4.58257569495584	10.0	0.0	-0.008810947480916057	-2.4843820281222397	0.10699152095525823	10.521749973695625	32.81399967186
592	9699328	10	6.0	4.898979485566356	10.0	0.0	10	5.0	5.0	10.0	0.0	-0.008372157046058221	-2.496295489110792	0.14545977952306213	11.327999971679999	24.975999750240003
596	9764864	10	6.0	4.898979485566356	10.0	0.0	10	7.0	4.58257569495584	10.0	0.0	-0.0065556577797747165	-2.512805722392115	0.11442550969049495	11.822749970443127	25.474999745250006
600	9830400	10	3.0	4.58257569495584	10.0	0.0	10	8.0	4.0	10.0	0.0	-0.00786925934677618	-2.4973616498094127	0.1201040058582089	11.600749970998125	29.341999706580005
604	9895936	10	4.0	4.898979485566356	10.0	0.0	10	4.0	4.898979485566356	10.0	0.0	-0.007324841643968345	-2.4963152753693283	0.1623756964521842	11.14049997214875	26.598999734010004
608	9961472	10	4.0	4.898979485566356	10.0	0.0	10	6.0	4.898979485566356	10.0	0.0	-0.007400723107959835	-2.5066865853837674	0.15116325888449886	10.935249972661873	23.74299976257
612	10027008	10	5.3	5.367494760127857	13.0	0.0	10	8.0	4.0	10.0	0.0	-0.007581926786889764	-2.500327485042633	0.13542951440269665	11.731249970671877	33.268999667310005
616	10092544	10	5.0	5.0	10.0	0.0	10	6.0	4.898979485566356	10.0	0.0	-0.006695529224604322	-2.502382365105158	0.17113587460250168	12.152999969617499	21.924999780750003
620	10158080	10	2.0	4.0	10.0	0.0	10	7.0	4.58257569495584	10.0	0.0	-0.005978405433763278	-2.48543522729415	0.16919826947252775	10.969249972576876	24.532999754670005
624	10223616	10	3.0	4.58257569495584	10.0	0.0	10	0.0	0.0	0.0	0.0	-0.006958667499811484	-2.4815700846312327	0.16800940741276535	11.413999971465001	27.317999726820005
628	10289152	10	4.0	4.898979485566356	10.0	0.0	10	3.0	4.58257569495584	10.0	0.0	-0.0073841513529450285	-2.4563215397223193	0.1788433118692258	12.57199996857	26.211999737880003
632	10354688	10	3.0	4.58257569495584	10.0	0.0	10	6.0	4.898979485566356	10.0	0.0	-0.0070064023837987455	-2.4763165411753847	0.16481127564941175	12.12349996969125	16.831999831680005
636	10420224	10	4.0	4.898979485566356	10.0	0.0	10	7.0	4.58257569495584	10.0	0.0	-0.006493989411491894	-2.4786270109217337	0.13833497696046482	13.196249967009374	20.767999792320005
640	10485760	10	5.0	5.0	10.0	0.0	10	3.0	4.58257569495584	10.0	0.0	-0.008039319510995395	-2.4850162637625406	0.12036847368491535	13.071999967320002	18.727999812720004
644	10551296	10	4.0	4.898979485566356	10.0	0.0	10	8.0	4.0	10.0	0.0	-0.006834472902377362	-2.4672641701909783	0.1473210645530892	13.002249967494375	15.766999842330002
648	10616832	10	6.0	4.898979485566356	10.0	0.0	10	4.0	4.898979485566356	10.0	0.0	-0.007891674379694583	-2.502609021701	0.16733125750715935	13.158249967104377	25.531999744680004
652	10682368	10	4.0	4.898979485566356	10.0	0.0	10	7.0	4.58257569495584	10.0	0.0	-0.00801072805347683	-2.445610406243363	0.15915745487330965	12.562999968592498	17.073999829260003
656	10747904	10	2.0	4.0	10.0	0.0	10	5.0	5.0	10.0	0.0	-0.007414708401924243	-2.477315465351179	0.15649287494131975	12.0349999699125	29.132999708670003
660	10813440	10	6.0	4.898979485566356	10.0	0.0	10	8.0	4.0	10.0	0.0	-0.006149519035378956	-2.4952977694455276	0.11988482786025023	12.054999969862502	25.248999747510002
664	10878976	10	5.0	5.0	10.0	0.0	10	7.0	4.58257569495584	10.0	0.0	-0.006792273633638673	-2.5123989132409847	0.10130349083834891	13.0669999673325	20.816999791830003
668	10944512	10	4.0	4.898979485566356	10.0	0.0	10	3.0	4.58257569495584	10.0	0.0	-0.007361572060432864	-2.5136575075352425	0.11307288088123593	14.026749964933126	18.533999814660003
672	11010048	10	3.0	4.58257569495584	10.0	0.0	10	6.0	4.898979485566356	10.0	0.0	-0.007754550802121095	-2.462076477449966	0.1223381322991569	13.971749965070625	26.765999732340003
676	11075584	10	5.0	5.0	10.0	0.0	10	4.0	4.898979485566356	10.0	0.0	-0.007249010449568006	-2.480369214951907	0.15409310889998293	12.568999968577499	25.195999748040006
680	11141120	10	5.0	5.0	10.0	0.0	10	6.0	4.898979485566356	10.0	0.0	-0.007480862234366697	-2.476929733892555	0.12782313774250126	12.662749968343125	19.396999806030003
684	11206656	10	5.0	5.0	10.0	0.0	10	5.0	5.0	10.0	0.0	-0.008435481146413801	-2.492219894864829	0.163399009793119	13.698749965753123	17.507999824920002
688	11272192	10	6.0	4.898979485566356	10.0	0.0	10	3.0	4.58257569495584	10.0	0.0	-0.006879353730145118	-2.462722308677201	0.13503205231536514	11.663249970841875	21.029999789700003
692	11337728	10	8.0	4.0	10.0	0.0	10	6.0	4.898979485566356	10.0	0.0	-0.007298839719166952	-2.453513237081697	0.17140148772314412	12.653999968365	7.413999925860001
696	11403264	10	6.0	4.898979485566356	10.0	0.0	10	5.0	5.0	10.0	0.0	-0.007527053580941271	-2.4359856493717116	0.16464135087863713	12.485749968785626	23.277999767220003
700	11468800	10	3.0	4.58257569495584	10.0	0.0	10	6.0	4.898979485566356	10.0	0.0	-0.008467577423619805	-2.449256253484067	0.12461157002119573	13.153749967115626	20.977999790220004
704	11534336	10	4.0	4.898979485566356	10.0	0.0	10	3.0	4.58257569495584	10.0	0.0	-0.007870600587101362	-2.4621851466514877	0.1283005052500558	14.163249964591875	18.698999813010005
708	11599872	10	5.0	5.0	10.0	0.0	10	6.3	4.605431575867781	10.0	0.0	-0.006939414267015804	-2.469385238727993	0.12567590889764022	13.736249965659374	23.976999760230004
712	11665408	10	4.0	4.898979485566356	10.0	0.0	10	5.0	5.0	10.0	0.0	-0.007264936720428458	-2.475141552329523	0.13023163621354272	12.797999968005001	24.641999753580002
716	11730944	10	2.0	4.0	10.0	0.0	10	5.3	4.775981574503821	10.0	0.0	-0.007764938366663647	-2.4808642787137254	0.12750871167742187	12.776249968059377	25.934999740650003
720	11796480	10	4.0	4.898979485566356	10.0	0.0	10	3.0	4.58257569495584	10.0	0.0	-0.00758845364949976	-2.47280628705095	0.13705416713034493	12.314249969214375	25.047999749520002
724	11862016	10	4.3	4.73392015141785	10.0	0.0	10	7.0	4.58257569495584	10.0	0.0	-0.006657177220317138	-2.461133743069501	0.1449778018523484	12.028999969927503	15.884999841150002
728	11927552	10	8.0	4.0	10.0	0.0	10	4.0	4.898979485566356	10.0	0.0	-0.006194257471443558	-2.4740510828699436	0.14787589764855213	12.467499968831252	20.440999795590002
732	11993088	10	4.0	4.898979485566356	10.0	0.0	10	4.3	4.73392015141785	10.0	0.0	-0.006471795903591648	-2.492416098454248	0.17509322976421826	13.263999966840002	23.815999761840004
736	12058624	10	2.3	3.9509492530276824	10.0	0.0	10	7.0	4.58257569495584	10.0	0.0	-0.006188164585750735	-2.4893372155616422	0.17899284641877436	12.669999968324998	25.126999748730004
740	12124160	10	4.6	4.5431266766402185	10.0	0.0	10	8.3	3.4655446902326914	10.0	0.0	-0.006610983550286765	-2.4962597983462094	0.14474897884497737	12.618749968453125	24.549999754500003
744	12189696	10	2.3	3.950949253027682	10.0	0.0	10	1.0	3.0	10.0	0.0	-0.007349204865469447	-2.4907268357662637	0.1611963315543754	12.521249968696875	28.300999716990002
748	12255232	10	4.3	4.73392015141785	10.0	0.0	10	4.0	4.898979485566356	10.0	0.0	-0.006318606515629939	-2.498063062367895	0.17312340552977887	11.692749970768123	28.208999717910004
752	12320768	10	5.0	5.0	10.0	0.0	10	5.0	5.0	10.0	0.0	-0.005527120907603268	-2.4565036815826264	0.21973571256618601	11.272749971818127	28.424999715750005
756	12386304	10	4.0	4.898979485566356	10.0	0.0	10	3.3	4.473253849269008	10.0	0.0	-0.007401705091814557	-2.48124048584682	0.18246487425291752	11.2409999718975	28.660999713390005
760	12451840	10	6.3	4.605431575867781	10.0	0.0	10	6.3	4.605431575867781	10.0	0.0	-0.006474682066186783	-2.445601785921613	0.1724788224300139	11.3949999715125	28.380999716190004
764	12517376	10	1.6	3.0397368307141326	10.0	0.0	10	5.3	4.775981574503821	10.0	0.0	-0.0070218255270408664	-2.4030142150799687	0.1653224863715864	11.2269999719325	31.113999688860005
768	12582912	10	2.0	4.0	10.0	0.0	10	3.9	4.846648326421054	13.0	0.0	-0.0065440262956907	-2.3658702321369653	0.1688379266433875	10.478499973803748	30.646999693530002
772	12648448	10	2.3	3.950949253027682	10.0	0.0	10	5.3	5.367494760127856	13.0	0.0	-0.006300066485538783	-2.3930977754285587	0.17224679388795158	11.20149997199625	30.680999693190007
776	12713984	10	3.0	4.58257569495584	10.0	0.0	10	4.6	4.5431266766402185	10.0	0.0	-0.006498996626083366	-2.4058318234957556	0.19750504876602698	10.427499973931251	29.494999705050006
780	12779520	10	1.3	3.034798181098703	10.0	0.0	10	7.0	4.58257569495584	10.0	0.0	-0.006182350171570991	-2.4127805031806244	0.20056709257038335	11.185249972036875	33.23299966767
784	12845056	10	3.2	4.4	13.0	0.0	10	5.3	4.775981574503821	10.0	0.0	-0.006559738570936464	-2.4228289969225205	0.16814108098036956	10.165749974585626	32.08799967912
788	12910592	10	7.0	4.58257569495584	10.0	0.0	10	4.0	4.898979485566356	10.0	0.0	-0.005828555515107935	-2.378245735914134	0.17546522087762864	10.516249973709375	31.607999683920006
792	12976128	10	4.3	4.73392015141785	10.0	0.0	10	5.6	4.521061822182927	10.0	0.0	-0.005576533255129688	-2.359825767330879	0.19103638887898958	10.77599997306	31.765999682340002
796	13041664	10	8.0	4.0	10.0	0.0	10	5.0	5.0	10.0	0.0	-0.007029352267510673	-2.374372993659008	0.18780879883933246	10.506249973734375	30.836999691630005
800	13107200	10	2.3	3.950949253027682	10.0	0.0	10	5.0	5.0	10.0	0.0	-0.005594979393838481	-2.410175308334107	0.15061569817657947	11.195999972010002	28.873999711260005
804	13172736	10	4.6	4.5431266766402185	10.0	0.0	10	6.0	4.898979485566356	10.0	0.0	-0.006287734278230209	-2.4166242676442846	0.1588839965241301	13.1689999670775	20.827999791720003
808	13238272	10	6.6	4.923413450036469	13.0	0.0	10	6.3	4.605431575867781	10.0	0.0	-0.006692680832717819	-2.393469867357638	0.1838430044981069	14.37049996407375	18.775999812240002
812	13303808	10	5.0	5.0	10.0	0.0	10	6.3	4.605431575867782	10.0	0.0	-0.006072143404985165	-2.372715122750603	0.21788756896334668	13.702999965742501	19.267999807320003
816	13369344	10	6.0	4.898979485566356	10.0	0.0	10	5.0	5.0	10.0	0.0	-0.006033490893947269	-2.425019194429833	0.1719890269271688	13.544999966137501	21.570999784290006
820	13434880	10	3.6	4.340506882842141	10.0	0.0	10	5.0	5.0	10.0	0.0	-0.0056294043540115885	-2.4430588630277184	0.17946758278483543	12.907999967730001	26.743999732560003
824	13500416	10	6.0	4.898979485566356	10.0	0.0	10	9.3	2.1	10.0	3.0	-0.006799970415663225	-2.4302678205024875	0.19079879840090203	11.939749970150627	33.02099966979001
828	13565952	10	2.3	3.9509492530276824	10.0	0.0	10	5.6	5.141984052872976	13.0	0.0	-0.005213276591714848	-2.424400130655153	0.20837919706791624	10.070749974823126	33.51299966487
832	13631488	10	5.0	5.0	10.0	0.0	10	6.3	4.605431575867781	10.0	0.0	-0.005563286687929112	-2.437597450856764	0.20672818705769674	10.046249974884374	33.66499966335
836	13697024	10	5.3	4.775981574503821	10.0	0.0	10	3.6	4.340506882842141	10.0	0.0	-0.006596594337598747	-2.440084685627757	0.20121346008420113	10.52949997367625	33.889999661100006
840	13762560	10	5.6	4.521061822182926	10.0	0.0	10	3.0	4.58257569495584	10.0	0.0	-0.00662568005091799	-2.4491864912144186	0.1664891878435188	10.777749973055624	33.89299966107001
844	13828096	10	4.0	4.898979485566356	10.0	0.0	10	6.3	4.605431575867781	10.0	0.0	-0.005855840913981697	-2.4791306825876673	0.18141585834918136	10.793249973016874	30.325999696740006
848	13893632	10	6.3	4.605431575867781	10.0	0.0	10	4.3	4.73392015141785	10.0	0.0	-0.007025759858026493	-2.4431831635473307	0.15318635834027056	11.773749970565625	27.366999726330004
852	13959168	10	2.3	3.9509492530276824	10.0	0.0	10	3.9	4.182104733265296	10.0	0.0	-0.006047415061379107	-2.4367790244464924	0.160092140919306	11.697249970756873	27.626999723730002
856	14024704	10	4.3	4.73392015141785	10.0	0.0	10	4.3	4.73392015141785	10.0	0.0	-0.0061853319366111876	-2.441599398597061	0.20231545403975812	11.61049997097375	27.008999729910006
860	14090240	10	2.0	4.0	10.0	0.0	10	4.3	4.73392015141785	10.0	0.0	-0.006763644695237122	-2.4309893148592034	0.20367147189306067	11.912499970218752	25.706999742930005
864	14155776	10	8.0	4.0	10.0	0.0	10	7.0	4.58257569495584	10.0	0.0	-0.006677350132942495	-2.447766164683633	0.15234917672316234	11.780249970549376	25.761999742380006
868	14221312	10	9.3	2.1	10.0	3.0	10	4.9	4.323193264243458	10.0	0.0	-0.00656823315443737	-2.44668355807011	0.1524908964673779	12.711249968221875	27.304999726950005
872	14286848	10	5.3	5.367494760127857	13.0	0.0	10	5.6	4.521061822182927	10.0	0.0	-0.0067723090438063845	-2.438726760192991	0.1387172134759073	11.371749971570624	26.938999730610004
876	14352384	10	3.6	4.983974317750846	13.0	0.0	10	7.3	4.196427051671457	10.0	0.0	-0.006566701846696771	-2.4203014718951907	0.16558496372912043	12.218249969454376	23.705999762940003
880	14417920	10	5.3	4.775981574503821	10.0	0.0	10	4.3	4.73392015141785	10.0	0.0	-0.007161922994643095	-2.4398554709992433	0.17333276474905485	13.019749967450624	29.353999706460005
884	14483456	10	4.6	4.5431266766402185	10.0	0.0	10	7.0	4.58257569495584	10.0	0.0	-0.0064977001134949525	-2.445261607312754	0.17876174213675702	11.389999971525	26.313999736860005
888	14548992	10	3.9	4.182104733265296	10.0	0.0	10	5.0	5.0	10.0	0.0	-0.006454586215653829	-2.436455627028663	0.17532237819121888	11.01199997247	29.838999701610003
892	14614528	10	5.3	4.775981574503821	10.0	0.0	10	4.3	5.330103188494571	13.0	0.0	-0.0066832662359058445	-2.4096384791009933	0.1898463679435036	11.354999971612498	30.826999691730006
896	14680064	10	4.3	4.73392015141785	10.0	0.0	10	6.3	4.605431575867781	10.0	0.0	-0.007789443753100558	-2.4256723942812775	0.17245675124915102	10.652749973368126	30.531999694680003
900	14745600	10	8.3	3.4655446902326914	10.0	0.0	10	5.0	5.0	10.0	0.0	-0.007456760503506264	-2.426869143789534	0.12608945942722613	10.537999973655001	20.904999790950004
904	14811136	10	4.3	4.73392015141785	10.0	0.0	10	7.0	4.58257569495584	10.0	0.0	-0.006752725349142498	-2.4169424198533744	0.20450117188548692	12.32749996918125	25.846999741530006
908	14876672	10	3.0	4.58257569495584	10.0	0.0	10	5.6	4.521061822182927	10.0	0.0	-0.006868381467223432	-2.415803732719704	0.14751450475320912	11.89549997026125	25.532999744670004
912	14942208	10	3.3	4.473253849269008	10.0	0.0	10	6.6	4.2708313008125245	10.0	0.0	-0.006667185365498023	-2.3989768870159476	0.15961537950872193	12.539749968650627	23.396999766030003
916	15007744	10	4.6	4.5431266766402185	10.0	0.0	10	5.9	4.887739763939975	13.0	0.0	-0.007504623612907207	-2.3982888184473126	0.2100755545712729	13.676499965808752	22.747999772520004
920	15073280	10	4.3	4.73392015141785	10.0	0.0	10	4.6	4.5431266766402185	10.0	0.0	-0.007295234465192266	-2.3950157883255323	0.16737753678853232	12.714499968213747	22.514999774850004
924	15138816	10	9.0	3.0	10.0	0.0	10	7.3	4.859012245302536	13.0	0.0	-0.006478690544031129	-2.3997333047274445	0.12985603455653646	12.614749968463125	12.12299987877
928	15204352	10	7.3	4.196427051671457	10.0	0.0	10	8.3	4.243819034784589	13.0	0.0	-0.006865198529231182	-2.415570981548934	0.1572460502532736	13.49749996625625	7.6589999234100015
932	15269888	10	4.3	4.73392015141785	10.0	0.0	10	6.2	5.2115256883181535	13.0	0.0	-0.006707619309871394	-2.4152370887465713	0.16221364058106208	11.92249997019375	25.373999746260004
936	15335424	10	4.0	4.898979485566356	10.0	0.0	10	2.3	3.9509492530276824	10.0	0.0	-0.00770279063343373	-2.410487957047663	0.16104793515862315	11.8069999704825	25.691999743080004
940	15400960	10	5.0	5.0	10.0	0.0	10	6.6	4.2708313008125245	10.0	0.0	-0.0073515067189491795	-2.409604117023284	0.15495005488954713	12.108749969728127	25.598999744010005
944	15466496	10	3.0	4.58257569495584	10.0	0.0	10	6.3	4.605431575867782	10.0	0.0	-0.005986423830091577	-2.381922391305603	0.12323450745972783	11.753999970615	25.967999740320003
948	15532032	10	5.0	5.0	10.0	0.0	10	4.0	4.898979485566356	10.0	0.0	-0.006983729846251786	-2.389956759660835	0.12098337599989172	11.985999970035001	25.886999741130005
952	15597568	10	5.3	4.775981574503821	10.0	0.0	10	5.3	4.775981574503821	10.0	0.0	-0.006842215995872124	-2.414752187576686	0.1525382176658811	12.637999968405	26.467999735320003
956	15663104	10	2.6	4.586937976471886	13.0	0.0	10	4.3	4.73392015141785	10.0	0.0	-0.0072267601006742255	-2.4064038120187026	0.1481191615885432	12.072749969818124	25.656999743430003
960	15728640	10	5.3	4.775981574503821	10.0	0.0	10	6.3	4.605431575867782	10.0	0.0	-0.007617335649345084	-2.3935517641395507	0.16598317964446582	11.960249970099374	25.188999748110003
964	15794176	10	4.3	4.73392015141785	10.0	0.0	10	1.6	3.0397368307141326	10.0	0.0	-0.007465166482820674	-2.375243338198401	0.13304080859303438	11.374749971563126	27.780999722190003
968	15859712	10	4.9	4.52658811910251	10.0	0.0	10	3.9	4.846648326421054	13.0	0.0	-0.007514485278509419	-2.3724842938296264	0.18333089310939246	11.355499971611252	28.318999716810005
972	15925248	10	2.3	3.9509492530276824	10.0	0.0	10	4.6	4.5431266766402185	10.0	0.0	-0.007119557070095269	-2.398985748239803	0.18001202065174715	11.92149997019625	25.573999744260007
976	15990784	10	4.6	4.5431266766402185	10.0	0.0	10	6.9	4.592385001282014	13.0	0.0	-0.006984336377354399	-2.413224478311295	0.17648605651246416	11.954749970113125	26.323999736760005
980	16056320	10	6.3	4.605431575867782	10.0	0.0	10	8.3	4.243819034784589	13.0	0.0	-0.007206084541856401	-2.42435940081456	0.17717888111265642	11.7329999706675	12.067999879320002
984	16121856	10	6.3	5.21632054229799	13.0	0.0	10	6.6	4.2708313008125245	10.0	0.0	-0.007537615960066763	-2.4308335058342503	0.18794349757548937	11.419749971450626	22.862999771370003
988	16187392	10	2.3	3.9509492530276824	10.0	0.0	10	5.6	5.141984052872977	13.0	0.0	-0.00686352379053815	-2.364576217782553	0.2281611858008559	11.571499971071251	27.524999724750003
992	16252928	10	7.6	4.476605857119878	13.0	0.0	10	4.9	4.968903299521938	13.0	0.0	-0.006544964576506016	-2.404425610848146	0.20980644580895721	12.727749968180625	30.906999690930004
996	16318464	10	6.3	4.605431575867781	10.0	0.0	10	4.6	4.5431266766402185	10.0	0.0	-0.00698908744307075	-2.4516646387606107	0.16980368944910146	10.73949997315125	27.898999721010007
1000	16384000	10	3.9	4.182104733265297	10.0	0.0	10	5.3	5.367494760127857	13.0	0.0	-0.007791108390339103	-2.4428223269620055	0.2040032967712568	10.918249972704375	30.531999694680003
1004	16449536	10	7.9	4.036087214122113	13.0	0.0	10	4.0	4.898979485566356	10.0	0.0	-0.007054830189971343	-2.4574530171774995	0.1846191027630282	11.105999972235	31.028999689710005
1008	16515072	10	5.6	5.141984052872976	13.0	0.0	10	5.3	4.775981574503821	10.0	0.0	-0.006835828757676071	-2.4401419507902187	0.17089295144896266	10.47149997382125	32.155999678440004
1012	16580608	10	4.9	4.968903299521937	13.0	0.0	10	6.3	5.21632054229799	13.0	0.0	-0.0067440422092000405	-2.390771711617022	0.19306141330091262	10.374249974064375	30.910999690890005
1016	16646144	10	3.6	4.340506882842141	10.0	0.0	10	5.3	4.775981574503821	10.0	0.0	-0.005872002101260294	-2.422437841441223	0.1646472337328995	10.531249973671875	30.843999691560008
1020	16711680	10	5.3	4.775981574503821	10.0	0.0	10	5.5	4.5	13.0	0.0	-0.00790488466775784	-2.4236548167922707	0.15668433623618924	10.514249973714376	31.048999689510005
1024	16777216	10	3.3	4.473253849269008	10.0	0.0	10	3.2	3.655133376499413	10.0	0.0	-0.006499599567713556	-2.3929843378554554	0.18436779863764108	10.573249973566877	30.567999694320008
1028	16842752	10	2.3	3.950949253027682	10.0	0.0	10	5.6	4.521061822182926	10.0	0.0	-0.007528649867833997	-2.3541184636485104	0.17100492141290885	11.172749972068125	29.985999700140006
1032	16908288	10	4.0	4.898979485566356	10.0	0.0	10	3.3	4.473253849269008	10.0	0.0	-0.006874184928661649	-2.3555893423686407	0.15484141634406018	11.280249971799375	27.540999724590005
1036	16973824	10	3.3	4.473253849269008	10.0	0.0	10	6.6	4.923413450036469	13.0	0.0	-0.007152477339193388	-2.362136741233182	0.15656042640639686	12.31449996921375	25.549999744500006
1040	17039360	10	4.9	4.968903299521937	13.0	0.0	10	7.2	4.214261501141095	13.0	0.0	-0.0065884702628367505	-2.3817676824830505	0.153293279138879	11.654749970863126	25.707999742920002
1044	17104896	10	5.3	4.775981574503821	10.0	0.0	10	5.0	5.0	10.0	0.0	-0.006552401606843769	-2.3916415420663535	0.18058290804097007	11.702749970743126	28.203999717960006
1048	17170432	10	5.3	4.775981574503821	10.0	0.0	10	7.0	4.58257569495584	10.0	0.0	-0.006350660533467795	-2.3917416083308134	0.17373549501774957	11.752749970618124	20.462999795370003
1052	17235968	10	3.3	4.473253849269008	10.0	0.0	10	5.3	4.775981574503821	10.0	0.0	-0.007294325154814847	-2.384350637346489	0.15870327004130558	11.241749971895626	33.65099966349001
1056	17301504	10	5.3	5.367494760127856	13.0	0.0	10	5.6	5.141984052872976	13.0	0.0	-0.00870775928494308	-2.3962623151627516	0.13837452751384713	9.871249975321875	33.46499966535001
1060	17367040	10	4.6	5.161395160225576	13.0	0.0	10	6.2	4.6000000000000005	13.0	0.0	-0.006713765240933197	-2.436511399591479	0.15159283274136914	10.433749973915624	30.963999690360005
1064	17432576	10	3.3	4.473253849269008	10.0	0.0	10	6.3	4.605431575867781	10.0	0.0	-0.005918440294398181	-2.413394743946132	0.13017292901448943	10.582749973543127	30.953999690460005
1068	17498112	10	7.3	4.196427051671457	10.0	0.0	10	2.6	3.8781438859330635	10.0	0.0	-0.007991414315030297	-2.419607437895025	0.1671224667050947	10.9769999725575	28.597999714020002
1072	17563648	10	5.6	4.521061822182927	10.0	0.0	10	8.9	3.935733730830886	13.0	0.0	-0.006916211534075533	-2.40530351275979	0.16013756586743727	11.741749970645625	18.331999816680003
1076	17629184	10	5.3	4.775981574503821	10.0	0.0	10	5.6	4.521061822182927	10.0	0.0	-0.007583286646390479	-2.35652733569632	0.22405193635101758	11.241249971896876	31.916999680830006
1080	17694720	10	7.3	4.196427051671457	10.0	0.0	10	6.9	4.592385001282013	13.0	0.0	-0.008296599460405956	-2.37150850619011	0.17108662168575847	10.893249972766876	30.885999691140004
1084	17760256	10	5.3	4.775981574503821	10.0	0.0	10	6.3	4.605431575867782	10.0	0.0	-0.007220513822030337	-2.3630511062862634	0.1964973210307665	11.1809999720475	29.169999708300008
1088	17825792	10	7.3	4.196427051671457	10.0	0.0	10	5.6	4.521061822182926	10.0	0.0	-0.00732486327539033	-2.3940604028592154	0.193106290243319	11.132249972169374	28.800999711990002
1092	17891328	10	4.6	5.161395160225576	13.0	0.0	10	6.9	4.109744517606903	10.0	0.0	-0.008508232175116849	-2.3926284434885923	0.14697904409861876	11.01149997247125	28.378999716210007
1096	17956864	10	6.3	5.21632054229799	13.0	0.0	10	5.0	5.0	10.0	0.0	-0.007055864081720338	-2.403808906423988	0.14739390856913687	11.128249972179377	28.204999717950002
1100	18022400	10	5.3	4.775981574503821	10.0	0.0	10	5.3	4.775981574503821	10.0	0.0	-0.008406344848818238	-2.442219758772765	0.11872501336353597	11.160749972098126	28.183999718160006
1104	18087936	10	5.0	5.0	10.0	0.0	10	3.6	4.340506882842141	10.0	0.0	-0.006726986131279355	-2.396273535737129	0.19593295732334745	11.517999971205	28.419999715800007
1108	18153472	10	2.3	3.9509492530276824	10.0	0.0	10	7.0	4.58257569495584	10.0	0.0	-0.00876452672339793	-2.3993032224460586	0.14734551588401168	12.297249969256873	27.549999724500005
1112	18219008	10	5.6	5.141984052872977	13.0	0.0	10	8.0	4.0	10.0	0.0	-0.00685372342730415	-2.394243567932591	0.16004570851297972	11.56449997108875	27.453999725460005
1116	18284544	10	7.0	4.58257569495584	10.0	0.0	10	4.6	4.5431266766402185	10.0	0.0	-0.006529554408721639	-2.4075930910781476	0.1574037691103866	11.8789999703025	16.348999836510004
1120	18350080	10	4.9	5.539855593785816	13.0	0.0	10	4.3	4.73392015141785	10.0	0.0	-0.007429724708783749	-2.403986776618087	0.12251925824175568	11.909499970226252	28.013999719860003
1124	18415616	10	3.6	4.340506882842141	10.0	0.0	10	5.9	4.2296571965113205	10.0	0.0	-0.0063370103131160605	-2.405123769986435	0.163478472796314	11.317249971706875	30.966999690330002
1128	18481152	10	6.3	4.605431575867781	10.0	0.0	10	8.3	3.4655446902326914	10.0	0.0	-0.007273803792941404	-2.3973875838007683	0.14786254093062925	11.099249972251874	28.707999712920003
1132	18546688	10	3.6	4.340506882842141	10.0	0.0	10	9.0	3.0	10.0	0.0	-0.008442996515168187	-2.4340646363742846	0.14564226868907937	11.501749971245625	22.266999777330003
1136	18612224	10	7.0	4.58257569495584	10.0	0.0	10	5.3	4.775981574503821	10.0	0.0	-0.006960021743485581	-2.429763150458754	0.13568535779431198	11.503999971239999	27.252999727470005
1140	18677760	10	7.3	4.196427051671457	10.0	0.0	10	5.3	4.775981574503821	10.0	0.0	-0.008126578702773175	-2.3943010143925143	0.2187066192821333	11.404999971487502	18.374999816250003
1144	18743296	10	3.9	4.182104733265296	10.0	0.0	10	10.0	0.0	10.0	10.0	-0.007643372828586433	-2.3743906117985913	0.21396979563192886	11.584249971039375	15.021999849780002
1148	18808832	10	3.0	4.58257569495584	10.0	0.0	10	7.9	4.72122865364515	13.0	0.0	-0.00824974224850709	-2.396407497176248	0.2256519848556207	12.424749968938125	18.797999812020002
1152	18874368	10	4.0	4.898979485566356	10.0	0.0	10	6.3	4.605431575867782	10.0	0.0	-0.007120051578129147	-2.4180932663345778	0.21246130187955678	11.842749970393125	28.924999710750004
1156	18939904	10	7.3	4.196427051671457	10.0	0.0	10	3.0	4.58257569495584	10.0	0.0	-0.0075469761593943	-2.399661476163444	0.2110369950313083	12.092749969768125	25.222999747770004
1160	19005440	10	7.6	4.476605857119878	13.0	0.0	10	5.3	4.775981574503821	10.0	0.0	-0.00659811001900771	-2.3656450010855434	0.2336257109175151	12.319499969201251	20.283999797160003
1164	19070976	10	4.0	4.898979485566356	10.0	0.0	10	6.3	4.605431575867782	10.0	0.0	-0.007513876189907705	-2.3833199438950325	0.21995240012997022	11.216249971959376	28.504999714950003
1168	19136512	10	3.0	4.58257569495584	10.0	0.0	10	4.9	4.323193264243458	10.0	0.0	-0.008018483227486549	-2.398032277572699	0.1877897182904768	11.861749970345626	25.505999744940006
1172	19202048	10	5.3	4.775981574503821	10.0	0.0	10	7.6	4.476605857119878	13.0	0.0	-0.008457251154169508	-2.377538000296252	0.1945162499120866	12.153999969615	23.717999762820003
1176	19267584	10	5.3	5.367494760127856	13.0	0.0	10	9.6	3.411744421846396	13.0	0.0	-0.008754067027436916	-2.392237173765059	0.20455849478994853	12.3229999691925	18.542999814570003
1180	19333120	10	5.0	5.0	10.0	0.0	10	6.0	4.898979485566356	10.0	0.0	-0.008175759165530455	-2.406634521730389	0.1861029925251858	12.404999968987502	20.077999799220002
1184	19398656	10	4.3	4.73392015141785	10.0	0.0	10	6.6	4.2708313008125245	10.0	0.0	-0.0074797838743900875	-2.3804435777171373	0.20231857598824834	11.7949999705125	26.534999734650004
1188	19464192	10	5.6	4.715930449020639	10.0	0.0	10	5.3	4.775981574503821	10.0	0.0	-0.007473900292531951	-2.3874628566202087	0.1908808126846797	11.880249970299376	28.427999715720006
1192	19529728	10	6.3	4.605431575867782	10.0	0.0	10	7.9	3.207802986469088	10.0	3.0	-0.007557764401221348	-2.362627270074944	0.1685186008902436	11.190249972024374	23.248999767510004
1196	19595264	10	9.3	3.2264531609803355	13.0	0.0	10	5.6	5.141984052872976	13.0	0.0	-0.008070552344854445	-2.366634823135376	0.1796941406216797	11.736749970658126	17.51399982486
1200	19660800	10	4.6	4.5431266766402185	10.0	0.0	10	6.6	4.2708313008125245	10.0	0.0	-0.008462376282930062	-2.3961126553503167	0.14915549295642466	12.907499967731251	23.166999768330005
1204	19726336	10	6.6	5.499090833947008	13.0	0.0	10	5.3	4.775981574503821	10.0	0.0	-0.007295088960591912	-2.38642680123425	0.19472804927411802	12.748749968128127	18.669999813300006
1208	19791872	10	3.3	4.473253849269008	10.0	0.0	10	6.9	3.8845849199110063	10.0	0.0	-0.008155864165382101	-2.4172600877747255	0.17119046756766673	12.521999968695003	23.392999766070005
1212	19857408	10	3.3	4.473253849269008	10.0	0.0	10	7.0	4.58257569495584	10.0	0.0	-0.007203620957178177	-2.3938370990246414	0.17959556594793302	12.53849996865375	11.457999885420001
1216	19922944	10	4.3	4.73392015141785	10.0	0.0	10	5.0	5.0	10.0	0.0	-0.0077264673519631	-2.3913278900079438	0.19935569289236865	13.772749965568126	20.689999793100004
1220	19988480	10	7.3	4.196427051671457	10.0	0.0	10	7.0	4.58257569495584	10.0	0.0	-0.008014510360604082	-2.430070891723224	0.16783574889217925	13.037999967404998	18.435999815640002
1224	20054016	10	6.3	4.605431575867782	10.0	0.0	10	4.6	5.161395160225576	13.0	0.0	-0.008167578850041428	-2.446986573182955	0.14705057246630948	13.385249966536875	19.27199980728
1228	20119552	10	5.3	4.775981574503821	10.0	0.0	10	4.6	5.161395160225576	13.0	0.0	-0.007126914038220763	-2.420752964661683	0.16112152275813635	13.629249965926874	20.828999791710004
1232	20185088	10	5.6	5.141984052872977	13.0	0.0	10	4.6	4.5431266766402185	10.0	0.0	-0.007812845299157297	-2.4294864607306814	0.17029976804208533	13.528249966179375	20.712999792870004
1236	20250624	10	7.3	4.196427051671457	10.0	0.0	10	7.3	4.859012245302536	13.0	0.0	-0.008359998291515854	-2.403944658485977	0.1728673719155277	12.921499967696251	11.580999884190001
1240	20316160	10	4.0	4.898979485566356	10.0	0.0	10	3.6	4.340506882842141	10.0	0.0	-0.007934981838623437	-2.413251084334604	0.18021904116481804	12.929749967675626	21.773999782260006
1244	20381696	10	5.9	4.887739763939975	13.0	0.0	10	8.2	3.762977544445356	13.0	0.0	-0.007681407932177743	-2.427934850002738	0.1998029448815178	14.16649996458375	18.59199981408
1248	20447232	10	7.0	4.58257569495584	10.0	0.0	10	5.9	4.2296571965113205	10.0	0.0	-0.008184652752845606	-2.4171942916974807	0.16499726689875002	14.237249964406875	23.152999768470004
1252	20512768	10	6.6	5.499090833947008	13.0	0.0	10	7.6	5.102940328869229	13.0	0.0	-0.008061577812510847	-2.372859346122729	0.19244494271633095	12.978249967554376	24.05399975946
1256	20578304	10	6.3	5.21632054229799	13.0	0.0	10	4.2	3.9949968710876362	10.0	0.0	-0.00774142956571573	-2.3793474979703695	0.17776019388199893	12.657999968355	17.282999827170006
1260	20643840	10	7.6	5.102940328869229	13.0	0.0	10	6.0	4.898979485566356	10.0	0.0	-0.0073869151860774685	-2.369956068447721	0.18320817723514063	12.843749967890627	24.101999758980003
1264	20709376	10	7.3	4.196427051671457	10.0	0.0	10	8.0	4.0	10.0	0.0	-0.008099509921284161	-2.3880263912177058	0.19392463896576614	12.165749969585624	22.416999775830003
1268	20774912	10	4.3	4.73392015141785	10.0	0.0	10	3.6	4.340506882842141	10.0	0.0	-0.007979455691765384	-2.402150310325738	0.16597498850720252	12.771749968070626	25.607999743920004
1272	20840448	10	4.6	4.5431266766402185	10.0	0.0	10	6.3	4.605431575867781	10.0	0.0	-0.008133912929893149	-2.391558997083929	0.15088394220588472	12.104249969739376	28.239999717600003
1276	20905984	10	4.3	4.73392015141785	10.0	0.0	10	7.6	4.476605857119878	13.0	0.0	-0.0074259010523893805	-2.3820302980643766	0.18773623150369964	11.702999970742502	27.523999724760007
1280	20971520	10	4.0	4.898979485566356	10.0	0.0	10	5.3	4.775981574503821	10.0	0.0	-0.007346525739035542	-2.3485306424436354	0.1836699410150357	11.5109999712225	28.304999716950004
1284	21037056	10	4.0	4.898979485566356	10.0	0.0	10	6.2	3.8935844667863573	10.0	0.0	-0.00825839209002953	-2.3149904854667738	0.16885251728611142	12.54549996863625	25.625999743740007
1288	21102592	10	0.6	1.2	3.0	0.0	10	4.3	4.73392015141785	10.0	0.0	-0.008215533163571055	-2.3898568945620506	0.1555731951407462	12.731499968171251	22.958999770410003
1292	21168128	10	6.6	4.2708313008125245	10.0	0.0	10	7.3	4.196427051671457	10.0	0.0	-0.008619671890312718	-2.3958341923840627	0.16691112671792316	13.05649996735875	23.571999764280005
1296	21233664	10	6.0	4.898979485566356	10.0	0.0	10	8.0	4.0	10.0	0.0	-0.006332870935943611	-2.403271967915692	0.14754207221185572	13.08449996728875	17.676999823230002
1300	21299200	10	5.6	4.521061822182927	10.0	0.0	10	6.3	5.21632054229799	13.0	0.0	-0.007228320524371874	-2.432019464418276	0.14879525233993696	13.164499967088751	20.662999793370002
1304	21364736	10	5.6	5.141984052872977	13.0	0.0	10	4.3	4.73392015141785	10.0	0.0	-0.007472429916085727	-2.400185701497716	0.15293234693776953	13.702749965743124	15.905999840940003
1308	21430272	10	4.3	4.73392015141785	10.0	0.0	10	7.9	4.036087214122113	13.0	0.0	-0.008150640893654618	-2.3718979579719783	0.14805610538470265	13.706499965733748	21.560999784390003
1312	21495808	10	6.2	5.3814496188294845	16.0	0.0	10	5.6	4.521061822182927	10.0	0.0	-0.007847047538629878	-2.378133892765278	0.17851053867181818	12.497499968756252	23.270999767290004
1316	21561344	10	5.6	4.521061822182927	10.0	0.0	10	7.0	4.58257569495584	10.0	0.0	-0.0075390089591290885	-2.3765401564546442	0.18859445612154843	12.587499968531251	31.028999689710005
1320	21626880	10	5.0	5.0	10.0	0.0	10	6.6	4.2708313008125245	10.0	0.0	-0.007375432235817491	-2.36543545102275	0.19496658364763483	11.222249971944375	18.331999816680003
1324	21692416	10	6.3	4.605431575867781	10.0	0.0	10	5.0	5.0	10.0	0.0	-0.00726069493051462	-2.4034400008598773	0.20046422993228316	11.903749970240623	27.022999729770003
1328	21757952	10	6.9	5.204805471869242	13.0	0.0	10	9.3	2.1	10.0	3.0	-0.00733235515917253	-2.3856498422720493	0.16638777985366976	11.193249972016876	19.436999805630006
1332	21823488	10	3.3	5.1	13.0	0.0	10	5.9	4.2296571965113205	10.0	0.0	-0.007963512487326248	-2.377147654444712	0.17692099688283947	12.018999969952498	27.385999726140003
1336	21889024	10	5.6	5.141984052872976	13.0	0.0	10	4.3	4.73392015141785	10.0	0.0	-0.006891908344075381	-2.361116868508278	0.15158552907690911	12.000499969998751	27.14699972853
1340	21954560	10	7.9	4.036087214122113	13.0	0.0	10	5.0	5.0	10.0	0.0	-0.009421115276916355	-2.3490288404163584	0.14568803977876751	11.764999970587501	27.014999729850004
1344	22020096	10	8.6	3.720215047547655	13.0	0.0	10	7.3	4.859012245302536	13.0	0.0	-0.007598301864281664	-2.3538485464982	0.1728648950631408	12.491249968771875	20.508999794910004
1348	22085632	10	6.6	4.923413450036469	13.0	0.0	10	7.6	5.102940328869229	13.0	0.0	-0.007988706134484982	-2.406850355116152	0.13201016706281177	12.02949996992625	20.935999790640004
1352	22151168	10	6.6	4.2708313008125245	10.0	0.0	10	8.3	3.4655446902326914	10.0	0.0	-0.00752298777340157	-2.38446367258824	0.1782666194687857	12.237999969405	26.244999737550007
1356	22216704	10	6.6	4.2708313008125245	10.0	0.0	10	6.6	4.2708313008125245	10.0	0.0	-0.008302778943333634	-2.389393957703763	0.14829351844583977	11.69049997077375	26.439999735600004
1360	22282240	10	7.3	4.196427051671457	10.0	0.0	10	5.9	4.2296571965113205	10.0	0.0	-0.007552947028490606	-2.4131917205919406	0.13583609778571282	12.421249968946874	24.994999750050006
1364	22347776	10	5.9	4.887739763939975	13.0	0.0	10	3.6	4.983974317750845	13.0	0.0	-0.008082078470646901	-2.3919095469009775	0.11381160893533725	12.075249969811875	27.323999726760007
1368	22413312	10	5.3	4.775981574503821	10.0	0.0	10	6.6	4.923413450036469	13.0	0.0	-0.008105082936167525	-2.424798374122124	0.1524474331174192	11.284249971789375	28.076999719230006
1372	22478848	10	4.6	4.5431266766402185	10.0	0.0	10	6.3	4.605431575867782	10.0	0.0	-0.007404253021818755	-2.42100146884336	0.17767093515035495	11.111249972221875	29.587999704120005
1376	22544384	10	4.6	5.161395160225576	13.0	0.0	10	8.0	4.0	10.0	0.0	-0.00795576526957618	-2.415843039499402	0.2045950690692133	10.90549997273625	28.636999713630004
1380	22609920	10	4.0	4.898979485566356	10.0	0.0	10	5.2	4.749736834815167	13.0	0.0	-0.0076248358446961975	-2.4323025219092314	0.16032748815175238	10.509249973726876	30.812999691870004
1384	22675456	10	4.3	4.73392015141785	10.0	0.0	10	7.9	4.72122865364515	13.0	0.0	-0.008230024654395245	-2.435477194433035	0.14436577476299023	10.504499973738751	31.588999684110004
1388	22740992	10	4.0	4.898979485566356	10.0	0.0	10	4.3	4.73392015141785	10.0	0.0	-0.008161887845804084	-2.4115213923127783	0.12968182562430886	10.867749972830627	29.52499970475
1392	22806528	10	3.0	4.58257569495584	10.0	0.0	10	7.9	4.036087214122113	13.0	0.0	-0.007418273073032681	-2.415250730759643	0.16478306309466187	11.5309999711725	25.909999740900005
1396	22872064	10	3.0	4.58257569495584	10.0	0.0	10	7.3	4.196427051671457	10.0	0.0	-0.007081674850137992	-2.4145609187551487	0.15582230887304827	12.154249969614375	27.250999727490004
1400	22937600	10	4.3	4.73392015141785	10.0	0.0	10	6.9	3.8845849199110063	10.0	0.0	-0.008033387109886991	-2.412358648823744	0.15623350432067387	11.928749970178126	27.179999728200006
1404	23003136	10	1.6	3.0397368307141326	10.0	0.0	10	3.2	4.4	13.0	0.0	-0.007919982904325393	-2.420130962874721	0.16907265020014986	11.67149997082125	26.862999731370003
1408	23068672	10	4.6	5.161395160225576	13.0	0.0	10	6.0	4.898979485566356	10.0	0.0	-0.006816933415896139	-2.429315075025228	0.1260052472221726	11.569999971075001	26.950999730490004
1412	23134208	10	3.3	4.473253849269008	10.0	0.0	10	6.3	4.605431575867781	10.0	0.0	-0.007380597046438211	-2.431683199847757	0.17011821260455925	11.850999970372499	29.495999705040003
1416	23199744	10	4.0	4.898979485566356	10.0	0.0	10	6.0	4.898979485566356	10.0	0.0	-0.007632486535954587	-2.4544465315765462	0.13079693508524193	11.198999972002502	30.903999690960006
1420	23265280	10	7.3	4.196427051671457	10.0	0.0	10	6.6	5.660388679233963	16.0	0.0	-0.00837703781299499	-2.4425252449948416	0.157251046488445	11.02449997243875	33.605999663940004
1424	23330816	10	3.6	4.340506882842141	10.0	0.0	10	5.6	4.715930449020639	10.0	0.0	-0.007899203967489136	-2.4042562616347225	0.175906503399516	9.773999975565001	34.62499965375
1428	23396352	10	5.6	4.521061822182927	10.0	0.0	10	5.3	4.775981574503821	10.0	0.0	-0.00714989443972424	-2.4112430783581362	0.2002442713307866	10.182749974543125	33.17699966823
1432	23461888	10	5.3	4.775981574503821	10.0	0.0	10	4.9	4.323193264243458	10.0	0.0	-0.008776494856339443	-2.405473910021551	0.1523804762241957	10.702749973243126	33.78499966215
1436	23527424	10	4.0	4.898979485566356	10.0	0.0	10	7.3	4.196427051671457	10.0	0.0	-0.007869977435286241	-2.419813419129713	0.14183009383343462	10.56249997359375	32.82799967172001
1440	23592960	10	2.3	3.950949253027682	10.0	0.0	10	6.9	4.592385001282014	13.0	0.0	-0.007896233523838987	-2.419466403371394	0.16428163382065675	10.13949997465125	32.87299967127
1444	23658496	10	7.0	4.58257569495584	10.0	0.0	10	7.3	4.859012245302536	13.0	0.0	-0.0073114940597975835	-2.4398533103308706	0.1377264312325004	10.77199997307	29.898999701010005
1448	23724032	10	7.0	4.58257569495584	10.0	0.0	10	7.9	4.036087214122113	13.0	0.0	-0.008030656256245093	-2.4609150610784236	0.12602696205573538	11.258249971854376	26.907999730920004
1452	23789568	10	5.3	4.775981574503821	10.0	0.0	10	6.9	4.592385001282013	13.0	0.0	-0.007868982364409093	-2.4353590828623712	0.14212121518090118	11.882999970292499	26.197999738020005
1456	23855104	10	3.3	4.473253849269009	10.0	0.0	10	6.3	4.605431575867781	10.0	0.0	-0.0076245743419289325	-2.459457682810333	0.14468109932152337	12.715249968211875	25.967999740320003
1460	23920640	10	6.2	5.2115256883181535	13.0	0.0	10	7.6	3.746998799039039	10.0	0.0	-0.008404426610502396	-2.44321498249353	0.11916131773343187	11.709999970724999	23.608999763910006
1464	23986176	10	6.3	4.605431575867781	10.0	0.0	10	8.0	4.0	10.0	0.0	-0.006840377814917902	-2.4321587281872525	0.14186974760840224	11.830249970424374	25.705999742940005
1468	24051712	10	6.9	5.374941860150675	16.0	0.0	10	4.3	4.73392015141785	10.0	0.0	-0.009136004983659978	-2.3970885323968	0.18369649271119437	12.064749969838125	28.392999716070005
1472	24117248	10	6.3	4.605431575867781	10.0	0.0	10	6.6	4.2708313008125245	10.0	0.0	-0.007925340254974456	-2.427996674920525	0.13929758002151407	11.91599997021	25.835999741640002
1476	24182784	10	3.3	4.473253849269008	10.0	0.0	10	5.9	4.2296571965113205	10.0	0.0	-0.007970664542657475	-2.4167761427626835	0.16291170193048066	12.014499969963751	25.195999748040006
1480	24248320	10	7.9	4.036087214122113	13.0	0.0	10	6.2	4.6	13.0	0.0	-0.007590589835487933	-2.402287401008707	0.16191788862014478	11.920999970197501	26.899999731
1484	24313856	10	6.3	4.605431575867781	10.0	0.0	10	10.0	0.0	10.0	10.0	-0.008217567990619033	-2.387792013336839	0.15586533232831093	11.513749971215628	16.93799983062
1488	24379392	10	6.3	4.605431575867782	10.0	0.0	10	6.3	4.605431575867782	10.0	0.0	-0.008230012488994116	-2.4185121479098006	0.16023403171643438	12.448999968877501	26.465999735340006
1492	24444928	10	4.0	4.898979485566356	10.0	0.0	10	5.0	5.0	10.0	0.0	-0.007581419684173259	-2.4430847463447094	0.18889780666574102	11.811499970471251	26.194999738050004
1496	24510464	10	6.0	4.898979485566356	10.0	0.0	10	4.3	4.73392015141785	10.0	0.0	-0.008290319906382583	-2.427920465415134	0.14755618167124948	12.079999969800001	28.231999717680004
1500	24576000	10	5.3	5.367494760127856	13.0	0.0	10	6.0	4.898979485566356	10.0	0.0	-0.008454023408404954	-2.402921778210039	0.22215186165815162	11.085249972286878	18.903999810960002
1504	24641536	10	4.6	4.737087712930804	10.0	0.0	10	7.3	4.196427051671457	10.0	0.0	-0.0074856382263011716	-2.405686003215855	0.16669635643687905	11.148999972127502	29.282999707170006
1508	24707072	10	4.0	4.898979485566356	10.0	0.0	10	7.0	4.58257569495584	10.0	0.0	-0.00747380563474872	-2.3962694205331134	0.22046882020496542	11.15349997211625	28.508999714910004
1512	24772608	10	5.9	4.437341546466758	10.0	0.0	10	6.6	4.2708313008125245	10.0	0.0	-0.0075133973385219524	-2.4190028704666586	0.16704656158696501	11.275499971811252	28.567999714320006
1516	24838144	10	4.3	5.330103188494572	13.0	0.0	10	5.6	5.141984052872977	13.0	0.0	-0.00838300293165946	-2.3948809427508495	0.13336319591392165	11.15849997210375	28.446999715530005
1520	24903680	10	5.6	5.141984052872976	13.0	0.0	10	7.3	4.196427051671457	10.0	0.0	-0.007718285719525743	-2.424115476256423	0.13889303316933263	11.236499971908751	29.145999708540007
1524	24969216	10	5.3	4.775981574503821	10.0	0.0	10	6.6	5.499090833947008	13.0	0.0	-0.007722131555464237	-2.4257194769835917	0.15828791057283909	11.05049997237375	28.311999716880006
