iter	frame	n_test	mean_returns	std_returns	max_returns	min_returns	n_test_train	mean_returns_train	std_returns_train	max_returns_train	min_returns_train	actor_loss	entropy_loss	value_loss	training_time	evaluation_time
0	0	10	1.1	0.7	2.0	0.0	10	1.4	2.9393876913398134	10.0	0.0	0	0	0	0.0	39.157999608420006
4	65536	10	0.5	0.6708203932499369	2.0	0.0	10	1.0	0.8944271909999159	2.0	0.0	0.009275540102199541	-2.4945963643376254	0.15346614411442394	12.38049996904875	43.47799956522001
8	131072	10	0.9	0.9433981132056605	2.0	0.0	10	0.9	1.044030650891055	3.0	0.0	-0.004029462887233569	-2.555261874926151	0.030657432291101995	12.457749968855627	45.68199954318001
12	196608	10	1.2	0.8717797887081347	3.0	0.0	10	1.2	0.9797958971132712	3.0	0.0	-0.0049444165095037865	-2.5569559854585764	0.030510922366834625	11.568249971079375	43.75799956242001
16	262144	10	1.3	0.6403124237432849	2.0	0.0	10	1.4	2.9393876913398134	10.0	0.0	-0.004691709657099012	-2.54544369601517	0.03338395502109335	12.329999969175	43.38699956613001
20	327680	10	1.9	2.913760456866693	10.0	0.0	10	0.8	0.6000000000000001	2.0	0.0	-0.005491219981835829	-2.566294351946219	0.02231896507398877	12.022249969944374	40.70599959294001
24	393216	10	1.0	0.6324555320336759	2.0	0.0	10	1.3	0.6403124237432849	2.0	0.0	-0.005278759674240133	-2.5844871796458926	0.02703132844869351	11.840999970397501	46.93299953067001
28	458752	10	1.0	0.6324555320336759	2.0	0.0	10	1.7	2.934280150224242	10.0	0.0	-0.005827223651066797	-2.5542654913983402	0.04685525963332131	11.7169999707075	43.40599956594001
32	524288	10	0.8	0.7483314773547883	2.0	0.0	10	0.7	0.9	2.0	0.0	-0.005827614355438723	-2.5416891423200414	0.03240062381424263	12.054499969863752	45.43299954567001
36	589824	10	1.9	3.7536648758246915	13.0	0.0	10	2.1	2.8442925306655784	10.0	0.0	-0.0048153523573835795	-2.5213444205479	0.06697248517381268	11.857249970356875	44.249999557500004
40	655360	10	3.2	4.284857057125711	13.0	0.0	10	1.0	0.8944271909999159	3.0	0.0	-0.004928958707237574	-2.519489290551158	0.03447561151920256	11.2069999719825	45.49799954502001
44	720896	10	1.1	0.9433981132056604	2.0	0.0	10	1.2	1.0770329614269007	3.0	0.0	-0.005113628321318468	-2.52718680077295	0.03497205350261347	11.815249970461876	44.21699955783001
48	786432	10	3.1	4.968903299521938	13.0	0.0	10	1.0	1.0	3.0	0.0	-0.006003828995119299	-2.558329999180376	0.02664019670642013	11.218249971954377	43.381999566180006
52	851968	10	2.1	2.7730849247724096	10.0	0.0	10	1.5	0.806225774829855	3.0	0.0	-0.005327604003520248	-2.5890745443388976	0.03723808997504877	12.205999969485	41.64399958356
56	917504	10	1.1	0.9433981132056604	3.0	0.0	10	1.4	1.2	3.0	0.0	-0.004081610332710494	-2.577423157522815	0.07323591250279797	11.846249970384374	44.15899955841001
60	983040	10	1.6	0.9165151389911681	3.0	0.0	10	1.0	0.6324555320336759	2.0	0.0	-0.006094209313204084	-2.56343167993546	0.02430399247036779	12.051749969870626	43.09599956904
64	1048576	10	3.8	4.66476151587624	13.0	0.0	10	3.0	3.3763886032268267	13.0	1.0	-0.005595925835852921	-2.5566854797123986	0.03287689912294917	11.479499971301252	42.07499957925001
68	1114112	10	1.9	0.7	3.0	1.0	10	1.3	0.9	3.0	0.0	-0.00453409410888286	-2.551588820648637	0.0698986542920414	11.675999970809999	43.15499956845001
72	1179648	10	1.3	0.9	3.0	0.0	10	2.2	2.8213471959331766	10.0	0.0	-0.0045391466648168595	-2.5345779307029943	0.05245834520549137	11.9589999701025	42.38399957616001
76	1245184	10	3.7	4.712748667179271	13.0	0.0	10	3.1	3.419064199455752	13.0	0.0	-0.004603028871745485	-2.538801649941789	0.08350983831627255	11.759749970600625	41.30399958696001
80	1310720	10	1.5	0.806225774829855	3.0	0.0	10	2.7	3.551056180912941	13.0	0.0	-0.0054474987440481385	-2.524584181343792	0.04144074564639627	11.692749970768125	45.71699954283
84	1376256	10	3.6	4.758150901348128	13.0	0.0	10	2.2	2.749545416973504	10.0	0.0	-0.0045089843304748755	-2.543773136768009	0.08268529010929024	11.48749997128125	43.05199956948
88	1441792	10	2.2	0.9797958971132712	3.0	0.0	10	2.9	3.477067730142742	13.0	0.0	-0.005691884647617154	-2.548642669849351	0.062431322210173903	11.724499970688749	41.94999958050001
92	1507328	10	1.0	0.8944271909999159	3.0	0.0	10	2.1	3.7	13.0	0.0	-0.005069069225482442	-2.5073563478758776	0.07623900736198401	11.005749972485624	47.984999520150005
96	1572864	10	1.5	1.02469507659596	3.0	0.0	10	2.8	4.467661580737736	13.0	0.0	-0.003553402988102807	-2.4749176872178773	0.07708371299835387	11.186249972034375	38.8699996113
100	1638400	10	1.0	1.0	3.0	0.0	10	1.1	1.044030650891055	3.0	0.0	-0.005056238345866916	-2.49120891564963	0.11197310813001916	11.681249970796873	44.018999559810005
104	1703936	10	3.5	4.080441152620633	13.0	1.0	10	3.7	4.075536774462966	13.0	0.0	-0.004857399090521543	-2.493155844249898	0.14553404105087334	11.016499972458751	47.99499952005001
108	1769472	10	2.6	3.5552777669262356	13.0	0.0	10	4.1	4.52658811910251	13.0	1.0	-0.0048184447169795	-2.495174646117649	0.10914993409172176	10.767249973081876	43.486999565130006
112	1835008	10	1.7	1.1	3.0	0.0	10	1.0	0.8944271909999159	3.0	0.0	-0.004019198303351917	-2.5031214353815003	0.1308231687347414	11.708749970728125	37.50399962496
116	1900544	10	3.6	4.800000000000001	13.0	0.0	10	3.1	4.323193264243457	13.0	0.0	-0.005143429828795806	-2.5153486726048055	0.10994326545254922	11.12749997218125	44.85899955141001
120	1966080	10	2.1	0.7000000000000001	3.0	1.0	10	3.8	4.66476151587624	13.0	0.0	-0.0052241681594159635	-2.511614747083821	0.10826419120069983	10.892249972769376	43.22399956776
124	2031616	10	3.4	3.261901286060018	13.0	1.0	10	3.7	4.026164427839479	13.0	0.0	-0.004955581893317768	-2.4931872285788956	0.1263203067418231	11.970249970074375	41.19299958807
128	2097152	10	1.3	1.004987562112089	3.0	0.0	10	1.7	1.1	3.0	0.0	-0.0045779567779473005	-2.4981813651701277	0.12362515793135956	11.077749972305623	44.976999550230005
132	2162688	10	3.2	3.31058907144937	13.0	1.0	10	4.4	4.431703961232067	13.0	1.0	-0.005275799754050012	-2.528114457661815	0.16079074294028417	11.30799997173	42.030999579690004
136	2228224	10	5.3	5.0803543183522155	13.0	1.0	10	2.8	3.57211421989835	13.0	0.0	-0.004750554182576319	-2.5493662503686343	0.1463007317548337	10.952249972619375	43.03099956969
140	2293760	10	2.3	3.716180835212409	13.0	0.0	10	3.6	4.800000000000001	13.0	0.0	-0.005019440055631801	-2.5158246728144054	0.11882009309410135	11.230999971922502	42.10899957891001
144	2359296	10	3.1	3.448187929913334	13.0	0.0	10	2.7	3.5227829907617076	13.0	0.0	-0.005676266133999176	-2.5169548215827127	0.10756049701832504	10.75599997311	43.34499956655001
148	2424832	10	2.6	3.5552777669262356	13.0	0.0	10	1.9	0.8306623862918074	3.0	0.0	-0.005150455917898191	-2.5362025819560485	0.08970563966467349	10.84149997289625	43.91699956083001
152	2490368	10	2.0	0.8944271909999159	3.0	0.0	10	1.6	0.8	3.0	0.0	-0.00469976927415251	-2.529612672562153	0.12822681415732148	11.653749970865624	41.269999587300006
156	2555904	10	3.6	4.7791212581394085	13.0	0.0	10	2.7	3.5791060336346563	13.0	0.0	-0.004879566352830016	-2.540115043256332	0.15454979460473534	11.313749971715625	43.615999563840006
160	2621440	10	2.1	0.9433981132056604	3.0	0.0	10	3.0	4.358898943540674	13.0	0.0	-0.005041820047538338	-2.5123692847654806	0.12912162159155866	12.304499969238751	32.99999967000001
164	2686976	10	6.1	5.717516943569123	13.0	0.0	10	2.8	3.5999999999999996	13.0	0.0	-0.004677444434004683	-2.4952958496792603	0.2092353502691389	11.898249970254376	40.46599959534001
168	2752512	10	2.6	3.52703841770968	13.0	0.0	10	4.1	4.570557952810576	13.0	0.0	-0.005408095839248378	-2.4793020956119163	0.17997604117716662	11.035999972410002	43.42699956573001
172	2818048	10	3.4	3.4409301068170506	10.0	0.0	10	1.7	1.1	3.0	0.0	-0.006171294775982932	-2.4859178932898565	0.1761534640692462	12.017249969956875	42.91699957083001
176	2883584	10	2.6	3.6110940170535577	13.0	0.0	10	6.1	5.6471231613982	13.0	1.0	-0.00582653670850596	-2.4608903400520052	0.16387030662969196	10.6049999734875	28.914999710850005
180	2949120	10	2.4	3.6932370625238775	13.0	0.0	10	3.1	3.5057096285916214	13.0	0.0	-0.005410229507755217	-2.4846306962166897	0.19724898612555555	11.1969999720075	42.58699957413001
184	3014656	10	3.9	4.635730794599704	13.0	0.0	10	3.1	3.3896902513356584	13.0	1.0	-0.005923611807388522	-2.478870187938284	0.19734547812919498	10.889749972775626	42.207999577920006
188	3080192	10	7.5	5.554277630799526	13.0	0.0	10	3.9	3.144837038703277	10.0	1.0	-0.005470181421854692	-2.452942408365796	0.16468068552040255	10.2849999742875	40.83199959168001
192	3145728	10	4.4	4.386342439892262	13.0	0.0	10	7.5	5.5362442142665635	13.0	1.0	-0.004692382344846225	-2.4548939339742915	0.23651073886101448	9.984499975038752	48.67999951320001
196	3211264	10	1.9	0.9433981132056604	3.0	0.0	10	4.9	5.374941860150676	13.0	0.0	-0.005361899730559545	-2.420823658253906	0.18608199298616535	11.333499971666251	39.73899960261
200	3276800	10	5.0	4.669047011971501	13.0	1.0	10	5.1	5.281098370604357	13.0	0.0	-0.0060878323147057125	-2.4311067558776136	0.2168868783790695	11.934749970163127	42.66099957339001
204	3342336	10	5.4	5.043808085167397	13.0	0.0	10	5.1	5.223983154643592	13.0	1.0	-0.005796984817306465	-2.424781198050323	0.16815215564754402	10.489749973775623	41.65599958344001
208	3407872	10	7.5	5.554277630799526	13.0	0.0	10	3.3	4.243819034784589	13.0	0.0	-0.00535729333877172	-2.3971882385498646	0.16661313558590096	10.67199997332	44.67399955326
212	3473408	10	4.8	5.455272678794342	13.0	0.0	10	5.8	5.381449618829484	13.0	0.0	-0.006153101013565238	-2.4211524275403455	0.20319981669132206	10.71949997320125	42.81499957185
216	3538944	10	2.6	0.66332495807108	3.0	1.0	10	3.5	4.780167361086848	13.0	0.0	-0.006268952802761609	-2.4065641683813466	0.2911993448008751	10.51049997372375	43.83299956167001
220	3604480	10	4.4	4.317406628984581	13.0	2.0	10	3.0	3.4351128074635335	13.0	0.0	-0.005918714551919143	-2.3715168309721633	0.27497880996134516	11.241749971895626	42.378999576210006
224	3670016	10	3.3	4.8999999999999995	13.0	0.0	10	6.2	5.617828762075256	13.0	0.0	-0.005964121125832129	-2.388756421456258	0.23684029340760457	10.539249973651875	43.892999561070006
228	3735552	10	3.8	4.686149805543993	13.0	0.0	10	4.9	5.356304696336832	13.0	0.0	-0.005956624956510895	-2.4073286103681455	0.2728961642236856	10.41649997395875	46.61299953387001
232	3801088	10	5.1	5.243090691567332	13.0	0.0	10	3.4	3.2924155266308652	13.0	1.0	-0.00547179595927443	-2.426412259286217	0.1953233702991345	10.573499973566252	41.899999581
236	3866624	10	7.5	5.554277630799526	13.0	0.0	10	3.7	4.050925820105819	13.0	0.0	-0.006277747956071526	-2.4198512606285614	0.28281287116467446	11.07249997231875	38.71599961284001
240	3932160	10	4.1	3.858756276314947	13.0	0.0	10	5.2	5.2115256883181535	13.0	0.0	-0.00603378286721236	-2.416774692382994	0.26187588946959905	11.659249970851876	37.92799962072
244	3997696	10	2.6	3.638681079732051	13.0	0.0	10	3.9	4.657252408878007	13.0	0.0	-0.005729802536743971	-2.4139032982258835	0.18122910015570295	11.53649997115875	42.04499957955001
248	4063232	10	5.3	5.060632371551998	13.0	1.0	10	4.1	4.548626166217664	13.0	0.0	-0.0054484475349842265	-2.392596110452332	0.2622329811292418	10.588749973528126	44.26899955731
252	4128768	10	2.9	3.5057096285916205	13.0	0.0	10	2.9	3.4481879299133333	13.0	0.0	-0.00579497958036544	-2.3984626280749866	0.25968339601930995	10.290249974274376	42.64899957351001
256	4194304	10	5.5	4.964876634922564	13.0	1.0	10	3.8	4.66476151587624	13.0	0.0	-0.006231264280922597	-2.40138780052284	0.2510769958346314	11.374749971563126	41.201999587980005
260	4259840	10	2.8	3.54400902933387	13.0	0.0	10	5.1	5.223983154643591	13.0	0.0	-0.005652558470215746	-2.376215944440003	0.2655203042585732	10.567749973580625	41.06199958938
264	4325376	10	3.1	3.3896902513356584	13.0	0.0	10	5.3	5.0803543183522155	13.0	1.0	-0.005960500216421977	-2.404072803505177	0.2523632608091213	10.667749973330624	41.34099958659001
268	4390912	10	4.1	4.504442251822083	13.0	1.0	10	7.5	5.554277630799526	13.0	0.0	-0.005794592164726355	-2.367581637950481	0.2988936272138444	12.146749969633124	41.075999589240006
272	4456448	10	9.5	5.389805191284746	13.0	0.0	10	4.0	4.538722287164087	13.0	1.0	-0.0054219958104831725	-2.312006376442878	0.3772229168481581	11.106749972233125	38.31499961685
276	4521984	10	5.5	4.944694126030447	13.0	1.0	10	8.3	5.23545604508337	13.0	1.0	-0.006553107697299725	-2.3323710955733388	0.23322162984303627	10.439999973900001	42.96899957031001
280	4587520	10	2.0	0.8944271909999159	3.0	0.0	10	4.4	5.161395160225576	13.0	0.0	-0.0066185114840136205	-2.255509319169812	0.33618114062497895	10.630999973422501	41.971999580280006
284	4653056	10	2.7	3.522782990761708	13.0	0.0	10	6.0	5.727128425310541	13.0	1.0	-0.00568561140184903	-2.243037280703386	0.333308251229475	11.631749970920625	33.396999666030005
288	4718592	10	2.7	3.5791060336346563	13.0	0.0	10	6.3	5.496362433464518	13.0	1.0	-0.005680590442973627	-2.284580377002998	0.3078478728100357	11.280749971798127	38.046999619530006
292	4784128	10	6.5	5.371219600798314	13.0	0.0	10	6.4	5.44426303552648	13.0	1.0	-0.005615579390623831	-2.2785051934531144	0.34701808445266136	10.937999972655	36.08099963919001
296	4849664	10	5.5	4.964876634922564	13.0	1.0	10	7.7	5.3113086899558	13.0	2.0	-0.00589112742150847	-2.307603629686465	0.34655225071550544	11.648999970877501	37.69599962304
300	4915200	10	3.6	4.7791212581394085	13.0	0.0	10	7.1	5.467174773134658	13.0	0.0	-0.005877022354367809	-2.2896366936563592	0.2536594733952501	11.476999971307501	39.555999604440004
304	4980736	10	7.3	5.728001396647874	13.0	1.0	10	8.3	5.780138406647371	13.0	0.0	-0.005521564013816655	-2.241530882582027	0.30473360711017883	11.276499971808748	39.05699960943001
308	5046272	10	7.1	5.923681287847955	13.0	0.0	10	7.3	5.74543296888929	13.0	0.0	-0.005511989903760603	-2.1959756039279053	0.27535809402900596	11.295999971759999	29.494999705050006
312	5111808	10	5.2	5.173006862551025	13.0	1.0	10	6.5	5.333854141237834	13.0	1.0	-0.0057121411221903815	-2.204343775678533	0.2890004953068456	11.749249970626876	37.2899996271
316	5177344	10	8.5	5.5362442142665635	13.0	1.0	10	5.9	5.3188344587888805	13.0	0.0	-0.006338105558164971	-2.2434498764721127	0.34499699168659687	12.0509999698725	36.31199963688
320	5242880	10	5.4	5.023942674832188	13.0	1.0	10	9.1	5.430469592954185	13.0	0.0	-0.006323785440395769	-2.2685178540767517	0.3538639548176474	11.7529999706175	41.482999585170006
324	5308416	10	9.5	5.352569476429054	13.0	1.0	10	6.1	5.107837115648854	13.0	1.0	-0.006027558990029303	-2.285169986149055	0.33488793186459387	10.443749973890625	39.8299996017
328	5373952	10	6.0	5.727128425310541	13.0	1.0	10	7.4	5.695612346359257	13.0	0.0	-0.006612418257563449	-2.308576288082131	0.3396228764162838	11.323249971691876	40.032999599670006
332	5439488	10	6.0	5.779273310719955	13.0	0.0	10	6.9	5.575840743780259	13.0	1.0	-0.005043711008289087	-2.2922786620851725	0.33676675781204046	11.084999972287502	27.165999728340005
336	5505024	10	5.2	5.173006862551025	13.0	0.0	10	4.9	4.784349485562275	13.0	0.0	-0.006519752254389407	-2.2385235053949293	0.29476642574528006	11.6069999709825	35.890999641090005
340	5570560	10	5.3	5.1000000000000005	13.0	1.0	10	7.7	5.441507144165117	13.0	0.0	-0.006484316998397846	-2.222850995527622	0.33887384145405536	11.551749971120623	25.70499974295
344	5636096	10	8.4	5.678027826631356	13.0	0.0	10	7.3	5.197114584074513	13.0	1.0	-0.0061676744377354535	-2.285963229596912	0.2622576961020631	11.63349997091625	24.569999754300003
348	5701632	10	5.3	4.539823785126467	13.0	0.0	10	6.4	5.425863986500215	13.0	1.0	-0.006568510479987124	-2.3200231216914733	0.3082397295772321	11.316749971708123	38.56399961436001
352	5767168	10	3.2	3.4000000000000004	13.0	0.0	10	9.7	5.060632371551998	13.0	1.0	-0.007215949143307509	-2.344724861039855	0.2553124360784675	11.76449997058875	37.193999628060006
356	5832704	10	5.1	5.185556864985669	13.0	1.0	10	6.1	5.088221693283421	13.0	2.0	-0.006962823520736974	-2.395801606028062	0.24716472871510473	11.365499971586251	42.677999573220006
360	5898240	10	7.2	5.30659966456864	13.0	1.0	10	3.9	4.657252408878007	13.0	0.0	-0.006066616403257747	-2.3720581280701074	0.22597745648404413	10.195749974510626	42.64499957355001
364	5963776	10	5.2	5.134199061197375	13.0	1.0	10	8.8	5.173006862551025	13.0	1.0	-0.006310570741889539	-2.289696472148009	0.2739805318129768	10.95749997260625	39.90099960099001
368	6029312	10	4.2	4.445222154178574	13.0	1.0	10	6.5	5.371219600798314	13.0	0.0	-0.005898912628245897	-2.2659950005634557	0.3257240067517711	10.8109999729725	44.168999558310006
372	6094848	10	6.3	5.532630477449222	13.0	0.0	10	5.3	5.119570294468081	13.0	0.0	-0.00624336472715331	-2.31157502011221	0.2567286601333122	10.960999972597499	41.76799958232001
376	6160384	10	8.9	5.028916384272064	13.0	2.0	10	8.2	5.3814496188294845	13.0	0.0	-0.006619942703681288	-2.218350991375634	0.3562126561317825	11.220999971947501	36.99599963004001
380	6225920	10	4.6	4.983974317750844	13.0	0.0	10	6.5	5.352569476429054	13.0	1.0	-0.006597495224842567	-2.221569821007104	0.273330096437374	11.668749970828125	36.360999636390005
384	6291456	10	7.2	5.844655678480984	13.0	0.0	10	10.6	4.1521078984053394	13.0	2.0	-0.0074264751424223145	-2.2435168696093064	0.2437049921658592	11.70249997074375	28.276999717230005
388	6356992	10	6.4	5.462600113499065	13.0	0.0	10	9.8	4.894895300208167	13.0	2.0	-0.005895714949163523	-2.2567756893866853	0.33910502551937327	11.045249972386875	35.937999640620006
392	6422528	10	6.4	5.40740233383831	13.0	1.0	10	6.7	5.158488150611572	13.0	2.0	-0.007235357820874302	-2.2810479723024515	0.2923539033786401	10.685999973285	43.94899956051
396	6488064	10	3.9	4.6141087980237305	13.0	1.0	10	8.9	5.028916384272064	13.0	2.0	-0.006905908242099378	-2.324031864361274	0.2908083297164554	10.31599997421	41.49599958504001
400	6553600	10	9.6	4.6303347611160905	13.0	2.0	10	9.0	4.898979485566356	13.0	3.0	-0.006672828409048098	-2.349390032146025	0.26289872620620636	9.878499975303749	12.853999871460001
404	6619136	10	6.6	5.2573757712379665	13.0	1.0	10	10.4	4.586937976471886	13.0	0.0	-0.0061523164640330166	-2.2669220539552923	0.23674179502469878	10.150249974624375	43.441999565580005
408	6684672	10	6.7	5.158488150611572	13.0	2.0	10	8.4	5.122499389946279	13.0	1.0	-0.006640340935736699	-2.29300634290731	0.25468263136053537	10.2629999743425	46.38999953610001
412	6750208	10	4.9	5.337602458033007	13.0	0.0	10	5.3	5.119570294468081	13.0	0.0	-0.006993290259317632	-2.275165545206697	0.2362403167786483	9.82249997544375	44.591999554080004
416	6815744	10	4.8	5.455272678794342	13.0	0.0	10	11.9	3.3	13.0	2.0	-0.006897827713943699	-2.3228075849577148	0.2663604273804228	10.464499973838752	40.86599959134001
420	6881280	10	7.5	5.518151864528558	13.0	1.0	10	6.3	5.496362433464518	13.0	1.0	-0.007130323530130541	-2.3429698122087337	0.226332736178008	10.724499973188749	39.904999600950006
424	6946816	10	9.8	4.894895300208167	13.0	2.0	10	7.7	5.950630218724736	13.0	0.0	-0.006880698122172606	-2.308488860485889	0.250456244813887	10.0449999748875	31.616999683830006
428	7012352	10	8.8	5.15363949069005	13.0	2.0	10	9.5	4.780167361086848	13.0	2.0	-0.006527106956054104	-2.2346061788655165	0.2784448397676676	10.633749973415624	37.128999628710005
432	7077888	10	6.0	5.215361924162119	13.0	0.0	10	8.5	4.984977432245807	13.0	2.0	-0.005930203097390524	-2.2415419764965345	0.2886017591702321	11.198999972002502	41.412999585870004
436	7143424	10	7.4	5.607138307550475	13.0	1.0	10	12.7	0.9	13.0	10.0	-0.006243437532810509	-2.3116494365112046	0.3091184609868492	11.216749971958127	25.939999740600005
440	7208960	10	7.0	6.04979338490167	13.0	0.0	10	10.6	4.8207883172775805	13.0	0.0	-0.006350384301737001	-2.262288282079281	0.27747908666323046	11.044249972389375	26.955999730440002
444	7274496	10	8.2	5.344155686354955	13.0	1.0	10	7.6	5.425863986500215	13.0	1.0	-0.0064076048941079725	-2.2292965623401018	0.32421007205769825	9.447249976381876	37.16399962836001
448	7340032	10	7.6	5.40740233383831	13.0	2.0	10	10.7	4.605431575867782	13.0	1.0	-0.0068173943162818	-2.2512987874586723	0.2786864543353792	10.564749973588125	29.818999701810004
452	7405568	10	7.1	5.923681287847954	13.0	0.0	10	8.3	5.23545604508337	13.0	1.0	-0.007242220603533372	-2.164446010960183	0.310464019389148	11.10849997222875	38.706999612930005
456	7471104	10	5.4	5.0039984012787215	13.0	1.0	10	9.7	5.040833264451424	13.0	2.0	-0.005009387354911811	-2.250893157982803	0.2818077951376143	11.493999971265	38.56599961434001
460	7536640	10	6.0	5.744562646538029	13.0	0.0	10	9.9	4.742362280551751	13.0	2.0	-0.005378918197842667	-2.177912950288881	0.24796496235976515	10.99849997250375	37.978999620210004
464	7602176	10	6.3	5.514526271584894	13.0	1.0	10	8.5	5.5362442142665635	13.0	1.0	-0.006410453252040007	-2.1526017112277778	0.26557997114673443	12.124249969689375	37.06999962930001
468	7667712	10	9.5	5.389805191284746	13.0	0.0	10	7.4	5.624944444170094	13.0	1.0	-0.00680595162146998	-2.1786815521831797	0.2645904025718626	11.0189999724525	37.41699962583001
472	7733248	10	8.3	5.78013840664737	13.0	0.0	10	8.6	4.923413450036469	13.0	1.0	-0.006459223918312584	-2.202041702736516	0.2595865763453447	11.641249970896876	22.926999770730003
476	7798784	10	8.3	5.814636704042652	13.0	0.0	10	6.5	5.333854141237834	13.0	1.0	-0.00785595011175268	-2.259292443358	0.2660150957637591	11.058999972352499	38.300999616990005
480	7864320	10	4.9	5.356304696336832	13.0	0.0	10	8.9	5.028916384272064	13.0	2.0	-0.0059980195116134975	-2.295946006734423	0.259035456277766	11.8309999704225	39.18699960813
484	7929856	10	5.4	5.0039984012787215	13.0	1.0	10	6.8	5.075431016179809	13.0	2.0	-0.0067529141663058645	-2.28128432955423	0.29559487287601294	11.564499971088749	32.70599967294001
488	7995392	10	5.1	5.185556864985669	13.0	1.0	10	11.8	3.6	13.0	1.0	-0.007284793669743813	-2.375815989823021	0.24162051079140529	10.088749974778125	37.03699962963
492	8060928	10	8.9	5.028916384272064	13.0	2.0	10	9.6	5.2	13.0	1.0	-0.007757258913544812	-2.3539146927527326	0.18707129341774598	9.831249975421876	41.924999580750004
496	8126464	10	4.8	5.455272678794342	13.0	0.0	10	9.6	4.6303347611160905	13.0	2.0	-0.007162447672435216	-2.3297290700234075	0.24173880490129374	10.55749997360625	42.072999579270004
500	8192000	10	5.2	5.173006862551025	13.0	1.0	10	8.5	5.518151864528558	13.0	1.0	-0.007105039005048555	-2.29227913147175	0.19806621687286222	11.110249972224375	39.93199960068001
504	8257536	10	5.2	5.134199061197375	13.0	1.0	10	10.9	4.205948168962618	13.0	2.0	-0.006463357591134265	-2.2742347243046055	0.27964938708461984	11.623749970940626	36.661999633380006
508	8323072	10	8.7	5.292447448959697	13.0	1.0	10	7.5	5.004997502496879	13.0	1.0	-0.007229435657038261	-2.2949118562135706	0.2536686729996412	11.995999970009999	37.73499962265001
512	8388608	10	5.6	4.903060268852505	13.0	1.0	10	11.7	3.0347981810987035	13.0	3.0	-0.007760516873936014	-2.3004516137230198	0.30232086510663164	11.597999971004999	23.863999761360006
516	8454144	10	9.9	4.742362280551751	13.0	2.0	10	9.7	5.1000000000000005	13.0	0.0	-0.007856020986855792	-2.333462814246931	0.24760312289524763	10.5929999735175	36.490999635090006
520	8519680	10	8.6	4.862098312457287	13.0	2.0	10	5.6	4.862098312457287	13.0	2.0	-0.00662502516137576	-2.2617650476722284	0.2564876161558979	10.914249972714375	39.03299960967001
524	8585216	10	8.5	4.984977432245807	13.0	2.0	10	8.2	5.4	13.0	0.0	-0.006469769982315787	-2.2878231726687193	0.24765673898064225	11.3849999715375	35.250999647490005
528	8650752	10	7.1	5.906775770248943	13.0	1.0	10	8.3	5.23545604508337	13.0	1.0	-0.006320845558192915	-2.3401514363831453	0.27267760066579544	11.002249972494376	37.78099962219
532	8716288	10	4.9	5.356304696336832	13.0	0.0	10	10.9	4.2059481689626175	13.0	2.0	-0.0069980639338596065	-2.262970581415008	0.311607089637295	11.369249971576874	37.171999628280005
536	8781824	10	6.3	5.532630477449222	13.0	0.0	10	10.0	3.9749213828703582	13.0	2.0	-0.006519017507574391	-2.225347930954551	0.2980300285542997	11.439749971400625	38.539999614600006
540	8847360	10	5.0	5.291502622129181	13.0	0.0	10	9.0	4.898979485566356	13.0	3.0	-0.006994604111725697	-2.272549750667518	0.2646970047029301	11.178999972052502	36.32799963672001
544	8912896	10	7.3	5.710516614107694	13.0	1.0	10	10.0	4.58257569495584	13.0	3.0	-0.006755014002822461	-2.2702752175549112	0.2906601158599278	11.54849997112875	36.41699963583001
548	8978432	10	6.7	5.158488150611572	13.0	2.0	10	8.5	4.984977432245807	13.0	2.0	-0.006453210489714878	-2.2688106693447607	0.23071286654180087	11.01549997246125	37.45699962543001
552	9043968	10	6.4	5.425863986500215	13.0	1.0	10	8.6	5.40740233383831	13.0	1.0	-0.006742420797213017	-2.297347364087011	0.21619037924565948	11.757249970606876	34.53099965469001
556	9109504	10	6.3	5.532630477449221	13.0	0.0	10	10.9	4.205948168962618	13.0	2.0	-0.005475162986270257	-2.3368986395547373	0.17699897093406847	12.10349996974125	32.77599967224001
560	9175040	10	2.1	0.7	3.0	1.0	10	6.2	5.582114294781145	13.0	1.0	-0.005929111353289885	-2.327780614054118	0.20342379658847495	12.2249999694375	39.00499960995001
564	9240576	10	6.0	5.779273310719955	13.0	0.0	10	6.4	5.4626001134990645	13.0	0.0	-0.00579285015252923	-2.313344500717946	0.25951031375456685	11.154499972113749	37.643999623560006
568	9306112	10	10.5	4.364630568559039	13.0	1.0	10	9.9	4.742362280551751	13.0	2.0	-0.006473890553563125	-2.315195259707405	0.19422688053760312	11.6129999709675	28.599999714000006
572	9371648	10	6.2	5.582114294781145	13.0	1.0	10	11.7	3.0347981810987035	13.0	3.0	-0.008139277523758016	-2.292182370781548	0.21648255997255458	10.360249974099375	39.35199960648
576	9437184	10	7.8	5.2115256883181535	13.0	2.0	10	10.4	3.878143885933063	13.0	3.0	-0.005205042856145022	-2.2484411073369124	0.23481268122829804	10.263749974340625	41.35599958644001
580	9502720	10	8.2	5.912698199637793	13.0	0.0	10	7.1	5.940538696111658	13.0	0.0	-0.00675948590580976	-2.2890350592732203	0.26134778804838227	10.705999973235002	36.46099963539
584	9568256	10	6.3	5.550675634551166	13.0	0.0	10	7.7	5.3113086899558	13.0	2.0	-0.006774878397867775	-2.3026047147895436	0.2086328659765405	10.360249974099375	45.05299954947
588	9633792	10	5.3	5.119570294468081	13.0	0.0	10	9.8	4.894895300208167	13.0	2.0	-0.006675909050714282	-2.273581738036471	0.2590785963811811	10.236249974409375	44.57899955421001
592	9699328	10	6.6	5.238320341483518	13.0	2.0	10	7.6	5.4258639865002145	13.0	1.0	-0.007125901108505652	-2.2019602976929225	0.23994984521825058	10.4589999738525	44.249999557500004
596	9764864	10	8.8	5.173006862551025	13.0	1.0	10	8.5	5.004997502496879	13.0	1.0	-0.00679405198318078	-2.2156265822725243	0.21245135395747705	10.444249973889375	40.99999959000001
600	9830400	10	6.5	5.352569476429054	13.0	1.0	10	9.5	5.389805191284746	13.0	0.0	-0.007057863716174001	-2.267250229678811	0.20496843225360661	9.944249975139375	41.077999589220006
604	9895936	10	5.2	5.192301994298868	13.0	0.0	10	9.6	4.6303347611160905	13.0	2.0	-0.006184003647490557	-2.2918129213250538	0.1839383907114095	10.4389999739025	41.40299958597001
608	9961472	10	5.4	5.0635955604688645	13.0	0.0	10	9.9	4.742362280551751	13.0	2.0	-0.0071651973695946725	-2.2666493428372587	0.22567042814700478	10.09199997477	41.89099958109001
612	10027008	10	6.3	5.514526271584895	13.0	0.0	10	8.9	5.028916384272064	13.0	2.0	-0.007786733390980618	-2.2550019818182245	0.19832723151068277	10.33599997416	40.137999598620006
616	10092544	10	8.3	5.762811813689564	13.0	1.0	10	10.0	4.58257569495584	13.0	3.0	-0.00733260762277512	-2.237964808707766	0.20662672093779702	10.784249973039376	40.899999591000004
620	10158080	10	7.2	5.30659966456864	13.0	1.0	10	11.6	3.32264954516723	13.0	2.0	-0.006028670652063909	-2.274418607117245	0.24013056836383587	11.055749972360625	26.276999737230007
624	10223616	10	6.1	5.7	13.0	0.0	10	11.4	3.039736830714133	13.0	3.0	-0.00746615366292179	-2.1976279440219817	0.2789672071134032	10.605249973486877	39.16699960833001
628	10289152	10	10.8	4.422668877499197	13.0	1.0	10	10.9	4.2059481689626175	13.0	2.0	-0.006655827731481341	-2.206915768254387	0.29176816550769497	10.882749972793125	23.407999765920007
632	10354688	10	8.5	5.572252686302013	13.0	0.0	10	9.7	5.1000000000000005	13.0	0.0	-0.006222616248688283	-2.2512662011026716	0.24841084592561147	11.8169999704575	21.956999780430003
636	10420224	10	9.9	4.742362280551751	13.0	2.0	10	10.8	4.422668877499197	13.0	1.0	-0.006086310089785535	-2.2553010208045587	0.23505834146127336	11.533499971166252	36.854999631450006
640	10485760	10	5.4	5.0039984012787215	13.0	1.0	10	9.6	5.238320341483519	13.0	0.0	-0.006364886462753032	-2.216762552427804	0.24451305807815088	12.363999969089999	22.895999771040003
644	10551296	10	7.2	5.844655678480984	13.0	0.0	10	8.5	5.518151864528558	13.0	1.0	-0.0075318836017116645	-2.195699927478794	0.20276937802383113	10.66949997332625	29.766999702330004
648	10616832	10	9.0	4.898979485566356	13.0	3.0	10	8.9	5.107837115648854	13.0	0.0	-0.006400769752811875	-2.23198562092181	0.22191607608321348	10.023749974940626	44.170999558290006
652	10682368	10	4.8	5.455272678794342	13.0	0.0	10	10.9	4.205948168962618	13.0	2.0	-0.00627446765849045	-2.2516910580435323	0.2042331415947125	10.018249974954374	44.421999555780005
656	10747904	10	3.6	4.758150901348128	13.0	0.0	10	7.8	5.2115256883181535	13.0	2.0	-0.006565410758334759	-2.244357434178056	0.2519152989193397	9.660749975848125	45.41299954587
660	10813440	10	7.0	6.0332412515993425	13.0	0.0	10	10.9	4.2059481689626175	13.0	2.0	-0.006588548955956318	-2.2759179197364574	0.22738578820095148	9.928749975178127	43.80099956199001
664	10878976	10	9.3	5.1000000000000005	13.0	1.0	10	12.0	3.0	13.0	3.0	-0.00674840182597147	-2.2105529628874923	0.23034194559563884	10.351749974120624	26.359999736400002
668	10944512	10	6.4	5.40740233383831	13.0	1.0	10	8.9	5.028916384272064	13.0	2.0	-0.006059774475918516	-2.24776169634293	0.23809037238673308	9.965749975085625	45.61499954385001
672	11010048	10	10.1	4.504442251822083	13.0	0.0	10	9.9	4.742362280551751	13.0	2.0	-0.006283031288403789	-2.2368367262338107	0.24090147372930212	10.139249974651875	43.182999568170004
676	11075584	10	7.2	5.861740355901138	13.0	0.0	10	10.5	4.364630568559039	13.0	1.0	-0.006604703295346141	-2.2293751709324447	0.20796760619624755	9.82749997543125	41.286999587130005
680	11141120	10	6.8	5.688585061331157	13.0	0.0	10	5.3	4.495553358597805	13.0	1.0	-0.006232983525435691	-2.2549521424010903	0.1943563029433243	10.172249974569375	43.060999569390006
684	11206656	10	7.7	5.367494760127857	13.0	0.0	10	8.7	5.292447448959697	13.0	1.0	-0.006778918695900083	-2.2077375325247663	0.19876935850931457	10.211499974471248	41.712999582870005
688	11272192	10	6.4	5.44426303552648	13.0	1.0	10	9.4	4.983974317750845	13.0	0.0	-0.007397175433488382	-2.237004088625742	0.21600379955567453	9.6109999759725	36.30699963693001
692	11337728	10	7.7	5.3113086899558	13.0	2.0	10	10.6	4.1521078984053394	13.0	2.0	-0.0057728584258003625	-2.2812275511630333	0.22739895935285137	10.569749973575625	41.70899958291001
696	11403264	10	6.6	5.2573757712379665	13.0	1.0	10	9.8	4.894895300208167	13.0	2.0	-0.0069476864948267245	-2.1941685401101156	0.2743565202404873	10.179749974550626	41.67699958323001
700	11468800	10	7.5	5.5362442142665635	13.0	1.0	10	9.8	4.915282290977803	13.0	1.0	-0.0062385940054374665	-2.21198498186276	0.2225745652259999	10.770249973074375	39.57099960429
704	11534336	10	9.4	4.94368283772331	13.0	1.0	10	12.0	3.0	13.0	3.0	-0.006246738125462688	-2.183403511614654	0.2367200713047664	9.60399997599	41.95699958043001
708	11599872	10	8.9	5.028916384272064	13.0	2.0	10	7.5	4.984977432245807	13.0	2.0	-0.00754366780087003	-2.239793027207395	0.2009428410271104	10.937999972655001	34.950999650490004
712	11665408	10	5.2	5.15363949069005	13.0	0.0	10	8.3	5.23545604508337	13.0	1.0	-0.006405403867210867	-2.22486617144615	0.22746017697070942	11.436499971408749	32.78899967211001
716	11730944	10	8.4	5.642694391866353	13.0	1.0	10	10.5	4.341658669218482	13.0	2.0	-0.008234599361812983	-2.239988840883096	0.24008174478679953	10.461249973846876	41.75799958242001
720	11796480	10	8.6	5.40740233383831	13.0	1.0	10	10.8	4.422668877499197	13.0	1.0	-0.0069930235493900345	-2.2075812888826114	0.26068965203207206	10.398749974003126	42.484999575150006
724	11862016	10	7.8	5.2115256883181535	13.0	2.0	10	10.5	4.341658669218482	13.0	2.0	-0.0075162816809150245	-2.20931284851664	0.21285963552959764	10.853499972866251	39.60899960391001
728	11927552	10	6.5	5.333854141237834	13.0	1.0	10	9.9	4.742362280551751	13.0	2.0	-0.007287230564996851	-2.2003281312875735	0.2655236464648523	10.24749997438125	45.32699954673001
732	11993088	10	5.8	5.381449618829484	13.0	0.0	10	11.0	4.0	13.0	3.0	-0.006750962725370114	-2.16590427088031	0.21896923571717183	9.828749975428124	43.96599956034001
736	12058624	10	8.6	5.407402333838309	13.0	1.0	10	10.5	4.341658669218482	13.0	2.0	-0.004907166339857791	-2.083060655525898	0.3055012478795805	10.079249974801876	42.739999572600006
740	12124160	10	9.7	5.060632371551998	13.0	1.0	10	11.8	3.6	13.0	1.0	-0.006741827860024545	-2.208596954513005	0.2129603504602308	10.26549997433625	26.427999735720004
744	12189696	10	7.4	5.642694391866354	13.0	0.0	10	10.3	4.075536774462966	13.0	2.0	-0.007416879985446205	-2.1987759443813975	0.2058169619586751	11.23599997191	20.677999793220003
748	12255232	10	10.6	4.152107898405339	13.0	2.0	10	12.0	3.0	13.0	3.0	-0.007781116106745815	-2.2588246139517874	0.21634920203046415	11.50849997122875	35.71499964285001
752	12320768	10	9.3	5.1000000000000005	13.0	1.0	10	8.4	5.122499389946279	13.0	1.0	-0.00741634001480384	-2.217554300792488	0.2020631467247378	9.88149997529625	43.26199956738001
756	12386304	10	8.7	5.292447448959697	13.0	1.0	10	9.9	4.742362280551751	13.0	2.0	-0.006684403070328473	-2.219902788368092	0.19923876689534215	10.080499974798752	44.62599955374
760	12451840	10	8.6	5.44426303552648	13.0	0.0	10	10.9	4.2059481689626175	13.0	2.0	-0.0075966587214345675	-2.1677947290467126	0.18361247569583042	10.858749972853126	36.462999635370004
764	12517376	10	6.5	5.333854141237834	13.0	1.0	10	10.8	4.422668877499197	13.0	1.0	-0.006846203261874707	-2.1454550149788782	0.27425010452915505	12.0589999698525	35.845999641540004
768	12582912	10	9.5	5.371219600798314	13.0	0.0	10	11.6	3.32264954516723	13.0	2.0	-0.0068830446027383614	-2.172107894989091	0.25345826255000925	11.428249971429373	34.24099965759
772	12648448	10	10.6	4.8	13.0	1.0	10	8.9	5.028916384272064	13.0	2.0	-0.005592852447103817	-2.1666619651246157	0.2522258419901651	12.53999996865	23.42299976577
776	12713984	10	10.8	4.4	13.0	2.0	10	11.7	3.9	13.0	0.0	-0.0068298721591579644	-2.1921160218816396	0.1941034770368504	11.47449997131375	36.102999638970005
780	12779520	10	7.3	5.745432968889291	13.0	0.0	10	11.4	3.903844259188627	13.0	0.0	-0.0064916429563919905	-2.1736004201293797	0.21572186128162335	11.769499970576248	37.75399962246001
784	12845056	10	7.6	5.4258639865002145	13.0	1.0	10	11.6	3.32264954516723	13.0	2.0	-0.006245700406559988	-2.0973918857972547	0.25111950853707216	11.1449999721375	35.41399964586001
788	12910592	10	6.3	4.94064773081425	13.0	2.0	10	9.6	5.238320341483519	13.0	0.0	-0.0045096960161422365	-2.0653682945007388	0.252169608500285	11.468999971327502	38.69899961301
792	12976128	10	12.0	3.0	13.0	3.0	10	10.9	4.205948168962618	13.0	2.0	-0.005470252835378667	-2.0233235183237386	0.24360506482368324	11.3069999717325	38.36099961639
796	13041664	10	8.4	5.660388679233963	13.0	0.0	10	8.4	5.6780278266313555	13.0	0.0	-0.006039788472942971	-2.0190093192341836	0.2715899040639616	10.912749972718126	42.96699957033
800	13107200	10	9.8	4.894895300208167	13.0	2.0	10	10.2	4.261455150532504	13.0	2.0	-0.007289468472510439	-2.1389839572466522	0.25757762616300683	9.874749975313124	41.115999588840005
804	13172736	10	9.9	4.742362280551751	13.0	2.0	10	10.9	4.205948168962618	13.0	2.0	-0.0037023280840390994	-2.1516546356423523	0.26809565875370117	9.885749975285625	43.484999565150005
808	13238272	10	4.6	4.24735211631906	13.0	1.0	10	7.4	5.642694391866353	13.0	0.0	-0.00691849072173464	-2.1950835260449137	0.2859320609222033	9.726749975683123	47.15099952849001
812	13303808	10	8.3	5.235456045083369	13.0	1.0	10	11.4	3.0397368307141326	13.0	3.0	-0.006107709141937268	-2.220225535101883	0.251075455737534	9.780999975547498	44.83999955160001
816	13369344	10	8.4	5.6780278266313555	13.0	0.0	10	10.3	4.075536774462966	13.0	2.0	-0.007488332663775214	-2.12109063046931	0.21081342049230595	10.122999974692501	41.69899958301001
820	13434880	10	9.9	4.742362280551751	13.0	2.0	10	10.9	4.2059481689626175	13.0	2.0	-0.006452936237044555	-2.162024251891469	0.23127299459415104	10.895499972761248	41.02399958976001
824	13500416	10	8.8	5.1536394906900505	13.0	2.0	10	10.9	4.2059481689626175	13.0	2.0	-0.006861616905141504	-2.218540000187724	0.18192429792103554	11.0029999724925	38.43799961562001
828	13565952	10	9.9	4.742362280551751	13.0	2.0	10	9.9	4.742362280551751	13.0	2.0	-0.0068886818885806455	-2.0587511060477537	0.23523263615278805	11.4869999712825	36.03199963968
832	13631488	10	9.9	4.742362280551751	13.0	2.0	10	10.6	4.152107898405339	13.0	2.0	-0.005680973786501766	-2.1058157233190427	0.23959605315687907	12.977999967555	30.239999697600002
836	13697024	10	8.8	5.15363949069005	13.0	2.0	10	10.4	4.5431266766402185	13.0	1.0	-0.006800223159390183	-2.0484593620252642	0.2718624843311738	12.721999968195	32.87699967123001
840	13762560	10	6.5	5.333854141237834	13.0	1.0	10	13.0	0.0	13.0	13.0	-0.005243545817150131	-2.033262466179129	0.209110772836281	12.983999967539999	20.220999797790004
844	13828096	10	7.3	5.197114584074513	13.0	1.0	10	11.5	3.6124783736376886	13.0	1.0	-0.005777626952602326	-2.0676566707920934	0.21544024190794372	11.137999972155	35.53199964468
848	13893632	10	8.4	5.6780278266313555	13.0	0.0	10	11.9	3.3	13.0	2.0	-0.005623165231272012	-2.129739517745058	0.24205905243095582	11.737749970655626	35.39199964608001
852	13959168	10	8.8	5.15363949069005	13.0	2.0	10	11.6	3.32264954516723	13.0	2.0	-0.005904900076824285	-2.0795075580795084	0.25066921764236233	12.224749969438125	35.37699964623001
856	14024704	10	8.3	5.23545604508337	13.0	1.0	10	9.6	4.6303347611160905	13.0	2.0	-0.006556067105747495	-2.1617103365792114	0.2375607434412737	11.418999971452498	36.60099963399001
860	14090240	10	5.1	5.223983154643591	13.0	0.0	10	11.7	3.0347981810987035	13.0	3.0	-0.007039228762727161	-2.08915527143174	0.21061099380544407	12.263999969340002	26.581999734180005
864	14155776	10	10.5	5.004997502496879	13.0	0.0	10	7.5	5.5362442142665635	13.0	1.0	-0.005479794385524399	-2.1754597125171484	0.18584420778404953	10.487249973781877	40.003999599960004
868	14221312	10	5.4	5.0039984012787215	13.0	1.0	10	11.7	3.9	13.0	0.0	-0.005455153283075446	-2.1601208470995177	0.22606164424188008	10.795749973010627	41.904999580950005
872	14286848	10	7.8	5.211525688318153	13.0	2.0	10	11.4	3.9038442591886273	13.0	0.0	-0.00678650534175424	-2.2164255303815907	0.2322132649279144	10.21199997447	43.06299956937001
876	14352384	10	9.8	4.894895300208167	13.0	2.0	10	8.7	5.292447448959697	13.0	1.0	-0.006741529708258782	-2.1980453752175153	0.23513342049627944	10.014749974963125	42.13199957868
880	14417920	10	9.7	5.060632371551998	13.0	1.0	10	9.9	4.742362280551751	13.0	2.0	-0.006990964361223305	-2.202982028095921	0.19110263323283336	10.601249973496875	41.97699958023
884	14483456	10	8.3	5.780138406647371	13.0	0.0	10	6.8	5.723635208501674	13.0	0.0	-0.007969207845011563	-2.109984849670283	0.18598161030486068	10.532749973668125	39.664999603350005
888	14548992	10	9.8	4.894895300208167	13.0	2.0	10	11.3	3.318132004607412	13.0	2.0	-0.006682148454790885	-2.1205034626301615	0.2766689797575167	11.250749971873125	36.90299963097001
892	14614528	10	6.7	5.158488150611572	13.0	2.0	10	8.2	5.362835071116769	13.0	1.0	-0.0064739370008512105	-2.1850697222062734	0.17979736166375068	11.529749971175626	38.30799961692001
896	14680064	10	9.6	5.238320341483518	13.0	0.0	10	9.8	4.894895300208167	13.0	2.0	-0.006456475274954322	-2.1802511337115207	0.22616288824134576	10.812749972968126	38.091999619080006
900	14745600	10	8.5	5.5362442142665635	13.0	1.0	10	8.5	5.5362442142665635	13.0	1.0	-0.006675672287415562	-2.2616038816798265	0.22116911626290153	10.998749972503125	38.72499961275001
904	14811136	10	9.5	5.371219600798314	13.0	0.0	10	10.8	4.4	13.0	2.0	-0.008488445100460434	-2.2242123109765592	0.1850137367341418	11.093249972266877	40.45099959549001
908	14876672	10	7.6	5.425863986500215	13.0	1.0	10	12.7	0.9	13.0	10.0	-0.0060095163444006	-2.2406524839650097	0.26279258756334006	10.664999973337501	25.050999749490003
912	14942208	10	9.9	4.742362280551751	13.0	2.0	10	12.0	3.0	13.0	3.0	-0.006696854193462961	-2.191496858765885	0.2315070498493559	9.91249997521875	21.475999785240003
916	15007744	10	6.5	5.333854141237834	13.0	1.0	10	11.0	4.0	13.0	3.0	-0.006056463194884604	-2.229590554799845	0.17432763674032728	11.24949997187625	37.61299962387
920	15073280	10	7.7	5.3113086899558	13.0	2.0	10	10.9	4.205948168962618	13.0	2.0	-0.008190341647055241	-2.133480469163545	0.22785154619053802	11.349999971625001	34.846999651530005
924	15138816	10	10.5	5.004997502496879	13.0	0.0	10	12.7	0.9	13.0	10.0	-0.006620392816247127	-2.1583033648865277	0.20777679985397857	12.0749999698125	7.196999928030001
928	15204352	10	9.1	5.39351462406472	13.0	0.0	10	11.8	3.6	13.0	1.0	-0.007276182821290883	-2.13522856660297	0.2005605059466955	11.339499971651252	26.049999739500006
932	15269888	10	6.3	4.960846701924985	13.0	1.0	10	8.8	5.173006862551025	13.0	1.0	-0.008166610154510628	-2.1917945814829802	0.21564088961346783	9.816499975458752	44.30499955695001
936	15335424	10	9.5	4.801041553663121	13.0	1.0	10	12.0	3.0	13.0	3.0	-0.007473264133729937	-2.1785874240314547	0.2316960294800052	10.095249974761876	42.94399957056001
940	15400960	10	8.8	5.1536394906900505	13.0	2.0	10	13.0	0.0	13.0	13.0	-0.005947795931192969	-2.2115050303619173	0.22287671583866542	9.985999975035002	31.564999684350006
944	15466496	10	8.1	5.4671747731346585	13.0	1.0	10	10.7	3.950949253027682	13.0	3.0	-0.006623711715208661	-2.1637608307332923	0.16845158664307153	9.826749975433126	45.11099954889001
948	15532032	10	8.6	5.407402333838309	13.0	1.0	10	11.9	3.3	13.0	2.0	-0.007408156308718564	-2.1733979083817228	0.20986906902541083	9.877999975305	44.18299955817001
952	15597568	10	9.6	5.2	13.0	1.0	10	11.9	3.3	13.0	2.0	-0.007609351176562827	-2.173216206105671	0.22529052738857921	9.759999975600001	41.305999586940004
956	15663104	10	7.5	5.518151864528558	13.0	1.0	10	8.4	5.642694391866353	13.0	1.0	-0.00683334510226877	-2.153145611061877	0.23180525328412	10.02149997494625	41.01699958983001
960	15728640	10	7.3	5.762811813689564	13.0	0.0	10	10.6	4.1521078984053394	13.0	2.0	-0.006918967546766198	-2.1431780802957925	0.2831153611668082	10.580249973549375	38.09399961906001
964	15794176	10	6.7	5.158488150611572	13.0	2.0	10	11.0	4.0	13.0	3.0	-0.006033455629806036	-2.1376015839734235	0.2861199772153031	10.347249974131875	40.877999591220004
968	15859712	10	8.5	5.5362442142665635	13.0	1.0	10	13.0	0.0	13.0	13.0	-0.006807127022105938	-2.179699140063367	0.23201211011724845	10.365249974086876	24.183999758160006
972	15925248	10	7.3	5.745432968889291	13.0	0.0	10	11.3	3.318132004607412	13.0	2.0	-0.006959422541697604	-2.129448562638671	0.23081200132846594	10.437249973906876	42.08399957916001
976	15990784	10	11.9	3.3	13.0	2.0	10	11.6	3.32264954516723	13.0	2.0	-0.006521369924108898	-2.165617950035054	0.20498904304306242	10.607749973480624	42.89899957101001
980	16056320	10	11.7	3.0347981810987035	13.0	3.0	10	13.0	0.0	13.0	13.0	-0.0063098190481565815	-2.2097594959222175	0.1816426315155659	10.52149997369625	6.192999938070001
984	16121856	10	11.6	3.32264954516723	13.0	2.0	10	10.9	4.2059481689626175	13.0	2.0	-0.006961196061216515	-2.1155053722641597	0.27676517529013656	11.721499970696248	34.355999656440005
988	16187392	10	8.9	5.028916384272064	13.0	2.0	10	10.8	4.422668877499197	13.0	1.0	-0.006286502545917748	-2.1125639227812303	0.1899825309515783	11.288499971778752	36.83899963161
992	16252928	10	8.1	5.48543526076099	13.0	0.0	10	9.8	4.894895300208167	13.0	2.0	-0.0072557185502188535	-2.186267611653361	0.24317100455314086	10.935249972661875	39.453999605460005
996	16318464	10	8.4	5.660388679233963	13.0	1.0	10	11.8	3.6	13.0	1.0	-0.00668753467643976	-2.1605427709951504	0.29128766770855213	11.951999970120001	35.34899964651
1000	16384000	10	8.7	5.292447448959697	13.0	1.0	10	12.7	0.9	13.0	10.0	-0.006824341989963666	-2.141421563700294	0.21440893510296202	11.105999972235	21.337999786620003
1004	16449536	10	7.1	5.923681287847955	13.0	0.0	10	11.0	4.0	13.0	3.0	-0.006185078425270701	-2.126192023135277	0.23600309665650454	10.333999974165001	25.101999748980003
1008	16515072	10	10.8	4.422668877499197	13.0	1.0	10	12.7	0.9	13.0	10.0	-0.007156531279646222	-2.1122904690886637	0.24326970115253457	10.257749974355624	23.212999767870006
1012	16580608	10	8.8	5.15363949069005	13.0	2.0	10	12.0	3.0	13.0	3.0	-0.005917084564003412	-2.1126913475776394	0.24399844073321908	10.627249973431875	40.92299959077001
1016	16646144	10	7.6	4.882622246293481	13.0	2.0	10	13.0	0.0	13.0	13.0	-0.0052786751421645805	-2.1821605138691105	0.21055196471802592	10.698749973253125	20.161999798380002
1020	16711680	10	9.7	5.060632371551998	13.0	1.0	10	13.0	0.0	13.0	13.0	-0.005599387603092832	-2.1790682646349153	0.18952625359296968	11.234999971912499	22.417999775820004
1024	16777216	10	13.0	0.0	13.0	13.0	10	11.6	3.32264954516723	13.0	2.0	-0.005829775083231926	-2.176010307939677	0.21063060474250592	12.602249968494375	27.377999726220004
1028	16842752	10	12.0	3.0	13.0	3.0	10	10.7	3.950949253027682	13.0	3.0	-0.006231889249301802	-2.1119771746581226	0.26904275032683095	11.949249970126875	34.486999655130006
1032	16908288	10	10.8	4.4	13.0	2.0	10	11.7	3.0347981810987035	13.0	3.0	-0.006308096824138845	-2.109924703616657	0.21948180073759024	11.281249971796875	40.31699959683001
1036	16973824	10	9.5	5.352569476429054	13.0	1.0	10	10.4	4.586937976471886	13.0	0.0	-0.007084307553537003	-2.1854748326250277	0.23512058617271064	11.109999972225	41.112999588870004
1040	17039360	10	7.7	5.3113086899558	13.0	2.0	10	11.0	4.0	13.0	3.0	-0.006902923409030389	-2.0885065121263304	0.1887785495683105	10.711749973220623	21.773999782260006
1044	17104896	10	8.4	5.642694391866353	13.0	1.0	10	12.0	3.0	13.0	3.0	-0.006667545037910728	-2.1550258818010777	0.2214823173283546	11.077999972305	38.94599961054001
1048	17170432	10	8.2	5.362835071116769	13.0	1.0	10	10.9	4.2059481689626175	13.0	2.0	-0.0068375857146901345	-2.1208666088954717	0.2144273795584993	10.95199997262	40.55099959449001
1052	17235968	10	10.9	4.2059481689626175	13.0	2.0	10	13.0	0.0	13.0	13.0	-0.0058176153597745365	-2.1542810298741926	0.2465624475284378	10.591249973521876	42.161999578380005
1056	17301504	10	8.7	5.273518749374084	13.0	2.0	10	11.8	3.6	13.0	1.0	-0.006639227471689924	-2.1157744549494435	0.24913478810849418	10.41749997395625	28.798999712010005
1060	17367040	10	10.8	4.4	13.0	2.0	10	11.5	3.6124783736376886	13.0	1.0	-0.006188209211624097	-2.084883750509604	0.2652164798264106	9.631249975921875	28.369999716300004
1064	17432576	10	9.5	5.371219600798314	13.0	0.0	10	13.0	0.0	13.0	13.0	-0.005285761949133249	-2.0926608614927216	0.21247642128067237	9.539249976151874	23.121999768780004
1068	17498112	10	5.2	5.173006862551025	13.0	0.0	10	12.7	0.9	13.0	10.0	-0.006089334639881817	-2.130942597763294	0.20330582215506018	12.210499969473751	20.313999796860003
1072	17563648	10	8.4	5.6780278266313555	13.0	0.0	10	12.0	3.0	13.0	3.0	-0.00604457646656953	-2.1586738152043488	0.2577513593446193	11.847749970380626	37.44399962556001
1076	17629184	10	11.7	3.9	13.0	0.0	10	12.0	3.0	13.0	3.0	-0.006533068931504887	-2.0636694540913982	0.21885577098049352	11.40949997147625	27.273999727260005
1080	17694720	10	10.0	4.58257569495584	13.0	3.0	10	12.0	3.0	13.0	3.0	-0.006032065475643138	-2.166038853201145	0.19463394207715107	11.407749971480627	29.836999701630006
1084	17760256	10	9.6	5.2	13.0	1.0	10	10.9	4.2059481689626175	13.0	2.0	-0.006337137705432595	-2.163149893058516	0.19753184928053347	10.932749972668125	39.84699960153001
1088	17825792	10	7.5	5.5	13.0	2.0	10	11.8	3.6	13.0	1.0	-0.006750357638545087	-2.136521696821818	0.17880842289576984	11.030499972423748	42.417999575820005
1092	17891328	10	10.8	4.4	13.0	2.0	10	12.0	3.0	13.0	3.0	-0.006245926131018349	-2.136299095825347	0.2027711975953111	9.550749976123125	32.136999678630005
1096	17956864	10	11.8	3.6	13.0	1.0	10	9.7	4.473253849269008	13.0	3.0	-0.006292111587705236	-2.1155614403666725	0.21499459194884316	9.48449997628875	36.69099963309001
1100	18022400	10	10.9	4.2059481689626175	13.0	2.0	10	11.5	3.6124783736376886	13.0	1.0	-0.006514133489497228	-2.133871935085701	0.21705062491110522	10.08049997479875	34.228999657710006
1104	18087936	10	8.4	5.102940328869229	13.0	2.0	10	12.0	3.0	13.0	3.0	-0.006631205546522183	-2.1157729424815823	0.17990409146362113	10.076749974808125	45.58499954415001
1108	18153472	10	8.8	5.173006862551025	13.0	1.0	10	13.0	0.0	13.0	13.0	-0.005082410634790508	-2.0231333745398707	0.2026867631146031	10.196749974508124	33.46499966535001
1112	18219008	10	7.7	5.3113086899558	13.0	2.0	10	10.6	4.1521078984053394	13.0	2.0	-0.0064674481223779366	-2.1264714025229448	0.21083072562989372	9.877249975306876	32.89899967101
1116	18284544	10	8.6	5.40740233383831	13.0	1.0	10	9.9	4.742362280551751	13.0	2.0	-0.006228844023359301	-2.1043460540764958	0.23351749775361408	10.14449997463875	40.86599959134001
1120	18350080	10	10.8	4.422668877499197	13.0	1.0	10	10.9	4.2059481689626175	13.0	2.0	-0.005660878134844987	-2.2040339383173886	0.1742644127432029	10.349749974125626	42.77899957221001
1124	18415616	10	10.9	4.2059481689626175	13.0	2.0	10	13.0	0.0	13.0	13.0	-0.006148893108998665	-2.0887740475743772	0.18355090091576504	10.522749973693125	23.225999767740003
1128	18481152	10	6.7	5.158488150611572	13.0	2.0	10	10.8	4.422668877499197	13.0	1.0	-0.0067415180327721315	-2.0438381567951915	0.2065112057392505	11.19449997201375	39.27599960724001
1132	18546688	10	9.6	4.6303347611160905	13.0	2.0	10	13.0	0.0	13.0	13.0	-0.00704427793655353	-2.046640240684543	0.1501625994995279	11.230999971922502	22.095999779040003
1136	18612224	10	9.6	5.2	13.0	1.0	10	13.0	0.0	13.0	13.0	-0.006430832767907116	-1.9769048663901352	0.18437754516121407	10.44449997388875	25.035999749640006
1140	18677760	10	9.8	4.894895300208167	13.0	2.0	10	13.0	0.0	13.0	13.0	-0.006035165620513705	-2.058844506526107	0.17337748973066114	10.390249974024375	27.424999725750006
1144	18743296	10	9.8	4.894895300208167	13.0	2.0	10	12.7	0.9	13.0	10.0	-0.005574676513207594	-2.050019686207215	0.2481045229878121	10.3549999741125	27.573999724260005
1148	18808832	10	6.8	5.075431016179809	13.0	2.0	10	10.6	4.82078831727758	13.0	0.0	-0.00603582958317508	-2.050223711664496	0.16398626734967509	11.4529999713675	39.42199960578
1152	18874368	10	8.6	5.388877434122992	13.0	2.0	10	11.0	4.0	13.0	3.0	-0.005433434425908091	-2.182508080970394	0.1878156830981931	10.709749973225625	40.817999591820005
1156	18939904	10	8.8	5.173006862551025	13.0	1.0	10	12.7	0.9	13.0	10.0	-0.005434959464198546	-2.1342367477975377	0.20635160607619826	10.49549997376125	20.345999796540003
1160	19005440	10	9.8	4.915282290977803	13.0	1.0	10	12.7	0.9	13.0	10.0	-0.005731001437510362	-2.0686606638462197	0.18736080264583604	12.495749968760624	16.7699998323
1164	19070976	10	7.3	5.745432968889291	13.0	0.0	10	13.0	0.0	13.0	13.0	-0.006473335040262639	-1.97001793090843	0.16395188827532867	11.60849997097875	22.790999772090004
1168	19136512	10	10.8	4.4	13.0	2.0	10	13.0	0.0	13.0	13.0	-0.0052465617391733435	-1.9455181457559243	0.2196508430802255	9.967499975081251	25.025999749740002
1172	19202048	10	9.5	5.389805191284746	13.0	0.0	10	11.9	3.3	13.0	2.0	-0.006516434009051399	-1.9342365461559896	0.20207763818160754	10.537249973656875	30.407999695920005
1176	19267584	10	11.9	3.3	13.0	2.0	10	13.0	0.0	13.0	13.0	-0.006830149048150263	-1.9747357875535227	0.18068538992335773	11.29249997176875	17.259999827400005
1180	19333120	10	9.8	4.894895300208167	13.0	2.0	10	11.9	3.3	13.0	2.0	-0.006449689117830198	-1.8691141814529986	0.14001590431140687	11.9769999700575	36.67199963328
1184	19398656	10	9.6	5.238320341483519	13.0	0.0	10	12.7	0.9	13.0	10.0	-0.004819328371117714	-1.9357767537703305	0.20452687118865925	12.070999969822502	22.892999771070006
1188	19464192	10	8.6	5.40740233383831	13.0	1.0	10	13.0	0.0	13.0	13.0	-0.006133224768410291	-1.8904148636279259	0.18837717320980849	9.116749977208125	28.530999714690005
1192	19529728	10	8.7	5.292447448959697	13.0	1.0	10	12.7	0.9	13.0	10.0	-0.003900836715019881	-1.9233760310196075	0.18317492218953144	10.1599999746	20.930999790690006
1196	19595264	10	9.3	5.119570294468081	13.0	0.0	10	11.6	3.32264954516723	13.0	2.0	-0.00554891900722499	-1.9476289374587696	0.16487553869208846	12.302249969244375	34.70899965291001
1200	19660800	10	10.9	4.2059481689626175	13.0	2.0	10	12.7	0.9	13.0	10.0	-0.005417126290964215	-2.0016787844798056	0.1952885211397186	11.916249970209375	18.151999818480004
1204	19726336	10	7.9	5.107837115648853	13.0	2.0	10	12.7	0.9	13.0	10.0	-0.005798741871333297	-1.9668700481889234	0.2142496807277543	12.091999969769999	20.272999797270003
1208	19791872	10	10.8	4.4	13.0	2.0	10	12.4	1.2	13.0	10.0	-0.006086544065179829	-1.944170587804058	0.13372277179892175	10.443749973890625	28.957999710420005
1212	19857408	10	9.6	5.2	13.0	1.0	10	12.0	3.0	13.0	3.0	-0.006033194306512392	-1.9013531305398828	0.1333421612562791	10.814249972964374	38.12199961878001
1216	19922944	10	7.9	5.107837115648853	13.0	2.0	10	12.0	3.0	13.0	3.0	-0.0037264538522381674	-1.977560841582852	0.22739563010747812	11.31149997172125	24.370999756290004
1220	19988480	10	9.9	4.742362280551751	13.0	2.0	10	13.0	0.0	13.0	13.0	-0.005280571632643116	-2.012222230224811	0.12852906380062076	11.352249971619376	18.498999815010002
1224	20054016	10	8.8	5.15363949069005	13.0	2.0	10	13.0	0.0	13.0	13.0	-0.004920984996202958	-1.933463054197293	0.1553375790277115	10.588249973529376	22.365999776340004
1228	20119552	10	11.9	3.3	13.0	2.0	10	13.0	0.0	13.0	13.0	-0.006531706959551145	-1.927279329347521	0.13408294147967337	10.685749973285626	20.840999791590004
1232	20185088	10	9.8	4.894895300208167	13.0	2.0	10	11.9	3.3	13.0	2.0	-0.00508529031208209	-1.8759368767870401	0.17379858490442324	10.478249973804374	39.11799960882001
1236	20250624	10	13.0	0.0	13.0	13.0	10	11.0	4.0	13.0	3.0	-0.005518571999377501	-1.8437339028285646	0.15805264972056146	12.469249968826874	33.36499966635001
1240	20316160	10	9.5	5.389805191284746	13.0	0.0	10	10.9	4.2059481689626175	13.0	2.0	-0.005495688348707728	-1.920157530455447	0.16485784177813767	12.143249969641875	34.70999965290001
1244	20381696	10	7.8	5.268775948927796	13.0	1.0	10	12.0	3.0	13.0	3.0	-0.0056695585838957875	-1.8628803613828249	0.1866424015994411	11.9909999700225	37.618999623810005
1248	20447232	10	8.8	5.1536394906900505	13.0	2.0	10	13.0	0.0	13.0	13.0	-0.006033401649476502	-1.898564557036679	0.15463276291207528	10.805249972986877	25.389999746100006
1252	20512768	10	9.9	4.742362280551751	13.0	2.0	10	12.7	0.9	13.0	10.0	-0.005821464378944486	-1.8742284636233972	0.18454229496049318	9.98249997504375	25.862999741370004
1256	20578304	10	8.1	5.539855593785817	13.0	0.0	10	11.8	3.6	13.0	1.0	-0.006174982338015461	-1.886429890793754	0.1444008629618669	10.850499972873749	37.73899962261
1260	20643840	10	10.8	4.4	13.0	2.0	10	11.9	3.3	13.0	2.0	-0.005422278287410917	-1.9527144206516374	0.12788072894547456	11.889999970275001	37.76299962237
1264	20709376	10	10.3	4.754997371187496	13.0	0.0	10	13.0	0.0	13.0	13.0	-0.0058918051163271805	-1.8543903825735577	0.15155049287687616	10.766249973084374	19.761999802380004
1268	20774912	10	8.6	5.388877434122992	13.0	2.0	10	12.0	3.0	13.0	3.0	-0.006169214657311468	-1.9149290892473907	0.14594807474284988	11.7469999706325	37.813999621860006
1272	20840448	10	7.9	5.107837115648854	13.0	2.0	10	13.0	0.0	13.0	13.0	-0.0070141641522513815	-1.967720423930555	0.13526914244039953	10.901749972745625	20.943999790560003
1276	20905984	10	9.7	5.060632371551998	13.0	1.0	10	13.0	0.0	13.0	13.0	-0.004263292718719684	-1.8907120412108742	0.09550502270551826	11.691249970771876	23.11199976888
1280	20971520	10	9.9	4.742362280551751	13.0	2.0	10	10.9	4.2059481689626175	13.0	2.0	-0.0050226255887156	-1.8540459645843397	0.15810514395030484	12.158999969602503	32.53299967467001
1284	21037056	10	11.9	3.3	13.0	2.0	10	13.0	0.0	13.0	13.0	-0.005336724941470285	-1.9200847507006569	0.1386513476270798	12.613249968466876	17.852999821470004
1288	21102592	10	8.9	5.028916384272064	13.0	2.0	10	13.0	0.0	13.0	13.0	-0.004983649115664966	-1.8077825281127693	0.12179231766584431	10.276249974309374	34.891999651080006
1292	21168128	10	8.4	5.660388679233963	13.0	0.0	10	13.0	0.0	13.0	13.0	-0.005100267133532289	-1.8294875023843489	0.09132067349874658	10.224749974438126	23.795999762040005
1296	21233664	10	9.7	5.060632371551998	13.0	1.0	10	11.7	3.0347981810987035	13.0	3.0	-0.00531423549248273	-1.8387585243157467	0.11519716942724655	11.09449997226375	40.267999597320006
1300	21299200	10	10.9	4.205948168962618	13.0	2.0	10	12.0	3.0	13.0	3.0	-0.004106162852800824	-1.7602087654823348	0.15472534654292053	10.897249972756875	40.393999596060006
1304	21364736	10	9.9	4.742362280551751	13.0	2.0	10	13.0	0.0	13.0	13.0	-0.00530562735796199	-1.7658813382832546	0.12682203923893645	10.91599997271	20.39099979609
1308	21430272	10	8.4	5.6780278266313555	13.0	0.0	10	13.0	0.0	13.0	13.0	-0.004994753526954147	-1.7844270155458541	0.1836830539592747	11.226249971934374	22.566999774330004
1312	21495808	10	9.8	4.894895300208167	13.0	2.0	10	12.7	0.9	13.0	10.0	-0.0058763652335319105	-1.8406712721357659	0.1730097883278341	9.899999975250001	23.744999762550005
1316	21561344	10	12.0	3.0	13.0	3.0	10	13.0	0.0	13.0	13.0	-0.003746807234078189	-1.908022387375364	0.11299269804330106	10.8329999729175	21.820999781790004
1320	21626880	10	7.8	5.2115256883181535	13.0	2.0	10	13.0	0.0	13.0	13.0	-0.006133054852972144	-1.9135789807134336	0.14031888092958578	12.638499968403751	20.669999793300004
1324	21692416	10	11.9	3.3	13.0	2.0	10	13.0	0.0	13.0	13.0	-0.00573250606916503	-1.8450019556348893	0.10849655565917324	12.315749969210625	18.224999817750003
1328	21757952	10	7.5	5.5362442142665635	13.0	1.0	10	13.0	0.0	13.0	13.0	-0.006005555177257977	-1.75385674443453	0.12816345764075576	10.232749974418125	35.225999647740004
1332	21823488	10	10.9	4.2059481689626175	13.0	2.0	10	10.8	4.422668877499197	13.0	1.0	-0.005891264575734802	-1.8177046798759695	0.17433311035592838	10.143249974641876	38.07899961921001
1336	21889024	10	10.0	4.58257569495584	13.0	3.0	10	13.0	0.0	13.0	13.0	-0.005899940501565287	-1.900675494025846	0.1717467784780299	10.73249997316875	17.241999827580003
1340	21954560	10	7.4	5.660388679233963	13.0	0.0	10	13.0	0.0	13.0	13.0	-0.004197888514850885	-1.810148459981076	0.12232580915526618	12.612249968469376	18.386999816130004
1344	22020096	10	10.8	4.422668877499197	13.0	1.0	10	13.0	0.0	13.0	13.0	-0.007139041963318063	-1.8316324264386685	0.12125232147031602	11.308749971728124	12.756999872430002
1348	22085632	10	9.2	5.230678732248808	13.0	1.0	10	12.4	1.2	13.0	10.0	-0.0038513860462373707	-1.792846248608834	0.12580766612905572	11.543249971141876	28.041999719580005
1352	22151168	10	9.8	4.894895300208167	13.0	2.0	10	11.9	3.3	13.0	2.0	-0.006762410993565467	-1.8345561100121663	0.08526087074118081	12.720499968198748	35.678999643210005
1356	22216704	10	11.9	3.3	13.0	2.0	10	13.0	0.0	13.0	13.0	-0.005195823703681141	-1.8504666348854346	0.09470722489624642	12.086749969783126	16.620999833790002
1360	22282240	10	8.8	5.15363949069005	13.0	2.0	10	12.7	0.9	13.0	10.0	-0.004396848734204242	-1.8217691727568444	0.16184029311273723	11.846249970384374	24.730999752690007
1364	22347776	10	11.8	3.6	13.0	1.0	10	13.0	0.0	13.0	13.0	-0.004937118854984758	-1.8134706552424467	0.10057760843890773	10.825999972935001	23.120999768790004
1368	22413312	10	9.1	5.430469592954186	13.0	0.0	10	11.9	3.3	13.0	2.0	-0.00569496503583748	-1.7932198753575157	0.09805905538520987	10.887749972780625	40.83099959169001
1372	22478848	10	10.7	3.9509492530276824	13.0	3.0	10	13.0	0.0	13.0	13.0	-0.004871320141418202	-1.7714046461525108	0.0907906660288683	11.72349997069125	18.366999816330004
1376	22544384	10	12.0	3.0	13.0	3.0	10	13.0	0.0	13.0	13.0	-0.005843542031771652	-1.6657319762561076	0.11077755149076046	11.748999970627501	22.002999779970004
1380	22609920	10	10.8	4.4	13.0	2.0	10	13.0	0.0	13.0	13.0	-0.005256282861165635	-1.713358277897379	0.094878948982235	11.519249971201875	25.412999745870003
1384	22675456	10	11.9	3.3	13.0	2.0	10	13.0	0.0	13.0	13.0	-0.00535132833652257	-1.7696427750730905	0.11241486031011982	9.696249975759374	26.225999737740004
1388	22740992	10	9.8	4.894895300208167	13.0	2.0	10	12.7	0.9	13.0	10.0	-0.006334599839290436	-1.739578343746654	0.08124020072018116	10.17999997455	22.461999775380004
1392	22806528	10	8.5	5.572252686302013	13.0	0.0	10	13.0	0.0	13.0	13.0	-0.004835778167743664	-1.6493898765018074	0.10265204006668045	10.732749973168126	19.884999801150006
1396	22872064	10	9.6	5.219195340279955	13.0	1.0	10	13.0	0.0	13.0	13.0	-0.004158282802433928	-1.6907584355003744	0.11719662958777054	11.328249971679375	27.189999728100005
1400	22937600	10	10.8	4.422668877499196	13.0	1.0	10	13.0	0.0	13.0	13.0	-0.005390490500500116	-1.7222506588393538	0.11998694043443198	9.717499975706252	28.949999710500006
1404	23003136	10	11.0	4.0	13.0	3.0	10	13.0	0.0	13.0	13.0	-0.005845229943585943	-1.8041031234570601	0.09949469538145236	10.644999973387499	23.467999765320005
1408	23068672	10	11.9	3.3	13.0	2.0	10	13.0	0.0	13.0	13.0	-0.005991344288589786	-1.7029679999465055	0.06750942257616284	11.601249970996875	16.75799983242
1412	23134208	10	8.9	5.028916384272064	13.0	2.0	10	13.0	0.0	13.0	13.0	-0.004108601910225933	-1.755288095341071	0.08325903029477934	10.964249972589375	24.201999757980005
1416	23199744	10	10.8	4.4	13.0	2.0	10	13.0	0.0	13.0	13.0	-0.005542941680716303	-1.7396795561587624	0.0678073884460602	9.140249977149377	25.340999746590004
1420	23265280	10	10.8	4.422668877499197	13.0	1.0	10	13.0	0.0	13.0	13.0	-0.004655953964296176	-1.6670103183142355	0.10214663738252137	11.3069999717325	19.817999801820005
1424	23330816	10	9.5	5.389805191284746	13.0	0.0	10	13.0	0.0	13.0	13.0	-0.004278168789984808	-1.5987662211878668	0.0789910088560218	11.856749970358127	18.186999818130005
1428	23396352	10	8.8	5.15363949069005	13.0	2.0	10	13.0	0.0	13.0	13.0	-0.005687564841247806	-1.7126637695435822	0.08850765805545627	11.352999971617502	21.814999781850005
1432	23461888	10	11.9	3.3	13.0	2.0	10	13.0	0.0	13.0	13.0	-0.004587557533772792	-1.6157952731654759	0.07124853810562222	11.0689999723275	12.909999870900002
1436	23527424	10	9.8	4.894895300208167	13.0	2.0	10	13.0	0.0	13.0	13.0	-0.005587039102489842	-1.5202832183148332	0.061056011854519754	11.372249971569376	22.128999778710003
1440	23592960	10	11.5	3.6124783736376886	13.0	1.0	10	13.0	0.0	13.0	13.0	-0.00456210501531813	-1.5004710690107586	0.09246588964992314	9.69549997576125	4.231999957680001
1444	23658496	10	7.0	5.549774770204643	13.0	0.0	10	12.0	3.0	13.0	3.0	-0.0018631136261197869	-1.4832447045489852	0.10746939995293171	11.86399997034	36.60599963394001
1448	23724032	10	10.8	4.4	13.0	2.0	10	13.0	0.0	13.0	13.0	-0.004519301155732191	-1.5812943203590206	0.09597633081497489	11.673249970816874	22.20899977791
1452	23789568	10	11.9	3.3	13.0	2.0	10	13.0	0.0	13.0	13.0	-0.004959739232404246	-1.4870776458025659	0.06638064764447087	10.920999972697501	4.483999955160001
1456	23855104	10	12.0	3.0	13.0	3.0	10	10.5	4.341658669218482	13.0	2.0	-0.004934742335627996	-1.5642153134802779	0.08926037948347292	11.215499971961249	41.17199958828
1460	23920640	10	11.8	3.6	13.0	1.0	10	13.0	0.0	13.0	13.0	-0.004919762278801979	-1.6202227459153604	0.06945369254151831	10.989499972526252	20.652999793470002
1464	23986176	10	7.4	5.660388679233963	13.0	0.0	10	11.7	3.0347981810987035	13.0	3.0	-0.004313505746576353	-1.544078536170812	0.10019364466933552	11.593499971016248	41.21399958786
1468	24051712	10	9.9	4.742362280551751	13.0	2.0	10	13.0	0.0	13.0	13.0	-0.004265332790520443	-1.5809397857231162	0.08668283500271354	10.149249974626875	27.353999726460003
1472	24117248	10	13.0	0.0	13.0	13.0	10	13.0	0.0	13.0	13.0	-0.004268577304941975	-1.4023752012381456	0.11152601766712902	10.235499974411251	2.5769999742300005
1476	24182784	10	10.7	4.648655719667783	13.0	0.0	10	13.0	0.0	13.0	13.0	-0.005149105183660982	-1.3872070273802088	0.050867818368267134	11.403749971490626	22.500999774990007
1480	24248320	10	9.7	5.060632371551998	13.0	1.0	10	13.0	0.0	13.0	13.0	-0.004528440423032115	-1.4427133250720505	0.10041046207500864	11.5569999711075	23.227999767720004
1484	24313856	10	9.7	5.060632371551998	13.0	1.0	10	13.0	0.0	13.0	13.0	-0.0024409341589372163	-1.559308496451869	0.10246380242848732	10.98749997253125	21.808999781910003
1488	24379392	10	10.9	4.2059481689626175	13.0	2.0	10	12.7	0.9	13.0	10.0	-0.00329191374199245	-1.6463194438093611	0.10279617554523898	11.17849997205375	23.381999766180005
1492	24444928	10	6.5	5.315072906367325	13.0	2.0	10	13.0	0.0	13.0	13.0	-0.006709926996243814	-1.567239773606919	0.07433972343959402	9.524749976188126	27.002999729970004
1496	24510464	10	11.8	3.6	13.0	1.0	10	13.0	0.0	13.0	13.0	-0.0035867188146365796	-1.3408729147011034	0.08357954905273869	10.126749974683126	25.514999744850005
1500	24576000	10	13.0	0.0	13.0	13.0	10	13.0	0.0	13.0	13.0	-0.0027631241243248335	-1.2989964843926731	0.08980839197985371	11.561249971096874	20.041999799580005
1504	24641536	10	10.9	4.2059481689626175	13.0	2.0	10	13.0	0.0	13.0	13.0	-0.00443308178803418	-1.299518256002402	0.07070833979369272	11.44249997139375	33.55899966441
1508	24707072	10	9.4	4.94368283772331	13.0	1.0	10	11.6	3.32264954516723	13.0	2.0	-0.003659240842881352	-1.3841420596886298	0.05829233510666226	11.62649997093375	42.415999575840004
1512	24772608	10	8.6	5.40740233383831	13.0	1.0	10	13.0	0.0	13.0	13.0	-0.00513877423334462	-1.34054476257109	0.07558648855957431	10.831249972921876	21.46099978539
1516	24838144	10	10.7	4.605431575867782	13.0	1.0	10	13.0	0.0	13.0	13.0	-0.004185507881193756	-1.279429931060316	0.07667054765796401	10.360749974098125	25.722999742770003
1520	24903680	10	10.6	4.8207883172775805	13.0	0.0	10	13.0	0.0	13.0	13.0	-0.0031108886926725686	-1.233431329201326	0.05487420721727338	9.53949997615125	25.100999748990002
1524	24969216	10	9.4	4.94368283772331	13.0	1.0	10	13.0	0.0	13.0	13.0	0.0004036374132620983	-1.247029049812992	0.06184253445182277	10.975249972561876	22.358999776410005
