iter	frame	n_test	mean_returns	std_returns	max_returns	min_returns	n_test_train	mean_returns_train	std_returns_train	max_returns_train	min_returns_train	actor_loss	entropy_loss	value_loss	training_time	evaluation_time
0	0	10	1.6	2.615339366124404	9.0	0.0	10	1.2	1.8330302779823362	6.0	0.0	0	0	0	0.0	8.233999917660002
4	65536	10	0.0	0.0	0.0	0.0	10	1.1	1.5132745950421556	4.0	0.0	0.0032773720082556195	-2.626904763007709	0.11744365125912938	10.37999997405	5.7229999427700005
8	131072	10	0.4	0.9165151389911681	3.0	0.0	10	1.1	0.8306623862918074	2.0	0.0	-0.005118734796949021	-2.6075670790936316	0.050251970566852086	11.617999970955001	8.631999913680001
12	196608	10	0.5	0.806225774829855	2.0	0.0	10	0.9	0.9433981132056604	3.0	0.0	-0.007293947886711314	-2.5990091112528977	0.04800715494866528	12.822249967944376	8.39899991601
16	262144	10	1.0	1.4832396974191326	5.0	0.0	10	1.3	2.0024984394500787	6.0	0.0	-0.009319035170482798	-2.585043330718019	0.0487735540322445	11.781499970546252	10.091999899080003
20	327680	10	0.9	1.044030650891055	3.0	0.0	10	1.5	1.5	4.0	0.0	-0.010570296196834555	-2.5520376783931247	0.05215226089969917	12.84399996789	14.002999859970002
24	393216	10	1.0	1.7888543819998317	6.0	0.0	10	1.2	1.4000000000000001	5.0	0.0	-0.011143411399392532	-2.5315790198589805	0.05446030416269046	12.25199996937	7.926999920730001
28	458752	10	0.0	0.0	0.0	0.0	10	0.8	0.8717797887081348	3.0	0.0	-0.01201070332532046	-2.500356845297236	0.06587662333712462	13.522749966193125	4.4139999558600005
32	524288	10	0.6	0.66332495807108	2.0	0.0	10	1.2	1.6	5.0	0.0	-0.012746465052750969	-2.4859091562423443	0.06665727728283452	12.81449996796375	12.46899987531
36	589824	10	1.3	1.6155494421403513	4.0	0.0	10	1.3	1.5524174696260025	5.0	0.0	-0.01445076932912184	-2.4422232381939035	0.05909233093422275	12.39749996900625	6.967999930320001
40	655360	10	0.9	1.044030650891055	3.0	0.0	10	1.4	1.3564659966250538	4.0	0.0	-0.01394337820578254	-2.411358535038581	0.0557627388373294	11.724249970689375	13.805999861940002
44	720896	10	1.4	1.562049935181331	5.0	0.0	10	0.6	0.8	2.0	0.0	-0.015127420101271811	-2.376445057243915	0.04896591956372365	12.22149996944625	10.807999891920002
48	786432	10	1.2	1.3266499161421599	4.0	0.0	10	1.9	2.0223748416156684	6.0	0.0	-0.014081763621155775	-2.434847292547114	0.044532427443209226	12.417249968956874	22.243999777560003
52	851968	10	0.5	0.5	1.0	0.0	10	1.6	1.4966629547095764	4.0	0.0	-0.015790630136378353	-2.443355152749812	0.043784875262934786	12.542749968643124	6.2299999377000015
56	917504	10	1.2	1.4000000000000001	5.0	0.0	10	0.9	1.2206555615733703	3.0	0.0	-0.014301486387038204	-2.4284155490451673	0.044949544744230005	12.99849996750375	4.558999954410001
60	983040	10	1.0	1.0	3.0	0.0	10	1.4	1.42828568570857	5.0	0.0	-0.014670692094101828	-2.4286236859811745	0.04352326197872435	13.485499966286248	6.492999935070001
64	1048576	10	1.1	1.57797338380595	5.0	0.0	10	1.1	1.7578395831246947	6.0	0.0	-0.015383257555705722	-2.392014629889706	0.03859026425038503	13.428749966428125	6.151999938480001
68	1114112	10	0.5	0.806225774829855	2.0	0.0	10	1.0	1.0954451150103321	3.0	0.0	-0.0145282621897447	-2.3775789288189935	0.0371745316428214	12.857749967855625	8.751999912480002
72	1179648	10	0.5	0.6708203932499369	2.0	0.0	10	0.8	0.7483314773547883	2.0	0.0	-0.015909825658592253	-2.331217062727167	0.03353270765743165	13.1909999670225	6.747999932520002
76	1245184	10	0.7	1.004987562112089	3.0	0.0	10	1.0	1.3416407864998738	4.0	0.0	-0.015353899258335767	-2.3560570624996715	0.03426597705530072	11.183749972040625	8.630999913690001
80	1310720	10	1.3	1.2688577540449522	4.0	0.0	10	1.1	1.1357816691600546	3.0	0.0	-0.015352015250975178	-2.3503119297360895	0.034898555911546565	11.702249970744376	7.755999922440002
84	1376256	10	0.6	0.9165151389911679	3.0	0.0	10	1.9	1.8681541692269403	7.0	0.0	-0.01491678756637297	-2.30558199411456	0.042401804157462065	11.267499971831251	10.752999892470001
88	1441792	10	0.8	0.9797958971132713	3.0	0.0	10	1.5	1.5652475842498528	4.0	0.0	-0.016693722590772595	-2.294397974768693	0.03967286510134985	11.298749971753123	8.47899991521
92	1507328	10	2.0	2.04939015319192	7.0	0.0	10	1.0	1.1832159566199232	4.0	0.0	-0.01457253634089069	-2.2429725028721563	0.03919061948137041	12.299499969251253	7.534999924650001
96	1572864	10	1.6	1.5620499351813308	4.0	0.0	10	1.0	1.1832159566199232	3.0	0.0	-0.016194088370695605	-2.273469807964175	0.040837845411554316	11.414499971463751	10.609999893900001
100	1638400	10	0.8	0.9797958971132713	3.0	0.0	10	1.8	1.32664991614216	4.0	0.0	-0.015899842377783854	-2.27074216282556	0.038306583627017346	10.930249972674376	10.316999896830001
104	1703936	10	1.8	2.181742422927143	7.0	0.0	10	0.4	0.66332495807108	2.0	0.0	-0.01631474688789673	-2.295585343995979	0.03818568253181471	11.5349999711625	6.72499993275
108	1769472	10	0.7	0.7810249675906655	2.0	0.0	10	0.9	1.445683229480096	4.0	0.0	-0.015969863535705613	-2.3089320980090804	0.03745055859906402	12.37449996906375	6.071999939280001
112	1835008	10	0.5	0.806225774829855	2.0	0.0	10	1.8	1.2489995996796797	4.0	0.0	-0.016065677740237597	-2.313156120238153	0.039141199586250626	11.500749971248124	6.204999937950001
116	1900544	10	1.0	1.4832396974191326	5.0	0.0	10	1.4	1.42828568570857	4.0	0.0	-0.015602353592427204	-2.317332920687407	0.041428340633430503	11.61199997097	4.37899995621
120	1966080	10	2.1	2.118962010041709	7.0	0.0	10	0.9	0.8306623862918076	2.0	0.0	-0.016909143267242466	-2.3068572876434605	0.03789968066454026	12.959249967601876	6.963999930360002
124	2031616	10	1.2	1.2489995996796797	3.0	0.0	10	0.6	0.48989794855663565	1.0	0.0	-0.01737402752103369	-2.2951995082292265	0.041493971245697675	11.443499971391251	5.187999948120001
128	2097152	10	1.9	1.3	4.0	0.0	10	1.4	3.3226495451672293	11.0	0.0	-0.016480048968738475	-2.2964508928449945	0.037144774605996994	12.522749968693123	20.19099979809
132	2162688	10	1.4	1.6852299546352716	6.0	0.0	10	1.5	1.118033988749895	3.0	0.0	-0.0168303661321919	-2.2618731729813666	0.0365177337430252	11.907749970230626	6.9419999305800015
136	2228224	10	0.4	0.66332495807108	2.0	0.0	10	3.0	3.4641016151377544	12.0	0.0	-0.01582411314622819	-2.225104647146345	0.03538581910950643	11.800249970499378	14.656999853430003
140	2293760	10	0.8	0.6000000000000001	2.0	0.0	10	2.0	1.5491933384829668	4.0	0.0	-0.016026950030965107	-2.2158536536173528	0.038387594973395035	11.645999970885	9.3499999065
144	2359296	10	1.6	1.7435595774162695	5.0	0.0	10	1.6	1.9078784028338913	6.0	0.0	-0.0159578101576447	-2.1833153265427176	0.034673512890272304	12.135249969661874	12.907999870920001
148	2424832	10	0.6	0.66332495807108	2.0	0.0	10	2.3	2.72213151776324	9.0	0.0	-0.016861819306300676	-2.136375588452801	0.037365572212717864	11.684249970789375	9.630999903690002
152	2490368	10	0.9	1.5132745950421556	5.0	0.0	10	0.5	1.02469507659596	3.0	0.0	-0.01567136486926009	-2.107204672971411	0.038570295879480104	12.184749969538126	7.056999929430002
156	2555904	10	2.5	1.2041594578792296	4.0	1.0	10	2.7	1.7349351572897473	5.0	0.0	-0.01656312029878759	-2.10604448346214	0.04049224572920956	10.289249974276874	8.19299991807
160	2621440	10	1.6	1.9595917942265426	6.0	0.0	10	2.7	2.4515301344262523	7.0	0.0	-0.015807788446354148	-2.071680340700118	0.0420162364951961	13.08749996728125	14.474999855250003
164	2686976	10	1.3	1.4866068747318506	4.0	0.0	10	2.0	1.8973665961010275	6.0	0.0	-0.01608340749058509	-1.9943644414751485	0.04149365537212448	12.335749969160624	8.12299991877
168	2752512	10	2.4	2.33238075793812	6.0	0.0	10	1.9	2.6248809496813377	9.0	0.0	-0.015062312835296514	-1.9718876255484745	0.04510408608393916	12.711499968221249	15.060999849390003
172	2818048	10	0.5	0.9219544457292888	3.0	0.0	10	1.4	1.9595917942265424	5.0	0.0	-0.016743860950326917	-2.0351807435717144	0.03794128674385728	12.476249968809375	8.30899991691
176	2883584	10	0.7	0.9	2.0	0.0	10	1.3	1.6763054614240211	6.0	0.0	-0.016239547319376813	-2.054231722935635	0.03986368925516306	11.93149997017125	9.476999905230002
180	2949120	10	1.4	2.1999999999999997	7.0	0.0	10	1.1	1.2206555615733703	3.0	0.0	-0.0157391978823677	-2.0608146436849313	0.03787240961870555	12.325999969185	9.999999900000002
184	3014656	10	2.0	2.569046515733026	9.0	0.0	10	2.7	2.4919871588754225	7.0	0.0	-0.015748671712750607	-2.0392662793757195	0.03683073340997151	11.062999972342501	12.505999874940002
188	3080192	10	1.4	1.4966629547095767	4.0	0.0	10	2.4	2.690724809414742	9.0	0.0	-0.015862054023743088	-2.0074924514090013	0.040534941436536215	11.992249970019376	4.854999951450001
192	3145728	10	1.4	2.33238075793812	8.0	0.0	10	2.5	2.1095023109728985	5.0	0.0	-0.016653695117771296	-2.0632220864630293	0.03854607365391095	11.731249970671875	8.81099991189
196	3211264	10	2.1	2.5865034312755126	6.0	0.0	10	2.1	1.8138357147217055	5.0	0.0	-0.015863929742575295	-2.089336409947194	0.03635550573244725	12.523499968691251	9.272999907270002
200	3276800	10	0.4	0.66332495807108	2.0	0.0	10	1.9	1.972308292331602	6.0	0.0	-0.0164281341162239	-2.1017720026568703	0.03925655415105561	11.144749972138126	9.017999909820002
204	3342336	10	0.5	0.9219544457292888	3.0	0.0	10	1.2	1.0770329614269007	3.0	0.0	-0.016169709025672434	-2.059926954193911	0.041983541989361446	12.46649996883375	9.475999905240002
208	3407872	10	0.3	0.45825756949558394	1.0	0.0	10	2.1	2.2113344387495983	7.0	0.0	-0.015470345485993199	-2.047036435241851	0.04621705610289304	11.1329999721675	8.00799991992
212	3473408	10	1.8	2.4413111231467406	7.0	0.0	10	1.5	1.284523257866513	4.0	0.0	-0.015810440729355096	-2.0933702039524853	0.04632878132302768	10.77999997305	12.693999873060003
216	3538944	10	1.4	1.8	5.0	0.0	10	2.1	4.0853396431631	14.0	0.0	-0.016125317666125245	-2.1003189929125363	0.03875273487049364	11.680749970798125	8.96499991035
220	3604480	10	0.3	0.45825756949558394	1.0	0.0	10	2.0	1.4142135623730951	4.0	0.0	-0.01593570934423179	-2.1448583228142013	0.03949961882682086	9.60949997597625	4.776999952230001
224	3670016	10	1.3	1.1874342087037917	4.0	0.0	10	1.2	1.469693845669907	4.0	0.0	-0.016195562600974045	-2.121333559133174	0.036339125223552995	10.81949997295125	3.858999961410001
228	3735552	10	1.8	2.2715633383201093	8.0	0.0	10	2.2	2.227105745132009	6.0	0.0	-0.015686447905139532	-2.1185787268259633	0.03986522576278803	12.2009999694975	7.763999922360002
232	3801088	10	2.1	1.6401219466856725	4.0	0.0	10	2.9	2.5475478405713994	9.0	0.0	-0.016250809674728545	-2.0878667282870125	0.04023285987755907	11.708249970729375	5.742999942570001
236	3866624	10	1.5	1.6278820596099706	5.0	0.0	10	1.6	1.6852299546352718	5.0	0.0	-0.01603048135999778	-2.0706163344610533	0.04034797379249131	11.439249971401875	17.607999823920004
240	3932160	10	1.9	2.0223748416156684	7.0	0.0	10	1.6	2.009975124224178	5.0	0.0	-0.015780320602843227	-2.0258194280540716	0.045216339363973554	11.55149997112125	15.841999841580003
244	3997696	10	1.4	0.9165151389911681	3.0	0.0	10	2.8	2.3151673805580453	6.0	0.0	-0.015822809862148558	-1.9922835092158058	0.044039457294538245	11.383749971540624	8.387999916120002
248	4063232	10	2.6	3.8	12.0	0.0	10	2.7	2.4515301344262523	7.0	0.0	-0.01562300933274915	-1.9588478776758906	0.04378141547718066	11.470249971324375	13.486999865130002
252	4128768	10	1.6	1.4966629547095764	4.0	0.0	10	2.9	2.467792535850613	9.0	1.0	-0.015807573660085398	-1.9831998110235196	0.05007336544282677	11.658249970854374	13.671999863280003
256	4194304	10	2.1	2.4269322199023193	8.0	0.0	10	1.3	1.7349351572897473	6.0	0.0	-0.015331442494162472	-1.9938066301653128	0.03908405968667491	11.5749999710625	6.996999930030001
260	4259840	10	1.7	2.1931712199461306	7.0	0.0	10	2.5	2.6172504656604803	8.0	0.0	-0.015466234819749491	-2.008390129645074	0.038631534452096064	10.830499972923748	18.809999811900003
264	4325376	10	2.6	2.870540018881465	9.0	0.0	10	2.5	2.80178514522438	9.0	0.0	-0.016587142937563446	-2.017563289442105	0.040115230014094325	10.523249973691875	10.45299989547
268	4390912	10	1.4	1.624807680927192	5.0	0.0	10	2.9	3.672873534441391	13.0	0.0	-0.016147291356432055	-1.986133380275705	0.04221942977695214	12.332249969169375	16.642999833570002
272	4456448	10	1.3	1.8466185312619388	5.0	0.0	10	1.5	1.5652475842498528	4.0	0.0	-0.016654594314567634	-2.006392628987247	0.0435837138942057	10.021249974946876	8.620999913790001
276	4521984	10	2.4	2.727636339397171	10.0	0.0	10	5.0	5.549774770204643	19.0	0.0	-0.016282013431435656	-2.035893898245216	0.037981373021148006	12.0529999698675	20.537999794620003
280	4587520	10	0.9	1.1357816691600549	4.0	0.0	10	0.5	0.9219544457292888	3.0	0.0	-0.015211017189592752	-1.9844310443023017	0.042078002894881165	9.729999975675002	4.70699995293
284	4653056	10	1.3	1.004987562112089	3.0	0.0	10	1.5	2.0615528128088303	6.0	0.0	-0.01619610212293236	-2.021675606358063	0.035913658887287404	13.112749967218125	5.334999946650001
288	4718592	10	1.8	1.4000000000000001	5.0	0.0	10	1.9	2.0712315177207983	6.0	0.0	-0.01596153949094989	-2.008872026989216	0.03661642752904866	10.72349997319125	9.420999905790001
292	4784128	10	2.0	2.23606797749979	8.0	0.0	10	3.0	4.219004621945797	15.0	0.0	-0.01510334208760788	-2.0260815630729496	0.043102214903892724	11.30949997172625	15.812999841870003
296	4849664	10	2.6	2.5377155080899043	8.0	0.0	10	1.5	2.3345235059857505	7.0	0.0	-0.01603655825434843	-2.0418279106774913	0.037136767792993214	11.541249971146877	6.291999937080001
300	4915200	10	2.3	2.4515301344262523	7.0	0.0	10	3.6	4.029888335921977	14.0	0.0	-0.016879615197528196	-2.0539257176564436	0.03829187369739369	10.867249972831875	18.297999817020003
304	4980736	10	2.5	3.9812058474788765	14.0	0.0	10	2.7	2.5709920264364885	9.0	0.0	-0.015326607112223977	-2.0529950606671252	0.03943791723166494	11.756749970608123	10.55899989441
308	5046272	10	1.6	2.6153393661244047	8.0	0.0	10	2.5	2.7294688127912363	9.0	0.0	-0.015775329856169154	-2.0521203662304277	0.040374518076874484	13.677999965805002	9.443999905560002
312	5111808	10	2.5	3.170173496829472	10.0	0.0	10	0.8	1.1661903789690602	4.0	0.0	-0.01591215936621442	-2.0274311463409744	0.038257145415886935	13.20649996698375	6.331999936680001
316	5177344	10	1.5	1.91049731745428	6.0	0.0	10	2.6	2.2891046284519194	6.0	0.0	-0.014929108662081608	-2.008203277776067	0.043884467290178815	10.97999997255	8.621999913780002
320	5242880	10	1.0	1.4832396974191326	5.0	0.0	10	1.9	2.2561028345356955	6.0	0.0	-0.015369367725943182	-2.0023836516241578	0.04208957492711553	13.4589999663525	6.878999931210001
324	5308416	10	2.0	3.1622776601683795	11.0	0.0	10	3.5	2.6172504656604803	8.0	0.0	-0.017021853416782	-1.9942489761023598	0.034453266995164065	11.37599997156	21.1299997887
328	5373952	10	1.5	2.1095023109728985	7.0	0.0	10	1.4	1.42828568570857	4.0	0.0	-0.016996746905278984	-2.0335461557276715	0.0373081359197328	10.67199997332	9.484999905150001
332	5439488	10	3.2	3.0919249667480613	11.0	0.0	10	4.2	4.686149805543993	14.0	0.0	-0.01699491126120865	-2.0739871559366847	0.03684184990905161	11.285749971785625	23.373999766260003
336	5505024	10	1.1	1.3	4.0	0.0	10	2.3	2.2825424421026654	8.0	0.0	-0.016504297162200348	-2.0592504588604688	0.03182154359973422	9.650249975874376	8.425999915740002
340	5570560	10	1.5	1.284523257866513	4.0	0.0	10	3.0	1.4142135623730951	5.0	1.0	-0.01600575363969876	-2.0680070194434657	0.03653037448731637	10.821999972945001	18.021999819780003
344	5636096	10	1.0	1.2649110640673518	4.0	0.0	10	1.6	1.624807680927192	5.0	0.0	-0.016935586377009704	-2.0493975602439094	0.03256827452812092	10.711499973221251	6.769999932300001
348	5701632	10	1.7	1.7916472867168916	5.0	0.0	10	2.7	2.9	10.0	0.0	-0.017323059445227603	-2.0867380298983944	0.030754206815324907	10.543499973641252	18.519999814800002
352	5767168	10	1.7	1.9	6.0	0.0	10	3.3	4.517742799230606	13.0	0.0	-0.01698906186179938	-2.1118451230511632	0.029125764089862196	12.346749969133125	13.515999864840003
356	5832704	10	0.8	0.7483314773547883	2.0	0.0	10	2.6	2.1071307505705477	7.0	1.0	-0.015536348037937613	-2.1383466171977696	0.030253048730811957	10.230499974423749	6.184999938150001
360	5898240	10	3.4	3.6386810797320503	13.0	0.0	10	2.2	1.4000000000000001	4.0	0.0	-0.01587814845774856	-2.0934536479716352	0.02983352330124922	12.807499967981249	10.368999896310001
364	5963776	10	1.7	1.7916472867168916	5.0	0.0	10	2.4	2.8354893757515653	9.0	0.0	-0.016710630047557747	-2.101753718932087	0.02809388293048778	10.594749973513125	16.760999832390002
368	6029312	10	1.8	1.8330302779823362	5.0	0.0	10	2.9	3.5057096285916205	13.0	0.0	-0.015838102319490663	-2.10736484306954	0.02808702954108999	10.885499972786251	18.91199981088
372	6094848	10	1.8	2.3579652245103193	8.0	0.0	10	1.8	1.661324772583615	5.0	0.0	-0.01570847173649557	-2.096492096563346	0.02755028705679366	12.351999969120001	14.754999852450004
376	6160384	10	1.6	2.5768197453450252	9.0	0.0	10	0.9	0.8306623862918076	2.0	0.0	-0.016764428305953753	-2.1074126584122794	0.02750589872889548	12.424749968938125	13.824999861750001
380	6225920	10	2.5	5.903388857258177	20.0	0.0	10	3.5	5.389805191284746	18.0	0.0	-0.017714325848499173	-2.08439340917412	0.028220466315755862	9.430749976423124	19.866999801330003
384	6291456	10	3.1	4.614108798023731	15.0	0.0	10	2.7	2.0024984394500787	7.0	0.0	-0.01678438339217274	-2.0957704805138135	0.029953434497567915	12.131249969671876	15.044999849550003
388	6356992	10	1.6	1.854723699099141	5.0	0.0	10	2.5	2.0124611797498106	6.0	0.0	-0.01678418354587029	-2.0975222411553647	0.03549332111160904	10.369749974075624	15.897999841020003
392	6422528	10	2.2	4.069397989875161	14.0	0.0	10	2.4	2.5768197453450252	7.0	0.0	-0.01665812929249305	-2.141033420737084	0.02960845294177689	12.86349996784125	9.515999904840001
396	6488064	10	1.8	1.661324772583615	5.0	0.0	10	2.3	2.8301943396169813	10.0	0.0	-0.016574386044735573	-2.1330311445160066	0.031739144679733274	10.340749974148125	8.60299991397
400	6553600	10	3.9	3.207802986469088	9.0	0.0	10	1.9	1.7578395831246945	6.0	0.0	-0.015711036637670903	-2.097660027225856	0.031219413248519255	12.758499968103752	11.730999882690002
404	6619136	10	1.3	1.7349351572897473	5.0	0.0	10	3.0	3.794733192202055	10.0	0.0	-0.016199753445845334	-2.1289707544215135	0.026082007638566298	10.9769999725575	6.926999930730001
408	6684672	10	1.6	1.7435595774162693	5.0	0.0	10	1.2	0.7483314773547882	2.0	0.0	-0.015706204167328115	-2.0573161291919893	0.03089700722357031	13.426249966434375	6.231999937680001
412	6750208	10	0.8	0.8717797887081347	2.0	0.0	10	2.8	2.039607805437114	6.0	0.0	-0.016089431726405173	-2.089634784590091	0.030053892654806246	10.820249972949375	5.542999944570001
416	6815744	10	2.4	2.4979991993593593	7.0	0.0	10	2.3	1.004987562112089	4.0	1.0	-0.01616390333051523	-2.0498455549628116	0.029434160287530323	12.556249968609375	11.221999887780001
420	6881280	10	1.4	2.8000000000000003	9.0	0.0	10	2.0	1.8439088914585775	5.0	0.0	-0.01705350182302344	-2.031004806148046	0.03411458432319047	9.679499975801251	9.927999900720003
424	6946816	10	4.6	6.036555309114628	17.0	0.0	10	3.4	2.6153393661244038	8.0	0.0	-0.01621574351472746	-2.0284953189763395	0.03492756449486447	12.100249969749374	19.034999809650003
428	7012352	10	1.6	1.8547236990991407	5.0	0.0	10	2.3	1.8466185312619388	6.0	0.0	-0.015600867958297864	-2.0248842634634925	0.03488031700666252	9.98349997504125	11.362999886370002
432	7077888	10	2.9	2.211334438749598	7.0	0.0	10	2.0	1.8973665961010275	6.0	0.0	-0.01608828932102433	-2.0226119195798176	0.029439670670970555	10.22749997443125	18.570999814290005
436	7143424	10	1.7	1.9519221295943134	7.0	0.0	10	2.4	2.90516780926679	8.0	0.0	-0.01584647325294257	-2.048969788884272	0.03191364408759138	11.002999972492502	9.934999900650002
440	7208960	10	2.3	2.0518284528683193	7.0	0.0	10	4.0	4.857983120596447	14.0	0.0	-0.017000883743142226	-2.072139193398476	0.03281753525416933	10.230249974424375	9.5299999047
444	7274496	10	0.9	1.445683229480096	5.0	0.0	10	1.8	1.661324772583615	5.0	0.0	-0.016709209029995314	-2.0961592369081594	0.03378547116529304	11.781749970545627	8.012999919870001
448	7340032	10	5.3	5.622277118748238	19.0	1.0	10	4.2	3.5156791662493894	13.0	0.0	-0.01626920809528199	-2.1099658333050746	0.039385404297859854	10.885249972786877	15.510999844890001
452	7405568	10	2.9	4.459820624195552	15.0	0.0	10	6.5	11.271645842555557	40.0	1.0	-0.016439311988006463	-2.1079345864842005	0.03221639829429797	11.717499970706251	26.712999732870006
456	7471104	10	3.0	3.605551275463989	13.0	0.0	10	1.8	1.2489995996796797	4.0	0.0	-0.016240103066720604	-2.0763806102497138	0.03300309161467043	9.851249975371875	11.728999882710001
460	7536640	10	1.0	1.0	3.0	0.0	10	1.7	1.9519221295943134	6.0	0.0	-0.015770770268191337	-2.0773938693425746	0.030705549498770673	10.74249997314375	8.943999910560002
464	7602176	10	2.2	3.370459909270544	12.0	0.0	10	3.3	4.428317965096905	13.0	0.0	-0.017204583407294968	-2.037389122979208	0.03470507543172529	11.187749972030627	21.33299978667
468	7667712	10	7.3	11.705127081753535	40.0	0.0	10	2.9	2.3853720883753127	7.0	0.0	-0.016219248775216664	-2.0502240432153327	0.037089713942276545	10.806749972983127	18.70799981292
472	7733248	10	1.7	2.325940669922601	8.0	0.0	10	6.3	7.668767828015136	28.0	0.0	-0.017282630928718613	-2.112462758797896	0.033963184392732826	10.863749972840626	13.850999861490003
476	7798784	10	4.6	4.24735211631906	13.0	0.0	10	4.3	5.78013840664737	20.0	0.0	-0.016697940199041302	-2.0938376782143564	0.03544329300464044	11.413249971466875	21.52499978475
480	7864320	10	1.3	1.0999999999999999	3.0	0.0	10	3.5	3.3541019662496847	13.0	0.0	-0.016558780779423746	-2.0724892713454204	0.03397026952623124	10.27649997430875	11.261999887380002
484	7929856	10	2.2	2.5219040425836985	8.0	0.0	10	4.1	5.682429058070149	19.0	0.0	-0.016320485685474315	-2.0889001511344936	0.03326862365204124	12.646749968383126	9.306999906930002
488	7995392	10	5.9	12.061923561356208	40.0	0.0	10	2.9	2.4269322199023193	9.0	0.0	-0.01691581183276496	-2.089807731192179	0.030443132463775877	10.314749974213125	14.216999857830002
492	8060928	10	2.6	2.4979991993593593	7.0	0.0	10	2.6	4.127953488110059	14.0	0.0	-0.017247449733402337	-2.0692787540783684	0.03176007549490875	12.855749967860625	11.282999887170002
496	8126464	10	1.1	1.6401219466856727	5.0	0.0	10	2.0	2.1908902300206643	6.0	0.0	-0.016992455523650713	-2.1028562856510273	0.031848755623000775	10.412249973969375	12.837999871620001
500	8192000	10	2.3	3.4942810419312296	10.0	0.0	10	3.8	3.7894590642992836	11.0	0.0	-0.01742026854178355	-2.0824305760678063	0.03309984367073623	12.15049996962375	9.584999904150003
504	8257536	10	3.9	4.182104733265297	14.0	0.0	10	2.6	1.3564659966250538	5.0	0.0	-0.01705514000609276	-2.0708185581195937	0.030885799668306	9.420999976447499	11.434999885650003
508	8323072	10	4.2	3.1240998703626617	9.0	0.0	10	2.4	2.009975124224178	6.0	0.0	-0.01567487231981254	-2.067624998373979	0.03191650138525	12.570249968574373	11.175999888240002
512	8388608	10	4.8	3.57211421989835	9.0	0.0	10	5.7	11.645170672858342	40.0	0.0	-0.016578324835883215	-2.066798046015978	0.03126448563284842	10.085999974785	25.135999748640003
516	8454144	10	2.8	3.1559467676119	11.0	0.0	10	3.9	4.459820624195552	14.0	0.0	-0.01714129791620213	-2.1048705600493034	0.029994573945469994	10.661999973344999	9.924999900750002
520	8519680	10	0.9	1.044030650891055	3.0	0.0	10	2.3	1.4177446878757824	5.0	0.0	-0.016234247972661844	-2.0903605791735744	0.03460001741408375	10.709999973225	7.552999924470001
524	8585216	10	3.5	1.9621416870348585	7.0	0.0	10	2.7	2.6476404589747453	9.0	0.0	-0.015999637775319136	-2.088918894311747	0.035751365121455186	11.5929999710175	16.93499983065
528	8650752	10	1.1	1.2206555615733703	3.0	0.0	10	1.2	1.5362291495737217	5.0	0.0	-0.01625365026921381	-2.063283599698195	0.04010363774499652	11.88549997028625	9.891999901080002
532	8716288	10	2.4	3.3226495451672298	12.0	0.0	10	1.4	1.6852299546352718	5.0	0.0	-0.01649779829626259	-2.102468023478528	0.03889657628394926	10.099749974750626	10.211999897880002
536	8781824	10	2.1	2.2561028345356955	6.0	0.0	10	3.9	5.412023651093923	19.0	0.0	-0.01653873131312058	-2.0855751482460017	0.03837126004109927	11.669249970826876	18.501999814980003
540	8847360	10	3.2	4.686149805543993	16.0	0.0	10	2.8	3.280243893371345	10.0	0.0	-0.017245279395281785	-2.0749522172236694	0.035886756392959004	9.617249975956875	16.506999834930003
544	8912896	10	3.3	5.9506302187247355	21.0	0.0	10	3.6	1.9595917942265424	7.0	1.0	-0.016778635618488778	-2.0527550501473275	0.03725283627475923	11.914749970213125	14.146999858530002
548	8978432	10	1.7	4.148493702538308	14.0	0.0	10	3.5	3.640054944640259	13.0	0.0	-0.015366175839735726	-2.0481194454284894	0.03910709940421017	11.47049997132375	22.51599977484
552	9043968	10	3.2	3.54400902933387	11.0	0.0	10	3.5	2.6172504656604803	9.0	0.0	-0.01717272834566741	-2.046559314961635	0.03427700975475166	9.646999975882501	14.817999851820002
556	9109504	10	1.7	1.4866068747318506	4.0	0.0	10	2.4	1.9595917942265424	6.0	0.0	-0.016133125212477867	-2.0550396390602126	0.0363404999332832	12.448749968878126	5.771999942280001
560	9175040	10	2.7	3.28785644455472	12.0	0.0	10	5.4	4.24735211631906	15.0	1.0	-0.015499068611666054	-2.0774781453432247	0.035702618262115925	9.608249975979374	15.416999845830002
564	9240576	10	3.0	2.756809750418044	7.0	0.0	10	6.0	11.489125293076057	40.0	0.0	-0.01664306477635106	-2.1191871611056596	0.028753296236306423	12.3049999692375	22.040999779590003
568	9306112	10	1.5	0.806225774829855	3.0	0.0	10	3.7	4.382921400162226	15.0	0.0	-0.017267670896540604	-2.090143610816034	0.0337501642026241	10.294999974262502	11.218999887810002
572	9371648	10	1.1	0.8306623862918074	2.0	0.0	10	4.3	4.337049688440287	15.0	0.0	-0.016642443613297683	-2.077129880370892	0.03673245192821281	11.70949997072625	9.43399990566
576	9437184	10	1.2	1.5362291495737217	4.0	0.0	10	2.6	2.3748684174075834	8.0	0.0	-0.016001790103019272	-2.1027493921712144	0.03343083908976443	9.792249975519375	8.347999916520003
580	9502720	10	2.5	3.170173496829472	11.0	0.0	10	5.1	5.412023651093923	20.0	1.0	-0.015694091977701812	-2.120123222249437	0.03481558636244319	12.303249969241875	16.375999836240005
584	9568256	10	6.6	4.715930449020639	17.0	1.0	10	1.8	1.886796226411321	6.0	0.0	-0.01606723681303245	-2.1258805838993045	0.037492106645343116	9.677999975805001	17.448999825510004
588	9633792	10	3.3	2.8653097563788803	9.0	0.0	10	8.5	11.985407794480754	40.0	0.0	-0.016036004255659788	-2.1128459471250096	0.03953495613508369	12.224249969439375	26.248999737510005
592	9699328	10	2.3	2.147091055358389	5.0	0.0	10	5.6	5.0635955604688645	15.0	0.0	-0.01609289461171724	-2.0991578671136373	0.038927084180196816	12.010999969972499	13.057999869420001
596	9764864	10	3.5	4.387482193696061	12.0	0.0	10	2.3	2.193171219946131	8.0	0.0	-0.017235667166483795	-2.098040853718921	0.03625304364066431	11.938749970153125	8.536999914630002
600	9830400	10	1.9	2.3430749027719964	8.0	0.0	10	9.2	12.424169992397884	40.0	0.0	-0.014580248663148044	-2.0733209200527236	0.043067359593867316	12.64549996838625	22.223999777760003
604	9895936	10	3.3	2.570992026436488	8.0	0.0	10	2.2	1.9390719429665317	6.0	0.0	-0.016979201612583584	-2.070619215352217	0.03859686098280333	10.808999972977501	9.860999901390002
608	9961472	10	2.5	1.91049731745428	5.0	0.0	10	4.0	5.272570530585627	19.0	0.0	-0.01650809157167043	-2.0340755058196303	0.039774385063335894	12.964249967589375	17.174999828250005
612	10027008	10	1.3	1.4866068747318506	4.0	0.0	10	4.1	3.7269290307168443	12.0	0.0	-0.01706484278418325	-2.072479888580923	0.040412566135308324	11.55849997110375	12.54899987451
616	10092544	10	6.2	11.625833303466896	40.0	0.0	10	5.3	11.730728877610291	40.0	0.0	-0.01575522132849272	-2.0582199454647103	0.03994606399958218	11.178749972053126	35.635999643640005
620	10158080	10	6.1	11.553787257864842	40.0	0.0	10	6.3	11.305308487608821	40.0	1.0	-0.015514712897938559	-2.0674994411897725	0.038162412525370344	11.515249971211878	25.355999746440006
624	10223616	10	1.9	2.8792360097775935	8.0	0.0	10	4.2	4.069397989875161	11.0	0.0	-0.015786179567711438	-2.0571275177441977	0.0439231298274863	11.797999970504998	13.234999867650002
628	10289152	10	3.6	2.2	7.0	1.0	10	3.4	2.615339366124404	8.0	0.0	-0.01657646129336607	-2.013913232623364	0.039589905078900305	11.65549997086125	6.8059999319400015
632	10354688	10	2.3	3.1000000000000005	10.0	0.0	10	7.2	11.685888926393234	40.0	0.0	-0.016144546401984303	-2.015452174880767	0.04277234031218041	10.2309999744225	17.05799982942
636	10420224	10	11.6	14.60958589419974	40.0	0.0	10	3.9	3.645545226711637	11.0	0.0	-0.015319461285112468	-2.056678195580186	0.04569287659745291	12.165749969585624	20.494999795050003
640	10485760	10	1.3	2.6095976701399777	9.0	0.0	10	4.9	5.028916384272063	18.0	0.0	-0.014157958795335726	-2.0951970142923817	0.04832694027069464	12.228749969428126	16.883999831160004
644	10551296	10	1.1	1.57797338380595	4.0	0.0	10	8.5	11.80889495253472	40.0	0.0	-0.015954168666975778	-2.0954695838493844	0.04481744063396061	10.64049997339875	16.291999837080006
648	10616832	10	5.5	11.629703349613008	40.0	0.0	10	11.3	12.402015965156632	40.0	0.0	-0.015095818347257928	-2.0935494872733704	0.0441001504613715	12.236999969407501	29.526999704730006
652	10682368	10	4.6	5.2	19.0	1.0	10	6.3	6.16522505671934	21.0	1.0	-0.015766511378564448	-2.084142913203897	0.044397561379429774	9.724499975688751	29.250999707490006
656	10747904	10	3.1	2.6248809496813377	8.0	0.0	10	6.4	6.053098380168623	21.0	0.0	-0.01520370183509417	-2.0694106517066624	0.043970828017606656	10.18349997454125	13.341999866580002
660	10813440	10	1.9	2.5475478405713994	9.0	0.0	10	4.1	3.83275357934736	14.0	0.0	-0.015162813571438798	-2.060597359919479	0.04016003184921559	12.128499969678751	16.869999831300003
664	10878976	10	9.3	12.458330546265017	40.0	0.0	10	7.2	11.556816170554933	40.0	0.0	-0.015256559587444487	-2.0350849775340216	0.044685056040375856	10.273999974315	40.920999590790004
668	10944512	10	4.5	5.73149195236284	18.0	0.0	10	5.4	6.7852781814749505	24.0	0.0	-0.015133636752216297	-2.0553411665404653	0.04647262999303836	10.016749974958126	26.760999732390005
672	11010048	10	6.4	11.490865937778581	40.0	0.0	10	3.2	3.4871191548325386	11.0	0.0	-0.014668720692789024	-2.079850966515056	0.04662189597243949	10.930749972673125	15.422999845770002
676	11075584	10	1.3	1.1874342087037917	3.0	0.0	10	3.7	3.7960505792204615	13.0	0.0	-0.01491277983188896	-2.0937063791160373	0.046934828002083824	9.971249975071874	11.691999883080003
680	11141120	10	2.8	2.4819347291981715	9.0	0.0	10	2.7	3.1638584039112754	10.0	0.0	-0.014952106681103788	-2.115738870976516	0.044637950986320146	11.508249971229375	31.721999682780005
684	11206656	10	2.3	1.8466185312619385	6.0	0.0	10	4.4	3.6660605559646724	12.0	0.0	-0.015162266503099781	-2.132024210966071	0.04284966201075105	12.67849996830375	10.280999897190002
688	11272192	10	4.4	5.0635955604688645	15.0	0.0	10	2.9	2.913760456866693	8.0	0.0	-0.015092755331599064	-2.123965759850826	0.043491728405283946	10.8309999729225	14.985999850140002
692	11337728	10	2.3	2.2825424421026654	7.0	0.0	10	4.3	5.330103188494572	15.0	0.0	-0.015239851329401555	-2.1172545599718786	0.047172957327890945	9.730499975673752	13.890999861090002
696	11403264	10	2.4	2.9393876913398134	9.0	0.0	10	9.7	15.251557297535227	40.0	0.0	-0.01517548227117178	-2.047713393753053	0.048240239106060706	12.59349996851625	17.082999829170003
700	11468800	10	2.0	2.4899799195977463	8.0	0.0	10	6.1	11.423221962301177	40.0	0.0	-0.0154740981908869	-2.0530023547855287	0.05385990708039689	10.913749972715625	24.887999751120006
704	11534336	10	2.3	2.238302928559939	6.0	0.0	10	10.6	12.2	40.0	0.0	-0.014756712549245285	-2.0479487625611394	0.048619515179869406	10.221749974445625	12.914999870850002
708	11599872	10	3.5	4.006245124802026	14.0	0.0	10	7.0	5.196152422706632	19.0	0.0	-0.014658055950641187	-2.0233398971834156	0.054923214206649244	12.728249968179377	13.430999865690001
712	11665408	10	2.5	3.2326459750489227	11.0	0.0	10	12.5	15.298692754611421	40.0	0.0	-0.015100984335371121	-2.0888632831781773	0.04855223845495177	11.829749970425626	24.396999756030002
716	11730944	10	2.7	3.8223029707232787	11.0	0.0	10	9.4	11.612062693595828	40.0	0.0	-0.015888015415397274	-2.061145404759917	0.04697404886727473	10.20549997448625	19.521999804780002
720	11796480	10	4.3	4.605431575867782	14.0	0.0	10	3.2	3.249615361854384	10.0	0.0	-0.014561633793769535	-2.0988188483118244	0.04359762517591661	11.983999970040001	12.34699987653
724	11862016	10	2.7	2.3685438564654024	7.0	0.0	10	6.2	12.33531515608742	40.0	0.0	-0.01586445910244614	-2.0892361251323694	0.04103461126757508	12.200749969498126	21.382999786170004
728	11927552	10	2.8	2.6	8.0	0.0	10	5.0	6.0	18.0	0.0	-0.01526043325998415	-2.1112160754984846	0.03800169870948069	10.83599997291	17.068999829310002
732	11993088	10	2.9	2.947880594596735	9.0	0.0	10	8.9	11.545128842936315	40.0	0.0	-0.014394953920616878	-2.1195984803415775	0.040256317894748164	12.626249968434378	16.105999838940004
736	12058624	10	1.7	1.5524174696260022	4.0	0.0	10	7.1	12.161003248087717	40.0	0.0	-0.015709611586802633	-2.1252580431870127	0.037873015288819846	10.969999972575001	16.939999830600005
740	12124160	10	2.1	2.6248809496813377	9.0	0.0	10	5.5	12.224974437601086	40.0	0.0	-0.014905145496983286	-2.136982383604766	0.037334436896093386	12.19449996951375	14.240999857590001
744	12189696	10	1.7	1.5524174696260022	5.0	0.0	10	7.1	11.449454135459908	40.0	0.0	-0.014762621402929532	-2.1182999956388078	0.04306850566390548	11.085249972286876	25.875999741240005
748	12255232	10	2.3	2.4103941586387903	6.0	0.0	10	7.2	12.424169992397882	40.0	0.0	-0.01416351412721677	-2.118913851457651	0.0373010914151817	10.348249974129375	16.49899983501
752	12320768	10	3.7	3.950949253027682	14.0	0.0	10	3.9	4.3920382511995495	12.0	0.0	-0.015261537709119442	-2.1280893805393113	0.040333555735481995	13.199999967	16.499999835000004
756	12386304	10	2.1	2.2113344387495983	8.0	0.0	10	7.4	11.02905254316979	40.0	1.0	-0.015414760810230754	-2.093541194777167	0.04606060427133758	10.577249973556876	23.972999760270003
760	12451840	10	3.0	4.312771730569565	14.0	0.0	10	3.4	2.973213749463701	10.0	0.0	-0.01580742008887337	-2.113523453253886	0.04155497642499595	10.780249973049374	12.412999875870002
764	12517376	10	4.8	6.910861017268398	24.0	0.0	10	5.6	7.512655988397178	26.0	0.0	-0.01559052454184079	-2.1136812714520734	0.04857110367426718	9.906499975233752	28.381999716180005
768	12582912	10	4.2	3.5156791662493894	11.0	0.0	10	5.0	11.77285012220915	40.0	0.0	-0.015126950700142338	-2.1089858534722095	0.04514967564333549	10.67449997331375	22.603999773960002
772	12648448	10	8.4	11.525623627379128	40.0	0.0	10	4.8	6.305553108173779	18.0	0.0	-0.014938943093774474	-2.0843822879408167	0.04388404485778105	12.356249969109374	18.195999818040004
776	12713984	10	3.1	3.448187929913334	10.0	0.0	10	5.6	3.9293765408777004	13.0	1.0	-0.013768975973189	-2.063076970262995	0.0451919991708783	9.649749975875626	15.898999841010001
780	12779520	10	8.0	12.00833044182246	40.0	0.0	10	4.6	5.660388679233963	17.0	0.0	-0.015123555313889052	-2.07035300362399	0.04646964300871124	10.65849997335375	30.953999690460005
784	12845056	10	4.7	4.561797891182818	15.0	0.0	10	3.3	4.62709412050371	16.0	0.0	-0.014241396194576946	-2.080272465727595	0.04802739134644614	10.392249974019375	15.902999840970002
788	12910592	10	2.5	3.640054944640259	12.0	0.0	10	11.7	10.611785900591851	40.0	3.0	-0.014083102896972401	-2.0737013839508656	0.042216385380468804	9.89849997525375	23.749999762500003
792	12976128	10	8.9	11.810588469674153	40.0	0.0	10	11.5	14.678215150351217	41.0	0.0	-0.014710677887992596	-2.070486205103888	0.04330153665830394	10.785749973035625	52.39899947601001
796	13041664	10	5.7	11.541663658242687	40.0	0.0	10	4.8	6.177378084592201	22.0	0.0	-0.013878137310782374	-2.063881642901486	0.04533567399400841	11.484749971288126	23.122999768770004
800	13107200	10	3.9	3.645545226711637	12.0	0.0	10	4.8	6.161168720299744	21.0	0.0	-0.0141880793899342	-2.0972071958383833	0.04462920800162632	11.495999971259998	15.711999842880003
804	13172736	10	4.7	11.824127874815968	40.0	0.0	10	6.1	7.16170370791755	25.0	0.0	-0.014921861643376931	-2.1000708836116306	0.04065312809508265	9.657749975855625	33.12599966874
808	13238272	10	2.1	1.374772708486752	4.0	0.0	10	2.2	2.227105745132009	6.0	0.0	-0.014379784118942899	-2.0689279161722034	0.04296027527053683	9.215249976961875	9.243999907560001
812	13303808	10	8.0	11.882760622010357	40.0	0.0	10	7.9	11.175419455215094	40.0	0.0	-0.01424280160035966	-2.093081476569697	0.040805732788303205	12.416249968959375	19.0399998096
816	13369344	10	6.6	11.79152237838694	40.0	0.0	10	9.4	11.542963224406462	40.0	0.0	-0.015462636601625817	-2.071223002953148	0.0423579962569559	10.443499973891251	22.862999771370003
820	13434880	10	6.9	11.700000000000001	40.0	0.0	10	11.5	11.89327541092024	40.0	2.0	-0.015929089833215525	-2.054004708711924	0.04443727204268467	12.20649996948375	23.91499976085
824	13500416	10	4.2	5.473572873361603	15.0	0.0	10	2.3	1.7349351572897473	5.0	0.0	-0.015053212340362053	-2.04275127851546	0.045554586836669096	10.261749974345625	12.939999870600001
828	13565952	10	7.7	11.480853626799707	40.0	0.0	10	13.5	17.49428478103635	40.0	0.0	-0.015081553922093618	-2.040276626533331	0.046731301384456324	11.8509999703725	17.783999822160002
832	13631488	10	5.8	11.539497389401324	40.0	0.0	10	9.4	12.009995836801943	40.0	0.0	-0.014433848369372015	-2.0093489014002723	0.05851358543316712	12.535249968661873	33.569999664300006
836	13697024	10	6.0	11.610340218959994	40.0	0.0	10	11.6	14.914422550001726	40.0	0.0	-0.014745092232543545	-2.0108416562667966	0.05340645469479255	9.21649997695875	35.80099964199001
840	13762560	10	1.9	2.0223748416156684	7.0	0.0	10	8.6	11.421033228215387	40.0	0.0	-0.01455765808441296	-2.0303865482778334	0.05219455012352715	9.7969999755075	22.202999777970003
844	13828096	10	2.6	3.0397368307141326	10.0	0.0	10	9.2	12.4	40.0	0.0	-0.013924438584949893	-2.0053401289281494	0.050747028585514706	11.97249997006875	24.357999756420003
848	13893632	10	3.3	4.001249804748511	10.0	0.0	10	14.3	15.020319570501819	41.0	0.0	-0.015580246528966704	-2.0405854866266537	0.04301287893068271	9.800749975498126	32.071999679280005
852	13959168	10	6.7	8.246817568007675	25.0	0.0	10	7.3	11.781765572273114	40.0	0.0	-0.016348312692080907	-2.070125373485616	0.04186834049130209	10.461999973845	29.665999703340006
856	14024704	10	4.7	11.857908753233007	40.0	0.0	10	9.8	11.84736257569591	40.0	0.0	-0.014305245910716849	-2.10126191852457	0.039387544360720776	9.1329999771675	68.52399931476002
860	14090240	10	6.2	5.6000000000000005	17.0	1.0	10	7.8	11.08873302050329	40.0	0.0	-0.014707957749410944	-2.10122896709012	0.042297863668702286	12.57849996855375	16.872999831270004
864	14155776	10	5.7	7.1000000000000005	22.0	0.0	10	14.7	14.227086841655252	40.0	1.0	-0.01405580301651767	-2.071004961712002	0.0393690910382165	10.309749974225626	26.823999731760004
868	14221312	10	2.6	4.586937976471886	15.0	0.0	10	3.5	5.277309920783504	19.0	0.0	-0.014349257652026192	-2.0693602385948218	0.04021336424987348	11.965999970084999	13.410999865890002
872	14286848	10	3.7	4.517742799230607	15.0	0.0	10	6.3	11.515641536623134	40.0	0.0	-0.01516674435539509	-2.064585283183567	0.04722767117096515	8.466749978833125	16.775999832240004
876	14352384	10	4.7	7.280796659706959	23.0	0.0	10	6.7	6.132699242584786	22.0	2.0	-0.01342696282620531	-2.0648012407456733	0.04756409872293476	12.319249969201875	17.52199982478
880	14417920	10	7.6	11.208925015361642	40.0	0.0	10	5.4	5.276362383309168	18.0	0.0	-0.01401447283908803	-2.058085617705379	0.04329648943322155	11.48849997127875	27.005999729940005
884	14483456	10	3.7	3.7161808352124095	14.0	0.0	10	14.9	14.665946952038249	40.0	0.0	-0.014527669143416863	-2.0440938694135955	0.046210085347448304	9.951749975120626	26.158999738410003
888	14548992	10	3.9	4.805205510693585	17.0	0.0	10	7.8	11.574109036984229	40.0	0.0	-0.015188590943211008	-2.0443971763408473	0.05036367184423554	10.728499973178751	16.939999830600005
892	14614528	10	4.3	5.478138369920935	19.0	0.0	10	6.2	5.015974481593781	17.0	0.0	-0.013839255624056891	-2.078767706733967	0.04474894364363971	12.91549996771125	14.782999852170002
896	14680064	10	2.5	4.224926034855522	14.0	0.0	10	9.9	11.510430052782565	40.0	0.0	-0.015173736878079684	-2.0988357089757135	0.04262790357017158	10.512499973718752	21.879999781200002
900	14745600	10	11.3	14.913416778190033	40.0	0.0	10	17.5	15.512897859523218	40.0	0.0	-0.014899501306257227	-2.1141032475017707	0.040636317606197264	11.115999972210002	28.326999716730008
904	14811136	10	4.5	8.273451516749223	29.0	0.0	10	21.1	18.981306593593605	40.0	0.0	-0.013841551688299683	-2.0852487184418695	0.04350236263449087	11.51449997121375	27.613999723860005
908	14876672	10	3.5	2.7658633371878665	9.0	0.0	10	16.0	17.538529014715003	40.0	0.0	-0.014839298822729462	-2.051583034083124	0.04863417997915331	9.035749977410626	26.756999732430007
912	14942208	10	16.3	16.553247415537534	40.0	0.0	10	7.7	11.393419153177854	40.0	0.0	-0.01423945290877702	-2.071764342271049	0.04723840190847386	11.807749970480627	78.93299921067002
916	15007744	10	3.0	5.60357029044876	19.0	0.0	10	4.5	2.0615528128088303	8.0	2.0	-0.014565935257449739	-2.075349392774089	0.04572798703165608	11.35199997162	10.951999890480002
920	15073280	10	2.0	2.3664319132398464	7.0	0.0	10	9.3	11.000454536063499	40.0	0.0	-0.014671007822155866	-2.068464455289747	0.04499981707114123	10.973499972566252	24.591999754080003
924	15138816	10	3.7	3.5791060336346563	12.0	0.0	10	8.1	8.870738413458037	23.0	0.0	-0.013290885218470456	-2.0577544716837295	0.05056417573803212	11.426499971433751	21.054999789450004
928	15204352	10	8.2	11.694443124834974	40.0	0.0	10	5.8	6.477653896280659	24.0	0.0	-0.014670661350755593	-2.0297704436254134	0.04456502967049878	10.85599997286	22.956999770430006
932	15269888	10	7.4	6.036555309114628	15.0	0.0	10	9.2	11.745637488020817	40.0	1.0	-0.014615318891622098	-2.0223758802194776	0.04217910964068244	8.440999978897501	49.35999950640001
936	15335424	10	3.3	3.5791060336346563	11.0	0.0	10	12.8	15.157836257197133	40.0	0.0	-0.014094774110210307	-2.035559492594556	0.043618764374518136	9.6289999759275	22.915999770840003
940	15400960	10	4.9	6.1392181912683315	16.0	0.0	10	5.6	5.44426303552648	16.0	0.0	-0.014015552360792539	-2.0292870797586575	0.04037415831472497	10.018999974952498	39.01199960988001
944	15466496	10	2.2	2.821347195933177	9.0	0.0	10	8.9	7.313685801290618	19.0	0.0	-0.013596961496456096	-2.055532010678909	0.04442071219598715	10.4509999738725	21.840999781590003
948	15532032	10	7.2	11.956588142108098	40.0	0.0	10	5.8	6.368673331236263	23.0	0.0	-0.014924866220969564	-2.0630726042227656	0.04161116396962901	9.558249976104376	42.375999576240005
952	15597568	10	11.9	14.645477117526765	40.0	1.0	10	11.6	15.736581585592214	40.0	0.0	-0.014749508016069772	-2.041512977119219	0.042007281518201246	11.05949997235125	26.546999734530004
956	15663104	10	7.4	12.8	40.0	0.0	10	6.9	5.940538696111659	20.0	1.0	-0.015060643006662213	-2.0334819540746745	0.040008944978960854	11.11649997220875	25.440999745590002
960	15728640	10	4.9	4.742362280551751	13.0	0.0	10	7.0	11.349008767288886	40.0	0.0	-0.014804494314652769	-2.04292208431739	0.04327999776709751	9.827749975430626	17.450999825490005
964	15794176	10	6.4	8.440379138403678	27.0	0.0	10	6.7	11.94194289050153	40.0	0.0	-0.014501837410540005	-2.0455931944504417	0.04384499217392506	12.374249969064374	25.274999747250003
968	15859712	10	7.0	12.280065146407	40.0	0.0	10	5.5	5.783597496368502	17.0	0.0	-0.01449301573151395	-2.067858833604226	0.04340795341737404	11.682499970793751	23.304999766950004
972	15925248	10	4.9	5.7	19.0	0.0	10	5.1	4.27668095606862	13.0	0.0	-0.014003666363711203	-2.0423430649298875	0.04127783413236012	9.49049997627375	23.661999763380003
976	15990784	10	4.1	3.1448370387032774	12.0	2.0	10	10.6	11.53429668423697	40.0	2.0	-0.014730376102591338	-2.060874442044796	0.039244189233466925	9.658249975854377	17.80099982199
980	16056320	10	4.8	4.915282290977803	15.0	0.0	10	20.6	17.007057358637912	41.0	0.0	-0.015008201908386648	-2.0924730696087956	0.03921191052435669	12.776249968059375	16.91499983085
984	16121856	10	2.7	2.3259406699226015	7.0	0.0	10	11.8	14.647866738880445	40.0	0.0	-0.013841719363955543	-2.114835103132569	0.03640507741374413	10.293999974265	22.14399977856
988	16187392	10	5.8	11.53082824431966	40.0	0.0	10	16.6	16.63850954863446	40.0	0.0	-0.01472227520660498	-2.1077005587806217	0.03283556814273888	11.727749970680625	59.913999400860014
992	16252928	10	4.0	5.865151319446072	20.0	0.0	10	10.9	10.671925786848409	28.0	0.0	-0.014542801486035728	-2.1179851365863414	0.03800653462135143	10.03199997492	25.004999749950002
996	16318464	10	5.7	11.506954418958998	40.0	0.0	10	13.9	14.542695761102891	40.0	0.0	-0.013405195916188557	-2.091220890264431	0.03910172722515949	10.814249972964374	32.774999672250004
1000	16384000	10	14.0	17.233687939614086	40.0	0.0	10	14.4	13.727344972717775	40.0	0.0	-0.0151251895157969	-2.104138709385559	0.03472156824259999	11.372749971568124	26.176999738230005
1004	16449536	10	1.6	2.244994432064365	8.0	0.0	10	8.2	11.948221624995078	40.0	1.0	-0.01457553281549186	-2.0994764589069823	0.03955323799722149	10.784749973038126	19.78699980213
1008	16515072	10	9.1	15.494837850071228	40.0	0.0	10	2.8	2.5219040425836985	7.0	0.0	-0.015437434355497843	-2.109808010139833	0.040277758609033196	9.299249976751875	21.836999781630002
1012	16580608	10	18.5	17.995832850968583	40.0	0.0	10	10.3	15.006998367428446	40.0	0.0	-0.013133264991813557	-2.1249091473988564	0.047013438612292485	10.973999972565	25.625999743740007
1016	16646144	10	3.9	4.369210454990695	14.0	0.0	10	11.4	15.173661390712526	40.0	0.0	-0.015353369566196191	-2.104255594093951	0.04325079738953692	9.674249975814377	30.604999693950006
1020	16711680	10	4.1	4.459820624195552	14.0	0.0	10	3.8	3.815756805667783	10.0	0.0	-0.014196471173855306	-2.0637942277228785	0.04787287472559031	10.32149997419625	14.326999856730001
1024	16777216	10	3.8	3.9698866482558417	12.0	0.0	10	16.3	16.364901466247815	40.0	0.0	-0.015330520338081887	-2.065562719884922	0.04435833438303191	10.944249972639376	24.385999756140002
1028	16842752	10	1.6	2.154065922853802	6.0	0.0	10	15.6	16.698502926909345	40.0	0.0	-0.013763630487201483	-2.1067453223259167	0.04254165683274635	9.675499975811249	16.68199983318
1032	16908288	10	4.9	6.609841147864297	22.0	0.0	10	6.1	5.166236541235795	18.0	0.0	-0.01468118987121233	-2.0922249925937395	0.04156451819342041	12.268749969328127	16.1599998384
1036	16973824	10	6.9	11.810588469674151	40.0	0.0	10	5.3	4.1	15.0	0.0	-0.013959879592585949	-2.0555720153296564	0.04393165061413589	10.2449999743875	19.290999807090003
1040	17039360	10	3.3	5.386093203798092	17.0	0.0	10	15.0	16.923356641044943	40.0	0.0	-0.014604200149121737	-2.064133544547915	0.04103823230795247	9.66749997583125	27.914999720850005
1044	17104896	10	4.7	4.172529209005013	15.0	0.0	10	5.3	3.3778691508109073	12.0	0.0	-0.014656810694748843	-2.055387355173108	0.04514354649305726	11.225999971935002	13.546999864530003
1048	17170432	10	5.1	7.217340230306452	25.0	0.0	10	2.9	3.9102429592034302	13.0	0.0	-0.013520701478941894	-2.079501049997358	0.05350184362445267	9.992249975019373	37.28799962712
1052	17235968	10	5.7	11.747765745025731	40.0	0.0	10	6.5	11.403946685248927	40.0	0.0	-0.014108415136176937	-2.1014818869825636	0.04809922258799913	9.354749976613125	31.504999684950004
1056	17301504	10	6.7	6.542935121182236	16.0	0.0	10	7.0	11.216059914247962	40.0	0.0	-0.014731779287994322	-2.123640979108532	0.040790784401295355	10.28049997429875	22.319999776800003
1060	17367040	10	7.8	11.142710621747296	40.0	0.0	10	9.6	15.42854497352229	40.0	0.0	-0.014139066383341394	-2.1184276091832586	0.046076540869207205	9.605999975985002	27.421999725780005
1064	17432576	10	5.6	4.715930449020639	14.0	0.0	10	10.4	12.901162738296112	40.0	0.0	-0.014986937934388007	-2.1225063748930286	0.046945745120522756	10.974249972564376	20.918999790810005
1068	17498112	10	11.6	13.23026832683298	40.0	0.0	10	10.2	13.13620949893842	40.0	0.0	-0.014387834330608522	-2.1175367680966457	0.04353605198686064	13.534749966163124	20.412999795870004
1072	17563648	10	6.9	11.211155159036915	40.0	0.0	10	3.1	4.6141087980237305	16.0	0.0	-0.01541153614219627	-2.1092282605954322	0.03929527763178407	12.285999969284997	22.740999772590005
1076	17629184	10	6.9	11.536463929644992	40.0	0.0	10	3.3	3.257299494980466	9.0	0.0	-0.013721921295438484	-2.0962524536055245	0.047749387444611005	10.955249972611874	21.212999787870004
1080	17694720	10	6.1	11.7	40.0	0.0	10	2.2	2.5612496949731396	8.0	0.0	-0.014168781905976976	-2.1203813029107073	0.046004437409826696	11.517749971205625	14.023999859760002
1084	17760256	10	4.1	6.204030947698439	21.0	0.0	10	9.4	15.64736399525492	41.0	0.0	-0.014504717034474564	-2.14001421359738	0.048260824982637646	12.489249968776873	17.92599982074
1088	17825792	10	2.7	2.193171219946131	7.0	0.0	10	15.1	16.50121207669303	40.0	0.0	-0.01337614408336594	-2.103490675269994	0.04680678942529306	11.525249971186875	71.56999928430001
1092	17891328	10	8.8	11.651609330903607	40.0	0.0	10	6.1	5.734980383575867	16.0	1.0	-0.014694020388242635	-2.132505086338908	0.04304263088403806	12.265749969335626	16.89399983106
1096	17956864	10	8.4	12.547509713086498	40.0	0.0	10	10.6	15.100993344810137	40.0	0.0	-0.014340881923718221	-2.124715020037897	0.03933911669279137	12.091249969771876	23.971999760280006
1100	18022400	10	5.0	4.538722287164087	14.0	0.0	10	7.5	7.697402159170326	22.0	0.0	-0.014250726631599864	-2.152581671649501	0.04019370385570241	10.292749974268125	14.690999853090004
1104	18087936	10	3.1	3.7536648758246915	14.0	0.0	10	9.7	15.408114745159448	40.0	0.0	-0.015313582452029335	-2.115257568437059	0.04155859932801849	12.2329999694175	20.99299979007
1108	18153472	10	8.4	12.289833196589774	40.0	0.0	10	10.4	11.28007092176286	40.0	0.0	-0.014392917649291312	-2.1038343829705286	0.04054524042842142	9.102499977243749	30.714999692850004
1112	18219008	10	8.2	11.813551540497887	40.0	0.0	10	14.3	13.849548729110273	40.0	0.0	-0.013060846949129677	-2.1141085995021656	0.04202733980053972	11.196749972008124	26.043999739560004
1116	18284544	10	5.1	3.7000000000000006	11.0	0.0	10	19.3	17.105846953600395	40.0	3.0	-0.01426858988606829	-2.1211089017764584	0.03913947283658725	11.554749971113125	22.998999770010002
1120	18350080	10	1.6	1.42828568570857	4.0	0.0	10	11.7	14.477914214416383	40.0	0.0	-0.013991524999920192	-2.144724669332414	0.04305015540776611	9.715249975711876	17.119999828800005
1124	18415616	10	3.2	6.177378084592201	21.0	0.0	10	13.8	14.824304368165135	40.0	2.0	-0.013799465255111661	-2.1421549293154265	0.046445349129511516	10.534499973663749	28.804999711950003
1128	18481152	10	1.5	2.6172504656604803	9.0	0.0	10	3.4	2.5377155080899043	8.0	0.0	-0.012909618212253398	-2.1574323944983647	0.041329049326365275	9.532249976169377	14.946999850530002
1132	18546688	10	2.6	3.2619012860600183	10.0	0.0	10	8.7	11.454693361238439	40.0	0.0	-0.014785862295842165	-2.162806654744559	0.03862070930176136	11.217999971955	16.912999830870003
1136	18612224	10	5.6	7.158212067269313	21.0	0.0	10	12.7	14.366976021418008	40.0	1.0	-0.013747442136347796	-2.1552711176614	0.03906551874223841	10.2709999743225	38.77999961220001
1140	18677760	10	5.5	6.974955196988724	21.0	0.0	10	6.8	6.3999999999999995	17.0	0.0	-0.013286550843208646	-2.1446816670647397	0.039452137615457815	10.110249974724375	21.578999784210005
1144	18743296	10	10.1	12.0287156421623	40.0	0.0	10	14.0	15.264337522473747	40.0	0.0	-0.0130448024051529	-2.156721186909925	0.04108434525123312	13.101749967245624	22.026999779730005
1148	18808832	10	3.3	4.775981574503821	16.0	0.0	10	7.5	11.236102527122116	40.0	0.0	-0.013478057576433448	-2.1619488073123527	0.04197600343758712	12.504249968739378	20.180999798190005
1152	18874368	10	7.0	11.480418110852932	40.0	0.0	10	17.9	18.1738823590338	40.0	0.0	-0.015275036499816007	-2.165638349724726	0.036554487728741744	10.350749974123126	36.425999635740006
1156	18939904	10	7.8	11.84736257569591	40.0	1.0	10	4.0	5.932958789676531	21.0	0.0	-0.013453183543902777	-2.1568299355843066	0.04143330254548455	11.238249971904375	29.703999702960004
1160	19005440	10	12.0	14.7648230602334	40.0	0.0	10	6.5	5.554277630799526	19.0	1.0	-0.014514289902767185	-2.1749003527283124	0.04008899904214726	10.279999974299999	19.465999805340005
1164	19070976	10	7.2	11.53082824431966	41.0	0.0	10	16.1	16.759773268156106	40.0	0.0	-0.014048508306336154	-2.1549167432129783	0.04215014073558672	12.70449996823875	22.573999774260006
1168	19136512	10	2.9	2.507987240796891	7.0	0.0	10	13.5	12.459935794377111	40.0	1.0	-0.013188250987231654	-2.134603609419038	0.0421696365767004	10.605249973486876	16.856999831430002
1172	19202048	10	7.9	11.605602095539895	40.0	0.0	10	7.1	7.313685801290618	19.0	0.0	-0.014473643280940114	-2.1593511847392475	0.04371699426488671	12.928249967679376	25.910999740890006
1176	19267584	10	6.7	11.480853626799707	40.0	0.0	10	7.9	11.776671855834312	40.0	0.0	-0.014853018972309819	-2.1676532599058795	0.038979166745959706	11.29749997175625	43.38499956615001
1180	19333120	10	5.3	5.866003750424985	19.0	0.0	10	11.1	12.485591696031069	40.0	0.0	-0.014254554132125173	-2.1737750220021237	0.0417101772963083	9.772749975568123	33.032999669670005
1184	19398656	10	4.8	5.192301994298868	16.0	0.0	10	11.2	12.432216214336043	41.0	0.0	-0.014170205377962444	-2.1938720169364965	0.03571367998778711	9.7449999756375	23.492999765070003
1188	19464192	10	7.7	12.165936051122411	40.0	0.0	10	16.5	16.07638018958248	40.0	0.0	-0.01398215234657854	-2.1775597406145595	0.03981510417431601	10.484249973789375	40.25599959744001
1192	19529728	10	8.3	12.23968953854631	40.0	0.0	10	1.9	2.2561028345356955	6.0	0.0	-0.013483176670999823	-2.1498446884498716	0.03980600076778584	11.52549997118625	18.266999817330003
1196	19595264	10	1.8	2.181742422927143	7.0	0.0	10	4.8	4.770744176750625	14.0	0.0	-0.014750038977863951	-2.1505796162034025	0.03944596820488079	8.50799997873	18.33299981667
1200	19660800	10	9.1	15.50129026887762	40.0	0.0	10	12.3	14.594862109660372	40.0	0.0	-0.014802628476571	-2.1640881570906227	0.039295999911245716	11.674249970814376	36.229999637700004
1204	19726336	10	4.8	11.754148203932091	40.0	0.0	10	9.1	11.202231920470133	40.0	0.0	-0.015023149252507235	-2.1458300225684974	0.037801111617534126	10.744249973139377	26.076999739230008
1208	19791872	10	2.0	2.0	7.0	0.0	10	8.9	12.636850873536492	40.0	0.0	-0.013584098777250054	-2.146390264009371	0.03862464072478926	11.58049997104875	21.26899978731
1212	19857408	10	4.4	6.57571288910944	23.0	0.0	10	3.8	3.4292856398964493	12.0	0.0	-0.013410919458508348	-2.168235607219382	0.04158784060616215	9.58549997603625	44.29199955708001
1216	19922944	10	7.5	12.10991329448729	40.0	0.0	10	6.2	6.063002556489648	21.0	1.0	-0.013592913956420642	-2.180522824100013	0.041923291627607266	8.40799997898	24.005999759940003
1220	19988480	10	6.9	6.34744042902334	20.0	1.0	10	8.2	11.745637488020817	40.0	0.0	-0.01435648616797066	-2.168794274104223	0.042306857800050376	10.881749972795625	24.372999756270005
1224	20054016	10	4.7	5.58659108938537	16.0	0.0	10	19.0	17.515707236649053	40.0	0.0	-0.014262166614904816	-2.1812504502845598	0.040419547697975435	9.671749975820624	32.46499967535001
1228	20119552	10	5.4	5.624944444170093	18.0	0.0	10	11.2	12.09793370786929	40.0	0.0	-0.012554441443985926	-2.176090190581302	0.04135603950083355	10.158249974604376	29.479999705200004
1232	20185088	10	3.9	3.8065732621348563	14.0	0.0	10	8.0	12.288205727444508	40.0	0.0	-0.015097107937985332	-2.1783343675450335	0.03138491169533039	10.968249972579375	23.963999760360004
1236	20250624	10	4.6	3.746998799039039	11.0	0.0	10	7.7	11.00954131651269	40.0	0.0	-0.013428482572449262	-2.1946307269432905	0.03520304676321888	10.906499972733751	20.507999794920003
1240	20316160	10	2.9	2.662705391138869	9.0	0.0	10	12.5	12.491997438360288	40.0	0.0	-0.013918245651201906	-2.186111549308667	0.029502671849169004	11.24249997189375	16.045999839540002
1244	20381696	10	2.2	1.32664991614216	5.0	0.0	10	12.1	14.390621946253747	40.0	0.0	-0.01455051494698045	-2.168135319921031	0.03224831427266798	10.60399997349	17.669999823300003
1248	20447232	10	10.1	12.169223475637217	40.0	0.0	10	14.9	17.01440566108614	40.0	0.0	-0.014794904317543267	-2.175300655039055	0.03382512072990654	11.338249971654376	27.833999721660003
1252	20512768	10	5.8	7.467261881037787	21.0	0.0	10	8.3	11.832582135780846	40.0	1.0	-0.013207170058334683	-2.175727007063089	0.03325784596035273	10.842749972893126	29.276999707230004
1256	20578304	10	7.4	7.748548251124206	23.0	0.0	10	4.9	3.2078029864690882	10.0	1.0	-0.013319835455884258	-2.1563636757670728	0.03723952404689183	9.51199997622	26.008999739910003
1260	20643840	10	7.1	11.68289347721702	40.0	0.0	10	19.0	17.34358671094304	40.0	1.0	-0.012967606723742805	-2.173352914325503	0.037563469451043684	9.70399997574	27.643999723560004
1264	20709376	10	2.8	2.749545416973504	8.0	0.0	10	7.5	11.253888216967503	40.0	0.0	-0.014075995421433472	-2.186361156176272	0.036967662217435644	11.90949997022625	44.59799955402001
1268	20774912	10	2.9	2.2561028345356955	8.0	0.0	10	9.1	11.022250223978768	40.0	1.0	-0.014023555121087926	-2.1987346557472605	0.034351356226942686	11.304249971739377	16.602999833970003
1272	20840448	10	2.8	3.280243893371345	9.0	0.0	10	13.9	14.131171218267792	40.0	1.0	-0.013661827247932351	-2.1806705939485034	0.03501787342852911	10.50549997373625	28.810999711890005
1276	20905984	10	11.6	15.094369811290566	40.0	0.0	10	10.3	14.97364351118324	40.0	0.0	-0.012715209657360017	-2.18481784787864	0.03506948600623528	10.070249974824373	33.716999662830005
1280	20971520	10	8.1	11.596982366115766	40.0	0.0	10	6.9	6.252199612936234	21.0	1.0	-0.012670180669267379	-2.1827749458661865	0.03403369065330059	10.098499974753752	16.294999837050003
1284	21037056	10	4.9	6.300000000000001	22.0	0.0	10	12.1	15.029637387508721	40.0	0.0	-0.01346997015794591	-2.168741916390847	0.036144421897788825	10.399749974000626	20.722999792770004
1288	21102592	10	2.1	1.972308292331602	6.0	0.0	10	2.8	2.5219040425836985	9.0	0.0	-0.014019918100282299	-2.176736245325955	0.03570761593307632	12.665749968335627	10.153999898460002
1292	21168128	10	10.0	15.244671200127604	40.0	0.0	10	8.0	11.721774609674084	40.0	0.0	-0.013602946864110605	-2.1728975994111646	0.0364136978907143	12.582749968543125	24.520999754790004
1296	21233664	10	6.2	5.8787753826796285	20.0	1.0	10	15.1	14.583895227270387	40.0	0.0	-0.013882273682984331	-2.187854014109161	0.03241179332109925	11.690249970774376	23.089999769100004
1300	21299200	10	4.0	6.06630035524124	21.0	0.0	10	6.6	11.359577456930342	40.0	0.0	-0.012984350079792605	-2.172710468145385	0.03443241056937923	9.049999977375	28.099999719000007
1304	21364736	10	8.2	12.09793370786929	41.0	0.0	10	24.7	16.266837430797665	40.0	2.0	-0.013916844144119813	-2.148497114355081	0.03655844877946905	10.05199997487	24.357999756420003
1308	21430272	10	6.4	11.42978564978364	40.0	0.0	10	12.7	13.935924798878615	40.0	2.0	-0.013578171082473568	-2.141353375986678	0.04106948512644176	11.054249972364374	24.435999755640005
1312	21495808	10	14.1	17.08478855590551	40.0	0.0	10	17.0	16.012495120998476	40.0	1.0	-0.014167540431157269	-2.145242154374773	0.03735727806729729	10.681999973295001	35.95299964047001
1316	21561344	10	4.5	6.020797289396148	22.0	0.0	10	13.5	15.233187453714342	40.0	0.0	-0.014761697138033898	-2.126136993146994	0.033847964113001554	9.794499975513752	30.111999698880002
1320	21626880	10	11.5	12.71416532848303	40.0	1.0	10	14.9	16.884608375677537	41.0	0.0	-0.01420697180920449	-2.1202020767109397	0.03592330684588792	10.204749974488125	24.747999752520006
1324	21692416	10	3.1	4.948737212663449	17.0	0.0	10	9.4	11.876026271442818	40.0	0.0	-0.01351782181013893	-2.10309806692548	0.0356802202258345	10.938249972654376	18.128999818710003
1328	21757952	10	11.5	15.213480864023197	40.0	0.0	10	7.0	11.50651989091402	40.0	0.0	-0.014138768248552864	-2.1245594320468344	0.0325140616977867	10.250249974374375	33.93699966063
1332	21823488	10	15.4	16.432893841317178	40.0	0.0	10	9.3	11.584903970253702	40.0	0.0	-0.013559455739396375	-2.134165917611337	0.03241609182103939	9.041249977396875	31.239999687600005
1336	21889024	10	5.5	11.655470818461174	40.0	0.0	10	19.5	17.362315513778686	41.0	1.0	-0.013414524406892815	-2.152933271998414	0.031012314659572514	10.916999972707499	30.384999696150008
1340	21954560	10	3.5	2.9748949561287032	9.0	0.0	10	10.8	11.452510641776326	40.0	0.0	-0.013974387699272008	-2.14040610420263	0.033397835540055466	10.685999973285	15.028999849710003
1344	22020096	10	13.7	17.303467860518595	40.0	0.0	10	9.5	11.968709203585824	40.0	0.0	-0.013938206610331346	-2.158774008128679	0.03345644508605632	10.431749973920624	29.974999700250006
1348	22085632	10	10.7	14.771932845772078	40.0	0.0	10	13.0	7.402702209328699	23.0	1.0	-0.014074080430620046	-2.1438784895094214	0.03417183446807595	9.64949997587625	21.317999786820003
1352	22151168	10	5.2	4.955804677345547	16.0	0.0	10	18.9	15.410710561164919	40.0	1.0	-0.014371145051901024	-2.169834126802759	0.03282112596835539	11.468749971328123	15.473999845260003
1356	22216704	10	7.1	11.995415791042843	40.0	0.0	10	6.2	5.688585061331157	18.0	0.0	-0.012880057862753178	-2.1244165944826987	0.03762520567975785	12.992749967518124	15.723999842760003
1360	22282240	10	4.8	5.15363949069005	16.0	0.0	10	9.7	12.63368513142543	40.0	0.0	-0.014321399470366548	-2.1315276024505425	0.04196850180887235	10.216749974458125	24.826999751730007
1364	22347776	10	8.3	11.189727431890377	40.0	1.0	10	14.1	14.31397918120604	40.0	0.0	-0.012650919128540765	-2.117441845216324	0.03480750616898156	11.282749971793125	17.60199982398
1368	22413312	10	9.6	11.993331480451959	40.0	0.0	10	10.4	11.456002793295749	40.0	0.0	-0.012839753766332037	-2.116374706008118	0.03959099086520432	12.305999969235	24.037999759620003
1372	22478848	10	3.9	3.8327535793473597	12.0	0.0	10	5.7	6.1489836558572835	22.0	0.0	-0.014152657598102202	-2.088522995294136	0.03693819334733784	10.1449999746375	19.7199998028
1376	22544384	10	5.0	4.219004621945797	11.0	0.0	10	6.7	11.234322409473569	40.0	1.0	-0.014494824233837066	-2.0782881973009064	0.03928057183490433	9.677249975806875	26.229999737700005
1380	22609920	10	10.9	15.430165261590687	40.0	0.0	10	19.3	15.479341071247186	40.0	0.0	-0.013351299391134346	-2.1283036964901596	0.04102029792614774	10.410749973973125	36.34999963650001
1384	22675456	10	8.5	11.342398335449166	40.0	0.0	10	17.4	15.730225681788548	40.0	1.0	-0.01284519032063036	-2.120151730654325	0.03710593284730157	10.451749973870626	20.413999795860004
1388	22740992	10	7.8	11.855800268223145	41.0	0.0	10	5.5	6.070420084310475	20.0	1.0	-0.013077297823810013	-2.1176427228033035	0.03863594740770009	12.644499968388748	18.28099981719
1392	22806528	10	3.8	4.66476151587624	14.0	0.0	10	16.4	19.283153269110322	40.0	0.0	-0.012880029160313052	-2.1208475776291023	0.03952013178860124	10.45599997386	21.48199978518
1396	22872064	10	11.1	11.78516016013359	40.0	0.0	10	4.7	4.712748667179271	14.0	0.0	-0.014661723764512094	-2.1146647629919264	0.03816698708484361	11.457249971356875	17.669999823300003
1400	22937600	10	7.6	11.101351269102333	40.0	0.0	10	13.5	14.410065926289164	40.0	0.0	-0.013205325986280114	-2.148527073139658	0.03905623227261469	12.745999968135	16.72699983273
1404	23003136	10	4.0	5.039841267341661	16.0	0.0	10	6.8	11.303096920755836	40.0	0.0	-0.014264735693692477	-2.142341203764438	0.03565197536583281	11.726749970683125	20.855999791440006
1408	23068672	10	11.5	14.827339613025663	40.0	0.0	10	8.8	15.644807445283563	40.0	0.0	-0.013416581940991847	-2.1561320421833923	0.03829128935068584	9.515749976210625	27.890999721090004
1412	23134208	10	6.2	5.81033561853358	16.0	0.0	10	10.9	14.761097520171054	40.0	0.0	-0.01285172994648267	-2.1724250066004243	0.03824075151923067	10.35749997410625	20.461999795380002
1416	23199744	10	6.8	11.754148203932091	40.0	0.0	10	12.4	12.018319350058892	40.0	0.0	-0.01344554302685845	-2.1780256825403543	0.039577310590296996	11.107249972231875	31.576999684230007
1420	23265280	10	8.0	11.126544836560898	40.0	0.0	10	13.0	14.771594362153328	41.0	0.0	-0.013523770281412382	-2.1472284592934914	0.041704967574839207	11.250749971873125	26.701999732980006
1424	23330816	10	15.8	16.24684584773303	40.0	0.0	10	6.6	12.059850745345068	40.0	0.0	-0.01354931345102295	-2.1321506299340998	0.0473891728663503	10.828749972928124	26.219999737800002
1428	23396352	10	15.7	13.791664149043074	40.0	1.0	10	4.1	3.477067730142742	12.0	0.0	-0.013242708556526801	-2.1229761513843037	0.046670542248940704	10.535999973660001	20.591999794080003
1432	23461888	10	10.6	9.820386957752733	28.0	0.0	10	19.7	13.023440405668543	40.0	1.0	-0.01388699039769213	-2.1371078464149513	0.03951564845993517	10.62349997344125	29.836999701630006
1436	23527424	10	4.3	3.257299494980466	12.0	1.0	10	15.9	16.37345412550449	40.0	1.0	-0.013800171976150612	-2.1521815233174237	0.04472053157243079	10.950749972623125	22.950999770490004
1440	23592960	10	8.1	11.246777316191512	40.0	0.0	10	11.7	15.498709623707388	40.0	0.0	-0.014694126166114417	-2.151403218283662	0.03861602110153145	12.440249968899375	27.256999727430006
1444	23658496	10	3.7	3.2572994949804657	10.0	0.0	10	8.1	12.389108119634761	40.0	0.0	-0.0132462456032495	-2.1411798022940562	0.04696877715464678	10.303249974241876	19.384999806150006
1448	23724032	10	16.3	16.60752841334315	40.0	0.0	10	9.6	12.370933675353692	40.0	0.0	-0.013772893865361058	-2.1866298911677946	0.04337224879936833	11.528749971178124	25.048999749510003
1452	23789568	10	1.5	1.91049731745428	6.0	0.0	10	11.6	15.226293048539423	40.0	0.0	-0.013557009516365676	-2.1717959838830136	0.04251056063167	12.53599996866	11.766999882330001
1456	23855104	10	6.9	11.62282237668631	40.0	0.0	10	8.7	7.184010022264723	23.0	0.0	-0.013322285006452904	-2.1794931513780984	0.03901665044231594	12.02749996993125	27.281999727180004
1460	23920640	10	3.1	3.23882694814033	10.0	0.0	10	8.9	11.66576186967658	40.0	0.0	-0.014452439488812214	-2.171955652308716	0.04418278236723651	11.1429999721425	26.777999732220003
1464	23986176	10	12.2	15.171025014810304	40.0	0.0	10	2.2	2.9597297173897488	9.0	0.0	-0.012875634363073903	-2.1588397321836443	0.03766766269686968	10.15199997462	20.735999792640005
1468	24051712	10	5.1	11.665761869676578	40.0	0.0	10	12.3	14.690473103341498	40.0	0.0	-0.013515460582419751	-2.151870138719042	0.040450799294103855	10.835749972910627	21.339999786600004
1472	24117248	10	5.7	6.229767250869008	22.0	1.0	10	5.3	3.6619666847201113	13.0	1.0	-0.012399751832387203	-2.162975785407618	0.038671058035928796	10.320999974197502	22.677999773220005
1476	24182784	10	8.7	11.489560478973946	40.0	0.0	10	18.0	12.37739875741264	40.0	4.0	-0.013259412777625917	-2.198639047413524	0.0361743506472129	9.751999975619999	23.531999764680005
1480	24248320	10	6.6	6.48382603097893	23.0	0.0	10	10.0	15.244671200127604	40.0	0.0	-0.013888583844536066	-2.1844264291434943	0.0343733427738666	11.809749970475625	29.683999703160005
1484	24313856	10	1.5	2.9068883707497264	9.0	0.0	10	9.7	11.696580696938742	40.0	1.0	-0.013558255271873779	-2.2012498326790153	0.03420120787760987	9.89549997526125	16.575999834240005
1488	24379392	10	7.2	11.6	40.0	0.0	10	18.1	15.28037957643723	40.0	0.0	-0.0130663706427217	-2.1812142056934865	0.03950826637035335	10.852249972869375	24.728999752710003
1492	24444928	10	11.1	13.996070877214075	40.0	0.0	10	8.4	11.31547612785251	40.0	0.0	-0.013793552477260943	-2.203573333490827	0.0357908864545917	12.230249969424376	72.86899927131002
1496	24510464	10	8.0	11.171392035015153	40.0	0.0	10	10.5	14.98165544924859	40.0	0.0	-0.013685071851583368	-2.201081516612768	0.03426267881520817	10.692749973268125	26.392999736070006
1500	24576000	10	7.4	11.8	40.0	0.0	10	19.3	15.887416404186048	40.0	0.0	-0.014575546259036211	-2.176729740969095	0.035301477799861	12.507749968730627	19.057999809420004
1504	24641536	10	6.7	6.148983655857283	18.0	0.0	10	11.9	11.26454615153225	40.0	1.0	-0.013271034861172697	-2.202576820819619	0.0334340462154651	13.40749996648125	20.76899979231
1508	24707072	10	8.9	11.725612990372827	40.0	0.0	10	14.0	15.665248162732693	40.0	0.0	-0.013012378630425087	-2.207949600883801	0.03488742627693766	10.828999972927502	59.34699940653001
1512	24772608	10	3.2	3.026549190084311	11.0	0.0	10	14.8	14.434680460612904	40.0	0.0	-0.013051698962807213	-2.2077695004825775	0.03022859235522553	11.509999971225	23.976999760230004
1516	24838144	10	9.8	13.607350954539243	40.0	0.0	10	7.0	4.626013402488151	13.0	0.0	-0.013428945371859858	-2.199595868358369	0.029690334434477477	10.544749973638126	26.747999732520004
1520	24903680	10	7.5	11.968709203585824	40.0	0.0	10	16.9	15.80790941269591	40.0	1.0	-0.012643687570033356	-2.1856777963745744	0.030014418780315924	9.401749976495624	36.15199963848001
1524	24969216	10	6.3	11.739250401963494	40.0	0.0	10	12.3	10.630616162763097	40.0	3.0	-0.014110387017702944	-2.170279326312174	0.031921368632244866	10.4509999738725	32.584999674150005
