iter	frame	n_test	mean_returns	std_returns	max_returns	min_returns	n_test_train	mean_returns_train	std_returns_train	max_returns_train	min_returns_train	actor_loss	entropy_loss	value_loss	training_time	evaluation_time
0	0	10	2.0	4.0	10.0	0.0	10	5.0	5.0	10.0	0.0	0	0	0	0.0	15.399999846000004
4	65536	10	3.0	4.58257569495584	10.0	0.0	10	6.0	4.898979485566356	10.0	0.0	0.0031061296270408216	-2.6039608577658284	0.7271142362169986	13.977999965055	6.352999936470001
8	131072	10	2.0	4.0	10.0	0.0	10	2.0	4.0	10.0	0.0	-0.003591735310924647	-2.6039318836996532	0.9186907124059083	12.905499967736251	7.859999921400002
12	196608	10	4.0	4.898979485566356	10.0	0.0	10	2.0	4.0	10.0	0.0	-0.004347774113589705	-2.5612447085295456	1.024630401797652	11.0649999723375	6.59199993408
16	262144	10	3.0	4.58257569495584	10.0	0.0	10	5.0	5.0	10.0	0.0	-0.004258704216086311	-2.531614107126535	0.9642634328692055	11.0989999722525	5.9179999408200015
20	327680	10	5.0	5.0	10.0	0.0	10	6.0	4.898979485566356	10.0	0.0	-0.00659225797236253	-2.505343615747785	0.9231598413519061	13.8349999654125	11.727999882720002
24	393216	10	6.0	4.898979485566356	10.0	0.0	10	4.0	4.898979485566356	10.0	0.0	-0.006537891610834048	-2.502824072775801	0.6963201152056312	12.879499967801248	11.588999884110002
28	458752	10	9.0	3.0	10.0	0.0	10	6.0	4.898979485566356	10.0	0.0	-0.005204809964868412	-2.448114732646243	0.8449595873916144	12.424749968938126	7.3229999267700014
32	524288	10	2.0	4.0	10.0	0.0	10	3.0	4.58257569495584	10.0	0.0	-0.004357779499969995	-2.458083609483889	0.7374014108604966	10.947499972631249	12.16499987835
36	589824	10	3.0	4.58257569495584	10.0	0.0	10	3.0	4.58257569495584	10.0	0.0	-0.007122852453161796	-2.4724259200103553	0.6339268603012242	11.32349997169125	9.339999906600001
40	655360	10	3.0	4.58257569495584	10.0	0.0	10	4.0	4.898979485566356	10.0	0.0	-0.006861985022515679	-2.4991756103813074	0.43362503696062277	12.222999969442501	17.072999829270003
44	720896	10	7.0	4.58257569495584	10.0	0.0	10	4.0	4.898979485566356	10.0	0.0	-0.005983849829118591	-2.4958674333873283	0.4092919049979077	11.880249970299376	16.460999835390002
48	786432	10	6.0	4.898979485566356	10.0	0.0	10	4.0	4.898979485566356	10.0	0.0	-0.007233686455800283	-2.476150621712562	0.36659363125667954	12.508999968727501	21.724999782750004
52	851968	10	1.0	3.0	10.0	0.0	10	3.0	4.58257569495584	10.0	0.0	-0.0071867346685790395	-2.457464885952389	0.3349477497822326	12.186249969534375	6.043999939560001
56	917504	10	4.0	4.898979485566356	10.0	0.0	10	3.0	4.58257569495584	10.0	0.0	-0.007076239263542029	-2.4440171020664034	0.3478677115661635	11.264499971838749	28.781999712180006
60	983040	10	2.0	4.0	10.0	0.0	10	2.0	4.0	10.0	0.0	-0.007679322668191587	-2.4364916108494152	0.2631060223131491	11.951749970120625	17.094999829050003
64	1048576	10	6.0	4.898979485566356	10.0	0.0	10	5.0	5.0	10.0	0.0	-0.008215931661706243	-2.479916805764001	0.25748574141214353	11.549249971126875	20.912999790870003
68	1114112	10	5.0	5.0	10.0	0.0	10	5.0	5.0	10.0	0.0	-0.006414834693046298	-2.4259306289212135	0.2997905892628577	11.750749970623126	26.228999737710005
72	1179648	10	5.0	5.0	10.0	0.0	10	4.0	4.898979485566356	10.0	0.0	-0.006916519690283015	-2.440608665092869	0.1834120201531975	11.964499970088749	25.436999745630004
76	1245184	10	5.0	5.0	10.0	0.0	10	4.0	4.898979485566356	10.0	0.0	-0.007333514447200354	-2.4939814182504882	0.1544812002524003	11.79949997050125	25.429999745700005
80	1310720	10	2.0	4.0	10.0	0.0	10	4.0	4.898979485566356	10.0	0.0	-0.007581617299182039	-2.5139896221323697	0.16490660761317438	13.119499967201248	14.749999852500002
84	1376256	10	4.0	4.898979485566356	10.0	0.0	10	8.0	4.0	10.0	0.0	-0.0067634273187274635	-2.501547967133615	0.17123709027423906	13.073249967316874	21.340999786590004
88	1441792	10	2.0	4.0	10.0	0.0	10	3.0	4.58257569495584	10.0	0.0	-0.0062485765392475525	-2.507275754945569	0.14139902706647736	13.261999966844998	22.14399977856
92	1507328	10	3.0	4.58257569495584	10.0	0.0	10	4.0	4.898979485566356	10.0	0.0	-0.006919285449118903	-2.5432873365613986	0.13711733637346296	12.618499968453749	22.064999779350003
96	1572864	10	3.0	4.58257569495584	10.0	0.0	10	2.0	4.0	10.0	0.0	-0.006334527072438344	-2.5632795043103105	0.16642914524430893	12.682749968293125	21.648999783510003
100	1638400	10	6.0	4.898979485566356	10.0	0.0	10	1.0	3.0	10.0	0.0	-0.006846364113894986	-2.5841731674760875	0.12885180397634843	12.5709999685725	25.30099974699
104	1703936	10	5.0	5.0	10.0	0.0	10	3.0	4.58257569495584	10.0	0.0	-0.006923398345443619	-2.5923877753100477	0.1285772329683281	12.361249969096875	25.903999740960003
108	1769472	10	4.0	4.898979485566356	10.0	0.0	10	5.0	5.0	10.0	0.0	-0.006562040480198538	-2.5884118325795584	0.17006545046435528	11.835249970411878	26.407999735920004
112	1835008	10	5.0	5.0	10.0	0.0	10	5.0	5.0	10.0	0.0	-0.006664301247446978	-2.574808557560058	0.13328069474246304	11.881999970294999	19.912999800870004
116	1900544	10	3.0	4.58257569495584	10.0	0.0	10	4.0	4.898979485566356	10.0	0.0	-0.007945596403342251	-2.5654060788263853	0.17246922941944529	12.11649996970875	25.830999741690004
120	1966080	10	3.0	4.58257569495584	10.0	0.0	10	4.0	4.898979485566356	10.0	0.0	-0.0067595115729629	-2.55353644960348	0.2152342085191916	11.741999970644999	26.939999730600004
124	2031616	10	3.0	4.58257569495584	10.0	0.0	10	5.0	5.0	10.0	0.0	-0.007221342997435921	-2.527379567161187	0.3377930746682781	11.566249971084375	23.427999765720006
128	2097152	10	6.0	4.898979485566356	10.0	0.0	10	4.0	4.898979485566356	10.0	0.0	-0.008117444007199952	-2.5252010943842067	0.29200488434546296	11.87049997032375	13.491999865080004
132	2162688	10	6.0	4.898979485566356	10.0	0.0	10	6.0	4.898979485566356	10.0	0.0	-0.007913927357634382	-2.5208897314823324	0.30580186700988243	13.083749967290625	20.732999792670004
136	2228224	10	8.0	4.0	10.0	0.0	10	7.0	4.58257569495584	10.0	0.0	-0.007777527846982793	-2.5503987518276485	0.26902094853102276	13.034499967413751	15.489999845100003
140	2293760	10	5.0	5.0	10.0	0.0	10	1.0	3.0	10.0	0.0	-0.007644321797783483	-2.535444862876474	0.27741316609920175	13.160749967098125	20.648999793510004
144	2359296	10	5.0	5.0	10.0	0.0	10	3.0	4.58257569495584	10.0	0.0	-0.007704072914855381	-2.554944465291594	0.2252425999766902	13.63599996591	20.674999793250006
148	2424832	10	7.0	4.58257569495584	10.0	0.0	10	5.0	5.0	10.0	0.0	-0.008536725798896683	-2.544046128524579	0.22711376703772482	13.098999967252501	14.653999853460002
152	2490368	10	2.0	4.0	10.0	0.0	10	4.0	4.898979485566356	10.0	0.0	-0.006467119508602965	-2.5278432540445888	0.24909763020041606	13.225499966936251	20.965999790340003
156	2555904	10	4.0	4.898979485566356	10.0	0.0	10	5.0	5.0	10.0	0.0	-0.0071882335849690025	-2.503559256332599	0.3087458273384726	12.651249968371877	14.905999850940002
160	2621440	10	4.0	4.898979485566356	10.0	0.0	10	3.0	4.58257569495584	10.0	0.0	-0.008297314830133188	-2.501118590173859	0.31990929006681346	12.160249969599375	7.1259999287400015
164	2686976	10	3.0	4.58257569495584	10.0	0.0	10	5.0	5.0	10.0	0.0	-0.007715206856831196	-2.465158857148398	0.3961116894666996	9.87249997531875	12.620999873790003
168	2752512	10	2.0	4.0	10.0	0.0	10	5.0	5.0	10.0	0.0	-0.007925010269681475	-2.46126753811232	0.35939663210244427	11.58849997102875	12.798999872010002
172	2818048	10	5.0	5.0	10.0	0.0	10	6.0	4.898979485566356	10.0	0.0	-0.006913590247866677	-2.469517270466737	0.44610509923668945	11.804249970489375	6.263999937360001
176	2883584	10	5.0	5.0	10.0	0.0	10	4.0	4.898979485566356	10.0	0.0	-0.006751892299289485	-2.4742619889384057	0.3503325723988463	11.854249970364375	25.791999742080005
180	2949120	10	6.0	4.898979485566356	10.0	0.0	10	5.0	5.0	10.0	0.0	-0.008299372863847977	-2.4772483381035344	0.24652299313411133	11.723749970690625	18.58099981419
184	3014656	10	8.0	4.0	10.0	0.0	10	6.0	4.898979485566356	10.0	0.0	-0.007773456980227232	-2.4019011976799787	0.3348369337269562	11.265749971835627	25.858999741410006
188	3080192	10	7.0	4.58257569495584	10.0	0.0	10	7.0	4.58257569495584	10.0	0.0	-0.008499044761592738	-2.3715595004472374	0.3830945724222358	11.183999972039997	10.909999890900002
192	3145728	10	5.0	5.0	10.0	0.0	10	5.0	5.0	10.0	0.0	-0.007120567217969252	-2.3749115663279814	0.379477036611695	11.232499971918749	9.241999907580002
196	3211264	10	4.0	4.898979485566356	10.0	0.0	10	5.0	5.0	10.0	0.0	-0.007230942243500208	-2.3696930530185694	0.3823939629742534	12.787499968031252	11.270999887290003
200	3276800	10	4.0	4.898979485566356	10.0	0.0	10	4.0	4.898979485566356	10.0	0.0	-0.009166294154920398	-2.36711037631014	0.3547638753680391	11.190749972023127	21.048999789510003
204	3342336	10	5.0	5.0	10.0	0.0	10	4.0	4.898979485566356	10.0	0.0	-0.008876817678340844	-2.352166354411202	0.28343890744102923	11.021999972445002	18.333999816660004
208	3407872	10	5.0	5.0	10.0	0.0	10	5.0	5.0	10.0	0.0	-0.007917089286299023	-2.3736682631086334	0.2131489878298339	12.060749969848125	25.000999749990005
212	3473408	10	5.0	5.0	10.0	0.0	10	8.0	4.0	10.0	0.0	-0.008997223062551279	-2.3691119276002848	0.3440780778988409	11.648999970877501	8.451999915480002
216	3538944	10	6.0	4.898979485566356	10.0	0.0	10	5.0	5.0	10.0	0.0	-0.009045434115521254	-2.4103997943274686	0.2676574239849389	12.781999968045	20.372999796270005
220	3604480	10	6.0	4.898979485566356	10.0	0.0	10	5.0	5.0	10.0	0.0	-0.008021160115350827	-2.3886513185993152	0.3204994589377375	11.99199997002	15.651999843480002
224	3670016	10	4.0	4.898979485566356	10.0	0.0	10	7.0	4.58257569495584	10.0	0.0	-0.007409996451756022	-2.403417445468886	0.3192308307292821	11.985999970035001	14.191999858080003
228	3735552	10	4.0	4.898979485566356	10.0	0.0	10	2.0	4.0	10.0	0.0	-0.008947208304539576	-2.4067649789131007	0.34756167291458	11.1599999721	13.120999868790003
232	3801088	10	3.0	4.58257569495584	10.0	0.0	10	1.0	3.0	10.0	0.0	-0.008345476110702448	-2.391857142000591	0.37588259573835714	10.425249973936875	19.517999804820004
236	3866624	10	6.0	4.898979485566356	10.0	0.0	10	4.0	4.898979485566356	10.0	0.0	-0.009831202579220197	-2.3855124535658567	0.25086107707763244	11.145749972135626	12.925999870740002
240	3932160	10	6.0	4.898979485566356	10.0	0.0	10	5.0	5.0	10.0	0.0	-0.008274949666628268	-2.3978392926340977	0.2012578284468716	12.423249968941876	12.428999875710002
244	3997696	10	3.0	4.58257569495584	10.0	0.0	10	3.0	4.58257569495584	10.0	0.0	-0.008367951781451603	-2.3849541368583034	0.28234212470093795	13.320999966697498	16.294999837050003
248	4063232	10	5.0	5.0	10.0	0.0	10	3.0	4.58257569495584	10.0	0.0	-0.008629565967880778	-2.447688162071845	0.2892569928749593	13.502249966244376	9.8599999014
252	4128768	10	6.0	4.898979485566356	10.0	0.0	10	6.0	4.898979485566356	10.0	0.0	-0.008492555790957333	-2.394044066219495	0.38158042010912135	12.552749968618125	22.42899977571
256	4194304	10	7.0	4.58257569495584	10.0	0.0	10	4.0	4.898979485566356	10.0	0.0	-0.0071245879315489855	-2.403894533463253	0.36124160447430714	13.52749996618125	6.548999934510001
260	4259840	10	8.0	4.0	10.0	0.0	10	6.0	4.898979485566356	10.0	0.0	-0.008078869564761929	-2.4350218497163745	0.3043058818510087	12.708749968228126	7.726999922730002
264	4325376	10	6.0	4.898979485566356	10.0	0.0	10	6.0	4.898979485566356	10.0	0.0	-0.007819681924748747	-2.429333068177368	0.2993061771925444	11.207749971980626	18.76099981239
268	4390912	10	5.0	5.0	10.0	0.0	10	9.0	3.0	10.0	0.0	-0.008292494122588541	-2.428702843432955	0.26598225996852887	11.164499972088748	20.165999798340003
272	4456448	10	6.0	4.898979485566356	10.0	0.0	10	2.0	4.0	10.0	0.0	-0.00879787084613086	-2.407235952464325	0.2614631777512119	10.933499972666251	21.00199978998
276	4521984	10	7.0	4.58257569495584	10.0	0.0	10	4.0	4.898979485566356	10.0	0.0	-0.009726404645534188	-2.4252927449799473	0.23457556308597619	11.972749970068126	16.6099998339
280	4587520	10	3.0	4.58257569495584	10.0	0.0	10	9.0	3.0	10.0	0.0	-0.008646128266576007	-2.4312006679625013	0.26498626014561866	12.901999967745	14.430999855690002
284	4653056	10	6.0	4.898979485566356	10.0	0.0	10	4.0	4.898979485566356	10.0	0.0	-0.009251170070402112	-2.4384992567144876	0.16548861825356606	13.213749966965624	14.066999859330002
288	4718592	10	7.0	4.58257569495584	10.0	0.0	10	8.0	4.0	10.0	0.0	-0.008566261277961121	-2.4099891853802347	0.27139806829980695	12.744499968138749	18.325999816740005
292	4784128	10	5.0	5.0	10.0	0.0	10	7.0	4.58257569495584	10.0	0.0	-0.009006877615594705	-2.387909273057788	0.25792069187184674	10.729249973176875	23.655999763440004
296	4849664	10	3.0	4.58257569495584	10.0	0.0	10	8.0	4.0	10.0	0.0	-0.009922753247213697	-2.3728671866170434	0.27262765445700576	10.117249974706876	21.071999789280003
300	4915200	10	3.0	4.58257569495584	10.0	0.0	10	5.0	5.0	10.0	0.0	-0.009124528288298229	-2.3772440873093683	0.2232872382505105	11.196749972008124	30.144999698550006
304	4980736	10	6.0	4.898979485566356	10.0	0.0	10	4.0	4.898979485566356	10.0	0.0	-0.009698170292015291	-2.41298524265188	0.23042169319549055	11.822499970443753	22.145999778540006
308	5046272	10	5.0	5.0	10.0	0.0	10	4.0	4.898979485566356	10.0	0.0	-0.009529593205638974	-2.4594842764160076	0.18241302993111072	11.507749971230625	24.333999756660003
312	5111808	10	2.0	4.0	10.0	0.0	10	7.0	4.58257569495584	10.0	0.0	-0.006865064302365129	-2.470219634216009	0.19270775961855363	12.452249968869374	19.291999807080003
316	5177344	10	6.0	4.898979485566356	10.0	0.0	10	3.0	4.58257569495584	10.0	0.0	-0.009615602133240251	-2.4616000873266484	0.20930735205913834	11.857249970356875	28.576999714230006
320	5242880	10	3.0	4.58257569495584	10.0	0.0	10	5.0	5.0	10.0	0.0	-0.008798965008274746	-2.4504125388891054	0.1846291017526291	11.221999971945	28.313999716860003
324	5308416	10	5.0	5.0	10.0	0.0	10	6.0	4.898979485566356	10.0	0.0	-0.009476830648280091	-2.4918119631595554	0.140940882095666	11.795499970511251	15.129999848700002
328	5373952	10	5.0	5.0	10.0	0.0	10	7.0	4.58257569495584	10.0	0.0	-0.008736944091954382	-2.476895947993078	0.1505893786125725	12.395249969011877	27.994999720050007
332	5439488	10	4.0	4.898979485566356	10.0	0.0	10	8.0	4.0	10.0	0.0	-0.008734825422834163	-2.4728886557029672	0.2184061081076398	11.325249971686876	16.166999838330003
336	5505024	10	5.0	5.0	10.0	0.0	10	5.0	5.0	10.0	0.0	-0.009117786856485554	-2.4706285469143943	0.23789074075413777	12.801749967995626	17.850999821490003
340	5570560	10	7.0	4.58257569495584	10.0	0.0	10	3.0	4.58257569495584	10.0	0.0	-0.008700251789381162	-2.430635047202437	0.25900656137400985	12.653499968366251	12.134999878650001
344	5636096	10	3.0	4.58257569495584	10.0	0.0	10	5.0	5.0	10.0	0.0	-0.009467608762481466	-2.4311359547029703	0.2916926491391299	13.293999966764998	19.753999802460005
348	5701632	10	5.0	5.0	10.0	0.0	10	6.0	4.898979485566356	10.0	0.0	-0.009739067169191816	-2.4125976386139993	0.1783361870920162	12.770749968073124	20.09499979905
352	5767168	10	6.0	4.898979485566356	10.0	0.0	10	4.0	4.898979485566356	10.0	0.0	-0.008779024332089814	-2.436307134473855	0.1585811294139639	13.223249966941875	14.847999851520003
356	5832704	10	4.0	4.898979485566356	10.0	0.0	10	7.0	4.58257569495584	10.0	0.0	-0.009016651659264699	-2.4107845596941417	0.1976776833750526	12.451749968870624	24.815999751840003
360	5898240	10	6.0	4.898979485566356	10.0	0.0	10	7.0	4.58257569495584	10.0	0.0	-0.009291127167916054	-2.471588867148593	0.16470852834009037	12.94799996763	21.210999787890003
364	5963776	10	4.0	4.898979485566356	10.0	0.0	10	6.0	4.898979485566356	10.0	0.0	-0.008441170312865516	-2.48730203731774	0.15623483238666513	13.037249967406876	14.924999850750003
368	6029312	10	2.0	4.0	10.0	0.0	10	2.0	4.0	10.0	0.0	-0.007419716039733916	-2.483870235323456	0.14217576026056386	12.124499969688749	26.293999737060005
372	6094848	10	5.0	5.0	10.0	0.0	10	6.0	4.898979485566356	10.0	0.0	-0.009054514359040358	-2.4821586407618987	0.15583717316938864	12.0769999698075	17.443999825560002
376	6160384	10	3.0	4.58257569495584	10.0	0.0	10	4.0	4.898979485566356	10.0	0.0	-0.007405817298135959	-2.417188793169001	0.2634406055359803	10.72049997319875	20.025999799740003
380	6225920	10	4.0	4.898979485566356	10.0	0.0	10	2.0	4.0	10.0	0.0	-0.008520801684145006	-2.4110091971826426	0.2707624054852709	9.893749975265626	23.972999760270003
384	6291456	10	5.0	5.0	10.0	0.0	10	7.0	4.58257569495584	10.0	0.0	-0.008730678299192175	-2.4622380904772037	0.20790914498276922	10.6189999734525	15.149999848500002
388	6356992	10	5.0	5.0	10.0	0.0	10	6.0	4.898979485566356	10.0	0.0	-0.00806827276065565	-2.436169189457644	0.19133801771818273	12.585249968536873	6.025999939740001
392	6422528	10	5.0	5.0	10.0	0.0	10	4.0	4.898979485566356	10.0	0.0	-0.008715840235104303	-2.4314072750459594	0.20972445605000734	12.810999967972501	13.492999865070002
396	6488064	10	5.0	5.0	10.0	0.0	10	5.0	5.0	10.0	0.0	-0.008508887679477498	-2.449893071992308	0.18419303851766977	12.370999969072498	24.155999758440004
400	6553600	10	4.0	4.898979485566356	10.0	0.0	10	4.0	4.898979485566356	10.0	0.0	-0.007990188609636057	-2.404469775406393	0.23141090833344538	12.94349996764125	24.23499975765
404	6619136	10	5.0	5.0	10.0	0.0	10	6.0	4.898979485566356	10.0	0.0	-0.009080796998775094	-2.4071299754059257	0.2797886817424615	13.014749967463125	22.902999770970002
408	6684672	10	5.0	5.0	10.0	0.0	10	4.0	4.898979485566356	10.0	0.0	-0.0092422517351298	-2.432246148332914	0.22675635430462446	13.350499966623751	17.74599982254
412	6750208	10	5.0	5.0	10.0	0.0	10	4.0	4.898979485566356	10.0	0.0	-0.007841143482227017	-2.3947797191628704	0.27279571177079803	12.555999968610001	22.629999773700003
416	6815744	10	8.0	4.0	10.0	0.0	10	4.0	4.898979485566356	10.0	0.0	-0.0076229785934570716	-2.409885788706248	0.23998816122595013	13.085249967286876	15.724999842750002
420	6881280	10	2.0	4.0	10.0	0.0	10	2.0	4.0	10.0	0.0	-0.008462947515936974	-2.426802359268597	0.231325109930827	11.23449997191375	27.441999725580004
424	6946816	10	3.0	4.58257569495584	10.0	0.0	10	4.0	4.898979485566356	10.0	0.0	-0.008735396674030968	-2.455525589230179	0.2066376805090233	10.469999973824999	18.461999815380004
428	7012352	10	7.0	4.58257569495584	10.0	0.0	10	4.0	4.898979485566356	10.0	0.0	-0.00903078660148732	-2.462150171142642	0.220259079531485	11.212249971969374	12.144999878550001
432	7077888	10	4.0	4.898979485566356	10.0	0.0	10	7.0	4.58257569495584	10.0	0.0	-0.009447056141881455	-2.4220732547303307	0.22724173231166797	11.189999972025001	15.376999846230003
436	7143424	10	5.0	5.0	10.0	0.0	10	7.0	4.58257569495584	10.0	0.0	-0.009136631715246243	-2.3971840364224084	0.2533666623181925	13.041749967395626	15.222999847770003
440	7208960	10	5.0	5.0	10.0	0.0	10	3.0	4.58257569495584	10.0	0.0	-0.008485444042005966	-2.3868038353817913	0.21376137262467093	12.917499967706249	15.712999842870001
444	7274496	10	5.0	5.0	10.0	0.0	10	6.0	4.898979485566356	10.0	0.0	-0.009390560356154742	-2.397840171802608	0.2229014766791235	13.6029999659925	14.653999853460002
448	7340032	10	3.0	4.58257569495584	10.0	0.0	10	5.0	5.0	10.0	0.0	-0.00861087737607441	-2.40018062765233	0.23639077504497033	13.003749967490625	21.798999782010004
452	7405568	10	4.0	4.898979485566356	10.0	0.0	10	4.0	4.898979485566356	10.0	0.0	-0.00908968264559517	-2.4524161465394947	0.23363542329259368	12.812749967968125	21.535999784640005
456	7471104	10	4.0	4.898979485566356	10.0	0.0	10	5.0	5.0	10.0	0.0	-0.008269756842358077	-2.473373015463996	0.2416607611560921	13.675749965810624	7.947999920520002
460	7536640	10	4.0	4.898979485566356	10.0	0.0	10	4.0	4.898979485566356	10.0	0.0	-0.007487791512002396	-2.4647527409012633	0.2224319598716262	13.258999966852501	17.943999820560002
464	7602176	10	4.0	4.898979485566356	10.0	0.0	10	5.0	5.0	10.0	0.0	-0.007580759615361867	-2.4790599442919605	0.19904552056553815	12.735499968161248	22.968999770310006
468	7667712	10	5.0	5.0	10.0	0.0	10	2.0	4.0	10.0	0.0	-0.009475013657339758	-2.4279214687599877	0.22545994055281957	12.481249968796874	24.948999750510005
472	7733248	10	7.0	4.58257569495584	10.0	0.0	10	7.0	4.58257569495584	10.0	0.0	-0.009019861367930327	-2.4831644169883145	0.10887040251042357	12.803749967990624	17.276999827230004
476	7798784	10	5.0	5.0	10.0	0.0	10	5.0	5.0	10.0	0.0	-0.008750341021669678	-2.4577833585364446	0.1533646262867188	12.405749968985624	25.536999744630002
480	7864320	10	2.0	4.0	10.0	0.0	10	6.0	4.898979485566356	10.0	0.0	-0.007078428851421107	-2.460695268950837	0.12324799153601279	11.819249970451876	25.39699974603
484	7929856	10	3.0	4.58257569495584	10.0	0.0	10	6.0	4.898979485566356	10.0	0.0	-0.006982027809378448	-2.454720079643134	0.1390550841122061	12.237249969406877	28.044999719550006
488	7995392	10	2.0	4.0	10.0	0.0	10	8.0	4.0	10.0	0.0	-0.009239425168690819	-2.4583351261836537	0.179900910220927	13.487749966280626	12.743999872560002
492	8060928	10	6.0	4.898979485566356	10.0	0.0	10	5.0	5.0	10.0	0.0	-0.008293856363752714	-2.4599449433307408	0.17721509334027036	11.208749971978124	26.336999736630005
496	8126464	10	7.0	4.58257569495584	10.0	0.0	10	7.0	4.58257569495584	10.0	0.0	-0.008326996885789069	-2.4358612147416485	0.2508593890554661	11.21649997195875	18.009999819900006
500	8192000	10	4.0	4.898979485566356	10.0	0.0	10	6.0	4.898979485566356	10.0	0.0	-0.008475683805678204	-2.4221126509169966	0.22536833845835766	11.688749970778124	17.474999825250006
504	8257536	10	4.0	4.898979485566356	10.0	0.0	10	3.0	4.58257569495584	10.0	0.0	-0.008680976164825927	-2.4296161157342158	0.21442767866826615	10.49999997375	33.83799966162
508	8323072	10	2.0	4.0	10.0	0.0	10	4.0	4.898979485566356	10.0	0.0	-0.009146672003182546	-2.4791051966349746	0.15927887380326627	12.077249969806875	30.904999690950007
512	8388608	10	3.0	4.58257569495584	10.0	0.0	10	5.0	5.0	10.0	0.0	-0.008978950989001791	-2.484400974948696	0.1856896981869181	10.67149997332125	21.685999783140005
516	8454144	10	5.0	5.0	10.0	0.0	10	5.0	5.0	10.0	0.0	-0.008623421523539647	-2.453271892907973	0.22705525359257211	11.309749971725624	27.961999720380003
520	8519680	10	4.0	4.898979485566356	10.0	0.0	10	5.0	5.0	10.0	0.0	-0.008621585719398245	-2.4497869161199737	0.27488560707859805	11.024749972438125	31.414999685850002
524	8585216	10	4.0	4.898979485566356	10.0	0.0	10	6.0	4.898979485566356	10.0	0.0	-0.008528216959369493	-2.4396205740612618	0.13999257270185472	10.765499973086252	32.42299967577001
528	8650752	10	2.0	4.0	10.0	0.0	10	2.0	4.0	10.0	0.0	-0.008669880039639808	-2.4598577218672286	0.16415537123721047	10.686249973284374	33.435999665640004
532	8716288	10	4.0	4.898979485566356	10.0	0.0	10	6.0	4.898979485566356	10.0	0.0	-0.00805570648821597	-2.440560742958475	0.15898902503048756	9.756749975608125	24.766999752330005
536	8781824	10	4.0	4.898979485566356	10.0	0.0	10	6.0	4.898979485566356	10.0	0.0	-0.008598944307185297	-2.4247492027737163	0.21524598866321623	11.894249970264374	29.64099970359
540	8847360	10	7.0	4.58257569495584	10.0	0.0	10	6.0	4.898979485566356	10.0	0.0	-0.009609811774589038	-2.4329774650383826	0.24173278793658065	11.0169999724575	15.786999842130003
544	8912896	10	8.0	4.0	10.0	0.0	10	3.0	4.58257569495584	10.0	0.0	-0.007629065130876876	-2.4219057656785297	0.2948212545678871	11.74249997064375	20.27799979722
548	8978432	10	5.0	5.0	10.0	0.0	10	6.0	4.898979485566356	10.0	0.0	-0.007777469879428487	-2.405351184057971	0.3136025493017002	12.968999967577501	30.265999697340003
552	9043968	10	5.0	5.0	10.0	0.0	10	5.0	5.0	10.0	0.0	-0.00884629233798491	-2.4023447704792975	0.31607936272830434	11.643749970890624	13.979999860200003
556	9109504	10	5.0	5.0	10.0	0.0	10	5.0	5.0	10.0	0.0	-0.008762021231629172	-2.4480560046864572	0.27473541563619364	12.038249969904376	19.5799998042
560	9175040	10	3.0	4.58257569495584	10.0	0.0	10	5.0	5.0	10.0	0.0	-0.008606286667613221	-2.4017361226162905	0.3383261851303517	12.7909999680225	20.755999792440004
564	9240576	10	3.0	4.58257569495584	10.0	0.0	10	6.0	4.898979485566356	10.0	0.0	-0.008798462531854623	-2.3935921189675864	0.2778884262177957	11.826249970434375	2.7609999723900005
568	9306112	10	8.0	4.0	10.0	0.0	10	5.0	5.0	10.0	0.0	-0.008682380366437656	-2.395341622083217	0.2524541783814909	12.676249968309374	15.148999848510002
572	9371648	10	5.0	5.0	10.0	0.0	10	4.0	4.898979485566356	10.0	0.0	-0.009476622407947876	-2.360575710487838	0.25998934184907685	12.095499969761251	25.853999741460004
576	9437184	10	3.0	4.58257569495584	10.0	0.0	10	6.0	4.898979485566356	10.0	0.0	-0.008698022408077237	-2.3754744775602354	0.2258131719580012	12.7849999680375	25.016999749830003
580	9502720	10	4.0	4.898979485566356	10.0	0.0	10	8.0	4.0	10.0	0.0	-0.008726453170008612	-2.3766586480049186	0.23934960673243041	11.861749970345626	19.405999805940002
584	9568256	10	5.0	5.0	10.0	0.0	10	7.0	4.58257569495584	10.0	0.0	-0.009008290504699826	-2.3432322117232225	0.3065972899077842	12.017999969955001	20.381999796180004
588	9633792	10	5.0	5.0	10.0	0.0	10	9.0	3.0	10.0	0.0	-0.0085778384906773	-2.3663008136072508	0.27929114718185283	11.034499972413752	4.537999954620001
592	9699328	10	7.0	4.58257569495584	10.0	0.0	10	6.0	4.898979485566356	10.0	0.0	-0.009056441732320984	-2.375793332607428	0.3305760064438845	11.10049997224875	10.839999891600002
596	9764864	10	4.0	4.898979485566356	10.0	0.0	10	2.0	4.0	10.0	0.0	-0.009048367902896948	-2.3479637178319672	0.28216473072311565	12.818749967953124	10.451999895480002
600	9830400	10	2.0	4.0	10.0	0.0	10	6.0	4.898979485566356	10.0	0.0	-0.008542950293323479	-2.4349240360107816	0.19105186163941199	13.13749996715625	15.783999842160004
604	9895936	10	6.0	4.898979485566356	10.0	0.0	10	6.0	4.898979485566356	10.0	0.0	-0.008826464367596069	-2.4137367404966565	0.2387885919833791	11.808749970478127	8.286999917130002
608	9961472	10	8.0	4.0	10.0	0.0	10	6.0	4.898979485566356	10.0	0.0	-0.009062343534389644	-2.395206302154903	0.2940959219204006	9.91549997521125	12.341999876580003
612	10027008	10	5.0	5.0	10.0	0.0	10	5.0	5.0	10.0	0.0	-0.009485352894971842	-2.382496473441697	0.2803217513815623	11.80149997049625	25.465999745340007
616	10092544	10	7.0	4.58257569495584	10.0	0.0	10	6.0	4.898979485566356	10.0	0.0	-0.010207564008697684	-2.361950089288087	0.2632776770156059	12.528999968677502	10.059999899400003
620	10158080	10	3.0	4.58257569495584	10.0	0.0	10	5.0	5.0	10.0	0.0	-0.009172187265857688	-2.369643874219581	0.2553593408981697	12.530999968672498	25.70499974295
624	10223616	10	6.0	4.898979485566356	10.0	0.0	10	6.0	4.898979485566356	10.0	0.0	-0.008677282721394326	-2.3312944990948297	0.32427150023206835	11.938749970153125	20.686999793130006
628	10289152	10	6.0	4.898979485566356	10.0	0.0	10	6.0	4.898979485566356	10.0	0.0	-0.008625527366359253	-2.3671162349500157	0.2698229243697792	11.886749970283125	17.196999828030002
632	10354688	10	3.0	4.58257569495584	10.0	0.0	10	4.0	4.898979485566356	10.0	0.0	-0.009495575018790182	-2.377819781254398	0.28952051044219884	10.475999973810001	18.094999819050003
636	10420224	10	4.0	4.898979485566356	10.0	0.0	10	6.0	4.898979485566356	10.0	0.0	-0.009495696081023592	-2.3996131864670733	0.23373479502324374	10.441249973896875	27.14699972853
640	10485760	10	2.0	4.0	10.0	0.0	10	8.0	4.0	10.0	0.0	-0.009135506318628984	-2.3847898888090615	0.22971079201217795	11.558499971103753	20.758999792410005
644	10551296	10	5.0	5.0	10.0	0.0	10	1.0	3.0	10.0	0.0	-0.008286898772940622	-2.3761876992889626	0.22728839390095776	11.729999970675001	16.956999830430004
648	10616832	10	5.0	5.0	10.0	0.0	10	5.0	5.0	10.0	0.0	-0.008497716537955726	-2.3690605707482355	0.23211371321917681	10.44949997387625	28.929999710700006
652	10682368	10	2.0	4.0	10.0	0.0	10	6.0	4.898979485566356	10.0	0.0	-0.008058154697583097	-2.4162223957445628	0.24266739093964743	12.492999968767501	19.255999807440002
656	10747904	10	5.0	5.0	10.0	0.0	10	8.0	4.0	10.0	0.0	-0.008807862877490951	-2.3793934904043894	0.2303559928892507	9.946749975133127	25.223999747760004
660	10813440	10	4.0	4.898979485566356	10.0	0.0	10	4.0	4.898979485566356	10.0	0.0	-0.009867947680992497	-2.362465527904309	0.2711777765952696	10.51249997371875	28.779999712200006
664	10878976	10	6.0	4.898979485566356	10.0	0.0	10	6.0	4.898979485566356	10.0	0.0	-0.009130477210681052	-2.3629959272863683	0.27148872471380464	10.841249972896874	18.220999817790002
668	10944512	10	4.0	4.898979485566356	10.0	0.0	10	4.0	4.898979485566356	10.0	0.0	-0.008575704018177144	-2.3655034599224316	0.21363946141312348	11.820249970449375	28.539999714600004
672	11010048	10	5.0	5.0	10.0	0.0	10	8.0	4.0	10.0	0.0	-0.009205236695330042	-2.428208517278615	0.20982479146669136	11.039749972400626	4.0649999593500015
676	11075584	10	6.0	4.898979485566356	10.0	0.0	10	7.0	4.58257569495584	10.0	0.0	-0.008463785926958088	-2.412810469415782	0.24060937177677477	12.568999968577499	16.057999839420003
680	11141120	10	5.0	5.0	10.0	0.0	10	7.0	4.58257569495584	10.0	0.0	-0.008470001629602765	-2.4368340916876785	0.2328717475514428	11.25599997186	26.27199973728
684	11206656	10	5.0	5.0	10.0	0.0	10	4.0	4.898979485566356	10.0	0.0	-0.00827817302256506	-2.4702594600528225	0.13893207463851265	13.847249965381874	18.050999819490002
688	11272192	10	5.0	5.0	10.0	0.0	10	6.0	4.898979485566356	10.0	0.0	-0.00828641086177498	-2.480034055550843	0.17179018350391237	12.644249968389374	23.970999760290002
692	11337728	10	3.0	4.58257569495584	10.0	0.0	10	6.0	4.898979485566356	10.0	0.0	-0.00848514943363156	-2.4505484672815014	0.22112464110857585	10.110999974722501	7.558999924410001
696	11403264	10	3.0	4.58257569495584	10.0	0.0	10	6.0	4.898979485566356	10.0	0.0	-0.00835734611037831	-2.414032535996904	0.2130302724517009	11.512249971219376	22.70799977292
700	11468800	10	3.0	4.58257569495584	10.0	0.0	10	6.0	4.898979485566356	10.0	0.0	-0.008939999208125979	-2.37549111967376	0.3015099373952889	12.482749968793124	28.55399971446
704	11534336	10	6.0	4.898979485566356	10.0	0.0	10	7.0	4.58257569495584	10.0	0.0	-0.009159072507479918	-2.393591850746685	0.24422917365035982	11.9769999700575	11.48199988518
708	11599872	10	6.0	4.898979485566356	10.0	0.0	10	5.0	5.0	10.0	0.0	-0.009131893519486251	-2.3645829779426806	0.2847699069431818	13.251999966869999	20.372999796270005
712	11665408	10	3.0	4.58257569495584	10.0	0.0	10	6.0	4.898979485566356	10.0	0.0	-0.01007523996078155	-2.3680013018366664	0.29544869652044764	11.616249970959377	33.777999662220004
716	11730944	10	6.0	4.898979485566356	10.0	0.0	10	7.0	4.58257569495584	10.0	0.0	-0.00893300077978912	-2.3802305681014206	0.22298673367288524	11.839249970401875	26.596999734030007
720	11796480	10	9.0	3.0	10.0	0.0	10	3.0	4.58257569495584	10.0	0.0	-0.00970635725045362	-2.3707820944502007	0.2590615919831747	11.081999972295	19.813999801860003
724	11862016	10	7.0	4.58257569495584	10.0	0.0	10	7.0	4.58257569495584	10.0	0.0	-0.008775338997712974	-2.356645611179757	0.29585126272114887	11.67349997081625	20.753999792460004
728	11927552	10	5.0	5.0	10.0	0.0	10	8.0	4.0	10.0	0.0	-0.00823307093413894	-2.353304567191241	0.24278616654330692	11.729249970676873	12.659999873400002
732	11993088	10	9.0	3.0	10.0	0.0	10	8.0	4.0	10.0	0.0	-0.008769378579317122	-2.418774661666525	0.1963679400688999	13.090249967274374	15.905999840940003
736	12058624	10	3.0	4.58257569495584	10.0	0.0	10	3.0	4.58257569495584	10.0	0.0	-0.008858441630144402	-2.3136876570755165	0.31493422137397203	13.660749965848126	17.850999821490003
740	12124160	10	4.0	4.898979485566356	10.0	0.0	10	6.0	4.898979485566356	10.0	0.0	-0.008971630376411173	-2.3398228583282745	0.278801709539707	12.912499967718752	4.8399999516
744	12189696	10	4.0	4.898979485566356	10.0	0.0	10	3.0	4.58257569495584	10.0	0.0	-0.008371146169375817	-2.298453390358875	0.3122742217640138	12.423749968940623	19.232999807670005
748	12255232	10	4.0	4.898979485566356	10.0	0.0	10	7.0	4.58257569495584	10.0	0.0	-0.009311888661856591	-2.3490174906985835	0.30945698059976207	11.141999972145	23.040999769590005
752	12320768	10	5.0	5.0	10.0	0.0	10	6.0	4.898979485566356	10.0	0.0	-0.008226389357991573	-2.3408413973992515	0.26135587922368925	11.036749972408124	21.098999789010005
756	12386304	10	6.0	4.898979485566356	10.0	0.0	10	5.0	5.0	10.0	0.0	-0.009045175240587348	-2.3603295755907907	0.24148942915690738	11.81949997045125	27.060999729390005
760	12451840	10	6.0	4.898979485566356	10.0	0.0	10	6.0	4.898979485566356	10.0	0.0	-0.00869388176852614	-2.365261512251679	0.20268441214598415	11.5529999711175	8.374999916250001
764	12517376	10	5.0	5.0	10.0	0.0	10	5.0	5.0	10.0	0.0	-0.007902045779484638	-2.337387633576897	0.260629842341116	12.673749968315626	10.75699989243
768	12582912	10	4.0	4.898979485566356	10.0	0.0	10	5.0	5.0	10.0	0.0	-0.008478841680421794	-2.3284276572424636	0.25529302948910054	12.8689999678275	24.583999754160004
772	12648448	10	4.0	4.898979485566356	10.0	0.0	10	7.0	4.58257569495584	10.0	0.0	-0.008656573890834995	-2.3661888164797293	0.19616790742432602	12.304499969238751	24.063999759360005
776	12713984	10	5.0	5.0	10.0	0.0	10	5.0	5.0	10.0	0.0	-0.009688659339696641	-2.4012810262523168	0.2103997982508818	12.090749969773125	18.94399981056
780	12779520	10	7.0	4.58257569495584	10.0	0.0	10	5.0	5.0	10.0	0.0	-0.008567998813018996	-2.4267278733308504	0.2275091369088927	11.753999970614998	23.643999763560004
784	12845056	10	5.0	5.0	10.0	0.0	10	5.0	5.0	10.0	0.0	-0.010230757176179012	-2.411037226266845	0.19710303856490277	10.582749973543127	24.060999759390004
788	12910592	10	7.0	4.58257569495584	10.0	0.0	10	7.0	4.58257569495584	10.0	0.0	-0.009296586243728512	-2.3992542174939513	0.180139381342119	10.006749974983126	18.683999813160003
792	12976128	10	4.0	4.898979485566356	10.0	0.0	10	8.0	4.0	10.0	0.0	-0.008025551796054799	-2.4074521807308598	0.19366819549197198	11.181999972044999	16.760999832390002
796	13041664	10	5.0	5.0	10.0	0.0	10	5.0	5.0	10.0	0.0	-0.007817390665063298	-2.3795505660280445	0.24866485779377379	12.266749969333125	11.237999887620001
800	13107200	10	6.0	4.898979485566356	10.0	0.0	10	6.0	4.898979485566356	10.0	0.0	-0.00947879950058241	-2.325526964918922	0.25840763900220787	13.71549996571125	3.9729999602700006
804	13172736	10	3.0	4.58257569495584	10.0	0.0	10	5.0	5.0	10.0	0.0	-0.009135746010500642	-2.3368238630443474	0.27803089420208965	11.35649997160875	21.985999780140006
808	13238272	10	2.0	4.0	10.0	0.0	10	7.0	4.58257569495584	10.0	0.0	-0.008144094561794709	-2.3207422144777103	0.23351745762913317	10.432499973918752	20.962999790370006
812	13303808	10	2.0	4.0	10.0	0.0	10	5.0	5.0	10.0	0.0	-0.008720273007991556	-2.3686457720911793	0.2539302990507319	10.862749972843124	5.78899994211
816	13369344	10	3.0	4.58257569495584	10.0	0.0	10	4.0	4.898979485566356	10.0	0.0	-0.009570349727167816	-2.35226585194801	0.27459817795947816	13.431999966420001	21.598999784010005
820	13434880	10	2.0	4.0	10.0	0.0	10	7.0	4.58257569495584	10.0	0.0	-0.00859612061717489	-2.449537264548885	0.18827133165884347	11.549999971125	25.94099974059
824	13500416	10	5.0	5.0	10.0	0.0	10	5.0	5.0	10.0	0.0	-0.008897442064136115	-2.428731344387262	0.1857084998046627	12.577499968556252	16.53499983465
828	13565952	10	4.0	4.898979485566356	10.0	0.0	10	7.0	4.58257569495584	10.0	0.0	-0.008395059586326617	-2.4199649564884584	0.18058927921870235	11.251749971870627	25.081999749180003
832	13631488	10	9.0	3.0	10.0	0.0	10	9.0	3.0	10.0	0.0	-0.00872827837307977	-2.4274009016607883	0.19575028685986903	11.65049997087375	13.657999863420002
836	13697024	10	7.0	4.58257569495584	10.0	0.0	10	5.0	5.0	10.0	0.0	-0.008727633730511178	-2.3586717493858687	0.3011558837874944	10.557999973605	19.548999804510004
840	13762560	10	5.0	5.0	10.0	0.0	10	5.0	5.0	10.0	0.0	-0.007782034600594401	-2.331639393921206	0.3135896771819569	11.05749997235625	24.58599975414
844	13828096	10	6.0	4.898979485566356	10.0	0.0	10	8.0	4.0	10.0	0.0	-0.009725362561056921	-2.3353568710437616	0.24155713056491898	11.310749971723126	16.994999830050002
848	13893632	10	7.0	4.58257569495584	10.0	0.0	10	6.0	4.898979485566356	10.0	0.0	-0.00920081629278339	-2.3341606679114157	0.3036064179297929	12.119249969701874	19.762999802370004
852	13959168	10	4.0	4.898979485566356	10.0	0.0	10	7.0	4.58257569495584	10.0	0.0	-0.00961176750955244	-2.3978949584052587	0.17507210403098897	12.664499968338749	23.116999768830006
856	14024704	10	5.0	5.0	10.0	0.0	10	8.0	4.0	10.0	0.0	-0.008747992830041225	-2.4570910828733	0.1480730474617068	14.113999964715001	17.538999824610006
860	14090240	10	4.0	4.898979485566356	10.0	0.0	10	7.0	4.58257569495584	10.0	0.0	-0.00802329377173107	-2.4179713425501754	0.22265390956317685	12.53149996867125	16.576999834230005
864	14155776	10	5.0	5.0	10.0	0.0	10	7.0	4.58257569495584	10.0	0.0	-0.009088062447480408	-2.4026776624203334	0.23464421242514824	12.845249967886875	13.987999860120002
868	14221312	10	6.0	4.898979485566356	10.0	0.0	10	6.0	4.898979485566356	10.0	0.0	-0.009019204055494211	-2.410927682863867	0.18482976575629828	11.671999970820002	7.692999923070001
872	14286848	10	5.0	5.0	10.0	0.0	10	4.0	4.898979485566356	10.0	0.0	-0.009482542127062158	-2.422851368532524	0.18201268322732506	11.489249971276875	13.955999860440002
876	14352384	10	6.0	4.898979485566356	10.0	0.0	10	6.0	4.898979485566356	10.0	0.0	-0.00944375218773686	-2.3912665543449494	0.2446559554797619	11.487749971280627	13.118999868810002
880	14417920	10	3.0	4.58257569495584	10.0	0.0	10	9.0	3.0	10.0	0.0	-0.009390195447477875	-2.414594674852303	0.1814037467319304	11.377499971556249	10.254999897450002
884	14483456	10	7.0	4.58257569495584	10.0	0.0	10	7.0	4.58257569495584	10.0	0.0	-0.0092656902915576	-2.4280652401302247	0.17784893766986942	11.185249972036875	29.370999706290004
888	14548992	10	4.0	4.898979485566356	10.0	0.0	10	4.0	4.898979485566356	10.0	0.0	-0.008920759502548161	-2.4410719446778644	0.16878157720384693	11.937499970156248	25.622999743770006
892	14614528	10	4.0	4.898979485566356	10.0	0.0	10	8.0	4.0	10.0	0.0	-0.008505027240692074	-2.4125289517114834	0.15204285487190597	12.517249968706876	13.625999863740002
896	14680064	10	8.0	4.0	10.0	0.0	10	6.0	4.898979485566356	10.0	0.0	-0.008630190281423799	-2.415506742643034	0.16538721988738367	12.80799996798	25.09799974902
900	14745600	10	8.0	4.0	10.0	0.0	10	6.0	4.898979485566356	10.0	0.0	-0.00868673256294498	-2.359104272974163	0.23064225824320356	13.0289999674275	9.606999903930001
904	14811136	10	6.0	4.898979485566356	10.0	0.0	10	6.0	4.898979485566356	10.0	0.0	-0.008442988050804163	-2.4012214538933967	0.16363987813861777	11.949249970126875	30.651999693480008
908	14876672	10	8.0	4.0	10.0	0.0	10	7.0	4.58257569495584	10.0	0.0	-0.009633511699178886	-2.422008866812819	0.14772034000308354	11.35449997161375	23.0599997694
912	14942208	10	7.0	4.58257569495584	10.0	0.0	10	8.0	4.0	10.0	0.0	-0.009073335574576784	-2.3756557725378813	0.15231354758109028	10.367749974080624	33.55099966449001
916	15007744	10	5.0	5.0	10.0	0.0	10	8.0	4.0	10.0	0.0	-0.008701616635338161	-2.3719199446353176	0.16428137328316653	11.08399997229	26.383999736160003
920	15073280	10	5.0	5.0	10.0	0.0	10	6.0	4.898979485566356	10.0	0.0	-0.008394039916649438	-2.344082241012856	0.17714798479668764	11.05249997236875	27.706999722930004
924	15138816	10	3.0	4.58257569495584	10.0	0.0	10	4.0	4.898979485566356	10.0	0.0	-0.009485240583290122	-2.3523361481759344	0.16425944079175706	11.600749970998127	31.854999681450007
928	15204352	10	2.0	4.0	10.0	0.0	10	7.0	4.58257569495584	10.0	0.0	-0.008432122407340025	-2.364251963547955	0.18668196006906526	10.879249972801874	34.04599965954
932	15269888	10	4.0	4.898979485566356	10.0	0.0	10	6.0	4.898979485566356	10.0	0.0	-0.008918681235607911	-2.39793247207856	0.18903249282904316	11.4349999714125	23.280999767190004
936	15335424	10	3.0	4.58257569495584	10.0	0.0	10	5.0	5.0	10.0	0.0	-0.009172605016176723	-2.346834550056772	0.20627259003022883	9.84049997539875	22.633999773660005
940	15400960	10	4.0	4.898979485566356	10.0	0.0	10	7.0	4.58257569495584	10.0	0.0	-0.008738414827347848	-2.364451028160323	0.17658072087316132	9.942499975143749	21.594999784050003
944	15466496	10	7.0	4.58257569495584	10.0	0.0	10	7.0	4.58257569495584	10.0	0.0	-0.00903597262758778	-2.3132688475225724	0.2779267304287426	11.159249972101875	4.01099995989
948	15532032	10	6.0	4.898979485566356	10.0	0.0	10	5.0	5.0	10.0	0.0	-0.007606016020080336	-2.3696188353017242	0.1995535101533684	13.702249965744375	20.115999798840004
952	15597568	10	3.0	4.58257569495584	10.0	0.0	10	4.0	4.898979485566356	10.0	0.0	-0.008642524746704551	-2.408666853852503	0.20846667774954505	12.387249969031876	17.08599982914
956	15663104	10	3.0	4.58257569495584	10.0	0.0	10	5.0	5.0	10.0	0.0	-0.008421772199989179	-2.395199676105226	0.19713994167864657	13.122499967193749	23.023999769760003
960	15728640	10	7.0	4.58257569495584	10.0	0.0	10	7.0	4.58257569495584	10.0	0.0	-0.008391669472717283	-2.348862878733579	0.20151074694233145	12.5789999685525	15.565999844340004
964	15794176	10	3.0	4.58257569495584	10.0	0.0	10	9.0	3.0	10.0	0.0	-0.00858480925824863	-2.337201115742253	0.20745873650858437	12.116249969709376	20.4899997951
968	15859712	10	9.0	3.0	10.0	0.0	10	7.0	4.58257569495584	10.0	0.0	-0.008385709144058241	-2.3651785748720098	0.17374637837574516	10.517749973705627	19.388999806110004
972	15925248	10	8.0	4.0	10.0	0.0	10	8.0	4.0	10.0	0.0	-0.008328741762288174	-2.3242800730032536	0.2341552924431334	11.146249972134376	32.562999674370005
976	15990784	10	3.0	4.58257569495584	10.0	0.0	10	7.0	4.58257569495584	10.0	0.0	-0.008756362941309919	-2.3088396512050435	0.25235786581266756	10.316249974209375	17.53399982466
980	16056320	10	3.0	4.58257569495584	10.0	0.0	10	7.0	4.58257569495584	10.0	0.0	-0.008587042994213187	-2.3874455911414403	0.19414481340126935	11.6549999708625	11.510999884890001
984	16121856	10	5.0	5.0	10.0	0.0	10	5.0	5.0	10.0	0.0	-0.008373906813213502	-2.390974573541967	0.22052505330679442	13.329999966675	15.196999848030002
988	16187392	10	4.0	4.898979485566356	10.0	0.0	10	7.0	4.58257569495584	10.0	0.0	-0.008618513540883426	-2.4340166645693526	0.18802473125572916	12.636249968409375	14.237999857620002
992	16252928	10	4.0	4.898979485566356	10.0	0.0	10	9.0	3.0	10.0	0.0	-0.009547112608051864	-2.4547726186539713	0.17754768050599373	12.347249969131877	29.693999703060005
996	16318464	10	6.0	4.898979485566356	10.0	0.0	10	6.0	4.898979485566356	10.0	0.0	-0.008568362316223384	-2.444417434179469	0.16732473615366192	10.878749972803126	22.918999770810004
1000	16384000	10	5.0	5.0	10.0	0.0	10	4.0	4.898979485566356	10.0	0.0	-0.008300282137845607	-2.4245504833715827	0.16919132754927774	10.69349997326625	33.71099966289
1004	16449536	10	3.0	4.58257569495584	10.0	0.0	10	7.0	4.58257569495584	10.0	0.0	-0.008589414194844932	-2.4333869986184844	0.18651662951255074	11.141249972146875	30.122999698770005
1008	16515072	10	7.0	4.58257569495584	10.0	0.0	10	6.0	4.898979485566356	10.0	0.0	-0.008198970130004106	-2.428729605918456	0.1485624518866808	11.57599997106	20.804999791950003
1012	16580608	10	5.0	5.0	10.0	0.0	10	5.0	5.0	10.0	0.0	-0.008549675732581318	-2.423178170865686	0.204325683704093	11.398749971503126	27.858999721410004
1016	16646144	10	5.0	5.0	10.0	0.0	10	6.0	4.898979485566356	10.0	0.0	-0.009042622915904752	-2.405551520236094	0.20225589891030582	12.51199996872	20.887999791120006
1020	16711680	10	4.0	4.898979485566356	10.0	0.0	10	5.0	5.0	10.0	0.0	-0.008469901754957924	-2.437229178592004	0.11022058027269196	11.916749970208127	16.97099983029
1024	16777216	10	5.0	5.0	10.0	0.0	10	6.0	4.898979485566356	10.0	0.0	-0.009260321748060407	-2.402302418895662	0.15929542813963857	11.01999997245	20.758999792410005
1028	16842752	10	5.0	5.0	10.0	0.0	10	7.0	4.58257569495584	10.0	0.0	-0.00925963989381926	-2.3792029939597072	0.15587651564978575	11.845749970385626	16.876999831230002
1032	16908288	10	5.0	5.0	10.0	0.0	10	6.0	4.898979485566356	10.0	0.0	-0.009060654126153403	-2.4388138748648482	0.15550346034511353	12.87249996781875	14.024999859750002
1036	16973824	10	7.0	4.58257569495584	10.0	0.0	10	6.0	4.898979485566356	10.0	0.0	-0.00979409085407035	-2.3777192828562637	0.22851823283462536	13.172999967067502	16.348999836510004
1040	17039360	10	5.0	5.0	10.0	0.0	10	7.0	4.58257569495584	10.0	0.0	-0.009267288938285911	-2.3658423098444175	0.21632196495850084	12.426499968933749	17.369999826300003
1044	17104896	10	5.0	5.0	10.0	0.0	10	9.0	3.0	10.0	0.0	-0.00834414236218829	-2.3113785582359974	0.19467068950480448	11.16849997207875	8.99799991002
1048	17170432	10	2.0	4.0	10.0	0.0	10	5.0	5.0	10.0	0.0	-0.008845727465377613	-2.3787172012036772	0.17290428861105905	10.518749973703127	34.20599965794001
1052	17235968	10	6.0	4.898979485566356	10.0	0.0	10	6.0	4.898979485566356	10.0	0.0	-0.008632655451048122	-2.3573466288574676	0.15456111122175364	12.10349996974125	22.856999771430004
1056	17301504	10	4.0	4.898979485566356	10.0	0.0	10	7.0	4.58257569495584	10.0	0.0	-0.00886891207148215	-2.3183320509959313	0.13915546982030916	10.475249973811875	31.018999689810002
1060	17367040	10	3.0	4.58257569495584	10.0	0.0	10	5.0	5.0	10.0	0.0	-0.009296562259746899	-2.319171828286665	0.23107008765528156	10.67449997331375	14.883999851160002
1064	17432576	10	5.0	5.0	10.0	0.0	10	4.0	4.898979485566356	10.0	0.0	-0.00906686662980205	-2.3004329326339383	0.24075550831829998	10.167999974579999	16.740999832590003
1068	17498112	10	6.0	4.898979485566356	10.0	0.0	10	6.0	4.898979485566356	10.0	0.0	-0.00877739569507688	-2.391471877445018	0.21437899083149503	11.602749970993125	23.078999769210004
1072	17563648	10	4.0	4.898979485566356	10.0	0.0	10	7.0	4.58257569495584	10.0	0.0	-0.009584248231084492	-2.3871566849447174	0.18757948370559102	11.759999970600003	20.705999792940002
1076	17629184	10	4.0	4.898979485566356	10.0	0.0	10	9.0	3.0	10.0	0.0	-0.009612982173681001	-2.3762876239923916	0.14667589355594904	13.1429999671425	25.073999749260004
1080	17694720	10	2.0	4.0	10.0	0.0	10	5.0	5.0	10.0	0.0	-0.008675293692861545	-2.350661540779983	0.21976215902289375	11.991249970021874	24.041999759580005
1084	17760256	10	5.0	5.0	10.0	0.0	10	8.0	4.0	10.0	0.0	-0.009591534684266774	-2.3818307963512804	0.1902438468722517	11.062749972343125	20.233999797660005
1088	17825792	10	6.0	4.898979485566356	10.0	0.0	10	5.0	5.0	10.0	0.0	-0.008980173653045747	-2.360828573259164	0.21839653822491512	11.013999972465	22.087999779120004
1092	17891328	10	1.0	3.0	10.0	0.0	10	7.0	4.58257569495584	10.0	0.0	-0.009932598253298293	-2.344846963638191	0.201079832757056	11.103749972240623	13.170999868290002
1096	17956864	10	4.0	4.898979485566356	10.0	0.0	10	7.0	4.58257569495584	10.0	0.0	-0.009636626184961907	-2.3779929898685706	0.1757190157476311	12.939499967651251	24.012999759870006
1100	18022400	10	4.0	4.898979485566356	10.0	0.0	10	7.0	4.58257569495584	10.0	0.0	-0.008473010630977627	-2.4540979561633556	0.15913832511957796	12.282999969292499	23.933999760660004
1104	18087936	10	3.0	4.58257569495584	10.0	0.0	10	8.0	4.0	10.0	0.0	-0.00941105987196545	-2.458354065559529	0.1538753022357101	11.739999970649999	31.434999685650002
1108	18153472	10	5.0	5.0	10.0	0.0	10	6.0	4.898979485566356	10.0	0.0	-0.008359933431204367	-2.4427049877681966	0.1705070878201435	11.057499972356249	17.167999828320003
1112	18219008	10	7.0	4.58257569495584	10.0	0.0	10	4.0	4.898979485566356	10.0	0.0	-0.008768344331046203	-2.424335164075881	0.20492415096959682	11.857249970356873	28.014999719850007
1116	18284544	10	9.0	3.0	10.0	0.0	10	4.0	4.898979485566356	10.0	0.0	-0.01026070121239004	-2.400032758462765	0.20288961828745947	11.191249972021875	10.004999899950002
1120	18350080	10	2.0	4.0	10.0	0.0	10	5.0	5.0	10.0	0.0	-0.008598114164077351	-2.3934018162379993	0.19879755189434145	13.095999967260001	26.352999736470007
1124	18415616	10	6.0	4.898979485566356	10.0	0.0	10	6.0	4.898979485566356	10.0	0.0	-0.009367793402143812	-2.4197616847815806	0.19833901196514828	12.48649996878375	26.901999730980005
1128	18481152	10	6.0	4.898979485566356	10.0	0.0	10	6.0	4.898979485566356	10.0	0.0	-0.010082827018939972	-2.339790984744484	0.19111089678042686	12.237999969405	9.572999904270002
1132	18546688	10	7.0	4.58257569495584	10.0	0.0	10	8.0	4.0	10.0	0.0	-0.008568450249809121	-2.334682429587037	0.21794785122289906	12.4909999687725	23.926999760730002
1136	18612224	10	5.0	5.0	10.0	0.0	10	7.0	4.58257569495584	10.0	0.0	-0.008643155775956448	-2.3619175550861504	0.2108751548389724	13.027249967431876	13.253999867460001
1140	18677760	10	3.0	4.58257569495584	10.0	0.0	10	6.0	4.898979485566356	10.0	0.0	-0.008038821314051007	-2.4402134962321567	0.13646698811532595	12.293999969265	24.439999755600006
1144	18743296	10	4.0	4.898979485566356	10.0	0.0	10	5.0	5.0	10.0	0.0	-0.008449058513208282	-2.3576753882097994	0.15674672336237022	13.102249967244376	12.487999875120002
1148	18808832	10	3.0	4.58257569495584	10.0	0.0	10	4.0	4.898979485566356	10.0	0.0	-0.008663385660542578	-2.350804038100938	0.17425696875947497	11.790999970522499	25.381999746180007
1152	18874368	10	4.0	4.898979485566356	10.0	0.0	10	6.0	4.898979485566356	10.0	0.0	-0.00933439596119349	-2.3507400997017887	0.17007454642030484	13.003999967490001	21.070999789290006
1156	18939904	10	7.0	4.58257569495584	10.0	0.0	10	5.0	5.0	10.0	0.0	-0.00938032928048322	-2.341463116064151	0.17708321480408953	13.502249966244376	13.441999865580001
1160	19005440	10	5.0	5.0	10.0	0.0	10	8.0	4.0	10.0	0.0	-0.008723433540884996	-2.3721684587511023	0.12746282564700598	12.421749968945624	22.89099977109
1164	19070976	10	6.0	4.898979485566356	10.0	0.0	10	9.0	3.0	10.0	0.0	-0.007478060551702752	-2.396836650618586	0.11381289629477098	12.4189999689525	25.712999742870004
1168	19136512	10	1.0	3.0	10.0	0.0	10	5.0	5.0	10.0	0.0	-0.008938027108321244	-2.3846157886087442	0.12028366628712647	12.992249967519376	30.806999691930002
1172	19202048	10	5.0	5.0	10.0	0.0	10	5.0	5.0	10.0	0.0	-0.008932655261539295	-2.3637896997254475	0.1351995993419968	10.64749997338125	19.277999807220002
1176	19267584	10	4.0	4.898979485566356	10.0	0.0	10	7.0	4.58257569495584	10.0	0.0	-0.00907741255556206	-2.3618691138946413	0.15100746053094985	12.129249969676874	18.55099981449
1180	19333120	10	7.0	4.58257569495584	10.0	0.0	10	6.0	4.898979485566356	10.0	0.0	-0.008686087881571282	-2.353373770667345	0.17844898771808868	11.918499970203753	31.350999686490002
1184	19398656	10	3.0	4.58257569495584	10.0	0.0	10	7.0	4.58257569495584	10.0	0.0	-0.007943597486783074	-2.364220777901106	0.1900838156187964	11.04449997238875	30.508999694910006
1188	19464192	10	6.0	4.898979485566356	10.0	0.0	10	6.0	4.898979485566356	10.0	0.0	-0.007857375785927987	-2.321768010414188	0.14343029414361738	12.290249969274376	16.781999832180002
1192	19529728	10	4.0	4.898979485566356	10.0	0.0	10	5.0	5.0	10.0	0.0	-0.00880277886637953	-2.302616387365811	0.18317947635692083	12.530749968673124	28.359999716400004
1196	19595264	10	4.0	4.898979485566356	10.0	0.0	10	7.0	4.58257569495584	10.0	0.0	-0.008565581029281288	-2.316601591564304	0.14170133173541877	12.003499969991251	23.695999763040007
1200	19660800	10	5.0	5.0	10.0	0.0	10	4.0	4.898979485566356	10.0	0.0	-0.009828775116033544	-2.311059380330312	0.1677106476679834	12.5809999685475	30.735999692640007
1204	19726336	10	3.0	4.58257569495584	10.0	0.0	10	6.0	4.898979485566356	10.0	0.0	-0.007166517878291295	-2.3343887947551623	0.18411690592400126	10.720249973199376	29.872999701270007
1208	19791872	10	7.0	4.58257569495584	10.0	0.0	10	5.0	5.0	10.0	0.0	-0.00848407879102066	-2.363536782316531	0.15326902951690413	12.193499969516251	26.087999739120004
1212	19857408	10	5.0	5.0	10.0	0.0	10	5.0	5.0	10.0	0.0	-0.007691513430884156	-2.402482755231938	0.08562294117369679	11.807749970480627	27.150999728490003
1216	19922944	10	3.0	4.58257569495584	10.0	0.0	10	4.0	4.898979485566356	10.0	0.0	-0.007717646136173012	-2.4165589831735743	0.08502977701415268	12.239999969400001	28.256999717430006
1220	19988480	10	6.0	4.898979485566356	10.0	0.0	10	6.0	4.898979485566356	10.0	0.0	-0.007744736214389961	-2.352144325527906	0.1633368456410844	11.789249970526875	24.246999757530002
1224	20054016	10	5.0	5.0	10.0	0.0	10	3.0	4.58257569495584	10.0	0.0	-0.008584708415901428	-2.3937385750303646	0.12456153688896573	12.0509999698725	24.927999750720005
1228	20119552	10	2.0	4.0	10.0	0.0	10	8.0	4.0	10.0	0.0	-0.008713219665577272	-2.406239474562493	0.16018298856487231	12.9669999675825	22.898999771010004
1232	20185088	10	7.0	4.58257569495584	10.0	0.0	10	6.0	4.898979485566356	10.0	0.0	-0.008661770750836342	-2.3970873999085494	0.14928599732614678	12.466249968834374	16.748999832510002
1236	20250624	10	4.0	4.898979485566356	10.0	0.0	10	8.0	4.0	10.0	0.0	-0.00795685892725367	-2.3421792857392676	0.2350801140756409	12.92449996768875	13.145999868540002
1240	20316160	10	6.0	4.898979485566356	10.0	0.0	10	7.0	4.58257569495584	10.0	0.0	-0.008611400867885442	-2.331673582152035	0.21034406464839359	12.65599996836	15.001999849980002
1244	20381696	10	6.0	4.898979485566356	10.0	0.0	10	8.0	4.0	10.0	0.0	-0.008385493101474144	-2.2845524075234405	0.2361180761893503	12.19249996951875	12.726999872730003
1248	20447232	10	7.0	4.58257569495584	10.0	0.0	10	5.0	5.0	10.0	0.0	-0.008775933766017445	-2.3301592193600187	0.20777779869743973	11.440749971398127	24.621999753780003
1252	20512768	10	4.0	4.898979485566356	10.0	0.0	10	8.0	4.0	10.0	0.0	-0.008600046385571066	-2.321021015203618	0.141054250130017	13.316499966708752	19.943999800560004
1256	20578304	10	4.0	4.898979485566356	10.0	0.0	10	7.0	4.58257569495584	10.0	0.0	-0.009199543161484768	-2.300792375960692	0.22734011008830035	13.601749965995625	14.476999855230003
1260	20643840	10	6.0	4.898979485566356	10.0	0.0	10	6.0	4.898979485566356	10.0	0.0	-0.00870433068879393	-2.287687780718126	0.2001143344469532	13.945999965135002	23.002999769970003
1264	20709376	10	4.0	4.898979485566356	10.0	0.0	10	8.0	4.0	10.0	0.0	-0.008014491057488533	-2.3105582642135225	0.18629757475961276	12.915749967710624	11.278999887210002
1268	20774912	10	5.0	5.0	10.0	0.0	10	6.0	4.898979485566356	10.0	0.0	-0.008722344216040262	-2.2821735066778426	0.1825393133917047	12.842999967892501	25.341999746580004
1272	20840448	10	6.0	4.898979485566356	10.0	0.0	10	4.0	4.898979485566356	10.0	0.0	-0.008764953435271425	-2.3086358803092657	0.1860924949287616	12.285999969285001	25.213999747860004
1276	20905984	10	6.0	4.898979485566356	10.0	0.0	10	8.0	4.0	10.0	0.0	-0.007367267073722852	-2.314559757468403	0.12814136678570348	12.906749967733123	14.315999856840003
1280	20971520	10	5.0	5.0	10.0	0.0	10	6.0	4.898979485566356	10.0	0.0	-0.00872181737728873	-2.357050056013311	0.14970558709457737	12.3229999691925	16.166999838330003
1284	21037056	10	7.0	4.58257569495584	10.0	0.0	10	7.0	4.58257569495584	10.0	0.0	-0.007688838820394611	-2.3482020470040768	0.16356164890500338	12.695499968261249	10.067999899320002
1288	21102592	10	7.0	4.58257569495584	10.0	0.0	10	7.0	4.58257569495584	10.0	0.0	-0.008628297006918528	-2.4096158591383032	0.13489492228401723	13.730749965673125	25.788999742110004
1292	21168128	10	8.0	4.0	10.0	0.0	10	8.0	4.0	10.0	0.0	-0.008387661456896246	-2.393732753643392	0.13453239643476234	12.802499967993752	20.795999792040003
1296	21233664	10	6.0	4.898979485566356	10.0	0.0	10	7.0	4.58257569495584	10.0	0.0	-0.007682898990533484	-2.3841188075641857	0.14933130873053418	12.363749969090625	26.248999737510005
1300	21299200	10	7.0	4.58257569495584	10.0	0.0	10	7.0	4.58257569495584	10.0	0.0	-0.007742179833360996	-2.4542857679154966	0.09916574797957063	12.498249968754376	21.019999789800003
1304	21364736	10	6.0	4.898979485566356	10.0	0.0	10	7.0	4.58257569495584	10.0	0.0	-0.008642195099743597	-2.4052666000999903	0.10922677724570953	12.860999967847501	25.540999744590003
1308	21430272	10	8.0	4.0	10.0	0.0	10	7.0	4.58257569495584	10.0	0.0	-0.00899468224479565	-2.398570236810537	0.12170934714661324	13.075749967310625	16.625999833740003
1312	21495808	10	6.0	4.898979485566356	10.0	0.0	10	9.0	3.0	10.0	0.0	-0.00811128626968426	-2.4180527202749733	0.10027341578508224	12.80749996798125	16.941999830580002
1316	21561344	10	5.0	5.0	10.0	0.0	10	7.0	4.58257569495584	10.0	0.0	-0.008721100097622624	-2.352179253849741	0.15998807625420294	11.69449997076375	17.936999820630003
1320	21626880	10	5.0	5.0	10.0	0.0	10	5.0	5.0	10.0	0.0	-0.009495058618612506	-2.4032820237159704	0.1214398336082236	11.549749971125625	33.39999966600001
1324	21692416	10	4.0	4.898979485566356	10.0	0.0	10	6.0	4.898979485566356	10.0	0.0	-0.008888813896478746	-2.3354283270787324	0.14096367132623383	12.042249969894375	27.869999721300005
1328	21757952	10	5.0	5.0	10.0	0.0	10	6.0	4.898979485566356	10.0	0.0	-0.008358904225172076	-2.3793037382270015	0.16643706536670308	11.143749972140625	26.145999738540006
1332	21823488	10	6.0	4.898979485566356	10.0	0.0	10	8.0	4.0	10.0	0.0	-0.008805859156374428	-2.3654095602551783	0.1561159343916973	12.126999969682501	19.400999805990004
1336	21889024	10	6.0	4.898979485566356	10.0	0.0	10	7.0	4.58257569495584	10.0	0.0	-0.008004562889633735	-2.3740214702994282	0.17817210567190478	11.8489999703775	22.973999770260004
1340	21954560	10	8.0	4.0	10.0	0.0	10	4.0	4.898979485566356	10.0	0.0	-0.008062836509522223	-2.418653547511881	0.17897825911328966	10.51749997370625	11.858999881410002
1344	22020096	10	8.0	4.0	10.0	0.0	10	9.0	3.0	10.0	0.0	-0.008475156652847834	-2.37889857813771	0.18309773696852305	12.315249969211875	13.988999860110003
1348	22085632	10	7.0	4.58257569495584	10.0	0.0	10	10.0	0.0	10.0	10.0	-0.008272225820946211	-2.409529705591343	0.16089474198595083	12.698999968252503	27.258999727410004
1352	22151168	10	4.0	4.898979485566356	10.0	0.0	10	6.0	4.898979485566356	10.0	0.0	-0.00815738217752282	-2.4335798246113662	0.12229641739091653	12.174999969562501	31.688999683110005
1356	22216704	10	4.0	4.898979485566356	10.0	0.0	10	8.0	4.0	10.0	0.0	-0.008517602865162606	-2.4058209406810316	0.15612851361049088	12.886749967783125	24.131999758680006
1360	22282240	10	5.0	5.0	10.0	0.0	10	6.0	4.898979485566356	10.0	0.0	-0.008400047442020199	-2.3803485157593114	0.17642206134144295	12.20399996949	20.058999799410003
1364	22347776	10	4.0	4.898979485566356	10.0	0.0	10	5.0	5.0	10.0	0.0	-0.008991399931774315	-2.360811598353039	0.10365787252169666	12.649749968375627	16.945999830540003
1368	22413312	10	6.0	4.898979485566356	10.0	0.0	10	6.0	4.898979485566356	10.0	0.0	-0.009376345397800927	-2.3474388790665595	0.17635762161911284	11.826249970434375	25.473999745260006
1372	22478848	10	6.0	4.898979485566356	10.0	0.0	10	8.0	4.0	10.0	0.0	-0.009735013832643464	-2.382763134688287	0.13921252749186258	12.945249967636876	21.813999781860005
1376	22544384	10	7.0	4.58257569495584	10.0	0.0	10	8.0	4.0	10.0	0.0	-0.008246711190066723	-2.444830479466558	0.1021499589832885	13.455749966360624	14.406999855930003
1380	22609920	10	3.0	4.58257569495584	10.0	0.0	10	5.0	5.0	10.0	0.0	-0.007963252284530077	-2.4072292866782186	0.14446959262761103	12.42799996893	24.294999757050007
1384	22675456	10	8.0	4.0	10.0	0.0	10	4.0	4.898979485566356	10.0	0.0	-0.00887039346857884	-2.40758716289952	0.1513630694086387	13.525499966186251	22.935999770640002
1388	22740992	10	5.0	5.0	10.0	0.0	10	8.0	4.0	10.0	0.0	-0.008036990479388656	-2.343581417952237	0.17198098231799053	12.707249968231878	10.987999890120001
1392	22806528	10	0.0	0.0	0.0	0.0	10	4.0	4.898979485566356	10.0	0.0	-0.008115654200449924	-2.39012587790626	0.17623408835408141	12.706749968233126	19.906999800930002
1396	22872064	10	7.0	4.58257569495584	10.0	0.0	10	8.0	4.0	10.0	0.0	-0.00840847158212481	-2.3627300235154722	0.14960685875260588	12.971249967571875	27.434999725650002
1400	22937600	10	8.0	4.0	10.0	0.0	10	7.0	4.58257569495584	10.0	0.0	-0.008091255931873658	-2.345166648183357	0.18737416192489603	12.459749968850625	29.452999705470003
1404	23003136	10	6.0	4.898979485566356	10.0	0.0	10	6.0	4.898979485566356	10.0	0.0	-0.00797414541413676	-2.3369747522025808	0.15885761549283323	12.169499969576252	22.389999776100005
1408	23068672	10	7.0	4.58257569495584	10.0	0.0	10	6.0	4.898979485566356	10.0	0.0	-0.008271268456506735	-2.3856208272276813	0.1250441332683098	12.0629999698425	28.330999716690005
1412	23134208	10	5.0	5.0	10.0	0.0	10	6.0	4.898979485566356	10.0	0.0	-0.008568552581302315	-2.3409991708939555	0.1396495827793893	11.594749971013124	28.388999716110003
1416	23199744	10	7.0	4.58257569495584	10.0	0.0	10	5.0	5.0	10.0	0.0	-0.00876828870149961	-2.3345207048010903	0.13318669786841605	11.19449997201375	24.624999753750004
1420	23265280	10	3.0	4.58257569495584	10.0	0.0	10	6.0	4.898979485566356	10.0	0.0	-0.008448063009411654	-2.368817393731685	0.14736552088693786	11.100749972248124	33.61599966384001
1424	23330816	10	5.0	5.0	10.0	0.0	10	8.0	4.0	10.0	0.0	-0.008609819433647525	-2.3391897651103317	0.15132362421112264	11.337249971656874	28.108999718910006
1428	23396352	10	4.0	4.898979485566356	10.0	0.0	10	8.0	4.0	10.0	0.0	-0.008519209939875151	-2.3572371227073923	0.1380279871180919	12.42399996894	16.504999834950002
1432	23461888	10	7.0	4.58257569495584	10.0	0.0	10	5.0	5.0	10.0	0.0	-0.00900384066484133	-2.366054164620142	0.16497069727463182	11.121249972196875	27.979999720200006
1436	23527424	10	6.0	4.898979485566356	10.0	0.0	10	6.0	4.898979485566356	10.0	0.0	-0.008560772938247143	-2.297288877029331	0.13935079408599735	11.166749972083124	21.686999783130005
1440	23592960	10	2.0	4.0	10.0	0.0	10	2.0	4.0	10.0	0.0	-0.008164698715577175	-2.369809195152429	0.1352704843986192	12.21199996947	24.708999752910003
1444	23658496	10	7.0	4.58257569495584	10.0	0.0	10	9.0	3.0	10.0	0.0	-0.008935115095461368	-2.3630229008716532	0.13192226379356478	12.35149996912125	12.575999874240003
1448	23724032	10	3.0	4.58257569495584	10.0	0.0	10	8.0	4.0	10.0	0.0	-0.009030518038615851	-2.3020518866763635	0.14283047840063584	13.055749967360626	27.107999728920007
1452	23789568	10	6.0	4.898979485566356	10.0	0.0	10	7.0	4.58257569495584	10.0	0.0	-0.008591402306607055	-2.3021202929403435	0.18835795746395909	12.217999969455	11.413999885860001
1456	23855104	10	9.0	3.0	10.0	0.0	10	8.0	4.0	10.0	0.0	-0.00860903318881718	-2.298181501288233	0.16027649141109862	11.793749970515629	24.867999751320003
1460	23920640	10	8.0	4.0	10.0	0.0	10	7.0	4.58257569495584	10.0	0.0	-0.007961466235812155	-2.312930504240067	0.14692944581642084	11.139749972150625	22.646999773530002
1464	23986176	10	6.0	4.898979485566356	10.0	0.0	10	7.0	4.58257569495584	10.0	0.0	-0.008328199109242769	-2.315597767390005	0.14544143596080378	12.42449996893875	32.709999672900004
1468	24051712	10	5.0	5.0	10.0	0.0	10	5.0	5.0	10.0	0.0	-0.008772886626498092	-2.2945920425250077	0.1723556020117573	11.8729999703175	33.050999669490004
1472	24117248	10	5.0	5.0	10.0	0.0	10	8.0	4.0	10.0	0.0	-0.008471161754365715	-2.332448839898333	0.1500714047034719	10.197749974505625	25.317999746820007
1476	24182784	10	4.0	4.898979485566356	10.0	0.0	10	5.0	5.0	10.0	0.0	-0.007906452875517474	-2.3079737943986967	0.13119579369077397	10.21149997447125	26.037999739620005
1480	24248320	10	4.0	4.898979485566356	10.0	0.0	10	6.0	4.898979485566356	10.0	0.0	-0.008307444212170468	-2.3363098226537504	0.12982796604634478	11.920999970197501	20.416999795830005
1484	24313856	10	6.0	4.898979485566356	10.0	0.0	10	4.0	4.898979485566356	10.0	0.0	-0.008383074163284496	-2.2982757486492478	0.21336604427496783	12.72549996818625	23.000999769990006
1488	24379392	10	3.0	4.58257569495584	10.0	0.0	10	5.0	5.0	10.0	0.0	-0.009119914540517256	-2.3578315722473095	0.19512492641326254	12.836499967908749	25.114999748850003
1492	24444928	10	5.0	5.0	10.0	0.0	10	5.0	5.0	10.0	0.0	-0.008614038488619141	-2.3678129461921418	0.17591131414627467	12.703999968240002	25.553999744460004
1496	24510464	10	3.0	4.58257569495584	10.0	0.0	10	5.0	5.0	10.0	0.0	-0.007905809661461894	-2.363254623862301	0.14505674684616643	12.165999969585	27.051999729480006
1500	24576000	10	6.0	4.898979485566356	10.0	0.0	10	6.0	4.898979485566356	10.0	0.0	-0.008392374690058326	-2.332587005948435	0.13338031727052138	11.790749970523125	19.65899980341
1504	24641536	10	7.0	4.58257569495584	10.0	0.0	10	9.0	3.0	10.0	0.0	-0.008807336001146972	-2.3559868879645633	0.17193240352357086	12.518749968703126	16.692999833070004
1508	24707072	10	8.0	4.0	10.0	0.0	10	7.0	4.58257569495584	10.0	0.0	-0.00739472044050344	-2.273724416654887	0.2060193892664187	12.285749969285625	25.813999741860005
1512	24772608	10	4.0	4.898979485566356	10.0	0.0	10	7.0	4.58257569495584	10.0	0.0	-0.007918300826616449	-2.2888923930724383	0.18810813328775308	13.17449996706375	10.589999894100002
1516	24838144	10	3.0	4.58257569495584	10.0	0.0	10	7.0	4.58257569495584	10.0	0.0	-0.008424338122223894	-2.2340875638184334	0.19235604448413351	9.782249975544374	26.885999731140004
1520	24903680	10	4.0	4.898979485566356	10.0	0.0	10	6.0	4.898979485566356	10.0	0.0	-0.008689805549091096	-2.2532127472398016	0.1484055324147776	12.747249968131875	11.891999881080002
1524	24969216	10	5.0	5.0	10.0	0.0	10	8.0	4.0	10.0	0.0	-0.008382879868537706	-2.3078170590182223	0.1763779023323262	12.628749968428126	16.247999837520005
