iter	frame	n_test	mean_returns	std_returns	max_returns	min_returns	n_test_train	mean_returns_train	std_returns_train	max_returns_train	min_returns_train	actor_loss	entropy_loss	value_loss	training_time	evaluation_time
0	0	10	3.3	5.040833264451424	11.0	0.0	10	0.2	0.4000000000000001	1.0	0.0	0	0	0	0.0	26.494999735050005
4	65536	10	2.5	4.272001872658765	11.0	0.0	10	1.1	3.3000000000000003	11.0	0.0	0.005431860667805457	-2.515276703721537	0.1254262771947663	12.4969999687575	25.647999743520003
8	131072	10	4.7	5.1778373863998475	11.0	0.0	10	3.9	5.629387178015028	15.0	0.0	-0.0025702663064041983	-2.613074461346864	0.15176732169125084	11.462249971344376	28.436999715630005
12	196608	10	2.5	4.295346318982906	11.0	0.0	10	2.4	4.31740662898458	11.0	0.0	-0.002522604467574407	-2.6286493313554584	0.13651101825268147	10.696749973258125	28.26599971734
16	262144	10	2.3	4.605431575867781	12.0	0.0	10	1.5	3.2015621187164243	11.0	0.0	-0.003557241058169208	-2.6429848096995183	0.13674169470839112	11.71149997072125	27.848999721510005
20	327680	10	2.5	4.522167621838006	12.0	0.0	10	3.6	5.083306010855534	12.0	0.0	-0.004043297226905371	-2.623460751995355	0.11443422733545372	11.7149999707125	25.385999746140005
24	393216	10	2.7	4.220189569201839	11.0	0.0	10	5.9	5.734980383575867	13.0	0.0	-0.0029599243010376623	-2.6433158091930826	0.09207801566431414	11.60399997099	25.20499974795
28	458752	10	3.6	4.882622246293481	11.0	0.0	10	2.3	4.360045871318327	11.0	0.0	-0.0024031585414602524	-2.6490288299542954	0.13965989498441353	11.585999971035001	25.282999747170006
32	524288	10	2.4	4.565084884205331	12.0	0.0	10	4.1	4.805205510693585	12.0	0.0	-0.002931506224738387	-2.651646720590149	0.16176139720737992	11.591249971021876	25.408999745910002
36	589824	10	2.8	4.445222154178573	12.0	0.0	10	1.6	3.2	11.0	0.0	-0.003026423228511742	-2.6382425027324357	0.1098491944025397	11.638499970903752	25.366999746330006
40	655360	10	2.6	4.476605857119878	12.0	0.0	10	2.5	4.522167621838006	12.0	0.0	-0.0028678879895519763	-2.6405069750777113	0.10880328898038456	11.831999970420002	24.820999751790005
44	720896	10	4.7	5.367494760127856	12.0	0.0	10	3.8	5.192301994298868	12.0	0.0	-0.00273781910529557	-2.643788975698529	0.13100811861022094	12.226249969434376	23.31599976684
48	786432	10	1.3	3.2572994949804657	11.0	0.0	10	6.0	5.458937625582473	13.0	0.0	-0.0033382920067054544	-2.6249930806207153	0.15374745465765735	12.37049996907375	22.898999771010004
52	851968	10	2.5	4.272001872658765	11.0	0.0	10	4.3	4.670117771534247	12.0	0.0	-0.0024449021982218067	-2.62380050592112	0.1221848555790886	12.778249968054375	21.925999780740003
56	917504	10	5.2	4.812483766206386	11.0	0.0	10	2.6	4.223742416388575	11.0	0.0	-0.002672297289209929	-2.6129537346224105	0.1399730799263445	13.315749966710626	18.699999813
60	983040	10	2.5	4.295346318982906	11.0	0.0	10	2.7	4.428317965096906	12.0	0.0	-0.0036635135180225994	-2.6189668970558855	0.13012148353157516	13.61349996596625	18.905999810940003
64	1048576	10	0.9	0.7000000000000001	2.0	0.0	10	2.5	4.295346318982906	11.0	0.0	-0.0033924407152378885	-2.634706315620473	0.13277977082736991	13.078249967304377	21.50499978495
68	1114112	10	2.3	4.360045871318328	11.0	0.0	10	3.7	5.020956084253277	12.0	0.0	-0.0039051410793818535	-2.6221244009584685	0.11690034578345553	12.56799996858	23.700999762990005
72	1179648	10	1.3	3.2572994949804657	11.0	0.0	10	1.7	3.1953090617340916	11.0	0.0	-0.0035229066606278555	-2.631598452452875	0.096532572788065	12.242249969394376	22.807999771920002
76	1245184	10	0.4	0.66332495807108	2.0	0.0	10	4.9	5.028916384272063	11.0	0.0	-0.0039998451461923535	-2.6245548250524156	0.16924165311679612	12.152999969617499	25.782999742170006
80	1310720	10	3.7	5.23545604508337	12.0	0.0	10	3.0	4.312771730569565	12.0	0.0	-0.0037012906804278966	-2.645467025262716	0.11332748301388497	12.074999969812499	25.561999744380007
84	1376256	10	5.8	5.418486873657627	12.0	0.0	10	1.7	3.1953090617340916	11.0	0.0	-0.004444490964934595	-2.642076052450099	0.09094931335638043	11.5789999710525	25.251999747480003
88	1441792	10	4.5	5.315072906367325	11.0	0.0	10	0.7	0.9	3.0	0.0	-0.003813636930223354	-2.646060975613733	0.13988258016856486	11.60749997098125	25.186999748130006
92	1507328	10	4.9	5.430469592954186	12.0	0.0	10	1.6	3.2	11.0	0.0	-0.004634526745699861	-2.6144190676270505	0.1365476158150106	11.614999970962499	25.068999749310002
96	1572864	10	4.7	5.367494760127857	12.0	0.0	10	4.6	5.238320341483518	11.0	0.0	-0.004532679837345793	-2.5892516123538187	0.13955569933267087	11.533249971166876	25.321999746780005
100	1638400	10	5.0	5.347896782848375	13.0	0.0	10	6.0	5.458937625582473	13.0	0.0	-0.004444376339498353	-2.602529319353009	0.12283518136906851	11.556249971109375	24.928999750710002
104	1703936	10	5.8	5.418486873657627	12.0	0.0	10	3.9	4.72122865364515	11.0	0.0	-0.004193127295535684	-2.6274064379180433	0.15061893972241028	11.37749997155625	25.203999747960005
108	1769472	10	1.5	3.2326459750489227	11.0	0.0	10	3.6	4.862098312457287	11.0	0.0	-0.0037839796613297443	-2.640161613348284	0.12226375994395933	12.050249969874374	24.84199975158
112	1835008	10	1.5	3.52845575287547	12.0	0.0	10	1.2	3.2802438933713454	11.0	0.0	-0.004035981798434552	-2.6355434131857187	0.17591749836100012	12.122499969693749	22.690999773090002
116	1900544	10	0.3	0.45825756949558405	1.0	0.0	10	2.8	4.4	12.0	0.0	-0.0037123364280961598	-2.6341637767590957	0.12757572916482038	12.078499969803751	22.967999770320002
120	1966080	10	2.5	4.272001872658765	11.0	0.0	10	5.6	5.180733538795447	12.0	0.0	-0.0043680213658866575	-2.638874662144277	0.1463544962309585	12.156499969608749	22.810999771890003
124	2031616	10	4.5	5.315072906367325	11.0	0.0	10	1.7	3.4655446902326914	12.0	0.0	-0.004754076919915712	-2.6306896852693478	0.11859708980508316	13.271249966821873	18.206999817930004
128	2097152	10	2.3	4.360045871318328	11.0	0.0	10	3.9	4.90815647672321	12.0	0.0	-0.004547079583195116	-2.6328822570283434	0.11922914876990433	13.510249966224377	18.168999818310002
132	2162688	10	4.0	5.059644256269407	12.0	0.0	10	3.8	5.3999999999999995	13.0	0.0	-0.004141415027508938	-2.6329411389667947	0.14469180891024863	13.596249966009376	20.545999794540002
136	2228224	10	2.8	4.3999999999999995	12.0	0.0	10	1.5	3.2015621187164243	11.0	0.0	-0.0046101989374971244	-2.62757057917563	0.11705258079982166	13.322499966693751	21.020999789790004
140	2293760	10	1.6	3.2	11.0	0.0	10	4.8	5.287721626560915	12.0	0.0	-0.004274325973568725	-2.6185138843709517	0.12791662933524645	12.922749967693125	22.818999771810002
144	2359296	10	1.5	3.556683848755748	12.0	0.0	10	3.6	5.083306010855534	12.0	0.0	-0.00393527740096271	-2.6284132373575275	0.1064290812438628	12.4089999689775	22.095999779040003
148	2424832	10	3.3	5.040833264451424	11.0	0.0	10	2.9	4.570557952810575	12.0	0.0	-0.005649588256970921	-2.614378742601337	0.16642013566852815	12.400749968998126	21.963999780360002
152	2490368	10	2.9	4.369210454990695	12.0	0.0	10	2.6	4.476605857119878	12.0	0.0	-0.004281321464844025	-2.595871935017708	0.13505270786651216	12.57949996855125	21.366999786330005
156	2555904	10	1.5	3.52845575287547	12.0	0.0	10	1.4	3.2310988842807022	11.0	0.0	-0.005806200659209633	-2.597592976915461	0.15023776243117593	12.462249968844377	22.749999772500004
160	2621440	10	2.6	4.24735211631906	11.0	0.0	10	3.7	5.23545604508337	12.0	0.0	-0.0057979426098147815	-2.5737435939213866	0.15291352909949008	12.10799996973	22.635999773640002
164	2686976	10	5.2	5.035871324805669	12.0	0.0	10	3.1	4.036087214122113	11.0	0.0	-0.005272557924456839	-2.5865072083759157	0.1592069040274803	12.625749968435626	25.090999749090006
168	2752512	10	2.0	3.03315017762062	11.0	0.0	10	3.4	4.983974317750844	11.0	0.0	-0.005766971019213841	-2.586293903220502	0.1201942246670119	11.529249971176876	25.353999746460005
172	2818048	10	5.8	5.230678732248808	11.0	0.0	10	5.9	5.3188344587888805	12.0	0.0	-0.005625817594308496	-2.571752242476078	0.16450128252456664	11.584749971038125	25.272999747270003
176	2883584	10	2.6	4.24735211631906	11.0	0.0	10	4.0	5.118593556827891	13.0	0.0	-0.0054782625902946415	-2.557937117647907	0.17589595873249667	11.586249971034375	25.046999749530006
180	2949120	10	2.4	4.317406628984581	11.0	0.0	10	4.8	5.30659966456864	12.0	0.0	-0.005635430075339682	-2.5800785196120133	0.12086991304824835	11.618249970954375	24.924999750750004
184	3014656	10	4.8	5.491812087098393	12.0	0.0	10	4.8	5.491812087098393	12.0	0.0	-0.005529247697904843	-2.576142405201864	0.10975014987655417	12.085999969785	23.98699976013
188	3080192	10	1.4	3.2310988842807022	11.0	0.0	10	4.2	4.955804677345546	12.0	0.0	-0.005579595860909607	-2.540711412562516	0.09641937526335537	11.759999970600003	22.977999770220006
192	3145728	10	1.6	3.2	11.0	0.0	10	5.8	5.230678732248808	11.0	0.0	-0.0052841992068304415	-2.5416357986464995	0.16434326843819752	11.97999997005	22.681999773180003
196	3211264	10	6.2	5.418486873657627	12.0	0.0	10	4.4	5.388877434122992	11.0	0.0	-0.005227127245296279	-2.509179922180268	0.18179819754293766	12.017249969956874	25.179999748200004
200	3276800	10	3.2	4.261455150532504	12.0	0.0	10	1.5	3.2326459750489227	11.0	0.0	-0.0054104011391067006	-2.5287364569652504	0.15763110200163838	11.447749971380626	24.955999750440004
204	3342336	10	3.8	5.173006862551025	12.0	0.0	10	2.6	4.24735211631906	11.0	0.0	-0.005827052687890754	-2.529021349782559	0.1530682158807413	11.774749970563127	24.581999754180003
208	3407872	10	3.7	5.23545604508337	12.0	0.0	10	4.1	4.887739763939975	12.0	0.0	-0.006104689520089609	-2.4753244144126207	0.16161796301472	12.154249969614375	25.263999747360003
212	3473408	10	2.8	4.66476151587624	13.0	0.0	10	6.1	5.337602458033007	12.0	0.0	-0.005494421620251805	-2.4885390025765277	0.18443530128589325	11.7789999705525	26.828999731710006
216	3538944	10	4.2	4.812483766206387	12.0	0.0	10	5.9	5.146843692983108	11.0	0.0	-0.0058034993022999005	-2.501252489524806	0.13123937170982464	11.235249971911873	27.480999725190006
220	3604480	10	3.7	4.817675788178362	11.0	0.0	10	5.9	5.539855593785816	12.0	0.0	-0.005890270114825433	-2.4968730705362394	0.15450305614252802	11.432749971418124	26.756999732430007
224	3670016	10	5.9	5.337602458033007	12.0	0.0	10	2.7	4.450842616853578	12.0	0.0	-0.005829183891060622	-2.4696585756947966	0.2027202673666112	11.21849997195375	27.256999727430006
228	3735552	10	3.7	4.817675788178362	11.0	0.0	10	3.7	5.235456045083371	12.0	0.0	-0.00544489557497374	-2.5279508851318804	0.15054056202045546	11.43599997141	25.459999745400005
232	3801088	10	3.8	4.749736834815167	11.0	0.0	10	4.8	5.134199061197375	11.0	0.0	-0.0057762585972084375	-2.5487873626080555	0.1369191655591309	12.1989999695025	24.070999759290004
236	3866624	10	5.3	5.119570294468081	13.0	0.0	10	4.9	5.61159513863928	12.0	0.0	-0.005132519338754258	-2.5492901501384253	0.13720844859225068	12.404749968988126	23.322999766770003
240	3932160	10	3.9	4.948737212663449	12.0	0.0	10	4.5	5.123475382979799	13.0	0.0	-0.007104454818411773	-2.529114459688269	0.11760232018168369	12.837749967905625	22.955999770440002
244	3997696	10	4.6	5.238320341483519	11.0	0.0	10	3.8	5.173006862551025	12.0	0.0	-0.006337839612212924	-2.5245541877898385	0.16287471173807613	12.394749969013125	23.076999769230007
248	4063232	10	4.6	4.758150901348127	12.0	0.0	10	6.2	5.192301994298868	12.0	0.0	-0.006023185865442564	-2.5249271191509983	0.11484230704340627	12.225499969436251	25.443999745560003
252	4128768	10	2.7	4.712748667179271	13.0	0.0	10	3.6	5.083306010855534	12.0	0.0	-0.0065388351085109726	-2.4674596684587677	0.13620066315379573	11.5589999711025	25.308999746910004
256	4194304	10	1.9	3.753664875824692	13.0	0.0	10	8.4	5.219195340279955	15.0	0.0	-0.005565422430083871	-2.507080624239756	0.13250115520182373	11.754249970614376	25.817999741820007
260	4259840	10	3.7	4.817675788178362	11.0	0.0	10	6.0	5.422176684690384	12.0	0.0	-0.0051331232747653215	-2.473103167852438	0.12840610655860168	11.549499971126249	25.766999742330004
264	4325376	10	1.3	3.257299494980466	11.0	0.0	10	5.2	5.173006862551025	12.0	0.0	-0.006268982736051231	-2.43715114121084	0.17065160688718742	11.546499971133748	25.983999740160005
268	4390912	10	2.4	4.31740662898458	11.0	0.0	10	2.5	4.295346318982906	11.0	0.0	-0.006506330112268322	-2.4422805977303863	0.13853747272041766	11.57549997106125	26.064999739350004
272	4456448	10	1.9	3.269556544854363	11.0	0.0	10	4.3	4.879549159502341	12.0	0.0	-0.00593362988182623	-2.465776726346656	0.15576446504882663	11.196749972008124	26.158999738410003
276	4521984	10	0.7	1.1874342087037917	4.0	0.0	10	3.8	5.192301994298868	13.0	0.0	-0.006713898112045815	-2.4829049107826235	0.1536481998467955	11.266749971833127	26.77199973228
280	4587520	10	2.6	4.498888751680798	12.0	0.0	10	5.9	5.539855593785816	12.0	0.0	-0.006951273591649187	-2.4835373061295174	0.16503631585731574	11.265249971836875	28.249999717500003
284	4653056	10	3.2	4.512205669071391	13.0	0.0	10	7.5	5.5901699437494745	14.0	0.0	-0.0069455113958045754	-2.4636961740669236	0.15656059862346294	10.97849997255375	29.010999709890005
288	4718592	10	4.0	4.669047011971501	11.0	0.0	10	2.4	4.565084884205331	12.0	0.0	-0.006913776775528714	-2.453982270998439	0.11726072452672254	11.319499971701248	28.789999712100006
292	4784128	10	4.7	5.367494760127856	12.0	0.0	10	5.8	5.8275209137333865	13.0	0.0	-0.0064362771099054075	-2.4365507336899728	0.16612988405993084	10.906749972733126	28.218999717810007
296	4849664	10	4.7	5.367494760127857	12.0	0.0	10	2.6	4.476605857119878	12.0	0.0	-0.006608729349478762	-2.422276779756949	0.17223352494718133	11.160249972099376	26.351999736480003
300	4915200	10	4.0	5.079370039680118	12.0	0.0	10	2.6	4.737087712930805	13.0	0.0	-0.006493862070107063	-2.4586690115354357	0.12837668972615274	11.215249971961876	25.745999742540004
304	4980736	10	5.6	5.40740233383831	11.0	0.0	10	4.8	5.035871324805668	13.0	0.0	-0.006251436099728993	-2.464717730623042	0.11508188946526028	11.781249970546876	23.012999769870007
308	5046272	10	4.9	5.821511831131154	13.0	0.0	10	8.2	5.192301994298868	13.0	0.0	-0.006764181789450911	-2.4223613562643496	0.16428374807812132	12.077249969806877	23.11499976885
312	5111808	10	6.5	4.984977432245807	12.0	0.0	10	5.8	5.418486873657627	12.0	0.0	-0.007142567526154329	-2.4179517301385194	0.16192450450288354	12.456749968858125	24.060999759390004
316	5177344	10	3.7	4.817675788178362	11.0	0.0	10	3.1	4.323193264243457	12.0	0.0	-0.0065899915030773306	-2.4503294475307706	0.13851611330283237	12.0489999698775	23.528999764710004
320	5242880	10	4.9	5.412023651093923	12.0	0.0	10	4.9	5.223983154643591	12.0	0.0	-0.006693223902918126	-2.3965889535831404	0.14771156453851492	12.142499969643751	23.491999765080006
324	5308416	10	4.7	5.367494760127857	12.0	0.0	10	5.1	6.073713855624086	14.0	0.0	-0.00734621931935661	-2.36542432730592	0.1479388525710627	12.174499969563753	23.584999764150005
328	5373952	10	3.5	5.142956348249516	12.0	0.0	10	3.2	4.190465367951393	12.0	0.0	-0.00675729806416051	-2.421256618942929	0.16213313915319652	12.194249969514376	23.571999764280005
332	5439488	10	5.9	5.539855593785816	12.0	0.0	10	5.8	5.418486873657627	12.0	0.0	-0.006506493544828234	-2.3797447008395847	0.16734294995164156	12.108749969728127	23.449999765500003
336	5505024	10	6.2	5.114684741017769	12.0	0.0	10	2.6	4.24735211631906	11.0	0.0	-0.0072642668011831165	-2.4019942529480978	0.13228095732803577	12.126999969682501	23.737999762620003
340	5570560	10	3.6	4.923413450036469	11.0	0.0	10	6.3	5.330103188494572	12.0	0.0	-0.006515798982873453	-2.465263907851277	0.1519217130880255	12.190749969523127	25.452999745470002
344	5636096	10	3.7	4.796873982084582	11.0	0.0	10	6.0	5.865151319446072	14.0	0.0	-0.007699695621144929	-2.4455139286752234	0.1301800483546899	11.771249970571876	30.109999698900005
348	5701632	10	2.9	4.1340053217188775	11.0	0.0	10	3.2	4.467661580737736	12.0	0.0	-0.0060683546004277646	-2.439068451269711	0.12184520514654477	10.470499973823749	30.800999691990004
352	5767168	10	5.9	5.127377497317708	11.0	0.0	10	7.0	5.727128425310541	12.0	0.0	-0.007125395722915143	-2.42865924760236	0.13159863199288732	10.382749974043127	30.848999691510006
356	5832704	10	6.1	5.769748694700662	14.0	0.0	10	6.4	5.351635264103861	13.0	0.0	-0.007087589924765998	-2.4480964787237824	0.1356117143154443	10.627499973431252	30.825999691740005
360	5898240	10	5.1	5.467174773134658	12.0	0.0	10	5.3	5.550675634551167	13.0	0.0	-0.006841576562889183	-2.477955020706025	0.14019145194222515	10.87049997282375	29.208999707910003
364	5963776	10	2.4	4.34050688284214	11.0	0.0	10	1.5	3.2326459750489227	11.0	0.0	-0.007457814115525711	-2.4191567348900764	0.12339610674995777	10.570749973573125	29.107999708920005
368	6029312	10	2.6	4.24735211631906	11.0	0.0	10	6.2	5.436910887627275	12.0	0.0	-0.007165226250295759	-2.415532735235207	0.10814056222287131	11.159749972100625	26.482999735170004
372	6094848	10	3.6	5.083306010855534	12.0	0.0	10	4.1	4.784349485562274	12.0	0.0	-0.007777476732167899	-2.454472909115384	0.12207056960992511	11.876499970308748	24.029999759700004
376	6160384	10	2.7	4.220189569201839	11.0	0.0	10	4.6	5.44426303552648	12.0	0.0	-0.007152564788927944	-2.402864160386762	0.13438787713488778	12.197749969505624	25.611999743880002
380	6225920	10	5.0	5.966573556070519	14.0	0.0	10	3.2	4.237924020083418	12.0	0.0	-0.0065980626403970505	-2.385041768103749	0.14744432796740464	11.571249971071875	27.017999729820005
384	6291456	10	4.8	5.095095681142799	11.0	0.0	10	7.1	5.629387178015028	13.0	0.0	-0.006964730304270214	-2.385877839972399	0.17639767237032786	10.9709999725725	23.26399976736
388	6356992	10	1.2	3.2802438933713454	11.0	0.0	10	7.2	5.325410782277739	13.0	0.0	-0.007790410761821851	-2.4490374175143237	0.1098127091033859	11.51649997120875	25.471999745280005
392	6422528	10	3.9	4.90815647672321	12.0	0.0	10	4.2	4.686149805543993	11.0	0.0	-0.007732503040140464	-2.3826976540189544	0.16127682351379483	11.5329999711675	25.773999742260006
396	6488064	10	1.7	3.163858403911275	11.0	0.0	10	4.2	4.791659420284375	12.0	0.0	-0.007269243847229004	-2.3344935971053546	0.18485696510969732	11.558249971104376	26.572999734270006
400	6553600	10	2.9	4.1340053217188775	11.0	0.0	10	4.1	4.678675026115834	11.0	0.0	-0.007047241193982877	-2.299046752114025	0.1744705965405508	11.30949997172625	28.590999714090007
404	6619136	10	4.7	5.367494760127856	12.0	0.0	10	5.2	5.670978751503131	16.0	0.0	-0.007639400313375251	-2.333267184352218	0.18437302343489437	10.925249972686876	28.730999712690007
408	6684672	10	1.5	3.263433774416144	11.0	0.0	10	5.0	5.549774770204643	12.0	0.0	-0.008497818933719878	-2.306466147063324	0.17465687029107002	10.828249972929376	28.071999719280004
412	6750208	10	7.2	5.528109984434102	13.0	0.0	10	7.1	5.664803615307418	14.0	0.0	-0.007862747221618331	-2.3613362285021897	0.1696038201740292	10.82249997294375	28.540999714590004
416	6815744	10	6.7	5.273518749374083	11.0	0.0	10	5.4	5.10294032886923	12.0	0.0	-0.008076307358116234	-2.352657387408918	0.1517240001351541	10.8669999728325	29.090999709090006
420	6881280	10	4.8	5.509990925582365	13.0	0.0	10	6.5	6.020797289396148	15.0	0.0	-0.007248809801697561	-2.386013629287291	0.13826687554940745	10.83599997291	31.860999681390005
424	6946816	10	2.9	4.414748010928823	12.0	0.0	10	4.8	5.30659966456864	12.0	0.0	-0.00871556192244963	-2.39051102573607	0.15812647511777206	10.01549997496125	32.93499967065001
428	7012352	10	4.7	5.568662316930341	12.0	0.0	10	4.8	5.509990925582365	12.0	0.0	-0.008161249266533502	-2.3971585455026623	0.17718046692217018	10.3869999740325	33.25199966748001
432	7077888	10	8.2	5.4	13.0	0.0	10	7.3	5.386093203798093	12.0	0.0	-0.00823892630710941	-2.3541196631919865	0.15384470087736168	9.832999975417499	33.57599966424001
436	7143424	10	4.1	5.262128846769148	12.0	0.0	10	4.7	5.367494760127857	12.0	0.0	-0.00767949311356198	-2.3889213822777107	0.13683916386343675	10.437249973906875	30.199999698000003
440	7208960	10	0.6	0.8	2.0	0.0	10	6.2	5.287721626560915	12.0	0.0	-0.007359289369400166	-2.3464516473352477	0.147814835173513	10.525499973686252	30.150999698490004
444	7274496	10	2.5	4.295346318982906	11.0	0.0	10	5.0	5.440588203494177	12.0	0.0	-0.007953525127130944	-2.392921996364081	0.13956379345716602	10.931249972671875	27.754999722450002
448	7340032	10	4.8	5.287721626560915	12.0	0.0	10	3.9	4.948737212663449	12.0	0.0	-0.007946630667377745	-2.3478148279128606	0.15039209189499939	10.987749972530626	27.952999720470004
452	7405568	10	3.6	5.083306010855534	12.0	0.0	10	5.9	5.52177507691141	12.0	0.0	-0.007891854534830411	-2.343358558668972	0.1591953465859663	10.9909999725225	28.248999717510003
456	7471104	10	3.6	5.083306010855534	12.0	0.0	10	8.8	5.418486873657627	14.0	0.0	-0.007171517340349929	-2.322744130846304	0.13998325641050605	11.305499971736248	27.575999724240006
460	7536640	10	5.2	5.528109984434102	14.0	0.0	10	7.7	5.348831648126533	13.0	0.0	-0.008453950275329662	-2.271663876634636	0.15428891543554427	11.336249971659376	27.690999723090002
464	7602176	10	2.5	4.272001872658765	11.0	0.0	10	6.3	5.367494760127856	14.0	1.0	-0.00842482888799024	-2.265524334969563	0.16271668127595176	10.83449997291375	27.709999722900005
468	7667712	10	5.9	5.769748694700663	14.0	0.0	10	4.2	5.192301994298868	14.0	0.0	-0.008604565724164025	-2.341089099401751	0.14122060413243068	11.009749972475625	27.528999724710005
472	7733248	10	1.9	3.5057096285916205	12.0	0.0	10	4.8	4.975942121849892	12.0	0.0	-0.009102374629605173	-2.3112742749429196	0.16944727268788431	10.931999972669999	28.056999719430003
476	7798784	10	7.0	5.531726674375733	12.0	0.0	10	7.7	5.3113086899558	13.0	1.0	-0.007558626682234073	-2.3580931199120836	0.13901609933728784	10.93449997266375	27.816999721830005
480	7864320	10	2.7	4.220189569201839	11.0	0.0	10	4.2	5.211525688318153	14.0	0.0	-0.007540328458892922	-2.3802334291243694	0.11820087495270444	10.825499972936248	31.683999683160007
484	7929856	10	4.2	4.512205669071391	11.0	0.0	10	5.1	4.887739763939974	11.0	0.0	-0.008790874268312557	-2.3518488081826674	0.10437963575900097	10.516999973707499	32.49499967505
488	7995392	10	2.7	4.428317965096906	12.0	0.0	10	5.9	5.717516943569122	12.0	0.0	-0.008117289174821938	-2.3863849513230417	0.12969592103625377	9.75599997561	33.68699966313
492	8060928	10	5.5	5.5	11.0	0.0	10	7.1	5.223983154643591	12.0	0.0	-0.008756513616690815	-2.3638707098882694	0.1352135789595016	9.692999975767501	32.53399967466
496	8126464	10	2.6	4.476605857119878	12.0	0.0	10	4.1	5.243090691567332	13.0	0.0	-0.008738492059212595	-2.3564666084974073	0.1472384107611437	10.1529999746175	30.046999699530005
500	8192000	10	5.4	5.332916650389353	13.0	0.0	10	6.3	5.348831648126533	12.0	0.0	-0.008241357810877856	-2.308803428965712	0.15921689808883258	10.203499974491251	30.369999696300006
504	8257536	10	4.3	4.712748667179271	12.0	0.0	10	3.6	5.102940328869229	12.0	0.0	-0.008283646404122847	-2.3555414699047836	0.12493081148964667	10.448499973878752	30.509999694900007
508	8323072	10	5.8	5.635601121442148	13.0	0.0	10	5.9	5.539855593785816	12.0	0.0	-0.008645264615257931	-2.384425811221177	0.09940034569137007	11.032749972418125	27.613999723860005
512	8388608	10	5.0	5.366563145999495	13.0	0.0	10	3.8	5.192301994298868	12.0	0.0	-0.007779413406547675	-2.331498165682479	0.13943342296506397	11.83849997040375	24.339999756600005
516	8454144	10	3.8	5.192301994298868	12.0	0.0	10	6.1	5.337602458033007	12.0	0.0	-0.008233422915864447	-2.3179044894943135	0.15198399381060235	11.270749971823125	29.158999708410004
520	8519680	10	1.5	3.52845575287547	12.0	0.0	10	4.7	5.568662316930341	12.0	0.0	-0.00936464339634838	-2.319233086960326	0.12121734658235254	10.681249973296874	29.657999703420007
524	8585216	10	5.1	5.664803615307418	13.0	0.0	10	5.8	5.810335618533579	15.0	0.0	-0.007398161346360214	-2.332551849142128	0.1632152315214382	10.51949997370125	30.175999698240002
528	8650752	10	4.1	5.448853090330111	13.0	0.0	10	8.0	5.215361924162119	14.0	0.0	-0.0070218815519144905	-2.3274685017823646	0.16799840926926243	10.453249973866876	30.277999697220004
532	8716288	10	3.7	5.273518749374084	13.0	0.0	10	7.2	5.74108003776293	14.0	0.0	-0.008692798853800067	-2.2767434266818225	0.1371803929265495	10.367249974081876	32.99799967002
536	8781824	10	3.5	4.924428900898052	11.0	0.0	10	7.1	5.412023651093923	12.0	0.0	-0.008967640659623534	-2.316365557171018	0.13250494009676658	9.867999975330001	33.21799966782001
540	8847360	10	3.4	4.983974317750844	11.0	0.0	10	2.2	3.458323293158117	12.0	0.0	-0.008857451487515875	-2.337269355609933	0.13218655358243905	9.837749975405625	34.47099965529
544	8912896	10	2.6	4.476605857119878	12.0	0.0	10	5.2	5.6000000000000005	12.0	0.0	-0.008520909637528115	-2.3266264098445926	0.1532346141985875	10.717499973206252	30.509999694900007
548	8978432	10	2.5	4.295346318982906	11.0	0.0	10	5.1	5.699999999999999	13.0	0.0	-0.009377492288809637	-2.317697251595032	0.1349810516165904	11.324249971689376	29.767999702320004
552	9043968	10	3.8	5.211525688318153	13.0	0.0	10	7.1	5.223983154643591	12.0	0.0	-0.00879327895047592	-2.3120517281269666	0.13097228341302927	11.608749970978126	25.279999747200005
556	9109504	10	3.9	4.928488612140643	12.0	0.0	10	6.3	4.796873982084583	11.0	0.0	-0.008878834853915654	-2.3125280934150156	0.15437189317252528	11.605749970985626	25.678999743210003
560	9175040	10	7.5	5.181698563212646	12.0	0.0	10	8.0	4.626013402488151	13.0	1.0	-0.008347004174578612	-2.33675848916667	0.11058773328174305	11.81999997045	26.861999731380003
564	9240576	10	3.8	4.975942121849891	12.0	0.0	10	4.0	5.0990195135927845	13.0	0.0	-0.008392796649518839	-2.2936534258320855	0.12287816047009358	11.595499971011252	28.864999711350002
568	9306112	10	4.0	4.8373546489791295	12.0	0.0	10	4.1	5.647123161398199	14.0	0.0	-0.008285377884371326	-2.3051192633890016	0.11267462837267439	10.77599997306	28.054999719450006
572	9371648	10	4.1	4.678675026115834	11.0	0.0	10	6.5	5.389805191284746	13.0	0.0	-0.00798338722393265	-2.337703585381184	0.13182936956664093	11.325499971686252	25.557999744420005
576	9437184	10	1.6	3.1685959035509725	11.0	0.0	10	7.6	5.043808085167397	12.0	0.0	-0.008633625998310135	-2.3679174281673685	0.14088546739354935	11.698749970753125	25.708999742910002
580	9502720	10	5.2	5.418486873657627	13.0	0.0	10	5.4	4.923413450036469	12.0	0.0	-0.008809833369309053	-2.315876483675999	0.1409374139280087	11.588249971029375	27.829999721700002
584	9568256	10	2.5	4.522167621838006	12.0	0.0	10	6.6	4.882622246293481	12.0	0.0	-0.008639372059718738	-2.35255084658992	0.12141891614200502	11.987749970030624	25.469999745300004
588	9633792	10	3.7	5.040833264451424	12.0	0.0	10	6.0	5.2345009313209605	12.0	0.0	-0.009262414039408957	-2.3146669589055473	0.1611622059549897	10.84549997288625	28.382999716170005
592	9699328	10	5.1	5.940538696111658	15.0	0.0	10	7.7	4.838388161361178	13.0	0.0	-0.009114140820768444	-2.3331076550040204	0.12133891367020873	13.018499967453751	28.101999718980004
596	9764864	10	3.9	4.678675026115834	11.0	0.0	10	6.8	5.095095681142799	13.0	0.0	-0.007781857424963216	-2.3099251337426767	0.12431638725359188	12.6689999683275	23.729999762700004
600	9830400	10	5.1	5.539855593785816	15.0	0.0	10	9.4	4.24735211631906	12.0	0.0	-0.00854271005332968	-2.2868479487898017	0.12918696264011537	10.80049997299875	28.759999712400006
604	9895936	10	5.8	5.418486873657627	12.0	0.0	10	7.7	5.119570294468081	13.0	1.0	-0.007977883025056393	-2.2671289838972433	0.14543659044466897	11.073249972316875	27.648999723510006
608	9961472	10	5.4	4.94368283772331	12.0	0.0	10	9.9	4.4147480109288235	15.0	0.0	-0.008964465914359556	-2.292833568910339	0.1701767663294133	10.91449997271375	27.843999721560007
612	10027008	10	4.4	5.370288632839021	14.0	0.0	10	7.4	5.6956123463592565	14.0	0.0	-0.009228852392221897	-2.269967458905753	0.16783787812841525	10.86149997284625	28.636999713630004
616	10092544	10	5.9	5.52177507691141	12.0	0.0	10	2.7	4.712748667179271	13.0	0.0	-0.009244833669321906	-2.305017610150875	0.13255717976500628	10.921249972696874	27.743999722560005
620	10158080	10	3.8	4.955804677345546	12.0	0.0	10	5.7	5.21632054229799	13.0	0.0	-0.008997271326403449	-2.3227154014075255	0.1360290957628303	11.538749971153125	25.025999749740002
624	10223616	10	4.8	5.3065996645686395	12.0	0.0	10	6.0	6.0332412515993425	13.0	0.0	-0.00835013812354825	-2.2892162350415766	0.16277244142113334	11.469749971325625	27.107999728920007
628	10289152	10	5.7	5.514526271584895	12.0	0.0	10	6.4	6.343500610861482	16.0	0.0	-0.008356335569602616	-2.3053773986878627	0.13249918902464852	11.04749997238125	26.897999731020004
632	10354688	10	4.9	5.048762224545735	11.0	0.0	10	9.8	4.445222154178574	13.0	0.0	-0.007952683161804537	-2.306925557313463	0.1453928998520021	11.115749972210624	27.519999724800005
636	10420224	10	6.2	5.075431016179808	12.0	0.0	10	3.7	4.817675788178362	11.0	0.0	-0.008279263994201532	-2.3092748743870404	0.1464977728360778	11.0189999724525	28.084999719150005
640	10485760	10	2.0	3.40587727318528	12.0	0.0	10	3.7	4.450842616853578	12.0	0.0	-0.008954086228466438	-2.279548813661905	0.12814554776437626	10.963249972591875	26.80399973196
644	10551296	10	7.2	5.793099343184096	15.0	0.0	10	3.4	4.94368283772331	13.0	0.0	-0.009209211014978711	-2.3166550743153502	0.12301313922390454	10.913749972715625	26.552999734470006
648	10616832	10	5.9	5.374941860150675	12.0	0.0	10	7.1	5.61159513863928	12.0	0.0	-0.008653592137921395	-2.3043137836042793	0.14562321639034181	11.137749972155627	21.217999787820002
652	10682368	10	6.0	5.2345009313209605	12.0	0.0	10	5.7	4.960846701924985	13.0	0.0	-0.009514665663037032	-2.2949240155611035	0.14540570188972166	11.795499970511251	24.18199975818
656	10747904	10	5.0	5.329165037789691	12.0	0.0	10	4.1	4.784349485562274	12.0	0.0	-0.009151881356003115	-2.2427514565635027	0.15921330124343958	11.840749970398125	23.514999764850003
660	10813440	10	6.3	5.367494760127857	13.0	0.0	10	7.6	5.4626001134990645	13.0	0.0	-0.008612268788977976	-2.3385833449709232	0.12926780780362118	11.99549997001125	23.763999762360005
664	10878976	10	2.6	4.476605857119878	12.0	0.0	10	6.2	5.075431016179808	12.0	0.0	-0.009444649946318908	-2.2631324353443514	0.1351222213372155	12.007749969980624	25.280999747190002
668	10944512	10	3.1	4.52658811910251	12.0	0.0	10	4.3	4.796873982084582	12.0	0.0	-0.009270626889342454	-2.293215793629029	0.1190204671848141	11.633749970915625	25.326999746730007
672	11010048	10	8.0	5.495452665613635	15.0	0.0	10	3.0	4.33589667773576	12.0	0.0	-0.009242327698552604	-2.2720068268594766	0.1270338313832179	11.56399997109	25.30099974699
676	11075584	10	3.1	4.369210454990696	12.0	0.0	10	3.6	4.862098312457287	11.0	0.0	-0.006915532337984235	-2.2579571999740957	0.15398798803747016	11.689749970775626	25.478999745210004
680	11141120	10	2.8	4.445222154178573	12.0	0.0	10	5.0	5.761944116355173	13.0	0.0	-0.00909884524204052	-2.2857646840416592	0.16164680460025876	11.668749970828124	25.315999746840003
684	11206656	10	5.3	4.796873982084583	11.0	0.0	10	5.7	5.848931526355904	14.0	0.0	-0.009360487911418434	-2.337235443050586	0.10920271703146324	11.628249970929376	26.399999736
688	11272192	10	2.5	4.272001872658765	11.0	0.0	10	6.4	5.276362383309167	12.0	0.0	-0.00994698113347787	-2.3024197665438786	0.09416444482232246	11.762249970594375	26.425999735740003
692	11337728	10	5.7	5.728001396647874	13.0	0.0	10	6.3	5.93380147965872	13.0	0.0	-0.008655780002611177	-2.3242073727213235	0.10101650262285783	11.443249971391877	31.556999684430004
696	11403264	10	7.5	5.9707620954112715	14.0	0.0	10	4.8	5.287721626560915	12.0	0.0	-0.008609666791332753	-2.3222363787457305	0.12301526791686902	10.377999974055001	32.61099967389
700	11468800	10	5.7	4.648655719667784	12.0	0.0	10	7.6	5.885575587824865	14.0	0.0	-0.009091527234242728	-2.352914487077076	0.12473813745756472	9.99249997501875	32.99499967005
704	11534336	10	4.8	5.706137047074842	13.0	0.0	10	8.0	5.440588203494177	15.0	0.0	-0.00801376264439462	-2.338186092431171	0.11419327136802272	9.826749975433124	33.141999668580006
708	11599872	10	5.9	5.430469592954186	14.0	0.0	10	6.3	5.762811813689564	14.0	0.0	-0.008235628080356114	-2.3038174482767055	0.15124087817943715	10.095749974760626	33.0699996693
712	11665408	10	5.8	5.230678732248808	11.0	0.0	10	9.3	4.9	14.0	0.0	-0.009166802128326499	-2.3592943596369125	0.12756593795716636	9.949499975126251	33.78599966214001
716	11730944	10	5.8	5.436910887627275	12.0	0.0	10	4.2	4.578209256903839	11.0	0.0	-0.00870451110950221	-2.3538990018299972	0.1282079587168931	9.861499975346252	32.37999967620001
720	11796480	10	3.0	5.585696017507576	16.0	0.0	10	8.4	4.476605857119878	12.0	0.0	-0.00960579802773872	-2.361465687307102	0.12470136608716012	9.799249975501876	32.667999673320004
724	11862016	10	4.1	5.107837115648853	13.0	0.0	10	8.4	5.141984052872976	14.0	0.0	-0.008999727074875322	-2.342370594297235	0.1224485873117152	9.926749975183125	33.414999665850004
728	11927552	10	1.7	3.1638584039112754	11.0	0.0	10	9.5	4.8218253804964775	14.0	1.0	-0.009343548914569686	-2.2972511820585684	0.13456755425000147	10.089249974776875	31.925999680740002
732	11993088	10	5.3	5.21632054229799	13.0	0.0	10	7.2	5.775811631277461	16.0	0.0	-0.009466761064913117	-2.2720612359660435	0.14637165934185367	10.339999974150002	30.268999697310004
736	12058624	10	8.2	5.4	13.0	0.0	10	7.4	5.257375771237966	12.0	0.0	-0.009346226464546107	-2.3187408469685535	0.12175925928451876	10.24399997439	30.731999692680006
740	12124160	10	7.5	6.2008063991709985	14.0	0.0	10	5.2	5.015974481593781	12.0	0.0	-0.008933459635630693	-2.3324189779713036	0.11973304005334284	10.77249997306875	27.649999723500002
744	12189696	10	6.0	5.422176684690384	12.0	0.0	10	4.9	5.61159513863928	12.0	0.0	-0.009137071003612473	-2.388360326240025	0.0989863817709764	10.693249973266875	27.882999721170005
748	12255232	10	4.9	5.223983154643591	12.0	0.0	10	8.4	4.882622246293481	12.0	0.0	-0.008571890304378854	-2.3194813129869942	0.13926244207448985	10.956749972608126	25.578999744210005
752	12320768	10	3.7	5.040833264451424	12.0	0.0	10	6.3	5.950630218724736	14.0	0.0	-0.008750772459277642	-2.351357469711147	0.11257083751640824	10.745249973136875	28.460999715390003
756	12386304	10	4.9	5.223983154643591	12.0	0.0	10	4.2	5.075431016179808	12.0	0.0	-0.009269642206107459	-2.246889369949099	0.12355202334266864	10.52149997369625	29.602999703970006
760	12451840	10	4.5	5.315072906367325	11.0	0.0	10	6.4	5.161395160225576	12.0	0.0	-0.007411524756951445	-2.249071215355563	0.16051329367984726	10.563499973591252	29.576999704230005
764	12517376	10	2.7	4.712748667179272	13.0	0.0	10	10.8	3.1559467676119	15.0	2.0	-0.009430481203635193	-2.2743738812819267	0.10491427102895969	10.950249972624375	20.470999795290002
768	12582912	10	7.4	5.257375771237966	12.0	0.0	10	7.1	6.007495318350235	14.0	0.0	-0.008436502257336918	-2.2817633174466487	0.14023253731521024	10.829749972925626	27.128999728710006
772	12648448	10	4.0	4.69041575982343	11.0	0.0	10	7.3	5.23545604508337	13.0	0.0	-0.009586175982714914	-2.2892819168765857	0.11556644658906456	10.905999972735003	27.255999727440006
776	12713984	10	7.5	5.572252686302013	14.0	0.0	10	4.9	5.08822169328342	14.0	0.0	-0.008572493150208936	-2.2458043890838923	0.12881667429481206	10.888249972779375	27.689999723100005
780	12779520	10	5.2	5.173006862551025	12.0	0.0	10	8.0	5.272570530585627	13.0	0.0	-0.009453156942603503	-2.2491294664781902	0.14373665278211545	10.896749972758125	27.814999721850004
784	12845056	10	2.6	4.715930449020639	12.0	0.0	10	5.8	5.827520913733386	13.0	0.0	-0.008855305776086527	-2.290414223829739	0.1093445723995287	11.19349997201625	26.977999730220006
788	12910592	10	4.7	5.568662316930341	12.0	0.0	10	5.9	5.717516943569121	12.0	0.0	-0.009007748307614432	-2.277600479385432	0.12005262921555496	11.535499971161249	23.906999760930002
792	12976128	10	1.4	3.2310988842807022	11.0	0.0	10	7.7	5.950630218724736	14.0	0.0	-0.007288377958046637	-2.2442634972579	0.1823161456078368	12.041999969894999	25.862999741370004
796	13041664	10	3.0	4.669047011971501	12.0	0.0	10	8.4	5.407402333838309	15.0	0.0	-0.00827942975991852	-2.2945916377101288	0.11660382938132752	12.28349996929125	26.292999737070005
800	13107200	10	4.4	4.758150901348128	12.0	0.0	10	6.3	5.348831648126533	12.0	0.0	-0.00985378976735903	-2.2585012562703874	0.107003564857597	11.677249970806876	25.586999744130004
804	13172736	10	4.4	5.425863986500215	15.0	0.0	10	5.6	5.919459434779497	14.0	0.0	-0.007762769704438666	-2.328792306041527	0.1439661568967293	11.684249970789375	26.082999739170003
808	13238272	10	4.7	5.367494760127857	12.0	0.0	10	7.2	5.912698199637794	14.0	0.0	-0.0090780274758438	-2.315282943106914	0.11246670765872499	11.791999970520003	25.491999745080005
812	13303808	10	5.3	5.831809324729333	14.0	0.0	10	9.5	5.181698563212646	14.0	1.0	-0.008909311709715373	-2.332470995441499	0.11912065991511869	11.682749970793125	25.36499974635
816	13369344	10	5.5	5.200961449578338	13.0	0.0	10	7.5	4.5661800227323495	12.0	0.0	-0.00936923947204097	-2.255850674970405	0.13815857515162527	11.69049997077375	25.354999746450005
820	13434880	10	5.3	5.459853477887479	12.0	0.0	10	2.1	3.2388269481403293	11.0	0.0	-0.00824721828793259	-2.225026368863075	0.1269284627889003	11.613249970966876	25.544999744550005
824	13500416	10	6.7	5.273518749374083	11.0	0.0	10	11.2	3.458323293158117	13.0	1.0	-0.008682795653845039	-2.2573744105928113	0.1180325792979433	11.590499971023753	25.212999747870004
828	13565952	10	6.2	5.861740355901139	13.0	0.0	10	8.5	5.200961449578338	14.0	0.0	-0.008197031123679917	-2.287088915467442	0.10369385327684572	11.469749971325625	27.940999720590003
832	13631488	10	5.1	5.664803615307418	13.0	0.0	10	7.7	5.950630218724736	14.0	0.0	-0.008290890501530541	-2.3702351895485942	0.10269395784802164	10.86249997284375	29.022999709770005
836	13697024	10	6.9	5.262128846769148	12.0	0.0	10	8.5	5.608029957123981	13.0	0.0	-0.008935935796801651	-2.2730480504648423	0.12366296450561085	10.880249972799376	30.042999699570004
840	13762560	10	6.4	5.71314274283428	14.0	0.0	10	6.2	6.063002556489648	14.0	0.0	-0.008553380012339124	-2.3593928563123936	0.10666025964363501	10.415249973961876	30.150999698490004
844	13828096	10	6.1	5.539855593785816	13.0	0.0	10	5.1	5.281098370604357	12.0	0.0	-0.009232861476396044	-2.328737703219865	0.10820849847939214	10.7449999731375	29.951999700480005
848	13893632	10	6.2	5.455272678794343	13.0	0.0	10	7.3	5.814636704042653	14.0	0.0	-0.00854255450305718	-2.268774213653904	0.1322283496321587	10.255249974361876	30.218999697810006
852	13959168	10	7.1	4.948737212663449	13.0	0.0	10	6.3	5.78013840664737	14.0	0.0	-0.008504073636710024	-2.2924045694466666	0.14370707203689337	10.220249974449375	30.943999690560005
856	14024704	10	4.8	5.134199061197375	11.0	0.0	10	6.5	5.572252686302013	13.0	0.0	-0.009323079516372857	-2.258525791032291	0.11086551184232027	10.13349997466625	30.298999697010004
860	14090240	10	5.4	5.462600113499065	12.0	0.0	10	7.8	5.249761899362675	14.0	0.0	-0.009159555974248118	-2.295083145061476	0.11761831312456908	10.47849997380375	30.796999692030006
864	14155776	10	6.1	5.3563046963368315	13.0	0.0	10	4.2	5.035871324805669	12.0	0.0	-0.009072987041655186	-2.3230728877151092	0.10860054217079024	10.331999974170001	30.493999695060005
868	14221312	10	9.5	4.104875150354759	13.0	0.0	10	3.8	5.075431016179809	12.0	0.0	-0.008753657524415837	-2.343126473083402	0.12920197687939025	10.2269999744325	30.583999694160006
872	14286848	10	3.9	4.90815647672321	12.0	0.0	10	7.2	5.7236352085016735	13.0	0.0	-0.008982736482998478	-2.331070750708947	0.11439134322933127	10.393249974016875	25.20499974795
876	14352384	10	4.0	4.626013402488151	11.0	0.0	10	6.8	5.268775948927796	13.0	0.0	-0.008414097546577048	-2.2973000851860745	0.13109382745065173	10.605249973486877	29.338999706610004
880	14417920	10	7.2	5.509990925582365	13.0	0.0	10	5.6	5.571355310873647	14.0	0.0	-0.009523110742134995	-2.323659171418693	0.09736792780996881	10.54349997364125	30.079999699200002
884	14483456	10	7.6	5.624944444170094	13.0	0.0	10	7.9	5.8728187440104085	16.0	0.0	-0.008013530235756532	-2.299415322402009	0.17589601313725706	10.652249973369376	29.188999708110003
888	14548992	10	6.9	5.243090691567332	12.0	0.0	10	6.8	5.436910887627275	13.0	1.0	-0.00957226851118048	-2.293898125250605	0.10941472031433337	10.48549997378625	23.227999767720004
892	14614528	10	3.5	4.924428900898052	11.0	0.0	10	5.3	5.797413216254298	15.0	0.0	-0.008468735859147928	-2.2887246730526383	0.10814773526934025	10.9729999725675	27.761999722380004
896	14680064	10	4.3	5.762811813689563	15.0	0.0	10	5.3	5.762811813689564	13.0	0.0	-0.009450623663952619	-2.2610412113496783	0.13961348681187674	10.866999972832499	16.90599983094
900	14745600	10	4.5	4.716990566028302	12.0	0.0	10	6.6	5.122499389946279	12.0	0.0	-0.00958638998318024	-2.2899761495589	0.10488989470830956	11.676749970808125	25.911999740880002
904	14811136	10	8.7	4.838388161361178	13.0	0.0	10	11.0	3.4641016151377544	14.0	1.0	-0.0080316020058309	-2.3277177286703594	0.10870239424628687	11.590249971024374	22.639999773600003
908	14876672	10	5.2	4.995998398718719	12.0	0.0	10	6.3	5.158488150611572	12.0	0.0	-0.009283065079462286	-2.2871596239608265	0.12812541183301812	11.93999997015	22.892999771070006
912	14942208	10	5.3	5.158488150611572	13.0	0.0	10	9.9	4.3	14.0	1.0	-0.009690689525896324	-2.249299498661502	0.12810010554797224	12.209749969475627	14.291999857080002
916	15007744	10	8.1	5.374941860150675	14.0	0.0	10	5.1	5.485435260760991	13.0	0.0	-0.008869161993350213	-2.260827511313493	0.15050641422454838	13.056749967358126	20.271999797280003
920	15073280	10	3.6	5.553377350765928	14.0	0.0	10	9.5	4.8425200051213	14.0	0.0	-0.008337748237298355	-2.253746961319126	0.12181362360999178	13.106249967234374	13.073999869260001
924	15138816	10	6.2	5.653317610041028	13.0	0.0	10	6.4	5.4808758424178885	13.0	0.0	-0.008571264088172919	-2.2864179683330175	0.14027008878468633	13.0109999674725	15.862999841370002
928	15204352	10	5.0	4.959838707054898	11.0	0.0	10	8.4	5.370288632839021	14.0	0.0	-0.00817630026637157	-2.259537202381164	0.10953240483479171	12.5449999686375	22.658999773410002
932	15269888	10	5.9	5.337602458033007	12.0	0.0	10	6.1	5.185556864985669	12.0	0.0	-0.008286189776952259	-2.2678054394942553	0.1375514097213265	12.231249969421874	22.606999773930003
936	15335424	10	2.5	4.295346318982906	11.0	0.0	10	7.7	5.745432968889291	16.0	0.0	-0.008733132370555818	-2.274056409559198	0.12442307855879593	12.3249999691875	22.736999772630003
940	15400960	10	3.2	4.534313619501853	13.0	0.0	10	7.6	5.4808758424178885	14.0	0.0	-0.00959806627261124	-2.2937101719374327	0.10875994710981417	12.179249969551876	21.281999787180002
944	15466496	10	5.1	5.3188344587888805	13.0	0.0	10	5.9	5.734980383575867	13.0	0.0	-0.009867064091125243	-2.332226191714851	0.08214446979029628	11.5809999710475	25.083999749160004
948	15532032	10	7.0	5.118593556827891	12.0	0.0	10	6.4	6.019966777316965	13.0	0.0	-0.009300442758347462	-2.327688455339197	0.1248944954195657	11.116999972207502	27.012999729870007
952	15597568	10	6.2	5.491812087098393	14.0	0.0	10	6.5	5.783597496368502	14.0	0.0	-0.008308824245476324	-2.327156359708289	0.13180730583635866	11.03049997242375	27.652999723470003
956	15663104	10	4.4	5.180733538795447	14.0	0.0	10	5.6	5.6956123463592565	13.0	0.0	-0.00957596161506739	-2.3162557405800848	0.09857607763785972	10.744249973139375	30.460999695390004
960	15728640	10	6.9	5.503635162326805	15.0	0.0	10	7.3	5.848931526355904	15.0	0.0	-0.008656226314701823	-2.340179996942097	0.11578411468029931	10.24549997438625	29.937999700620004
964	15794176	10	5.1	4.928488612140643	11.0	0.0	10	7.4	5.4808758424178885	13.0	0.0	-0.008139708932262152	-2.2831713107830205	0.14546254112732623	10.235749974410625	33.412999665870004
968	15859712	10	5.4	5.885575587824865	15.0	0.0	10	7.5	5.572252686302013	13.0	0.0	-0.008714375754609064	-2.31758008128105	0.12544600788438917	9.673249975816875	33.036999669630006
972	15925248	10	4.9	5.448853090330111	13.0	0.0	10	9.0	5.727128425310541	14.0	0.0	-0.010124959474985215	-2.286695338547451	0.1155692223183877	9.64249997589375	33.08699966913001
976	15990784	10	2.2	3.4292856398964497	11.0	0.0	10	6.1	5.127377497317708	12.0	0.0	-0.00914059549930829	-2.31617474035137	0.0944611836747279	10.321249974196876	32.33699967663001
980	16056320	10	7.0	5.347896782848375	13.0	0.0	10	4.1	5.448853090330111	13.0	0.0	-0.008165635039159893	-2.262382705770703	0.1205939860733646	9.901249975246877	32.032999679670006
984	16121856	10	7.0	5.347896782848375	12.0	0.0	10	7.1	4.988987873306569	13.0	0.0	-0.008009447138116221	-2.305764543273273	0.12298808416312312	10.443749973890627	30.475999695240002
988	16187392	10	4.8	5.929586832149437	14.0	0.0	10	6.7	5.622277118748239	14.0	0.0	-0.009004388469264726	-2.316039278862025	0.10021101212792556	10.63949997340125	28.877999711220006
992	16252928	10	4.2	5.230678732248808	12.0	0.0	10	8.8	4.749736834815167	14.0	1.0	-0.009169532707907326	-2.3101868726390196	0.11489880037228463	10.742749973143127	28.645999713540004
996	16318464	10	1.1	3.3	11.0	0.0	10	7.2	5.528109984434102	13.0	0.0	-0.008761122196116564	-2.2969701337408472	0.11244168946279548	10.68849997327875	28.574999714250005
1000	16384000	10	6.0	5.656854249492381	13.0	0.0	10	9.1	5.262128846769148	14.0	0.0	-0.008988707274484569	-2.272829169791615	0.13903953482811215	11.371749971570624	25.55699974443
1004	16449536	10	6.1	5.717516943569122	12.0	0.0	10	5.9	5.281098370604357	14.0	0.0	-0.008716512184341817	-2.2970551249972346	0.10920623137719819	11.364999971587501	15.498999845010003
1008	16515072	10	3.0	4.33589667773576	12.0	0.0	10	6.3	5.367494760127857	12.0	0.0	-0.00839423719453885	-2.2637521622207046	0.13336050283947698	10.430249973924376	30.189999698100006
1012	16580608	10	5.9	5.52177507691141	12.0	0.0	10	6.5	5.024937810560445	12.0	0.0	-0.009373143343442707	-2.217316490677493	0.12266306065607849	10.45349997386625	30.111999698880002
1016	16646144	10	5.6	5.607138307550475	12.0	0.0	10	5.6	5.96992462263972	14.0	0.0	-0.009641362498674198	-2.309634213405666	0.08814699586028318	10.509249973726876	29.001999709980005
1020	16711680	10	3.8	5.192301994298868	13.0	0.0	10	6.7	5.292447448959697	14.0	0.0	-0.00860540355310853	-2.2631887840854	0.11908713020696024	10.810499972973751	27.827999721720005
1024	16777216	10	8.4	4.7791212581394085	13.0	0.0	10	7.6	5.295280917949491	14.0	0.0	-0.008952406973829048	-2.256493858758002	0.13506020852509926	10.876249972809374	27.285999727140005
1028	16842752	10	5.2	5.436910887627275	13.0	0.0	10	9.3	3.6619666847201113	12.0	2.0	-0.00863143289856885	-2.2732806824263228	0.1285154825563472	11.476749971308125	16.029999839700004
1032	16908288	10	4.2	5.4	14.0	0.0	10	10.0	5.347896782848375	17.0	0.0	-0.008406297327113746	-2.23186398025947	0.12966271193589157	12.116749969708126	23.043999769560003
1036	16973824	10	4.2	4.707440918375928	12.0	0.0	10	4.9	5.223983154643591	12.0	0.0	-0.00846528978008529	-2.1961065776842053	0.1437087445370168	12.26149996934625	21.861999781380003
1040	17039360	10	5.4	5.462600113499065	13.0	0.0	10	8.9	5.243090691567332	14.0	1.0	-0.008354632866979158	-2.265726809464317	0.12914216563622996	12.48249996879375	14.061999859380002
1044	17104896	10	5.3	5.441507144165116	14.0	0.0	10	9.7	4.450842616853577	14.0	1.0	-0.010259600195081422	-2.2492237163227315	0.1136098025869202	13.075249967311876	14.703999852960003
1048	17170432	10	4.7	5.568662316930341	12.0	0.0	10	9.7	4.517742799230607	15.0	0.0	-0.008653183119964157	-2.21815155920129	0.12365108296384089	13.13049996717375	20.971999790280005
1052	17235968	10	7.2	5.114684741017769	12.0	0.0	10	6.1	5.734980383575867	13.0	0.0	-0.008413638290557808	-2.257642638944853	0.12475514992703345	13.18849996702875	20.773999792260003
1056	17301504	10	6.3	5.622277118748238	14.0	0.0	10	6.2	5.192301994298868	14.0	0.0	-0.008139493052174441	-2.278647074859407	0.11207139785786316	14.032749964918125	17.852999821470004
1060	17367040	10	5.6	5.607138307550474	12.0	0.0	10	6.9	5.593746508378799	14.0	0.0	-0.007945093753511805	-2.3226863267585123	0.1013658662065824	13.82449996543875	18.323999816760004
1064	17432576	10	6.2	5.325410782277739	12.0	0.0	10	8.2	5.192301994298869	13.0	0.0	-0.008984752485931452	-2.347555503004631	0.10521838160998329	13.387249966531877	17.933999820660002
1068	17498112	10	1.4	3.261901286060018	11.0	0.0	10	7.3	5.197114584074513	13.0	0.0	-0.009071997898258173	-2.355813706669186	0.0945491440650928	13.686749965783125	17.858999821410006
1072	17563648	10	5.2	5.436910887627275	13.0	0.0	10	3.6	5.083306010855534	12.0	0.0	-0.008168808499004691	-2.3818496860566185	0.078433513904823	13.396249966509373	19.505999804940004
1076	17629184	10	9.9	4.504442251822083	16.0	0.0	10	8.8	4.975942121849891	14.0	0.0	-0.008539716552169853	-2.298061206697455	0.09193685905981532	13.355999966610002	19.226999807730003
1080	17694720	10	5.4	4.651881339845203	11.0	0.0	10	7.4	5.257375771237966	12.0	0.0	-0.01019165732228981	-2.336017379914771	0.10428865124782129	13.045749967385627	18.95599981044
1084	17760256	10	1.5	3.52845575287547	12.0	0.0	10	6.7	5.441507144165117	14.0	0.0	-0.009372332952134362	-2.2817008319107157	0.08865097338807261	13.189999967025	12.464999875350001
1088	17825792	10	6.8	4.975942121849891	14.0	0.0	10	5.5	5.426785420486054	13.0	0.0	-0.008757632130252173	-2.306342462458374	0.09650152986640093	12.386749969033124	21.957999780420003
1092	17891328	10	8.5	5.200961449578338	14.0	1.0	10	7.7	5.933801479658718	14.0	0.0	-0.007880325978868114	-2.2236131626038125	0.12917671754852417	12.005749969985624	17.722999822770003
1096	17956864	10	5.3	5.404627646748664	13.0	0.0	10	5.9	5.923681287847955	13.0	0.0	-0.008478519304567817	-2.2857767018281607	0.12907726975986386	11.486249971284375	26.924999730750006
1100	18022400	10	6.0	5.477225575051661	12.0	0.0	10	6.5	6.020797289396148	15.0	0.0	-0.00789679554063292	-2.2518289459386254	0.14285103152570225	11.603499970991251	25.592999744070003
1104	18087936	10	6.7	5.814636704042652	14.0	0.0	10	10.1	3.3896902513356584	12.0	0.0	-0.009228475509744117	-2.252207773192563	0.09366089585813774	11.925249970186877	17.55399982446
1108	18153472	10	6.4	5.295280917949491	13.0	0.0	10	7.5	5.554277630799526	13.0	0.0	-0.008738178111342854	-2.2677971320968906	0.1510807895720333	10.53999997365	31.392999686070006
1112	18219008	10	7.8	5.741080037762929	15.0	0.0	10	5.7	4.62709412050371	12.0	0.0	-0.00842162564522561	-2.324928005294217	0.11235580572774621	11.192999972017502	29.293999707060006
1116	18284544	10	6.4	5.535341001239218	15.0	0.0	10	8.5	5.181698563212646	13.0	0.0	-0.008835909450670443	-2.2704378413775834	0.11063639368330332	11.209249971976876	27.900999720990004
1120	18350080	10	5.6	4.758150901348127	12.0	0.0	10	6.4	5.499090833947008	14.0	0.0	-0.007636229772402115	-2.2943731544012005	0.12096092289916309	11.070499972323748	28.323999716760007
1124	18415616	10	4.1	5.664803615307419	14.0	0.0	10	4.3	5.020956084253276	12.0	0.0	-0.007189895879349196	-2.2804044606893084	0.15752661373998436	11.453999971365	27.536999724630004
1128	18481152	10	4.0	4.898979485566356	12.0	0.0	10	10.8	3.4000000000000004	14.0	1.0	-0.008744649666973709	-2.225566789276036	0.11563186249267321	11.478249971304374	23.587999764120006
1132	18546688	10	7.6	5.4808758424178885	14.0	0.0	10	4.9	5.838664230798	13.0	0.0	-0.00865480687602219	-2.2505633704503487	0.14031933460009488	10.455749973860625	29.730999702690006
1136	18612224	10	7.0	5.329165037789691	12.0	0.0	10	9.0	5.0990195135927845	14.0	1.0	-0.009803520080407765	-2.288259903351524	0.09289412634100451	10.695499973261251	23.034999769650003
1140	18677760	10	3.7	4.796873982084582	11.0	0.0	10	11.1	3.2388269481403293	15.0	2.0	-0.008646507011698935	-2.292816670993547	0.10330459975027066	10.134249974664375	24.298999757010005
1144	18743296	10	7.1	5.281098370604357	13.0	0.0	10	6.4	5.295280917949491	13.0	0.0	-0.008243574655706812	-2.2815435427037505	0.12250069356799609	11.626749970933126	28.233999717660005
1148	18808832	10	6.2	5.2687759489277965	12.0	0.0	10	4.3	5.367494760127856	13.0	0.0	-0.008659056399066311	-2.205508691339429	0.11753038536929938	11.505749971235625	25.517999744820006
1152	18874368	10	6.5	5.445181356024793	13.0	0.0	10	7.6	5.276362383309167	14.0	0.0	-0.00893475592266442	-2.3025416232730556	0.07780601667438715	11.3549999716125	25.857999741420006
1156	18939904	10	7.2	5.528109984434102	13.0	0.0	10	8.9	4.867237409455183	14.0	1.0	-0.008633320155857173	-2.2644019993767737	0.09689332466184099	11.876249970309374	24.268999757310002
1160	19005440	10	3.0	4.0743097574926725	11.0	0.0	10	6.0	5.865151319446072	14.0	0.0	-0.008433768224101542	-2.240391326213954	0.10011492664658991	12.411749968970625	22.006999779930005
1164	19070976	10	2.3	3.579106033634656	12.0	0.0	10	7.2	5.723635208501674	13.0	0.0	-0.007494836484640106	-2.272860392691367	0.12303282629658685	12.989749967525626	23.041999769580006
1168	19136512	10	3.1	4.205948168962618	11.0	0.0	10	7.6	5.2573757712379665	12.0	0.0	-0.007853174335135818	-2.313229933140119	0.13020215321838588	12.969249967576873	21.830999781690004
1172	19202048	10	5.2	5.6	13.0	0.0	10	5.5	6.020797289396148	14.0	0.0	-0.00822073188379223	-2.2559554947052853	0.1067930116051703	12.43749996890625	21.479999785200004
1176	19267584	10	2.4	4.565084884205331	12.0	0.0	10	5.2	5.81033561853358	14.0	0.0	-0.009118634634089436	-2.27255672937801	0.09320813133186491	12.581249968546874	23.49899976501
1180	19333120	10	2.3	4.360045871318328	11.0	0.0	10	8.7	4.220189569201838	13.0	2.0	-0.0077984092875099074	-2.285015091061988	0.118638259734397	12.27149996932125	23.336999766630004
1184	19398656	10	9.3	4.220189569201838	13.0	0.0	10	9.7	4.94064773081425	14.0	0.0	-0.00893990149565321	-2.240201982125737	0.10121761125544614	12.141249969646875	27.153999728460004
1188	19464192	10	7.1	5.204805471869242	12.0	0.0	10	5.1	5.8898217290508885	13.0	0.0	-0.009088854049840875	-2.315165129559474	0.10648034100553365	11.639749970900624	27.015999729840004
1192	19529728	10	3.9	4.784349485562274	11.0	0.0	10	7.6	6.2641839053463295	14.0	0.0	-0.00871357277022557	-2.2867053968312554	0.12823012788065183	10.99599997251	28.023999719760006
1196	19595264	10	7.3	4.920365840057018	12.0	0.0	10	9.0	4.857983120596447	13.0	0.0	-0.008274872209208835	-2.27337651179395	0.13582600876826306	11.953499970116248	24.304999756950004
1200	19660800	10	5.8	5.617828762075256	12.0	0.0	10	9.4	5.782732917920384	17.0	0.0	-0.009462733092353006	-2.3057828319651095	0.09529153252735283	11.74249997064375	27.418999725810004
1204	19726336	10	2.8	4.166533331199931	11.0	0.0	10	6.7	5.586591089385369	13.0	0.0	-0.009361212397920557	-2.252856736147176	0.14086594485452186	11.9109999702225	27.113999728860005
1208	19791872	10	7.7	5.158488150611572	14.0	1.0	10	7.7	5.020956084253277	13.0	0.0	-0.010117711275150086	-2.2545010494824234	0.10315882886927129	11.145249972136876	26.708999732910005
1212	19857408	10	4.9	5.068530358989674	11.0	0.0	10	11.0	3.8987177379235853	15.0	0.0	-0.009973488737333395	-2.268515869738786	0.09460490432668969	11.082749972293124	27.931999720680004
1216	19922944	10	6.0	5.458937625582473	13.0	0.0	10	11.3	3.579106033634656	15.0	1.0	-0.009531944329478346	-2.1758458463071246	0.10592127555343592	11.75549997061125	18.896999811030003
1220	19988480	10	6.3	5.386093203798093	13.0	0.0	10	5.4	5.276362383309168	13.0	0.0	-0.008059462048923036	-2.205667565036534	0.12262770710787826	12.35199996912	22.473999775260005
1224	20054016	10	6.6	6.16765757804371	15.0	0.0	10	9.2	5.436910887627275	15.0	1.0	-0.00924155852311882	-2.2117973290563384	0.11985881066563912	12.216749969458126	20.162999798370002
1228	20119552	10	6.3	5.814636704042653	14.0	0.0	10	9.2	5.436910887627275	14.0	0.0	-0.009174942566717166	-2.2171580515975893	0.10788979523777904	12.60549996848625	23.581999764180004
1232	20185088	10	6.2	5.2497618993626745	13.0	0.0	10	8.8	5.996665740225979	17.0	0.0	-0.008574678252460144	-2.279767500620036	0.11002328513441058	12.289499969276251	25.397999746020005
1236	20250624	10	4.3	5.139066063011839	13.0	0.0	10	7.6	5.122499389946279	13.0	0.0	-0.009090013381524445	-2.230051219231051	0.11045784796989723	11.4799999713	30.592999694070006
1240	20316160	10	7.8	5.582114294781145	16.0	0.0	10	5.6	5.782732917920384	15.0	0.0	-0.008985284113475754	-2.2011522623590554	0.09595851009332937	10.3529999741175	33.13099966869
1244	20381696	10	7.8	5.455272678794342	14.0	0.0	10	8.7	4.859012245302537	13.0	1.0	-0.008463327097795027	-2.245451142156668	0.0998336659097117	9.839249975401875	23.577999764220003
1248	20447232	10	8.8	4.995998398718719	14.0	0.0	10	5.9	5.223983154643591	13.0	0.0	-0.008598172353548364	-2.2698185540854854	0.11613137266009821	11.007249972481876	20.376999796230002
1252	20512768	10	5.1	5.3188344587888805	12.0	0.0	10	7.3	5.496362433464518	14.0	0.0	-0.008058826962112109	-2.215116433568525	0.14366053190758932	11.834749970413124	26.620999733790004
1256	20578304	10	6.6	5.180733538795447	12.0	0.0	10	7.6	5.043808085167397	13.0	0.0	-0.009035021824849412	-2.2447456615811796	0.11850370422789104	11.6189999709525	27.572999724270005
1260	20643840	10	6.3	5.330103188494571	12.0	0.0	10	10.2	4.770744176750625	14.0	0.0	-0.008115173833239668	-2.210725833742011	0.13517476547032684	10.90049997274875	18.711999812880002
1264	20709376	10	7.6	5.2573757712379665	12.0	0.0	10	7.2	5.5641710972974225	14.0	0.0	-0.008568109476696317	-2.202222364414811	0.13198602462054318	11.914749970213125	23.822999761770003
1268	20774912	10	5.5	5.408326913195984	12.0	0.0	10	7.7	6.1163714733492105	14.0	0.0	-0.0099824041670733	-2.212525990871588	0.12548507205455695	11.893999970264998	24.750999752490007
1272	20840448	10	7.2	5.74108003776293	14.0	0.0	10	6.6	5.4808758424178885	13.0	0.0	-0.008378432769289911	-2.214115080503457	0.1184835879319172	11.79949997050125	25.643999743560002
1276	20905984	10	5.4	5.276362383309167	13.0	0.0	10	5.1	5.4671747731346585	13.0	0.0	-0.008986970685301184	-2.3018997011171063	0.1292180763422951	11.56749997108125	26.81599973184
1280	20971520	10	5.4	5.868560300448484	15.0	0.0	10	7.9	5.52177507691141	14.0	0.0	-0.008584171666082966	-2.290698515633546	0.10427284969172497	11.362749971593125	28.538999714610007
1284	21037056	10	2.8	3.57211421989835	12.0	0.0	10	7.4	5.517245689653488	14.0	0.0	-0.008086157263345623	-2.188514855772771	0.1364319066685379	10.709999973224999	28.662999713370006
1288	21102592	10	7.5	5.80086200490927	14.0	0.0	10	8.7	5.550675634551167	14.0	0.0	-0.007981224284248332	-2.2351264106885886	0.10377374608540885	10.7429999731425	28.808999711910005
1292	21168128	10	6.0	5.272570530585627	12.0	0.0	10	6.1	5.821511831131154	15.0	0.0	-0.008748607570849344	-2.245170255268193	0.1355187760059186	10.546249973634374	32.53799967462
1296	21233664	10	6.0	5.118593556827891	11.0	0.0	10	8.2	5.758472019555188	14.0	0.0	-0.009169746815086697	-2.25959360079275	0.11548692312751245	10.01249997496875	33.06799966932
1300	21299200	10	5.2	5.418486873657627	13.0	0.0	10	10.1	4.253234063627348	14.0	0.0	-0.008675081368291789	-2.2538976195093605	0.11155295064286919	10.4129999739675	33.632999663670006
1304	21364736	10	9.8	5.015974481593781	14.0	0.0	10	8.0	6.496152707564686	16.0	0.0	-0.009066708739096522	-2.221310061481673	0.12117121639020172	10.361749974095625	22.77199977228
1308	21430272	10	6.7	5.197114584074513	13.0	1.0	10	5.3	5.514526271584894	13.0	0.0	-0.008499338118502434	-2.206436698405582	0.15372319277326857	9.80849997547875	33.83999966160001
1312	21495808	10	2.6	5.0039984012787215	14.0	0.0	10	10.8	3.815756805667783	15.0	0.0	-0.009746074975025377	-2.212549201913672	0.12369069347111392	10.727499973181251	34.68199965318001
1316	21561344	10	4.1	3.9610604640676716	12.0	0.0	10	10.3	5.404627646748664	17.0	0.0	-0.00857524989655866	-2.1974787684972856	0.10204445608449464	9.8809999752975	35.142999648570004
1320	21626880	10	10.4	3.4985711369071804	12.0	0.0	10	6.1	5.575840743780259	12.0	0.0	-0.008738747966768457	-2.1802379884038223	0.10662413546480948	9.792749975518126	26.682999733170004
1324	21692416	10	5.5	5.408326913195984	14.0	0.0	10	8.2	4.791659420284375	12.0	0.0	-0.009736768072087358	-2.2267032114332053	0.10008108793336225	10.165749974585625	32.78799967212
1328	21757952	10	8.4	4.903060268852505	13.0	0.0	10	10.4	4.586937976471886	15.0	1.0	-0.009031767805601916	-2.245243181551068	0.12041876564721084	10.376499974058751	31.167999688320005
1332	21823488	10	9.3	4.196427051671457	12.0	0.0	10	9.4	5.043808085167397	14.0	0.0	-0.009096758094794002	-2.2086369268779036	0.09283193432690288	10.37999997405	19.943999800560004
1336	21889024	10	5.6	5.332916650389354	13.0	0.0	10	7.4	5.71314274283428	14.0	0.0	-0.00818525467584173	-2.1674268615968315	0.10593630240437067	10.728749973178125	29.740999702590006
1340	21954560	10	6.8	5.582114294781145	13.0	0.0	10	7.2	5.528109984434101	13.0	0.0	-0.008651616675411583	-2.2193559977087216	0.11619310537695017	10.60949997347625	25.344999746550002
1344	22020096	10	7.9	5.448853090330111	15.0	0.0	10	6.9	6.220128616033595	15.0	0.0	-0.0074647716966365265	-2.2272481444144803	0.08941062197399598	10.363499974091251	23.819999761800005
1348	22085632	10	7.2	5.30659966456864	12.0	0.0	10	7.9	6.122907805936653	14.0	0.0	-0.00934310842203247	-2.1599388244485	0.11954666991093717	10.7609999730975	23.052999769470006
1352	22151168	10	7.4	5.10294032886923	12.0	0.0	10	9.6	4.17612260356422	13.0	0.0	-0.0089631620906464	-2.1397357854005024	0.1372501419248514	10.796249973009374	15.816999841830002
1356	22216704	10	5.7	5.514526271584895	13.0	0.0	10	5.2	4.812483766206386	11.0	0.0	-0.008795000354735766	-2.2038715380121343	0.12251247278069817	12.184749969538125	25.680999743190004
1360	22282240	10	2.5	4.295346318982906	11.0	0.0	10	7.7	5.728001396647874	14.0	0.0	-0.00961087167667384	-2.1786910914098696	0.10669214409285536	11.501999971244999	29.190999708090004
1364	22347776	10	2.7	4.172529209005013	11.0	0.0	10	6.3	5.762811813689564	13.0	0.0	-0.008025198742338204	-2.2424307463217414	0.11811281180641549	11.009499972476249	20.192999798070005
1368	22413312	10	5.2	5.81033561853358	13.0	0.0	10	10.5	5.5362442142665635	16.0	0.0	-0.009473193409195736	-2.225457131630822	0.10233955821508557	11.362999971592501	30.710999692890002
1372	22478848	10	9.5	4.8425200051213	14.0	0.0	10	8.3	6.325345840347388	15.0	0.0	-0.008324145981271869	-2.1707897904240845	0.11328570582344744	10.299249974251875	30.601999693980005
1376	22544384	10	5.0	5.138093031466052	12.0	0.0	10	8.7	4.69148164229596	13.0	0.0	-0.009160023067686367	-2.273614344260687	0.09126151775145831	10.359749974100625	30.650999693490004
1380	22609920	10	5.2	5.4	13.0	0.0	10	5.9	5.769748694700662	14.0	0.0	-0.008579480463307879	-2.2494347391169565	0.09330628939397992	10.26949997432625	30.652999693470004
1384	22675456	10	5.3	5.404627646748664	14.0	0.0	10	8.6	5.535341001239218	15.0	0.0	-0.009314607357373316	-2.152953415884819	0.10843338125497592	11.170749972073125	27.672999723270003
1388	22740992	10	7.7	5.197114584074513	13.0	0.0	10	8.2	5.192301994298868	14.0	0.0	-0.008109214775447888	-2.162527002168936	0.11451958161361937	11.153999972114999	19.99099980009
1392	22806528	10	7.9	5.356304696336832	13.0	0.0	10	7.7	5.514526271584894	13.0	0.0	-0.009081406544549479	-2.17867026952063	0.0861119592162177	10.845249972886876	25.83299974167
1396	22872064	10	6.2	5.827520913733386	13.0	0.0	10	7.8	5.2497618993626745	14.0	0.0	-0.008009646906808455	-2.213547830549769	0.1303344468139941	11.286249971784375	19.408999805910003
1400	22937600	10	5.8	5.793099343184095	14.0	0.0	10	6.3	5.139066063011839	12.0	0.0	-0.009148484611571075	-2.2220993859241363	0.07720197080606449	11.961249970096876	17.913999820860003
1404	23003136	10	5.1	5.048762224545736	12.0	0.0	10	5.0	5.549774770204643	13.0	0.0	-0.008560989136051668	-2.2328508891322896	0.08543565395019095	11.579499971051252	27.565999724340003
1408	23068672	10	4.6	5.238320341483519	11.0	0.0	10	9.5	5.044799302251775	14.0	0.0	-0.009360905233668629	-2.208800320593904	0.07383624987373273	10.958749972603124	27.717999722820004
1412	23134208	10	2.8	4.190465367951393	11.0	0.0	10	9.0	4.669047011971501	14.0	2.0	-0.009031553736014993	-2.2179348565811243	0.08107520472189897	11.00149997249625	27.783999722160004
1416	23199744	10	5.9	5.769748694700663	14.0	0.0	10	8.4	5.407402333838309	14.0	0.0	-0.007528595324830407	-2.2349813901043385	0.09328207710251823	11.009249972476875	27.612999723870004
1420	23265280	10	9.1	4.784349485562275	16.0	0.0	10	9.5	5.852349955359813	14.0	0.0	-0.008446695500454168	-2.230007096892761	0.08375125466749622	11.118749972203126	27.529999724700005
1424	23330816	10	6.5	5.661271941887264	14.0	0.0	10	7.3	5.58659108938537	13.0	0.0	-0.007587270359300429	-2.2264165230259727	0.08946815772447098	11.00049997249875	17.710999822890003
1428	23396352	10	6.5	5.239274758971894	13.0	0.0	10	7.3	5.797413216254298	13.0	0.0	-0.008783890736286253	-2.212480072943374	0.09168293904334192	12.16649996958375	22.935999770640002
1432	23461888	10	5.6	6.118823416311343	15.0	0.0	10	9.8	3.944616584663204	13.0	2.0	-0.009032231599393389	-2.235153600340711	0.11177278425311522	12.183749969540624	15.902999840970002
1436	23527424	10	9.7	4.172529209005013	14.0	2.0	10	8.9	6.204030947698439	16.0	0.0	-0.008197955523180766	-2.263308877510503	0.13881247396066232	11.652749970868125	26.170999738290003
1440	23592960	10	6.5	5.953990258641679	13.0	0.0	10	8.6	5.44426303552648	13.0	0.0	-0.009152878506591482	-2.2567385383083063	0.11756533336532352	11.807999970480001	25.774999742250003
1444	23658496	10	5.3	5.797413216254298	15.0	0.0	10	9.2	5.015974481593781	14.0	1.0	-0.0082765811133735	-2.2501421518763456	0.1148509710597068	12.250749969373125	25.621999743780005
1448	23724032	10	5.4	5.314132102234569	13.0	0.0	10	8.1	6.236184731067546	17.0	0.0	-0.008850047031640359	-2.2259540183013593	0.08751224019273983	11.38549997153625	20.359999796400004
1452	23789568	10	7.3	5.441507144165116	14.0	0.0	10	8.2	5.418486873657627	13.0	0.0	-0.008922679682332027	-2.2577522891394866	0.1105805324120122	10.877749972805626	28.249999717500003
1456	23855104	10	6.4	6.053098380168622	17.0	0.0	10	11.1	3.9357337308308855	15.0	0.0	-0.009007737772027808	-2.29380357738284	0.07625700940049326	10.790249973024375	21.110999788890005
1460	23920640	10	8.2	5.436910887627275	14.0	0.0	10	9.7	4.712748667179271	14.0	0.0	-0.008328764625772315	-2.2498740526677006	0.11653658521389489	11.488249971279377	27.103999728960005
1464	23986176	10	6.0	4.9396356140913875	13.0	1.0	10	7.8	5.861740355901138	14.0	0.0	-0.008958391366505237	-2.268290887040051	0.11434066810540656	11.207249971981874	18.878999811210004
1468	24051712	10	7.7	5.950630218724736	14.0	0.0	10	8.3	5.040833264451424	13.0	0.0	-0.00875418201424572	-2.173828261367537	0.11526017557249872	12.09749996975625	18.06899981931
1472	24117248	10	4.0	5.5677643628300215	14.0	0.0	10	4.5	4.759201613716317	12.0	0.0	-0.008761111175466098	-2.246224738423493	0.08024910673594501	12.283249969291875	17.70599982294
1476	24182784	10	4.5	5.315072906367325	15.0	0.0	10	9.3	4.960846701924985	15.0	1.0	-0.00878626110988415	-2.218131169445725	0.09871017815448292	13.313749966715624	22.333999776660004
1480	24248320	10	5.2	5.617828762075256	13.0	0.0	10	11.2	3.2802438933713454	15.0	2.0	-0.008556147279723557	-2.1968792053755526	0.1574609789367656	12.822749967943125	23.993999760060003
1484	24313856	10	6.4	5.885575587824865	14.0	0.0	10	5.4	5.9194594347794975	13.0	0.0	-0.008867863928557509	-2.216286735999192	0.09511771121934173	13.222999966942501	27.461999725380004
1488	24379392	10	7.4	5.71314274283428	14.0	0.0	10	6.6	6.019966777316966	16.0	0.0	-0.008203370452120405	-2.222703426844808	0.12692961902587657	12.1909999695225	30.347999696520002
1492	24444928	10	7.7	5.657738063926255	16.0	0.0	10	9.6	4.8207883172775805	13.0	0.0	-0.0070969504502989686	-2.2945030155374644	0.1141389539579244	11.4889999712775	32.99699967003001
1496	24510464	10	5.8	5.418486873657627	12.0	0.0	10	11.4	2.615339366124404	14.0	4.0	-0.008016077230800176	-2.238550978169114	0.11391172921650657	11.662249970844375	28.757999712420002
1500	24576000	10	9.8	4.833218389437829	15.0	0.0	10	8.4	4.586937976471886	13.0	1.0	-0.007792108967903505	-2.235973186558029	0.0795337382310731	11.863249970341876	21.486999785130003
1504	24641536	10	5.9	5.717516943569122	12.0	0.0	10	8.3	5.657738063926255	14.0	0.0	-0.007657223179002963	-2.2223859327703375	0.12763969234103065	11.301749971745625	32.84999967150001
1508	24707072	10	6.4	5.4626001134990645	13.0	0.0	10	6.9	5.80430874437258	14.0	0.0	-0.008056386334292814	-2.240733029708308	0.10630268420071984	11.77449997056375	32.16399967836001
1512	24772608	10	6.5	5.852349955359813	15.0	0.0	10	7.8	5.844655678480983	14.0	0.0	-0.008129136257656636	-2.2523971719183713	0.09718324499123751	11.064499972338751	32.7499996725
1516	24838144	10	2.6	4.24735211631906	11.0	0.0	10	7.9	4.968903299521937	12.0	0.0	-0.008507932285609875	-2.2313144055664833	0.10620807544774141	11.432249971419376	30.518999694810002
1520	24903680	10	5.5	5.408326913195984	14.0	0.0	10	7.9	5.699999999999999	16.0	0.0	-0.008193604756399114	-2.2787207437168147	0.0874594900045089	11.66549997083625	30.034999699650005
1524	24969216	10	2.7	4.428317965096906	12.0	0.0	10	6.4	5.2573757712379665	13.0	0.0	-0.009120820773164605	-2.180272020172459	0.06665987076397135	12.046749969883127	27.799999722000006
