iter	frame	n_test	mean_returns	std_returns	max_returns	min_returns	n_test_train	mean_returns_train	std_returns_train	max_returns_train	min_returns_train	actor_loss	entropy_loss	value_loss	training_time	evaluation_time
0	0	10	0.8	1.32664991614216	4.0	0.0	10	1.8	2.4413111231467406	8.0	0.0	0	0	0	0.0	38.808999611910004
4	65536	10	1.0	1.3416407864998738	4.0	0.0	10	0.6	1.2806248474865698	4.0	0.0	-0.0009909008972983212	-2.6551493031000963	0.09396082270532596	11.338249971654378	22.902999770970002
8	131072	10	1.4	2.9732137494637008	10.0	0.0	10	1.4	2.537715508089904	8.0	0.0	-0.005123619933098337	-2.62689485870257	0.05025239474547968	11.663249970841877	10.352999896470001
12	196608	10	0.8	1.32664991614216	4.0	0.0	10	0.6	0.9165151389911679	2.0	0.0	-0.006403209400802211	-2.5577126142698567	0.05676515710259253	10.745249973136875	7.6079999239200005
16	262144	10	0.8	1.32664991614216	4.0	0.0	10	1.8	1.661324772583615	4.0	0.0	-0.006741840583249092	-2.5274262028286656	0.06179733705684053	11.366499971583751	5.512999944870001
20	327680	10	2.0	1.5491933384829668	4.0	0.0	10	1.2	1.32664991614216	4.0	0.0	-0.006209848062361535	-2.4809194179771907	0.05010054620857941	9.9389999751525	16.675999833240002
24	393216	10	3.0	5.157518783291051	18.0	0.0	10	1.8	2.2715633383201097	8.0	0.0	-0.008902616988337917	-2.416945365316237	0.055119303088171104	10.82849997292875	5.534999944650001
28	458752	10	1.8	2.2715633383201097	8.0	0.0	10	0.8	1.32664991614216	4.0	0.0	-0.009443055080663237	-2.368835692357629	0.0515592458681823	11.633249970916875	25.611999743880002
32	524288	10	0.6	1.2806248474865698	4.0	0.0	10	1.0	1.3416407864998738	4.0	0.0	-0.009153486718440303	-2.315059624371179	0.049661760135658164	11.58049997104875	4.057999959420001
36	589824	10	1.2	1.6	4.0	0.0	10	3.0	1.8439088914585775	6.0	0.0	-0.008020142045171662	-2.311644643304354	0.04800833202398415	10.1849999745375	41.23399958766001
40	655360	10	1.4	1.7999999999999998	6.0	0.0	10	2.6	2.009975124224178	6.0	0.0	-0.009130182342797492	-2.346154240026064	0.04776207155360955	10.744499973138751	20.728999792710002
44	720896	10	0.6	0.9165151389911679	2.0	0.0	10	0.4	0.8000000000000002	2.0	0.0	-0.010118590773503843	-2.285812581340785	0.040054854331246205	10.634749973413125	2.5719999742800006
48	786432	10	2.4	4.715930449020639	16.0	0.0	10	1.6	2.154065922853802	6.0	0.0	-0.010401985610595724	-2.322463087495637	0.04392139477352997	11.685749970785624	18.387999816120004
52	851968	10	1.4	1.2806248474865698	4.0	0.0	10	1.8	1.8867962264113207	6.0	0.0	-0.010205551932356501	-2.299651913105313	0.0493874099675033	12.429999968925	22.10099977899
56	917504	10	1.2	2.0396078054371136	6.0	0.0	10	1.8	2.4413111231467406	6.0	0.0	-0.009829971819460735	-2.2719462163863273	0.04538024284326562	11.729999970675001	18.682999813170003
60	983040	10	1.4	1.8000000000000003	4.0	0.0	10	1.4	1.2806248474865698	4.0	0.0	-0.010390330201950414	-2.298704546947244	0.04458276096577461	9.088999977277501	42.98799957012
64	1048576	10	0.8	1.32664991614216	4.0	0.0	10	2.6	3.104834939252005	8.0	0.0	-0.009686235560569861	-2.191999306053074	0.04074948534798707	10.365499974086251	11.613999883860002
68	1114112	10	0.8	0.9797958971132713	2.0	0.0	10	2.2	2.6	6.0	0.0	-0.0106493349122626	-2.2768601574115492	0.03961151143278572	11.284249971789375	25.014999749850006
72	1179648	10	1.2	1.32664991614216	4.0	0.0	10	2.4	2.1540659228538015	6.0	0.0	-0.010824212618984901	-2.314466352022996	0.0332897131607029	11.303249971741874	16.71499983285
76	1245184	10	2.0	2.3664319132398464	8.0	0.0	10	2.4	2.4979991993593593	8.0	0.0	-0.010400124138088523	-2.3259355994622983	0.03792125166697295	10.972749972568124	18.706999812930004
80	1310720	10	1.6	1.7435595774162693	4.0	0.0	10	4.0	5.796550698475776	20.0	0.0	-0.010059321695899792	-2.275140610596969	0.03763739416992633	12.22749996943125	26.501999734980004
84	1376256	10	1.0	1.61245154965971	4.0	0.0	10	1.0	1.8439088914585775	6.0	0.0	-0.010910415555145303	-2.289528533577845	0.03344329098900106	11.944749970138124	15.981999840180002
88	1441792	10	0.8	1.8330302779823362	6.0	0.0	10	1.4	1.562049935181331	4.0	0.0	-0.010217528379292247	-2.256300275289426	0.038818507121402356	10.399749974000626	16.86499983135
92	1507328	10	1.2	1.32664991614216	4.0	0.0	10	3.2	2.4	8.0	0.0	-0.01045788314162161	-2.2795558668782028	0.03478091886913697	10.9629999725925	43.19299956807001
96	1572864	10	1.8	2.891366458960192	10.0	0.0	10	3.8	1.4	6.0	2.0	-0.011602266297514837	-2.2715843565879332	0.036566915607616976	10.36949997407625	16.748999832510002
100	1638400	10	1.8	1.8867962264113207	6.0	0.0	10	1.2	1.6	4.0	0.0	-0.011067707444513616	-2.211108997233856	0.03743930234339009	11.84549997038625	21.535999784640005
104	1703936	10	1.4	2.009975124224178	6.0	0.0	10	2.4	1.4966629547095767	6.0	0.0	-0.010514737731496753	-2.261779571337337	0.03046374274876529	13.237999966904999	26.511999734880003
108	1769472	10	1.4	1.562049935181331	4.0	0.0	10	2.0	1.5491933384829668	4.0	0.0	-0.010269799668843711	-2.2603350651889906	0.03410165878821704	12.48249996879375	27.762999722370004
112	1835008	10	1.4	2.009975124224178	6.0	0.0	10	3.0	2.7202941017470885	10.0	0.0	-0.010937842997688914	-2.28312310055951	0.035662056428235576	12.406749968983126	20.115999798840004
116	1900544	10	1.2	1.6	4.0	0.0	10	3.0	2.23606797749979	6.0	0.0	-0.010673191787746786	-2.252233852708177	0.03752766551136592	12.216999969457499	21.031999789680004
120	1966080	10	1.8	1.077032961426901	4.0	0.0	10	2.2	2.4413111231467406	6.0	0.0	-0.010806169400980866	-2.251431047681888	0.03649331601732562	10.559749973600626	38.74599961254001
124	2031616	10	1.0	1.3416407864998738	4.0	0.0	10	3.4	2.3748684174075834	8.0	0.0	-0.010799191888596828	-2.2528866452612157	0.03821139797791167	10.7929999730175	32.01799967982001
128	2097152	10	0.8	0.9797958971132712	2.0	0.0	10	3.0	2.04939015319192	6.0	0.0	-0.00932645107629028	-2.2618337892123357	0.03957164095069653	10.694749973263125	9.32199990678
132	2162688	10	3.4	4.386342439892262	16.0	0.0	10	1.6	2.4979991993593593	8.0	0.0	-0.010821484736359029	-2.220734571185846	0.03574554685829386	13.095999967260001	33.932999660670006
136	2228224	10	2.4	2.6532998322843198	8.0	0.0	10	2.6	2.2	6.0	0.0	-0.009994388113096027	-2.1921061523458767	0.050234170179082764	12.329999969175	16.14399983856
140	2293760	10	1.6	1.4966629547095767	4.0	0.0	10	1.8	2.08806130178211	6.0	0.0	-0.010505277902481616	-2.2441952201373168	0.034057543415443405	11.472249971319375	40.23099959769001
144	2359296	10	1.2	1.3266499161421599	4.0	0.0	10	2.6	2.0099751242241783	6.0	0.0	-0.010719237263497808	-2.216840306686905	0.032472497954841716	12.11149996972125	25.124999748750003
148	2424832	10	0.8	0.9797958971132713	2.0	0.0	10	1.2	1.32664991614216	4.0	0.0	-0.010076352343135959	-2.2195527526411043	0.030830358636924078	10.933999972665	28.505999714940003
152	2490368	10	1.4	2.009975124224178	6.0	0.0	10	2.4	1.9595917942265424	6.0	0.0	-0.010559641032272258	-2.273845890920927	0.03107327967558476	10.2749999743125	46.213999537860005
156	2555904	10	0.4	0.8000000000000002	2.0	0.0	10	1.4	1.8	4.0	0.0	-0.010735054804873004	-2.268492849928271	0.03862506645562114	11.279749971800625	27.279999727200007
160	2621440	10	2.8	4.578209256903839	16.0	0.0	10	2.2	2.08806130178211	6.0	0.0	-0.010915535265742755	-2.225663850472989	0.032390172764544575	10.388749974028123	25.83299974167
164	2686976	10	2.2	2.08806130178211	6.0	0.0	10	3.8	2.6	10.0	0.0	-0.01025327456969444	-2.170656303338597	0.039220178243499215	10.895749972760626	45.299999547000006
168	2752512	10	1.6	1.9595917942265426	6.0	0.0	10	2.2	2.2715633383201093	6.0	0.0	-0.011579107925481806	-2.1073931950122353	0.033011521073500055	10.185749974535625	42.70499957295001
172	2818048	10	1.6	2.154065922853802	6.0	0.0	10	2.6	1.8	6.0	0.0	-0.01060719774624746	-2.109287651656891	0.02895387188074635	10.625499973436249	43.59599956404001
176	2883584	10	1.8	2.891366458960192	8.0	0.0	10	2.0	2.0	6.0	0.0	-0.011089398034585644	-2.125132145759626	0.03438829894129845	11.29349997176625	15.629999843700004
180	2949120	10	1.4	1.7999999999999998	6.0	0.0	10	2.8	2.5612496949731396	8.0	0.0	-0.010829107997257217	-2.174153568617526	0.0343653956431178	11.353749971615626	29.581999704180006
184	3014656	10	3.0	3.255764119219941	12.0	0.0	10	4.0	2.6832815729997477	10.0	0.0	-0.011094612031892489	-2.151259792123659	0.0342351910622519	11.095749972260624	30.820999691790007
188	3080192	10	1.4	2.009975124224178	6.0	0.0	10	2.6	2.2	6.0	0.0	-0.01030372320033459	-2.1597445853288315	0.03158086883351306	11.66349997084125	33.440999665590006
192	3145728	10	1.0	1.61245154965971	4.0	0.0	10	1.8	2.08806130178211	6.0	0.0	-0.009665687989484435	-2.114609367925194	0.03178918945349545	10.890249972774376	10.05899989941
196	3211264	10	0.8	0.9797958971132713	2.0	0.0	10	2.0	1.7888543819998317	6.0	0.0	-0.010689419872605	-2.0759084234956156	0.035168057109912096	10.644249973389375	23.835999761640004
200	3276800	10	1.2	1.32664991614216	4.0	0.0	10	2.0	2.1908902300206643	6.0	0.0	-0.010758635099380432	-2.122128034410356	0.029280474445216077	10.34949997412625	36.89899963101001
204	3342336	10	1.2	1.6	4.0	0.0	10	2.2	1.661324772583615	6.0	0.0	-0.010851440241904575	-2.12091874309143	0.027532699107584095	11.04149997239625	15.958999840410002
208	3407872	10	1.6	1.9595917942265426	6.0	0.0	10	2.4	1.7435595774162693	6.0	0.0	-0.010389191780156367	-2.105305818000677	0.02799666725040285	9.91249997521875	16.477999835220004
212	3473408	10	1.0	1.3416407864998738	4.0	0.0	10	2.8	2.4	8.0	0.0	-0.01048758083573572	-2.142157397941131	0.03061156977658112	12.3869999690325	17.815999821840002
216	3538944	10	1.8	1.661324772583615	4.0	0.0	10	1.6	2.4979991993593593	6.0	0.0	-0.010004136385324153	-2.076041919273447	0.028340968863104266	12.481499968796252	23.967999760320005
220	3604480	10	0.6	0.9165151389911681	2.0	0.0	10	3.2	2.85657137141714	10.0	0.0	-0.009958842581478215	-2.136410558994592	0.029501523586642285	12.962499967593752	26.087999739120004
224	3670016	10	2.2	1.661324772583615	6.0	0.0	10	2.8	2.227105745132009	6.0	0.0	-0.010134739116291933	-2.1141139862719367	0.03370471994895195	12.806749967983125	23.842999761570002
228	3735552	10	3.0	3.1304951684997055	8.0	0.0	10	3.0	2.23606797749979	6.0	0.0	-0.010442621923603516	-2.1082111743876712	0.03429649727216984	11.685749970785626	27.058999729410004
232	3801088	10	1.4	1.2806248474865698	4.0	0.0	10	2.0	2.0	6.0	0.0	-0.010556161043609163	-2.100360135018588	0.02884782233440636	10.523999973690001	43.08399956916001
236	3866624	10	1.6	2.154065922853802	6.0	0.0	10	4.4	4.715930449020639	18.0	2.0	-0.010701470648298406	-2.086140299619488	0.03158449881846768	11.778749970553124	38.52599961474001
240	3932160	10	1.8	2.2715633383201097	6.0	0.0	10	3.6	2.1540659228538015	6.0	0.0	-0.010882680448734007	-2.1010248584346884	0.028801615929024846	11.941999970145	21.187999788120003
244	3997696	10	2.0	1.7888543819998317	4.0	0.0	10	2.0	1.7888543819998317	6.0	0.0	-0.010668254461153511	-2.100458723584563	0.022235490515219357	10.862749972843126	29.839999701600004
248	4063232	10	2.2	3.1559467676119	10.0	0.0	10	3.2	2.5612496949731396	8.0	0.0	-0.010003743997780699	-2.072209737979087	0.02445310674120203	11.165249972086876	40.280999597190004
252	4128768	10	2.0	1.7888543819998317	6.0	0.0	10	2.8	2.039607805437114	6.0	0.0	-0.010494500773467162	-2.066387528959238	0.03182727076790622	12.307249969231876	22.17299977827
256	4194304	10	0.8	1.32664991614216	4.0	0.0	10	1.6	1.4966629547095767	4.0	0.0	-0.010217433025442403	-2.030691265848345	0.03005575134183434	11.272749971818126	31.459999685400007
260	4259840	10	1.8	2.749545416973504	8.0	0.0	10	3.4	2.973213749463701	10.0	0.0	-0.011059415348487773	-2.0776328616163573	0.02532659463010163	11.06649997233375	41.759999582400006
264	4325376	10	2.2	1.6613247725836149	4.0	0.0	10	2.8	2.4	8.0	0.0	-0.00979727184210596	-2.0857370481205924	0.030792567157859517	11.689749970775628	30.569999694300005
268	4390912	10	2.2	2.4413111231467406	8.0	0.0	10	1.6	1.4966629547095767	4.0	0.0	-0.011187692370536125	-2.190744017333074	0.025602170059817325	11.85199997037	21.494999785050005
272	4456448	10	2.0	2.0	6.0	0.0	10	3.6	3.5552777669262356	10.0	0.0	-0.011116891295441826	-2.155692909930109	0.030702929513745567	11.51649997120875	36.848999631510004
276	4521984	10	0.4	1.2000000000000002	4.0	0.0	10	2.4	2.1540659228538015	6.0	0.0	-0.010793689532963167	-2.2099132163010773	0.021855296302871335	12.404499968988748	19.62799980372
280	4587520	10	2.8	2.039607805437114	6.0	0.0	10	3.2	2.85657137141714	10.0	0.0	-0.010922107995989545	-2.197284179200329	0.023185646915721454	12.366999969082501	36.39099963609
284	4653056	10	1.8	1.4000000000000001	4.0	0.0	10	2.8	2.5612496949731396	8.0	0.0	-0.010595251716452517	-2.204887258280119	0.029352402039850428	12.103749969740624	20.929999790700002
288	4718592	10	1.2	1.8330302779823358	4.0	0.0	10	1.8	1.4000000000000001	4.0	0.0	-0.010898707707460814	-2.229099690681956	0.023113358588809904	11.934749970163127	9.49399990506
292	4784128	10	0.8	1.8330302779823362	6.0	0.0	10	2.2	2.2715633383201097	6.0	0.0	-0.010065770426851615	-2.2402593118598975	0.02484588576027909	10.32449997418875	11.934999880650002
296	4849664	10	2.4	2.6532998322843198	8.0	0.0	10	2.8	2.0396078054371136	6.0	0.0	-0.010585360659619526	-2.1775721110618758	0.02728818282976858	11.324249971689376	38.941999610580005
300	4915200	10	2.8	2.7129319932501077	8.0	0.0	10	2.0	2.0	6.0	0.0	-0.010257204365333155	-2.166816547287298	0.027831448763038127	11.581249971046876	14.841999851580002
304	4980736	10	1.0	1.3416407864998738	4.0	0.0	10	3.0	5.157518783291051	18.0	0.0	-0.009781875336144661	-2.172449305427275	0.033575620188295185	12.44049996889875	35.78799964212
308	5046272	10	1.8	1.661324772583615	4.0	0.0	10	3.8	2.2715633383201093	8.0	0.0	-0.010149051026780946	-2.1742925492644396	0.028534167967092718	12.2429999693925	38.65299961347001
312	5111808	10	1.0	2.4083189157584592	8.0	0.0	10	1.8	2.08806130178211	6.0	0.0	-0.010479444298470992	-2.190680662562738	0.02832657632045298	11.29849997175375	24.982999750170006
316	5177344	10	0.8	1.32664991614216	4.0	0.0	10	2.2	3.026549190084311	10.0	0.0	-0.0116461232234234	-2.1664224686948796	0.03396027278732658	11.395999971510001	26.844999731550004
320	5242880	10	1.2	1.32664991614216	4.0	0.0	10	3.8	5.2497618993626745	18.0	0.0	-0.010066711813288172	-2.17876845823878	0.03401538058955108	11.122249972194377	36.577999634220006
324	5308416	10	1.2	2.0396078054371136	6.0	0.0	10	3.6	2.1540659228538015	6.0	0.0	-0.010496261739533871	-2.0963862834177194	0.03049582477418932	9.95449997511375	24.733999752660004
328	5373952	10	2.2	2.6	8.0	0.0	10	3.2	2.85657137141714	8.0	0.0	-0.011423613300113742	-2.1348150668304644	0.026545715981191872	11.5469999711325	40.64199959358001
332	5439488	10	1.8	2.4413111231467406	8.0	0.0	10	4.0	4.979959839195493	18.0	0.0	-0.011202286971380976	-2.176106278868336	0.03173928899592721	10.641999973395	38.19999961800001
336	5505024	10	0.8	1.32664991614216	4.0	0.0	10	2.6	1.562049935181331	4.0	0.0	-0.01050919943263248	-2.202364089358911	0.024893659203203727	10.769999973075	41.863999581360005
340	5570560	10	0.8	1.8330302779823362	6.0	0.0	10	2.4	2.6532998322843198	8.0	0.0	-0.011226698815681488	-2.201623817055566	0.02602462301458157	10.76649997308375	27.859999721400005
344	5636096	10	1.0	1.3416407864998738	4.0	0.0	10	2.6	2.2	6.0	0.0	-0.009840299190005952	-2.207688224582381	0.03185059814770169	10.360999974097501	40.607999593920006
348	5701632	10	1.2	1.8330302779823362	6.0	0.0	10	5.0	4.8373546489791295	18.0	0.0	-0.01192811514796071	-2.209678530462879	0.030084269486803993	11.022749972443126	24.366999756330006
352	5767168	10	0.6	1.2806248474865698	4.0	0.0	10	2.0	1.5491933384829668	4.0	0.0	-0.010600080406935327	-2.2815437786388024	0.023253618950551183	11.389249971526876	41.540999584590004
356	5832704	10	1.6	2.3323807579381204	8.0	0.0	10	4.2	2.891366458960192	12.0	2.0	-0.011157790879274583	-2.2546161485349994	0.02568889830071486	10.692999973267499	46.71599953284001
360	5898240	10	1.4	1.562049935181331	4.0	0.0	10	3.0	2.7202941017470885	8.0	0.0	-0.01208391175285457	-2.2764846158636542	0.028344993185558973	10.697749973255624	43.75299956247001
364	5963776	10	1.6	1.7435595774162695	4.0	0.0	10	3.2	2.85657137141714	8.0	0.0	-0.009769961135026298	-2.317703780787161	0.026270557347432107	10.543999973639998	36.058999639410004
368	6029312	10	1.6	1.4966629547095767	4.0	0.0	10	3.6	3.32264954516723	10.0	0.0	-0.009795772247839278	-2.343790756915247	0.026889808511975304	10.771999973069999	41.86899958131001
372	6094848	10	1.0	1.61245154965971	4.0	0.0	10	2.2	2.2715633383201097	6.0	0.0	-0.010307454437515354	-2.326154383277977	0.028867882809233397	10.59599997351	24.088999759110003
376	6160384	10	0.2	0.6000000000000001	2.0	0.0	10	2.4	2.1540659228538015	6.0	0.0	-0.011018145178305893	-2.2888267509738593	0.026913357895789473	11.112749972218124	12.483999875160002
380	6225920	10	1.8	2.6	8.0	0.0	10	3.2	2.993325909419153	10.0	0.0	-0.010045222741776187	-2.277911563477063	0.026835706567235114	12.4469999688825	37.15399962846001
384	6291456	10	2.6	2.5377155080899043	8.0	0.0	10	3.6	3.440930106817051	10.0	0.0	-0.010509954776470841	-2.2432705037442604	0.02590022621949803	11.312999971717499	41.29299958707001
388	6356992	10	3.0	3.3763886032268267	10.0	0.0	10	3.0	2.4083189157584592	6.0	0.0	-0.00901999721005897	-2.2669907433413354	0.03300217620218989	10.971749972570626	31.711999682880005
392	6422528	10	3.6	3.32264954516723	10.0	0.0	10	3.6	2.939387691339814	10.0	0.0	-0.010827323985807427	-2.254351377252354	0.031553048773020675	10.341749974145626	32.9099996709
396	6488064	10	1.4	1.8	4.0	0.0	10	2.8	2.7129319932501073	8.0	0.0	-0.01015762613330476	-2.2305698690475104	0.02446409226334381	11.504249971239377	44.69999955300001
400	6553600	10	1.0	1.0	2.0	0.0	10	5.0	5.0	18.0	0.0	-0.009866468105310531	-2.208134559063574	0.03359859364610978	11.266249971834375	21.006999789930006
404	6619136	10	1.6	1.7435595774162695	4.0	0.0	10	3.2	2.5612496949731396	8.0	0.0	-0.011151673828913865	-2.2577871206037736	0.02411463554736179	11.038249972404376	42.66899957331
408	6684672	10	1.4	1.2806248474865698	4.0	0.0	10	2.2	2.4413111231467406	8.0	0.0	-0.010933438909051891	-2.215414886442519	0.02655449334721074	11.633249970916875	43.55599956444001
412	6750208	10	0.2	0.6000000000000001	2.0	0.0	10	3.4	2.009975124224178	8.0	0.0	-0.010288321193749336	-2.2341697958764732	0.02512485501676782	9.883749975290625	29.271999707280003
416	6815744	10	1.4	2.009975124224178	6.0	0.0	10	3.0	2.4083189157584592	6.0	0.0	-0.008910993348441542	-2.2595954187344156	0.03081072897639797	10.57199997357	38.85299961147001
420	6881280	10	2.0	3.0983866769659336	8.0	0.0	10	2.6	1.2806248474865698	4.0	0.0	-0.011131085699215384	-2.2507182183504053	0.024661925395632417	11.405749971485626	37.26999962730001
424	6946816	10	0.4	1.2000000000000002	4.0	0.0	10	1.6	1.4966629547095767	4.0	0.0	-0.010573279392813082	-2.2262400063540158	0.022264597411276534	11.220999971947501	26.530999734690003
428	7012352	10	3.2	2.993325909419153	8.0	0.0	10	1.4	2.009975124224178	6.0	0.0	-0.00936214236474164	-2.239071200058079	0.026653364065120807	11.812999970467501	40.668999593310005
432	7077888	10	1.4	1.8	4.0	0.0	10	2.4	2.33238075793812	6.0	0.0	-0.009922324026347485	-2.252869523827006	0.02875294906641422	11.17249997206875	43.57199956428001
436	7143424	10	1.8	1.661324772583615	4.0	0.0	10	2.4	1.7435595774162693	6.0	0.0	-0.010627985482141791	-2.2152860907392804	0.02489344605645076	11.364249971589373	43.62199956378001
440	7208960	10	1.8	1.886796226411321	6.0	0.0	10	1.4	1.5620499351813308	4.0	0.0	-0.010434563525272918	-2.2241331659424133	0.02260157887704862	10.60749997348125	20.990999790090004
444	7274496	10	2.0	2.1908902300206643	6.0	0.0	10	2.4	2.1540659228538015	6.0	0.0	-0.011036691947146458	-2.2416164500166467	0.023032217924412235	11.727249970681877	46.171999538280005
448	7340032	10	0.8	1.32664991614216	4.0	0.0	10	2.0	1.5491933384829668	4.0	0.0	-0.009015823521895734	-2.2651258307322704	0.027687330455739567	10.10149997474625	5.649999943500001
452	7405568	10	1.0	1.3416407864998738	4.0	0.0	10	3.6	1.9595917942265424	6.0	0.0	-0.01058984325098856	-2.2854801438851653	0.02213664901755507	12.434999968912498	46.73499953265001
456	7471104	10	1.4	2.009975124224178	6.0	0.0	10	2.4	1.4966629547095767	4.0	0.0	-0.009538658515255077	-2.295901390174287	0.02008475591025336	9.856499975358751	47.00899952991001
460	7536640	10	2.2	2.891366458960192	8.0	0.0	10	3.4	3.1048349392520045	10.0	0.0	-0.011114416194135359	-2.315155746794977	0.02587433754740221	9.82249997544375	46.80099953199001
464	7602176	10	1.8	1.4000000000000001	4.0	0.0	10	3.0	2.04939015319192	8.0	0.0	-0.009898003039355011	-2.3214128114348473	0.023434444638632455	9.854999975362501	27.293999727060005
468	7667712	10	2.4	2.4979991993593593	8.0	0.0	10	2.0	1.5491933384829668	4.0	0.0	-0.010430890112552627	-2.2897496543923044	0.03207485790728823	10.020999974947499	37.44699962553001
472	7733248	10	1.8	2.08806130178211	6.0	0.0	10	3.4	2.009975124224178	6.0	0.0	-0.010440347909150272	-2.2822476374712477	0.025222049712990992	10.737749973155625	28.910999710890007
476	7798784	10	1.0	1.3416407864998738	4.0	0.0	10	4.8	2.5612496949731396	8.0	0.0	-0.010309487354624459	-2.228204170630729	0.03248868816348991	11.436999971407502	23.920999760790004
