iter	frame	n_test	mean_returns	std_returns	max_returns	min_returns	n_test_train	mean_returns_train	std_returns_train	max_returns_train	min_returns_train	actor_loss	entropy_loss	value_loss	training_time	evaluation_time
0	0	10	1.0	2.4083189157584592	8.0	0.0	10	0.2	0.6000000000000001	2.0	0.0	0	0	0	0.0	23.964999760350004
4	65536	10	0.6	0.9165151389911679	2.0	0.0	10	0.8	1.6000000000000003	4.0	0.0	0.005251453031995459	-2.622439255043881	0.08550753214592376	12.26349996934125	42.49399957506001
8	131072	10	1.2	1.32664991614216	4.0	0.0	10	0.4	0.8000000000000002	2.0	0.0	-0.004095100513523882	-2.5836855691960263	0.06593688052857767	11.60949997097625	8.493999915060002
12	196608	10	1.0	1.3416407864998738	4.0	0.0	10	0.2	0.6000000000000001	2.0	0.0	-0.005116594740151398	-2.5094873530038804	0.060514269661994885	10.317499974206251	7.295999927040001
16	262144	10	2.0	2.9664793948382653	10.0	0.0	10	1.8	2.4413111231467406	8.0	0.0	-0.004896532171283847	-2.4783677878381054	0.05670650970220952	11.73749997065625	23.843999761560006
20	327680	10	1.2	1.32664991614216	4.0	0.0	10	2.0	2.8284271247461903	8.0	0.0	-0.006031441385229486	-2.3668653118131715	0.05174091706134336	11.267749971830625	24.744999752550005
24	393216	10	3.0	2.8635642126552705	8.0	0.0	10	2.2	2.2715633383201093	8.0	0.0	-0.007089254249138366	-2.2455292018895734	0.06015949912984353	10.653999973365	23.98699976013
28	458752	10	1.2	1.32664991614216	4.0	0.0	10	0.6	1.2806248474865698	4.0	0.0	-0.008493393406473749	-2.267390019955483	0.04942258109289424	11.277249971806878	5.433999945660001
32	524288	10	1.0	1.3416407864998738	4.0	0.0	10	2.4	1.9595917942265424	6.0	0.0	-0.0075718068429821705	-2.3650212881485713	0.045595704611918766	10.678749973303127	31.691999683080006
36	589824	10	1.2	2.4	8.0	0.0	10	2.6	2.3748684174075834	8.0	0.0	-0.007481419616375631	-2.419976904736208	0.043805770649047324	11.043249972391873	26.336999736630005
40	655360	10	1.8	2.6	8.0	0.0	10	1.2	2.0396078054371136	6.0	0.0	-0.007654521649895567	-2.3865537268417594	0.03784266383536225	12.002249969994375	17.482999825170005
44	720896	10	2.0	1.7888543819998317	6.0	0.0	10	1.6	1.9595917942265426	6.0	0.0	-0.00864754306925798	-2.3491875725524323	0.04069318144623986	12.418249968954374	39.648999603510006
48	786432	10	0.0	0.0	0.0	0.0	10	2.8	1.8330302779823362	6.0	0.0	-0.009050360996264717	-2.3388321546264046	0.03610323173161154	12.017749969955625	19.40399980596
52	851968	10	2.0	2.1908902300206643	6.0	0.0	10	2.2	2.891366458960192	10.0	0.0	-0.009713680251983655	-2.3406495076959977	0.03028310443114448	12.672249968319376	16.633999833660003
56	917504	10	1.0	1.3416407864998738	4.0	0.0	10	2.4	2.939387691339814	8.0	0.0	-0.006954325004580978	-2.321137025710554	0.0403320906292544	11.467249971331878	42.76499957235001
60	983040	10	1.2	2.0396078054371136	6.0	0.0	10	2.8	5.878775382679627	20.0	0.0	-0.00867213555375816	-2.3193978192973073	0.036494402482719006	11.046999972382501	15.489999845100003
64	1048576	10	2.2	2.2715633383201093	6.0	0.0	10	2.4	2.65329983228432	6.0	0.0	-0.008814680537086223	-2.3273831032275716	0.035715550782008665	11.000249972499377	42.50899957491001
68	1114112	10	1.2	1.32664991614216	4.0	0.0	10	1.0	1.3416407864998738	4.0	0.0	-0.00807127042608855	-2.2748087220007864	0.03956073917967752	10.894249972764374	11.780999882190002
72	1179648	10	1.6	1.7435595774162693	4.0	0.0	10	1.0	1.3416407864998738	4.0	0.0	-0.008507717210728141	-2.1880103471582832	0.03419314367185244	12.566749968583126	6.8219999317800015
76	1245184	10	1.8	1.4000000000000001	4.0	0.0	10	0.6	1.2806248474865698	4.0	0.0	-0.00894744648543737	-2.1719256264689135	0.034118398651807186	11.379249971551873	13.909999860900003
80	1310720	10	1.8	2.2715633383201097	6.0	0.0	10	2.6	2.3748684174075834	6.0	0.0	-0.010082799732886262	-2.2327440900264977	0.02973406317256481	10.681249973296875	29.231999707680004
84	1376256	10	2.4	2.4979991993593593	8.0	0.0	10	2.0	2.0	6.0	0.0	-0.010508819215340795	-2.2933940040663083	0.030072915228831643	11.195999972010002	22.006999779930005
88	1441792	10	1.8	1.0770329614269007	4.0	0.0	10	1.4	2.009975124224178	6.0	0.0	-0.00942831956149665	-2.2322276108125187	0.037340656830920076	11.806249970484375	16.0399998396
92	1507328	10	1.2	0.9797958971132712	2.0	0.0	10	1.2	1.32664991614216	4.0	0.0	-0.009119968540249344	-2.2582018199197553	0.0367345178927214	13.092499967268749	3.9159999608400007
96	1572864	10	0.8	1.32664991614216	4.0	0.0	10	2.2	2.08806130178211	6.0	0.0	-0.010249294921619478	-2.2254117327597225	0.03688580327050238	10.089749974775623	9.345999906540001
100	1638400	10	1.2	1.6	4.0	0.0	10	2.4	1.4966629547095764	4.0	0.0	-0.011053381886753439	-2.1977810509697058	0.030408510353042616	11.554999971112501	26.560999734390006
104	1703936	10	1.0	1.3416407864998738	4.0	0.0	10	2.0	2.0	6.0	0.0	-0.009693940287940126	-2.200330021251518	0.030232346555328523	11.436749971408124	39.306999606930006
108	1769472	10	1.2	1.6	4.0	0.0	10	2.0	1.5491933384829668	4.0	0.0	-0.008526316353124268	-2.1878944707617984	0.04014043222384251	11.638749970903126	23.106999768930002
112	1835008	10	2.4	1.2000000000000002	4.0	0.0	10	1.6	1.9595917942265424	6.0	0.0	-0.00945474120718893	-2.220644446479428	0.03544005200208111	12.118499969703752	21.203999787960004
116	1900544	10	0.8	0.9797958971132713	2.0	0.0	10	2.4	2.8000000000000003	8.0	0.0	-0.010060526210067481	-2.256759248438837	0.034283283492859584	12.493749968765623	13.847999861520004
120	1966080	10	2.2	1.886796226411321	6.0	0.0	10	1.6	1.2000000000000002	4.0	0.0	-0.01094087369111874	-2.2048771478422498	0.03974022015437651	9.716749975708126	23.9899997601
124	2031616	10	1.0	1.3416407864998738	4.0	0.0	10	2.0	1.7888543819998317	4.0	0.0	-0.010045015193872603	-2.280675815801674	0.0345415952191408	11.076749972308127	28.429999715700003
128	2097152	10	1.0	1.3416407864998738	4.0	0.0	10	2.2	2.08806130178211	6.0	0.0	-0.011044253492159508	-2.2903263044951774	0.03530459520815367	11.611499970971252	20.56299979437
132	2162688	10	1.4	1.562049935181331	4.0	0.0	10	2.4	1.4966629547095767	4.0	0.0	-0.010222311060257089	-2.2997446057785096	0.03454021695874328	11.21349997196625	34.91299965087
136	2228224	10	2.2	2.08806130178211	6.0	0.0	10	1.0	1.61245154965971	4.0	0.0	-0.010271814257815589	-2.2862483111622622	0.027783908141055847	10.972999972567502	40.96499959035001
140	2293760	10	1.4	1.562049935181331	4.0	0.0	10	2.6	1.8000000000000003	6.0	0.0	-0.009856888419445627	-2.262781696779261	0.033986337867440056	11.315999971710001	39.882999601170006
144	2359296	10	0.8	1.32664991614216	4.0	0.0	10	4.2	3.4	10.0	0.0	-0.01101365475073051	-2.2791862808277306	0.027383119854551972	11.01599997246	23.533999764660003
148	2424832	10	2.0	2.0	6.0	0.0	10	3.2	1.8330302779823362	6.0	0.0	-0.010071546165678664	-2.254913752042805	0.025667327434100044	12.4629999688425	24.945999750540004
152	2490368	10	2.4	3.0724582991474434	10.0	0.0	10	2.6	2.5377155080899043	6.0	0.0	-0.010224815701951464	-2.2760430596881505	0.028667326315113914	12.185749969535625	21.919999780800005
156	2555904	10	1.0	1.61245154965971	4.0	0.0	10	0.6	1.2806248474865698	4.0	0.0	-0.009519697301805552	-2.2778312213829675	0.03127095863518218	13.374499966563752	8.635999913640001
160	2621440	10	2.4	2.1540659228538015	6.0	0.0	10	3.4	2.0099751242241783	6.0	0.0	-0.009798962311419352	-2.2430323459355046	0.03211366970844084	10.656749973358126	28.873999711260005
164	2686976	10	1.8	1.661324772583615	4.0	0.0	10	3.4	5.660388679233963	20.0	0.0	-0.010190987092603609	-2.2622417854893073	0.03533525190258505	10.231749974420625	15.386999846130003
168	2752512	10	1.2	1.6	4.0	0.0	10	3.4	2.690724809414742	8.0	0.0	-0.010786842308726794	-2.2473082515243217	0.02849780659204899	10.37999997405	39.39399960606001
172	2818048	10	2.0	2.1908902300206643	6.0	0.0	10	2.6	2.3748684174075834	6.0	0.0	-0.010448975305556133	-2.2201658410501466	0.031104677586370144	11.11549997221125	21.113999788860003
176	2883584	10	1.4	1.8	6.0	0.0	10	3.6	2.33238075793812	8.0	0.0	-0.010090307355777439	-2.229991949862409	0.02954595698667256	11.616249970959375	21.441999785580002
180	2949120	10	3.0	2.569046515733026	8.0	0.0	10	3.2	2.7129319932501073	8.0	0.0	-0.010078139012735595	-2.247871915265216	0.029686186478951004	12.120749969698126	42.19799957802001
184	3014656	10	2.2	2.08806130178211	6.0	0.0	10	2.8	2.227105745132009	6.0	0.0	-0.010495661448777572	-2.2485043602826464	0.028432612576043726	10.924999972687502	45.235999547640006
188	3080192	10	1.6	1.9595917942265426	6.0	0.0	10	2.2	1.6613247725836149	6.0	0.0	-0.010309724228275204	-2.246868649884461	0.03195106301822358	10.371249974071874	7.066999929330001
192	3145728	10	0.8	1.32664991614216	4.0	0.0	10	2.6	2.2	6.0	0.0	-0.010149560836153685	-2.243193208937629	0.031053110992716095	12.094499969763751	21.577999784220005
196	3211264	10	2.2	1.886796226411321	6.0	0.0	10	5.4	2.5377155080899043	10.0	2.0	-0.010332627970289266	-2.246124307080583	0.02869016401326072	11.61349997096625	28.924999710750004
200	3276800	10	3.2	3.7094473981982814	10.0	0.0	10	1.8	1.077032961426901	4.0	0.0	-0.009855698283782842	-2.2615696065255575	0.02728011947772351	11.7809999705475	26.253999737460006
204	3342336	10	1.6	2.4979991993593593	6.0	0.0	10	2.4	1.9595917942265426	6.0	0.0	-0.01087382734363436	-2.2714054184772827	0.025550590029894883	11.649999970875	29.979999700200004
208	3407872	10	1.8	1.8867962264113207	6.0	0.0	10	3.6	4.6303347611160905	16.0	0.0	-0.010359654657938169	-2.262526248656468	0.027265519463566194	11.583749971040625	34.94599965054
212	3473408	10	0.8	0.9797958971132712	2.0	0.0	10	1.8	1.4000000000000001	4.0	0.0	-0.010550798611916365	-2.2839424707099907	0.026814691680794728	11.753999970615	18.067999819320004
216	3538944	10	2.6	3.693237062523878	12.0	0.0	10	3.8	4.6	16.0	0.0	-0.010311232955081349	-2.2683876452467264	0.027332774108377794	11.763249970591875	37.39199962608001
220	3604480	10	2.0	1.7888543819998317	4.0	0.0	10	3.4	2.9732137494637008	10.0	0.0	-0.011006176620933518	-2.2870778439046764	0.021289914970319186	12.64049996839875	33.33899966661001
224	3670016	10	2.4	1.7435595774162695	6.0	0.0	10	3.6	2.8000000000000003	8.0	0.0	-0.010582914118872012	-2.254397978150456	0.02270645545170983	12.490749968773125	37.75899962241001
228	3735552	10	3.4	2.835489375751565	8.0	0.0	10	3.4	3.1048349392520045	10.0	0.0	-0.011573012994638563	-2.259088900946694	0.027414000803698282	11.767249970581874	41.908999580910006
232	3801088	10	2.0	2.5298221281347035	8.0	0.0	10	2.8	2.4	8.0	0.0	-0.009375205577810358	-2.250810359680638	0.02672123940732449	10.99949997250125	25.906999740930004
236	3866624	10	1.6	2.4979991993593593	8.0	0.0	10	2.6	1.5620499351813308	4.0	0.0	-0.010527753804848753	-2.3077165109495503	0.022567407749570792	11.626249970934374	30.342999696570004
240	3932160	10	1.6	1.2000000000000002	4.0	0.0	10	1.4	1.7999999999999998	6.0	0.0	-0.01065858742499214	-2.26335724916326	0.02603913779332076	12.159749969600625	9.755999902440001
244	3997696	10	1.8	2.2715633383201093	6.0	0.0	10	2.0	2.6832815729997477	8.0	0.0	-0.00941095493567943	-2.2572355590892945	0.028313350123508402	10.490499973773751	43.65199956348001
248	4063232	10	1.8	1.8867962264113207	6.0	0.0	10	4.8	5.15363949069005	18.0	0.0	-0.00901635416233512	-2.3030567887013227	0.034137062317395425	10.688749973278126	28.809999711900005
252	4128768	10	2.6	2.2	8.0	0.0	10	3.2	2.5612496949731396	8.0	0.0	-0.010114424914271	-2.3360742203941394	0.028760052962182002	11.760749970598125	33.093999669060004
256	4194304	10	2.8	5.810335618533579	20.0	0.0	10	3.0	2.569046515733026	8.0	0.0	-0.009999539355268457	-2.3241113893750303	0.03353304772598922	12.052999969867502	15.268999847310003
260	4259840	10	4.6	6.135144660071186	22.0	0.0	10	3.0	2.4083189157584592	6.0	0.0	-0.01065239389461563	-2.3062885922771375	0.027416030155588158	10.7709999730725	37.686999623130006
264	4325376	10	1.2	1.32664991614216	4.0	0.0	10	3.0	2.4083189157584592	6.0	0.0	-0.010899498895091697	-2.3203837844299176	0.027502742321470007	11.817499970456248	37.448999625510005
268	4390912	10	1.4	1.2806248474865698	4.0	0.0	10	1.2	1.32664991614216	4.0	0.0	-0.010505982705093075	-2.354374063266442	0.026292072819756294	11.609749970975626	16.635999833640003
272	4456448	10	2.0	2.6832815729997477	8.0	0.0	10	2.8	1.8330302779823362	6.0	0.0	-0.009711008619786092	-2.3495617258088095	0.027329298237906707	11.277249971806876	28.558999714410007
276	4521984	10	3.2	6.584831053261731	22.0	0.0	10	3.4	1.8000000000000003	6.0	0.0	-0.011345795943907921	-2.3628004215679987	0.023763507757344062	10.553249973616875	26.040999739590003
280	4587520	10	2.0	2.1908902300206643	6.0	0.0	10	2.8	3.5999999999999996	12.0	0.0	-0.009877134232315633	-2.379540244490392	0.02115517252020895	11.581249971046876	35.142999648570004
284	4653056	10	1.8	2.441311123146741	8.0	0.0	10	2.8	2.227105745132009	8.0	0.0	-0.009688676491554056	-2.327099849537994	0.02413143298802985	9.53049997617375	16.197999838020003
288	4718592	10	1.8	1.661324772583615	4.0	0.0	10	3.0	2.569046515733026	6.0	0.0	-0.010565248086510657	-2.329011589046106	0.0254055381008192	11.049249972376874	46.18799953812001
292	4784128	10	2.2	1.886796226411321	6.0	0.0	10	2.4	2.65329983228432	8.0	0.0	-0.010274440395875514	-2.342614131425181	0.024837918082225997	10.282749974293125	40.66199959338
296	4849664	10	2.0	1.2649110640673518	4.0	0.0	10	2.4	2.1540659228538015	6.0	0.0	-0.010467306307086333	-2.332874491567791	0.028969284299226947	10.19599997451	20.752999792470003
300	4915200	10	1.8	1.886796226411321	6.0	0.0	10	5.2	1.6	8.0	2.0	-0.010586125772643644	-2.316464016593596	0.027234910480014196	10.988999972527502	42.01999957980001
304	4980736	10	1.4	1.2806248474865698	4.0	0.0	10	4.4	4.5431266766402185	16.0	0.0	-0.01115632522735017	-2.3534337354235095	0.02111984684377702	10.94249997264375	33.10899966891001
308	5046272	10	2.4	2.33238075793812	6.0	0.0	10	2.8	2.227105745132009	6.0	0.0	-0.010031068713504085	-2.3795403065785634	0.026080343365125633	11.472249971319377	36.50099963499
312	5111808	10	2.2	2.749545416973504	6.0	0.0	10	2.0	1.5491933384829668	6.0	0.0	-0.010418270022279802	-2.334461229299718	0.024600756730417207	11.162499972093748	27.533999724660003
316	5177344	10	1.8	1.8867962264113207	6.0	0.0	10	2.6	2.6907248094147422	8.0	0.0	-0.01088951990224765	-2.3312816716785703	0.02674465811493992	11.752999970617502	9.07199990928
320	5242880	10	1.6	1.4966629547095764	4.0	0.0	10	3.0	2.8635642126552705	8.0	0.0	-0.010818914290903996	-2.3250414801202233	0.027152916762943374	11.852999970367502	38.831999611680004
324	5308416	10	2.6	2.2	6.0	0.0	10	5.2	5.6	20.0	0.0	-0.010037217520994466	-2.313451888419605	0.02154084588758712	11.187249972031873	41.28099958719
328	5373952	10	2.4	2.4979991993593593	6.0	0.0	10	2.6	2.8354893757515653	10.0	0.0	-0.010630577466856679	-2.353730549169772	0.020576811956116173	10.741249973146875	33.862999661370004
332	5439488	10	1.0	1.0	2.0	0.0	10	2.2	2.08806130178211	6.0	0.0	-0.010362167111585703	-2.3500019036269033	0.017381351400529276	10.627499973431252	42.15399957846001
336	5505024	10	1.4	1.562049935181331	4.0	0.0	10	2.0	2.8284271247461903	8.0	0.0	-0.009551222614608747	-2.3000105592199427	0.024018236064799383	10.633249973416875	45.83799954162001
340	5570560	10	3.6	3.2	10.0	0.0	10	2.8	1.8330302779823362	6.0	0.0	-0.010181580800084591	-2.341764633610296	0.018449010500159593	11.315249971711875	38.76299961237
344	5636096	10	1.4	2.009975124224178	6.0	0.0	10	2.4	1.2000000000000002	4.0	0.0	-0.010323756286031853	-2.2889701150456903	0.02304819326918147	12.572749968568125	5.782999942170001
348	5701632	10	1.8	1.886796226411321	6.0	0.0	10	2.4	2.1540659228538015	6.0	0.0	-0.010676989076070766	-2.269654306036243	0.024085977112228076	11.344249971639375	29.036999709630003
352	5767168	10	1.6	2.8000000000000003	8.0	0.0	10	3.6	2.8000000000000003	8.0	0.0	-0.010799056225941807	-2.3065352189125043	0.02340019423232047	11.060999972347503	25.342999746570005
356	5832704	10	1.0	1.3416407864998738	4.0	0.0	10	3.2	2.227105745132009	6.0	0.0	-0.010272103908837541	-2.2760059160603516	0.0213084235998026	11.370249971574374	39.537999604620005
360	5898240	10	3.0	1.61245154965971	6.0	0.0	10	2.4	1.9595917942265424	6.0	0.0	-0.010033848328188589	-2.278189095120742	0.025573458878841552	11.761999970595001	40.99499959005001
364	5963776	10	2.0	1.5491933384829668	4.0	0.0	10	4.0	2.8284271247461903	8.0	0.0	-0.010372160759421043	-2.305753417072916	0.025526518067402366	11.0799999723	32.67699967323001
368	6029312	10	1.0	1.3416407864998738	4.0	0.0	10	4.8	2.993325909419153	8.0	0.0	-0.00998120090679564	-2.263435373467864	0.024188225601298043	11.0799999723	40.885999591140006
372	6094848	10	3.4	2.690724809414742	10.0	0.0	10	3.0	2.04939015319192	6.0	0.0	-0.009843717603452424	-2.2630493564036507	0.025752480003318097	10.253999974365	35.58599964414
376	6160384	10	1.2	1.5999999999999999	4.0	0.0	10	2.2	1.4	4.0	0.0	-0.009848946653502912	-2.29027572250351	0.028515232044871854	12.184249969539376	37.82799962172001
380	6225920	10	1.6	1.2000000000000002	4.0	0.0	10	2.2	2.4413111231467406	6.0	0.0	-0.009474288389884853	-2.237620865072179	0.030082146847436236	10.832249972919376	36.89999963100001
384	6291456	10	1.6	2.4979991993593593	8.0	0.0	10	2.6	2.0099751242241783	6.0	0.0	-0.01015297247447096	-2.2481664938372994	0.025185524444576706	11.637749970905626	24.468999755310005
388	6356992	10	4.0	3.3466401061363023	10.0	0.0	10	3.0	2.569046515733026	8.0	0.0	-0.010006275780009634	-2.305648115533824	0.02579246669700229	11.598749971003127	24.72599975274
392	6422528	10	1.2	1.32664991614216	4.0	0.0	10	2.2	2.08806130178211	6.0	0.0	-0.010809559463658497	-2.284377505143946	0.024800701287397576	13.17199996707	19.58299980417
396	6488064	10	1.6	2.4979991993593593	8.0	0.0	10	2.6	2.3748684174075834	6.0	0.0	-0.009440710490633802	-2.3193458390800146	0.031647952076165844	13.164249967089376	33.05899966941
400	6553600	10	1.0	1.61245154965971	4.0	0.0	10	3.0	2.4083189157584592	8.0	0.0	-0.010725227680666902	-2.3053946169796204	0.04120094429582831	12.32549996918625	29.950999700490005
404	6619136	10	1.2	1.32664991614216	4.0	0.0	10	2.2	2.08806130178211	6.0	0.0	-0.009927548986097134	-2.3230404652718817	0.028344902614438602	11.6109999709725	23.088999769110004
408	6684672	10	1.6	2.65329983228432	8.0	0.0	10	4.6	1.2806248474865698	6.0	2.0	-0.010378294892517577	-2.328427262361692	0.028532799194543924	11.237999971905	39.413999605860006
412	6750208	10	2.4	2.8	8.0	0.0	10	2.8	1.6	6.0	0.0	-0.009831331011998668	-2.329971037562375	0.027504656228165753	11.361499971596249	40.29699959703
416	6815744	10	1.8	2.2715633383201097	6.0	0.0	10	2.4	2.65329983228432	8.0	0.0	-0.009929305215515436	-2.3397880641168904	0.029186608829444457	11.941999970145	26.672999733270004
