iter	frame	n_test	mean_returns	std_returns	max_returns	min_returns	n_test_train	mean_returns_train	std_returns_train	max_returns_train	min_returns_train	actor_loss	entropy_loss	value_loss	training_time	evaluation_time
0	0	10	4.0	4.898979485566356	10.0	0.0	10	1.0	3.0	10.0	0.0	0	0	0	0.0	16.851999831480004
4	65536	10	3.0	4.58257569495584	10.0	0.0	10	3.0	4.58257569495584	10.0	0.0	0.0038857956638411904	-2.5656470827569287	1.1648330395448787	11.962249970094375	12.101999878980003
8	131072	10	4.0	4.898979485566356	10.0	0.0	10	5.0	5.0	10.0	0.0	0.0011103018440488397	-2.5767229966618723	0.9165864585875361	12.381999969045001	5.560999944390001
12	196608	10	1.0	3.0	10.0	0.0	10	5.0	5.0	10.0	0.0	0.0016977722478309714	-2.531090932324127	0.8567784769188962	11.598249971004373	6.790999932090002
16	262144	10	3.0	4.58257569495584	10.0	0.0	10	3.0	4.58257569495584	10.0	0.0	0.0029823862105256495	-2.51579761230568	0.5482683690314589	13.265999966835	3.0199999698000006
20	327680	10	2.0	4.0	10.0	0.0	10	1.0	3.0	10.0	0.0	4.404037705319079e-05	-2.524774312710025	0.2869869263854198	11.534249971164375	8.454999915450001
24	393216	10	4.0	4.898979485566356	10.0	0.0	10	2.0	4.0	10.0	0.0	-0.0003103293201679273	-2.526489230230528	0.1655384855715727	12.140749969648127	9.108999908910002
28	458752	10	3.0	4.58257569495584	10.0	0.0	10	2.0	4.0	10.0	0.0	-0.001608043678500047	-2.5173200068235793	0.2023233962034532	12.985749967535625	12.651999873480001
32	524288	10	4.0	4.898979485566356	10.0	0.0	10	5.0	5.0	10.0	0.0	-0.0017735476623149265	-2.4705083566317443	0.3100340945788876	11.160249972099374	13.267999867320002
36	589824	10	4.0	4.898979485566356	10.0	0.0	10	4.0	4.898979485566356	10.0	0.0	-0.0014441287420000665	-2.4129770544638047	0.34612052604675947	12.308999969227502	6.802999931970001
40	655360	10	4.0	4.898979485566356	10.0	0.0	10	4.0	4.898979485566356	10.0	0.0	-0.0010168442118358189	-2.375808092207589	0.2588000300381212	12.414749968963124	5.566999944330001
44	720896	10	2.0	4.0	10.0	0.0	10	2.0	4.0	10.0	0.0	-0.0019740658291150237	-2.337675114229199	0.22943134789759156	11.3109999717225	11.686999883130001
48	786432	10	7.0	4.58257569495584	10.0	0.0	10	2.0	4.0	10.0	0.0	-0.0018447909895155238	-2.3206214778191496	0.14412885495357164	13.041999967395	3.7239999627600007
52	851968	10	3.0	4.58257569495584	10.0	0.0	10	2.0	4.0	10.0	0.0	-0.0013172554437755613	-2.405979498970225	0.15177223732821446	12.274249969314376	4.170999958290001
56	917504	10	4.0	4.898979485566356	10.0	0.0	10	2.0	4.0	10.0	0.0	-0.0012806221152641172	-2.41612446282968	0.17850631908206369	12.20949996947625	12.771999872280002
60	983040	10	2.0	4.0	10.0	0.0	10	5.0	5.0	10.0	0.0	-0.0025658758407851477	-2.4262177842314965	0.18875826047319397	11.426499971433751	6.185999938140001
64	1048576	10	4.0	4.898979485566356	10.0	0.0	10	4.0	4.898979485566356	10.0	0.0	-0.00152232998379287	-2.4310092401952446	0.13649736875022422	12.500999968747498	12.116999878830002
68	1114112	10	7.0	4.58257569495584	10.0	0.0	10	2.0	4.0	10.0	0.0	-0.0012539544257891807	-2.5014448486146375	0.15544689751628807	10.945999972635	12.258999877410002
72	1179648	10	4.0	4.898979485566356	10.0	0.0	10	3.0	4.58257569495584	10.0	0.0	-9.205020613940837e-05	-2.480883545915147	0.10596876417657446	11.300249971749375	10.780999892190001
76	1245184	10	2.0	4.0	10.0	0.0	10	4.0	4.898979485566356	10.0	0.0	-0.0017403396193919202	-2.487705113727992	0.14488722460076955	12.86349996784125	8.13299991867
80	1310720	10	1.0	3.0	10.0	0.0	10	4.0	4.898979485566356	10.0	0.0	-0.0007974077803513296	-2.464113351942717	0.2727370331711088	11.610249970974376	11.985999880140003
84	1376256	10	2.0	4.0	10.0	0.0	10	7.0	4.58257569495584	10.0	0.0	-0.0020685288555763867	-2.4869309412829343	0.15545294013117708	11.646249970884375	8.40099991599
88	1441792	10	3.0	4.58257569495584	10.0	0.0	10	6.0	4.898979485566356	10.0	0.0	-0.000991368282987535	-2.4868744658820154	0.15253705537530812	12.44349996889125	7.385999926140001
92	1507328	10	3.0	4.58257569495584	10.0	0.0	10	8.0	4.0	10.0	0.0	-0.0007815587158897743	-2.494874492027753	0.15248067776325963	10.898999972752499	19.619999803800003
96	1572864	10	3.0	4.58257569495584	10.0	0.0	10	7.0	4.58257569495584	10.0	0.0	-0.0028222289483984205	-2.502699856696102	0.16965643625180943	11.241749971895626	5.585999944140001
100	1638400	10	1.0	3.0	10.0	0.0	10	2.0	4.0	10.0	0.0	-0.0018251987589406981	-2.4758187157316915	0.18477260614372806	12.134249969664374	5.454999945450001
104	1703936	10	3.0	4.58257569495584	10.0	0.0	10	6.0	4.898979485566356	10.0	0.0	-0.0011159522714832327	-2.507230040666558	0.175528689036488	11.304249971739376	9.133999908660002
108	1769472	10	2.0	4.0	10.0	0.0	10	4.0	4.898979485566356	10.0	0.0	-0.0015070021131523988	-2.5335437826656686	0.13586017433690928	13.016499967458751	9.636999903630002
112	1835008	10	4.0	4.898979485566356	10.0	0.0	10	5.0	5.0	10.0	0.0	-0.002169893561966222	-2.5025096533075897	0.12761503720568476	11.3229999716925	9.899999901000003
116	1900544	10	1.0	3.0	10.0	0.0	10	1.0	3.0	10.0	0.0	-0.0015358510704488815	-2.5295315729923638	0.07873808789643764	11.549499971126252	6.8059999319400015
120	1966080	10	6.0	4.898979485566356	10.0	0.0	10	4.0	4.898979485566356	10.0	0.0	-0.002117175853610068	-2.4816413593687425	0.12532182149059728	12.41849996895375	5.459999945400001
124	2031616	10	5.0	5.0	10.0	0.0	10	1.0	3.0	10.0	0.0	-0.00293118921126517	-2.4384275101068735	0.14822819849756014	12.4369999689075	8.415999915840002
128	2097152	10	2.0	4.0	10.0	0.0	10	3.0	4.58257569495584	10.0	0.0	-0.003297706257965097	-2.4602410169859974	0.15359671839154682	11.740749970648125	9.178999908210002
132	2162688	10	6.0	4.898979485566356	10.0	0.0	10	3.0	4.58257569495584	10.0	0.0	-0.0028084099331060126	-2.469059797367553	0.19562099088118737	12.705749968235626	5.298999947010001
136	2228224	10	4.0	4.898979485566356	10.0	0.0	10	4.0	4.898979485566356	10.0	0.0	-0.003480660435284048	-2.4918409061816447	0.13956441693882454	12.766499968083751	7.785999922140001
140	2293760	10	2.0	4.0	10.0	0.0	10	3.0	4.58257569495584	10.0	0.0	-0.003422310354782319	-2.5029657952363737	0.17212288436860004	12.485999968784999	11.747999882520002
144	2359296	10	2.0	4.0	10.0	0.0	10	3.0	4.58257569495584	10.0	0.0	-0.003999795131259719	-2.534181698892784	0.15287681873071413	12.374749969063126	5.995999940040002
148	2424832	10	1.0	3.0	10.0	0.0	10	2.0	4.0	10.0	0.0	-0.0033334324006787453	-2.5204333635526033	0.15961238802300237	12.685499968286251	12.418999875810002
152	2490368	10	2.0	4.0	10.0	0.0	10	2.0	4.0	10.0	0.0	-0.003086103679057979	-2.526742073133639	0.13904488465542106	11.8649999703375	16.247999837520005
156	2555904	10	2.0	4.0	10.0	0.0	10	3.0	4.58257569495584	10.0	0.0	-0.003709947008466549	-2.524026438330945	0.10845647836526484	11.86449997033875	12.978999870210002
160	2621440	10	2.0	4.0	10.0	0.0	10	4.0	4.898979485566356	10.0	0.0	-0.004051094950715212	-2.5527756782693882	0.10117971251906507	11.96349997009125	9.724999902750001
164	2686976	10	5.0	5.0	10.0	0.0	10	4.0	4.898979485566356	10.0	0.0	-0.0032924186158406073	-2.564007845750594	0.09090742617286633	12.249249969376875	11.939999880600002
168	2752512	10	4.0	4.898979485566356	10.0	0.0	10	2.0	4.0	10.0	0.0	-0.0018650622294320688	-2.587770486601842	0.0660840258961779	11.512749971218126	10.684999893150001
172	2818048	10	5.0	5.0	10.0	0.0	10	2.0	4.0	10.0	0.0	-0.004707088031373937	-2.578791608144436	0.08483054983506384	13.603999965989999	13.845999861540003
176	2883584	10	4.0	4.898979485566356	10.0	0.0	10	2.0	4.0	10.0	0.0	-0.003244266755211137	-2.6088368914787408	0.06994041834695013	12.706749968233124	18.158999818410003
180	2949120	10	1.0	3.0	10.0	0.0	10	1.0	3.0	10.0	0.0	-0.0022316491301757227	-2.62764731270519	0.045911401044645556	12.00849996997875	17.7699998223
184	3014656	10	3.0	4.58257569495584	10.0	0.0	10	3.0	4.58257569495584	10.0	0.0	-0.0026552017113280206	-2.6196488015108406	0.055732810999825334	11.214249971964376	23.482999765170003
188	3080192	10	2.0	4.0	10.0	0.0	10	4.0	4.898979485566356	10.0	0.0	-0.0033581827346540302	-2.619076413140068	0.0190016610545084	11.26799997183	21.778999782210004
192	3145728	10	1.0	3.0	10.0	0.0	10	1.0	3.0	10.0	0.0	-0.002928890319100186	-2.597379157669986	0.026591604345977488	12.536749968658125	12.873999871260002
196	3211264	10	2.0	4.0	10.0	0.0	10	2.0	4.0	10.0	0.0	-0.0031273421527431775	-2.6020253099274213	0.03730104367277316	12.3549999691125	16.3299998367
200	3276800	10	2.0	4.0	10.0	0.0	10	4.0	4.898979485566356	10.0	0.0	-0.0027080375436433694	-2.601451473660487	0.027450499300226534	12.064499969838751	18.01599981984
204	3342336	10	2.0	4.0	10.0	0.0	10	3.0	4.58257569495584	10.0	0.0	-0.0033124475045229855	-2.5963461619891257	0.026985619415647855	11.86449997033875	19.438999805610003
208	3407872	10	4.0	4.898979485566356	10.0	0.0	10	2.0	4.0	10.0	0.0	-0.0021124414340720765	-2.5874552947567757	0.019620863704178895	12.207999969480003	14.208999857910001
212	3473408	10	3.0	4.58257569495584	10.0	0.0	10	3.0	4.58257569495584	10.0	0.0	-0.003174851357140484	-2.595454357294089	0.01779753723406272	12.511249968721875	14.860999851390003
216	3538944	10	0.0	0.0	0.0	0.0	10	3.0	4.58257569495584	10.0	0.0	-0.001954621775842314	-2.599192214238102	0.04452631449345695	12.589999968525	16.876999831230002
220	3604480	10	4.0	4.898979485566356	10.0	0.0	10	4.0	4.898979485566356	10.0	0.0	-0.0031955714193530513	-2.6097210320098707	0.026477690274654478	11.847999970380002	10.78299989217
224	3670016	10	2.0	4.0	10.0	0.0	10	4.0	4.898979485566356	10.0	0.0	-0.0029767118415527294	-2.6162246835486775	0.045978966998579604	11.805999970485	11.909999880900003
228	3735552	10	1.0	3.0	10.0	0.0	10	1.0	3.0	10.0	0.0	-0.00308987985982892	-2.6150519100087797	0.029656550541952455	12.492749968768125	12.443999875560003
232	3801088	10	3.0	4.58257569495584	10.0	0.0	10	4.0	4.898979485566356	10.0	0.0	-0.002958968878066209	-2.604654657072705	0.045991770663688335	10.839749972900623	8.09699991903
236	3866624	10	1.0	3.0	10.0	0.0	10	1.0	3.0	10.0	0.0	-0.003306262805946358	-2.6260828099892883	0.02000460980256517	12.405249968986876	15.448999845510002
240	3932160	10	2.0	4.0	10.0	0.0	10	3.0	4.58257569495584	10.0	0.0	-0.0029849123963305193	-2.603139107154847	0.03505406471229905	12.572999968567501	14.914999850850002
244	3997696	10	2.0	4.0	10.0	0.0	10	6.0	4.898979485566356	10.0	0.0	-0.003274340720622587	-2.6172961738959515	0.08489770332708739	11.70449997073875	20.758999792410005
248	4063232	10	4.0	4.898979485566356	10.0	0.0	10	3.0	4.58257569495584	10.0	0.0	-0.0036602764832854937	-2.6056239502894685	0.09536471837759046	11.171999972070001	20.535999794640006
252	4128768	10	1.0	3.0	10.0	0.0	10	1.0	3.0	10.0	0.0	-0.0029834663870663427	-2.5998254365994415	0.08796171328921645	11.506249971234373	12.082999879170002
256	4194304	10	0.0	0.0	0.0	0.0	10	4.0	4.898979485566356	10.0	0.0	-0.0019795012677665145	-2.608965801424215	0.06798477293603374	12.101999969745	17.422999825770003
260	4259840	10	4.0	4.898979485566356	10.0	0.0	10	4.0	4.898979485566356	10.0	0.0	-0.004010420852446874	-2.5973296088254947	0.09489514491463653	11.626749970933124	17.518999824810003
264	4325376	10	3.0	4.58257569495584	10.0	0.0	10	2.0	4.0	10.0	0.0	-0.0033498673676904196	-2.5833372769048983	0.08641844433996292	12.2929999692675	8.719999912800002
268	4390912	10	0.0	0.0	0.0	0.0	10	2.0	4.0	10.0	0.0	-0.003189312229522378	-2.603115568287217	0.05361842760296496	12.607249968481874	10.047999899520002
272	4456448	10	4.0	4.898979485566356	10.0	0.0	10	2.0	4.0	10.0	0.0	-0.004312684351594777	-2.592002120840757	0.10691778099719258	11.952749970118125	15.019999849800001
276	4521984	10	1.0	3.0	10.0	0.0	10	2.0	4.0	10.0	0.0	-0.0039943115669992535	-2.601793693728429	0.07241016641125803	12.26049996934875	10.855999891440002
280	4587520	10	2.0	4.0	10.0	0.0	10	3.0	4.58257569495584	10.0	0.0	-0.002668186918855165	-2.6112955433390397	0.048937368560529416	13.150749967123124	19.304999806950004
284	4653056	10	4.0	4.898979485566356	10.0	0.0	10	5.0	5.0	10.0	0.0	-0.0029881289492469433	-2.622202341482085	0.041488220818714505	12.636999968407501	20.67099979329
288	4718592	10	4.0	4.898979485566356	10.0	0.0	10	3.0	4.58257569495584	10.0	0.0	-0.0028953460420492673	-2.6317989947637277	0.0523338635775927	11.849499970376248	9.06199990938
292	4784128	10	4.0	4.898979485566356	10.0	0.0	10	1.0	3.0	10.0	0.0	-0.003117619506437766	-2.617562378173598	0.06992964545739364	10.913749972715625	13.885999861140002
296	4849664	10	2.0	4.0	10.0	0.0	10	4.0	4.898979485566356	10.0	0.0	-0.002901054952418297	-2.6115765742720725	0.09881093410211446	13.110249967224375	6.892999931070001
300	4915200	10	3.0	4.58257569495584	10.0	0.0	10	0.0	0.0	0.0	0.0	-0.0037398798421281712	-2.576467913617529	0.20131800073274997	12.93599996766	10.123999898760003
304	4980736	10	6.0	4.898979485566356	10.0	0.0	10	4.0	4.898979485566356	10.0	0.0	-0.003597292072531363	-2.568664105962372	0.15017393819665223	11.473249971316875	6.042999939570001
308	5046272	10	2.0	4.0	10.0	0.0	10	1.0	3.0	10.0	0.0	-0.004004771005876431	-2.556176100901728	0.1900285324659934	12.13349996966625	11.822999881770002
312	5111808	10	2.0	4.0	10.0	0.0	10	3.0	4.58257569495584	10.0	0.0	-0.003773778887596363	-2.539745645953902	0.23072202120987775	12.574749968563124	13.235999867640002
316	5177344	10	3.0	4.58257569495584	10.0	0.0	10	1.0	3.0	10.0	0.0	-0.0028158297873331585	-2.515452210839823	0.2206131651146879	12.548249968629374	17.74599982254
320	5242880	10	5.0	5.0	10.0	0.0	10	2.0	4.0	10.0	0.0	-0.0029575282942410925	-2.5144769348068414	0.17499693900386515	12.2869999692825	12.862999871370002
324	5308416	10	3.0	4.58257569495584	10.0	0.0	10	3.0	4.58257569495584	10.0	0.0	-0.004705015135303065	-2.5139524412516683	0.19223163631915355	11.271249971821875	13.083999869160001
328	5373952	10	5.0	5.0	10.0	0.0	10	6.0	4.898979485566356	10.0	0.0	-0.0038460526795699194	-2.501773389416605	0.25354819850838534	11.5989999710025	13.548999864510002
332	5439488	10	5.0	5.0	10.0	0.0	10	2.0	4.0	10.0	0.0	-0.003292141027143719	-2.513879440462987	0.20186376585074567	12.523499968691251	9.728999902710001
336	5505024	10	3.0	4.58257569495584	10.0	0.0	10	3.0	4.58257569495584	10.0	0.0	-0.005075210716997441	-2.4821741901236027	0.18826933932702591	12.280249969299376	8.020999919790002
340	5570560	10	3.0	4.58257569495584	10.0	0.0	10	1.0	3.0	10.0	0.0	-0.004074909335819597	-2.4767316825591483	0.2664492072570431	11.909249970226876	13.909999860900003
344	5636096	10	3.0	4.58257569495584	10.0	0.0	10	4.0	4.898979485566356	10.0	0.0	-0.0038288096519816556	-2.4486031753254385	0.22284450822051172	12.57949996855125	10.280999897190002
348	5701632	10	5.0	5.0	10.0	0.0	10	2.0	4.0	10.0	0.0	-0.0050147965031031244	-2.4600637552559808	0.19919879833334433	12.361999969095	10.030999899690002
352	5767168	10	6.0	4.898979485566356	10.0	0.0	10	3.0	4.58257569495584	10.0	0.0	-0.004832778646941573	-2.3801481895152956	0.22078875838031234	11.9609999700975	8.82199991178
356	5832704	10	5.0	5.0	10.0	0.0	10	3.0	4.58257569495584	10.0	0.0	-0.004827688823552677	-2.3824760936202396	0.17833275811751728	12.13149996967125	22.981999770180003
360	5898240	10	3.0	4.58257569495584	10.0	0.0	10	5.0	5.0	10.0	0.0	-0.0027912177923526374	-2.351981180164592	0.18176682035407957	11.053999972364998	11.328999886710003
364	5963776	10	4.0	4.898979485566356	10.0	0.0	10	6.0	4.898979485566356	10.0	0.0	-0.0006488524910240375	-2.312739838915558	0.1213451817815761	12.09649996975875	10.626999893730002
368	6029312	10	2.0	4.0	10.0	0.0	10	3.0	4.58257569495584	10.0	0.0	-0.0011446005008737357	-2.3351261315297527	0.10461879730066152	13.66049996584875	15.507999844920002
372	6094848	10	6.0	4.898979485566356	10.0	0.0	10	3.0	4.58257569495584	10.0	0.0	-0.0017457743134704155	-2.2793368794133206	0.10443920998056605	11.995249970011876	10.449999895500001
376	6160384	10	6.0	4.898979485566356	10.0	0.0	10	4.0	4.898979485566356	10.0	0.0	-0.0019237861328714012	-2.340259092305706	0.12809520733450178	12.107499969731249	13.398999866010001
380	6225920	10	4.0	4.898979485566356	10.0	0.0	10	7.0	4.58257569495584	10.0	0.0	-0.002845805720129704	-2.278806954384893	0.1543740668794142	12.594249968514374	15.615999843840003
384	6291456	10	4.0	4.898979485566356	10.0	0.0	10	5.0	5.0	10.0	0.0	-0.0038139163900540087	-2.2993773269244957	0.14079968039963253	11.313999971715	16.467999835320004
388	6356992	10	5.0	5.0	10.0	0.0	10	3.0	4.58257569495584	10.0	0.0	-0.002955136114598227	-2.3395382858859315	0.14179194049674473	12.244499969388748	15.481999845180002
392	6422528	10	4.0	4.898979485566356	10.0	0.0	10	3.0	4.58257569495584	10.0	0.0	-0.0042754624611707065	-2.295770272373429	0.22190136002238287	12.120749969698126	8.338999916610002
396	6488064	10	5.0	5.0	10.0	0.0	10	8.0	4.0	10.0	0.0	-0.003774656062494322	-2.3422087627196326	0.15912037356651326	11.531249971171876	8.365999916340002
400	6553600	10	3.0	4.58257569495584	10.0	0.0	10	6.0	4.898979485566356	10.0	0.0	-0.005201687770208298	-2.3916431265564935	0.13899941919475778	12.140249969649377	5.172999948270001
404	6619136	10	7.0	4.58257569495584	10.0	0.0	10	2.0	4.0	10.0	0.0	-0.004186734367540778	-2.336834204450215	0.12962720797909558	12.2209999694475	6.728999932710001
408	6684672	10	4.0	4.898979485566356	10.0	0.0	10	1.0	3.0	10.0	0.0	-0.0031708778402724704	-2.3185979026127628	0.14415130630807044	11.780749970548126	15.265999847340002
412	6750208	10	4.0	4.898979485566356	10.0	0.0	10	5.0	5.0	10.0	0.0	-0.002536241799173559	-2.338235353186546	0.1382348443392714	13.074249967314374	11.749999882500003
416	6815744	10	3.0	4.58257569495584	10.0	0.0	10	4.0	4.898979485566356	10.0	0.0	-0.003411291630020632	-2.362837905438978	0.12205813373719779	11.988249970029374	8.60299991397
420	6881280	10	4.0	4.898979485566356	10.0	0.0	10	5.0	5.0	10.0	0.0	-0.0029449295540532236	-2.3792551480238804	0.11474009660274398	11.880249970299378	6.857999931420001
424	6946816	10	2.0	4.0	10.0	0.0	10	5.0	5.0	10.0	0.0	-0.0033119776753246736	-2.387551883607752	0.08798391351646355	11.914749970213125	16.131999838680002
428	7012352	10	6.0	4.898979485566356	10.0	0.0	10	2.0	4.0	10.0	0.0	-0.004225665470145053	-2.3402182954098882	0.14120408961009848	12.479499968801251	10.64499989355
432	7077888	10	3.0	4.58257569495584	10.0	0.0	10	2.0	4.0	10.0	0.0	-0.0038038300453060135	-2.3266570342143695	0.1751847256879067	11.639749970900624	6.665999933340001
436	7143424	10	4.0	4.898979485566356	10.0	0.0	10	3.0	4.58257569495584	10.0	0.0	-0.0033007005643308994	-2.3127648629322537	0.13374321805472275	13.203749966990625	10.874999891250003
440	7208960	10	3.0	4.58257569495584	10.0	0.0	10	4.0	4.898979485566356	10.0	0.0	-0.004492313190729708	-2.3743534880390076	0.09611518241550435	12.981999967544999	6.680999933190001
444	7274496	10	5.0	5.0	10.0	0.0	10	3.0	4.58257569495584	10.0	0.0	-0.003968824384669861	-2.4038630522767073	0.07795322845692847	11.787749970530626	21.976999780230003
448	7340032	10	4.0	4.898979485566356	10.0	0.0	10	6.0	4.898979485566356	10.0	0.0	-0.004790304431891267	-2.455108813685738	0.047261959385578214	11.439249971401875	13.703999862960003
452	7405568	10	4.0	4.898979485566356	10.0	0.0	10	4.0	4.898979485566356	10.0	0.0	-0.003962496673508363	-2.4615817415136934	0.0705031677134003	11.925249970186876	15.319999846800004
456	7471104	10	3.0	4.58257569495584	10.0	0.0	10	2.0	4.0	10.0	0.0	-0.003880737814648027	-2.439851450169248	0.07262523449239662	11.787249970531876	17.767999822320004
460	7536640	10	3.0	4.58257569495584	10.0	0.0	10	4.0	4.898979485566356	10.0	0.0	-0.001542506019016703	-2.5080065774291915	0.06913933957070909	11.550249971124376	15.457999845420003
464	7602176	10	5.0	5.0	10.0	0.0	10	5.0	5.0	10.0	0.0	-0.0029516615271210004	-2.468269765119933	0.09778783469373603	12.141499969646251	15.923999840760002
468	7667712	10	2.0	4.0	10.0	0.0	10	5.0	5.0	10.0	0.0	-0.004544677486422024	-2.4651881155783992	0.1051081305958739	12.461999968845	16.20499983795
472	7733248	10	3.0	4.58257569495584	10.0	0.0	10	4.0	4.898979485566356	10.0	0.0	-0.00416601839320373	-2.45993364576703	0.12378321873907783	11.515749971210626	14.754999852450004
476	7798784	10	4.0	4.898979485566356	10.0	0.0	10	5.0	5.0	10.0	0.0	-0.0035636693060876897	-2.4677273131819963	0.13448580640209032	12.509999968725	5.822999941770001
480	7864320	10	7.0	4.58257569495584	10.0	0.0	10	4.0	4.898979485566356	10.0	0.0	-0.003159935593101258	-2.493057340123836	0.15867808032680192	13.01999996745	13.499999865000003
484	7929856	10	2.0	4.0	10.0	0.0	10	6.0	4.898979485566356	10.0	0.0	-0.003720973811966506	-2.511873287197561	0.12991634941237895	12.00049996999875	6.991999930080001
488	7995392	10	8.0	4.0	10.0	0.0	10	5.0	5.0	10.0	0.0	-0.0032957826815216856	-2.4933512059237093	0.1319341372250673	11.976249970059376	15.541999844580003
492	8060928	10	4.0	4.898979485566356	10.0	0.0	10	7.0	4.58257569495584	10.0	0.0	-0.004887785941512923	-2.494797078011832	0.11890179847952387	11.668499970828751	8.220999917790001
496	8126464	10	3.0	4.58257569495584	10.0	0.0	10	2.0	4.0	10.0	0.0	-0.0038857318670321764	-2.459842490396963	0.11357576348411859	11.93249997016875	14.243999857560002
500	8192000	10	5.0	5.0	10.0	0.0	10	0.0	0.0	0.0	0.0	-0.003489477331580633	-2.479110963384356	0.1287776513938759	11.882249970294376	9.793999902060001
504	8257536	10	2.0	4.0	10.0	0.0	10	4.0	4.898979485566356	10.0	0.0	-0.0040274335717234815	-2.464124324164408	0.1512146409598678	11.733499970666251	15.346999846530002
508	8323072	10	5.0	5.0	10.0	0.0	10	3.0	4.58257569495584	10.0	0.0	-0.002996480016909244	-2.4417105488419213	0.08254443287649274	11.919249970201877	8.467999915320002
512	8388608	10	4.0	4.898979485566356	10.0	0.0	10	4.0	4.898979485566356	10.0	0.0	-0.0026440204647137826	-2.4980003284792756	0.07507381733927856	12.097749969755625	18.383999816160003
516	8454144	10	5.0	5.0	10.0	0.0	10	4.0	4.898979485566356	10.0	0.0	-0.0035360531967505025	-2.536097178592355	0.0690608230192298	12.510249968724375	16.527999834720003
520	8519680	10	2.0	4.0	10.0	0.0	10	5.0	5.0	10.0	0.0	-0.004311018632663867	-2.553913565707408	0.02802007230104584	11.717749970705626	18.54799981452
524	8585216	10	5.0	5.0	10.0	0.0	10	4.0	4.898979485566356	10.0	0.0	-0.0029258343126138215	-2.5505845097030715	0.05822128460446502	10.583749973540623	11.965999880340002
528	8650752	10	6.0	4.898979485566356	10.0	0.0	10	5.0	5.0	10.0	0.0	-0.00315952276254223	-2.5540841318489957	0.09189988442825883	14.287499964281253	12.808999871910002
532	8716288	10	4.0	4.898979485566356	10.0	0.0	10	5.0	5.0	10.0	0.0	-0.0039373550870390114	-2.5670039079892932	0.05188090528286734	12.400249968999375	12.14899987851
536	8781824	10	5.0	5.0	10.0	0.0	10	7.0	4.58257569495584	10.0	0.0	-0.0033784541904239847	-2.527168070013331	0.07624794133571455	11.258749971853126	17.73699982263
540	8847360	10	4.0	4.898979485566356	10.0	0.0	10	5.0	5.0	10.0	0.0	-0.0036335748514682905	-2.5440919048917614	0.07557542768761549	11.72349997069125	9.146999908530002
544	8912896	10	6.0	4.898979485566356	10.0	0.0	10	7.0	4.58257569495584	10.0	0.0	-0.003956673198336071	-2.4953187775992816	0.12264236410733562	12.55949996860125	9.191999908080001
548	8978432	10	4.0	4.898979485566356	10.0	0.0	10	6.0	4.898979485566356	10.0	0.0	-0.004008856493668817	-2.514681835707343	0.15327003573333567	12.300999969247501	7.2299999277000015
552	9043968	10	8.0	4.0	10.0	0.0	10	3.0	4.58257569495584	10.0	0.0	-0.0037375592724601375	-2.5165627347788404	0.13211274125769898	11.867749970330626	5.581999944180001
556	9109504	10	1.0	3.0	10.0	0.0	10	4.0	4.898979485566356	10.0	0.0	-0.0035291684200842266	-2.473680125912642	0.09940259239551642	12.350999969122501	9.307999906920001
560	9175040	10	7.0	4.58257569495584	10.0	0.0	10	6.0	4.898979485566356	10.0	0.0	-0.004053312899064407	-2.4611891356527065	0.07702007711897024	12.524249968689373	8.207999917920002
564	9240576	10	6.0	4.898979485566356	10.0	0.0	10	3.0	4.58257569495584	10.0	0.0	-0.0032742707744167297	-2.4971726583820106	0.08151287384801507	10.77149997307125	10.939999890600001
568	9306112	10	3.0	4.58257569495584	10.0	0.0	10	5.0	5.0	10.0	0.0	-0.0037611615088304078	-2.508944906032997	0.11330960251297167	12.017249969956875	14.053999859460003
572	9371648	10	6.0	4.898979485566356	10.0	0.0	10	9.0	3.0	10.0	0.0	-0.0035457589337304202	-2.5163191156945075	0.0719946581446077	12.452249968869376	6.130999938690001
576	9437184	10	3.0	4.58257569495584	10.0	0.0	10	6.0	4.898979485566356	10.0	0.0	-0.00400375774146727	-2.494398345290068	0.05955211689055978	11.761249970596875	7.6079999239200005
580	9502720	10	4.0	4.898979485566356	10.0	0.0	10	6.0	4.898979485566356	10.0	0.0	-0.0038858140732266123	-2.5000591225801405	0.061661804607505824	10.892999972767502	9.66799990332
584	9568256	10	4.0	4.898979485566356	10.0	0.0	10	3.0	4.58257569495584	10.0	0.0	-0.002799317191917047	-2.530250722899719	0.1510787151674139	12.0509999698725	5.415999945840001
588	9633792	10	5.0	5.0	10.0	0.0	10	4.0	4.898979485566356	10.0	0.0	-0.004373302927735902	-2.5421840868725702	0.05029384156863645	11.39449997151375	8.524999914750001
592	9699328	10	7.0	4.58257569495584	10.0	0.0	10	3.0	4.58257569495584	10.0	0.0	-0.002309618607252687	-2.519657686090265	0.08638760427199711	11.581999971045	8.409999915900002
596	9764864	10	3.0	4.58257569495584	10.0	0.0	10	4.0	4.898979485566356	10.0	0.0	-0.003934187966978613	-2.4959154647969046	0.09611834177211796	12.28449996928875	8.57699991423
600	9830400	10	6.0	4.898979485566356	10.0	0.0	10	4.0	4.898979485566356	10.0	0.0	-0.0029396548364547747	-2.4911820910759572	0.1415941451218255	11.142499972143751	6.492999935070001
604	9895936	10	6.0	4.898979485566356	10.0	0.0	10	2.0	4.0	10.0	0.0	-0.00388766366773301	-2.5031740041946597	0.0975145053521356	12.8669999678325	6.824999931750002
608	9961472	10	6.0	4.898979485566356	10.0	0.0	10	5.0	5.0	10.0	0.0	-0.001670033923021092	-2.505924626923834	0.09571783241429983	11.840749970398125	9.170999908290002
612	10027008	10	5.0	5.0	10.0	0.0	10	5.0	5.0	10.0	0.0	-0.002229663368547909	-2.4917752268301627	0.043800202087050016	11.301249971746875	12.722999872770004
616	10092544	10	3.0	4.58257569495584	10.0	0.0	10	3.0	4.58257569495584	10.0	0.0	-0.004974525416489016	-2.4653995133851807	0.027600491690620566	12.5999999685	7.396999926030001
620	10158080	10	4.0	4.898979485566356	10.0	0.0	10	5.0	5.0	10.0	0.0	-0.003700765382966718	-2.494685351588739	0.042558702191968806	11.774249970564373	9.69599990304
624	10223616	10	7.0	4.58257569495584	10.0	0.0	10	6.0	4.898979485566356	10.0	0.0	-0.0034803857775854183	-2.5112178621060446	0.0578961680621757	12.918249967704375	11.841999881580003
628	10289152	10	7.0	4.58257569495584	10.0	0.0	10	7.0	4.58257569495584	10.0	0.0	-0.003256120886023444	-2.5143692292137434	0.034808357676726374	11.390749971523126	10.358999896410001
632	10354688	10	3.0	4.58257569495584	10.0	0.0	10	5.0	5.0	10.0	0.0	-0.00458265001192722	-2.5217727593934267	0.0365140922547816	12.301499969246251	8.530999914690002
636	10420224	10	5.0	5.0	10.0	0.0	10	5.0	5.0	10.0	0.0	-0.0031844752129187395	-2.5325770723168453	0.05532956674778352	13.091249967271878	11.470999885290002
640	10485760	10	4.0	4.898979485566356	10.0	0.0	10	7.0	4.58257569495584	10.0	0.0	-0.0036700421329257196	-2.5066656616699268	0.08473320106558757	12.35449996911375	11.081999889180002
644	10551296	10	5.0	5.0	10.0	0.0	10	4.0	4.898979485566356	10.0	0.0	-0.0031697421918309323	-2.514605621234898	0.05835079711564528	11.146499972133752	8.61899991381
648	10616832	10	6.0	4.898979485566356	10.0	0.0	10	5.0	5.0	10.0	0.0	-0.0019227923037576854	-2.4861344791842597	0.061767861798451944	13.310749966723126	6.696999933030001
652	10682368	10	7.0	4.58257569495584	10.0	0.0	10	2.0	4.0	10.0	0.0	-0.004733556505129418	-2.4663796670649263	0.041910395637872376	13.003749967490625	10.095999899040002
656	10747904	10	4.0	4.898979485566356	10.0	0.0	10	3.0	4.58257569495584	10.0	0.0	-0.0027434505946249545	-2.489060376821958	0.03314652429635648	11.366249971584375	11.363999886360002
660	10813440	10	4.0	4.898979485566356	10.0	0.0	10	7.0	4.58257569495584	10.0	0.0	-0.0030684330240382204	-2.4941349449142525	0.032043449262040044	12.142999969642501	5.590999944090001
664	10878976	10	4.0	4.898979485566356	10.0	0.0	10	6.0	4.898979485566356	10.0	0.0	-0.0002656213157960438	-2.507248053686913	0.038342180878567195	12.749249968126875	4.275999957240001
668	10944512	10	4.0	4.898979485566356	10.0	0.0	10	4.0	4.898979485566356	10.0	0.0	-0.0029401285934575385	-2.530183419321667	0.050209585877609576	10.534499973663749	12.872999871270002
672	11010048	10	3.0	4.58257569495584	10.0	0.0	10	3.0	4.58257569495584	10.0	0.0	-0.0027528837621060773	-2.4958239915353992	0.09580991593704916	11.402749971493124	12.37299987627
676	11075584	10	6.0	4.898979485566356	10.0	0.0	10	2.0	4.0	10.0	0.0	-0.0033066032892335165	-2.4786999074022864	0.07489850638566017	13.108999967227499	9.448999905510002
680	11141120	10	7.0	4.58257569495584	10.0	0.0	10	6.0	4.898979485566356	10.0	0.0	-0.0035394740161136255	-2.500135448811294	0.012929404692706608	12.260749969348128	22.892999771070006
684	11206656	10	3.0	4.58257569495584	10.0	0.0	10	9.0	3.0	10.0	0.0	-0.0010516568993015284	-2.5356492521704412	0.04161556979358192	12.274249969314376	13.581999864180004
688	11272192	10	3.0	4.58257569495584	10.0	0.0	10	4.0	4.898979485566356	10.0	0.0	-0.003040641738745533	-2.505267239846094	0.02699357542063962	11.175249972061875	11.585999884140001
692	11337728	10	3.0	4.58257569495584	10.0	0.0	10	6.0	4.898979485566356	10.0	0.0	-0.003125487758530074	-2.4573021776898036	0.014124464220351265	12.833999967915	7.815999921840001
696	11403264	10	3.0	4.58257569495584	10.0	0.0	10	5.0	5.0	10.0	0.0	-0.004040466337334906	-2.429328784093525	0.002061585367995468	12.82149996794625	15.139999848600002
700	11468800	10	5.0	5.0	10.0	0.0	10	6.0	4.898979485566356	10.0	0.0	-0.0037484895991874594	-2.4226087801118403	0.014157300983283853	12.031249969921875	8.190999918090002
704	11534336	10	4.0	4.898979485566356	10.0	0.0	10	5.0	5.0	10.0	0.0	-0.0035536040179610273	-2.463834086797285	0.022138587912314576	12.534499968663752	16.857999831420003
708	11599872	10	6.0	4.898979485566356	10.0	0.0	10	7.0	4.58257569495584	10.0	0.0	-0.002675305787331057	-2.445337014638968	0.05398597295590375	12.21949996945125	15.308999846910002
712	11665408	10	3.0	4.58257569495584	10.0	0.0	10	4.0	4.898979485566356	10.0	0.0	0.0030794977377026625	-2.4799173198540623	0.056848615421424546	11.980249970049377	11.554999884450002
716	11730944	10	5.0	5.0	10.0	0.0	10	6.0	4.898979485566356	10.0	0.0	-0.0028095176333816974	-2.4817041329937917	0.08265453361054827	12.19549996951125	7.356999926430001
720	11796480	10	5.0	5.0	10.0	0.0	10	4.0	4.898979485566356	10.0	0.0	-0.0033126594689328395	-2.4957611086351674	0.051843225438820445	12.959999967600002	14.531999854680002
724	11862016	10	4.0	4.898979485566356	10.0	0.0	10	5.0	5.0	10.0	0.0	-0.0027053054312608047	-2.4673250315003417	0.0394895544603155	12.393249969016875	10.403999895960002
728	11927552	10	3.0	4.58257569495584	10.0	0.0	10	6.0	4.898979485566356	10.0	0.0	-0.0025813678703686333	-2.5052888663980375	0.06974156543584496	11.403499971491252	7.485999925140001
732	11993088	10	3.0	4.58257569495584	10.0	0.0	10	5.0	5.0	10.0	0.0	-0.002956445575965873	-2.4958603255334397	0.03195118238030823	12.546749968633126	12.852999871470002
736	12058624	10	5.0	5.0	10.0	0.0	10	3.0	4.58257569495584	10.0	0.0	-0.0033249281037744252	-2.5124625908698133	0.026441367203283276	13.238249966904377	10.156999898430001
740	12124160	10	3.0	4.58257569495584	10.0	0.0	10	6.0	4.898979485566356	10.0	0.0	-0.0028346546408483902	-2.5072466554612873	0.04458809436397121	12.718249968204377	6.646999933530001
744	12189696	10	4.0	4.898979485566356	10.0	0.0	10	7.0	4.58257569495584	10.0	0.0	-0.0028383405924689675	-2.469507604580177	0.09837635845124111	11.126249972184375	9.524999904750002
748	12255232	10	7.0	4.58257569495584	10.0	0.0	10	5.0	5.0	10.0	0.0	-0.003951033397437772	-2.4560169252181727	0.06821729114276746	12.50149996874625	9.26399990736
752	12320768	10	6.0	4.898979485566356	10.0	0.0	10	5.0	5.0	10.0	0.0	-0.0019855400300359703	-2.4674368100774986	0.03331744109787063	12.016249969959377	11.463999885360002
756	12386304	10	2.0	4.0	10.0	0.0	10	5.0	5.0	10.0	0.0	-0.0030222035708483046	-2.4617200317401386	0.009429488907323215	11.7029999707425	28.171999718280006
760	12451840	10	6.0	4.898979485566356	10.0	0.0	10	3.0	4.58257569495584	10.0	0.0	-0.003306968088771019	-2.480273172000969	0.019192211200608534	10.932999972667501	10.541999894580002
764	12517376	10	4.0	4.898979485566356	10.0	0.0	10	5.0	5.0	10.0	0.0	-0.0015128092683517637	-2.454454933347932	0.07987310610422833	12.515249968711876	3.0529999694700005
768	12582912	10	5.0	5.0	10.0	0.0	10	7.0	4.58257569495584	10.0	0.0	-0.002259920255171739	-2.47120310340412	0.08826520182437049	12.497999968755	7.092999929070001
772	12648448	10	4.0	4.898979485566356	10.0	0.0	10	4.0	4.898979485566356	10.0	0.0	-0.0038834986161314614	-2.4764618647499126	0.038650431137502834	11.742749970643125	6.540999934590001
776	12713984	10	7.0	4.58257569495584	10.0	0.0	10	5.0	5.0	10.0	0.0	-0.003343277723267498	-2.4986313280840706	0.05979511323295644	12.350999969122501	5.593999944060001
780	12779520	10	6.0	4.898979485566356	10.0	0.0	10	5.0	5.0	10.0	0.0	-0.003594629895440719	-2.499813114342963	0.023160122070610134	12.948749967628126	7.467999925320001
784	12845056	10	6.0	4.898979485566356	10.0	0.0	10	7.0	4.58257569495584	10.0	0.0	-0.003533065823159646	-2.501216446099409	0.04071784316390205	12.663749968340625	13.316999866830002
788	12910592	10	3.0	4.58257569495584	10.0	0.0	10	5.0	5.0	10.0	0.0	-0.0037061945497427464	-2.496556721367654	0.028001338255119603	10.748249973129376	13.813999861860003
792	12976128	10	4.0	4.898979485566356	10.0	0.0	10	8.0	4.0	10.0	0.0	-0.0033148049548075023	-2.5339210378471004	0.07413895216648174	12.059249969851875	7.799999922000001
796	13041664	10	7.0	4.58257569495584	10.0	0.0	10	2.0	4.0	10.0	0.0	-0.0036649830407564634	-2.5462490516235494	0.06473622076547957	12.63349996841625	7.396999926030001
800	13107200	10	5.0	5.0	10.0	0.0	10	5.0	5.0	10.0	0.0	-0.0033616351219719186	-2.513274118042453	0.029078750346649217	11.693999970764999	10.303999896960002
804	13172736	10	4.0	4.898979485566356	10.0	0.0	10	2.0	4.0	10.0	0.0	-0.001972117584749984	-2.508734759923756	0.03207004514508929	11.748749970628126	20.934999790650004
808	13238272	10	5.0	5.0	10.0	0.0	10	5.0	5.0	10.0	0.0	-0.0030190252506638203	-2.539252946509659	0.05148477395363139	12.461249968846875	9.7699999023
812	13303808	10	5.0	5.0	10.0	0.0	10	4.0	4.898979485566356	10.0	0.0	-0.003502070799124551	-2.5386389093933546	0.025364014168276293	13.353749966615625	14.574999854250002
816	13369344	10	3.0	4.58257569495584	10.0	0.0	10	5.0	5.0	10.0	0.0	-0.003458534163295449	-2.547542869779339	0.008327358596076233	11.953999970115	20.134999798650004
820	13434880	10	3.0	4.58257569495584	10.0	0.0	10	3.0	4.58257569495584	10.0	0.0	-0.0034674746878131627	-2.546067463589733	0.03131972011313295	11.278499971803752	18.030999819690003
824	13500416	10	5.0	5.0	10.0	0.0	10	4.0	4.898979485566356	10.0	0.0	-0.0038902251564842203	-2.5075219121943584	0.007871163256306163	12.399749969000625	8.572999914270001
828	13565952	10	2.0	4.0	10.0	0.0	10	5.0	5.0	10.0	0.0	-0.004415426320363279	-2.5391030457951183	0.0013466876673001878	11.511249971221876	17.754999822450003
832	13631488	10	4.0	4.898979485566356	10.0	0.0	10	8.0	4.0	10.0	0.0	-0.00198357252014783	-2.4952152468148445	0.01936544295353878	11.750999970622502	2.9849999701500005
836	13697024	10	6.0	4.898979485566356	10.0	0.0	10	6.0	4.898979485566356	10.0	0.0	-0.0006517960669880402	-2.4350956601348135	0.027619375550939382	12.971249967571877	10.226999897730002
840	13762560	10	6.0	4.898979485566356	10.0	0.0	10	5.0	5.0	10.0	0.0	-0.0010537940275262127	-2.471059699595859	0.04017551124531134	10.77149997307125	3.3609999663900005
844	13828096	10	6.0	4.898979485566356	10.0	0.0	10	5.0	5.0	10.0	0.0	-0.0020789439414286123	-2.447043344123571	0.010857523130431637	13.33149996667125	3.0189999698100007
848	13893632	10	3.0	4.58257569495584	10.0	0.0	10	3.0	4.58257569495584	10.0	0.0	-0.0030712514486806335	-2.4477470911973067	0.020422211604752792	12.443749968890627	14.059999859400003
852	13959168	10	5.0	5.0	10.0	0.0	10	6.0	4.898979485566356	10.0	0.0	-0.0025843338950871926	-2.4391991319698407	0.038017706340099176	11.759249970601873	8.839999911600001
856	14024704	10	2.0	4.0	10.0	0.0	10	4.0	4.898979485566356	10.0	0.0	-0.003839862724113916	-2.4264983681296934	0.04657873500400324	12.34549996913625	7.230999927690001
860	14090240	10	5.0	5.0	10.0	0.0	10	5.0	5.0	10.0	0.0	-0.0016734593662552782	-2.498050637282988	0.050656394244347085	12.938999967652501	5.287999947120001
864	14155776	10	6.0	4.898979485566356	10.0	0.0	10	7.0	4.58257569495584	10.0	0.0	-0.0038831971416783875	-2.488718867042699	0.030354973140241208	11.399249971501876	19.041999809580005
868	14221312	10	3.0	4.58257569495584	10.0	0.0	10	4.0	4.898979485566356	10.0	0.0	-0.003871626140204692	-2.55681684834947	0.02872031684520206	11.888249970279377	17.95399982046
872	14286848	10	4.0	4.898979485566356	10.0	0.0	10	3.0	4.58257569495584	10.0	0.0	-0.005133926930962236	-2.510253575679442	0.0015748510205894142	11.97349997006625	14.879999851200003
876	14352384	10	3.0	4.58257569495584	10.0	0.0	10	7.0	4.58257569495584	10.0	0.0	-0.004571747674596178	-2.5305736161615946	0.00803720692942638	12.0849999697875	15.958999840410002
880	14417920	10	4.0	4.898979485566356	10.0	0.0	10	4.0	4.898979485566356	10.0	0.0	-0.002511707860666315	-2.511890349027126	0.015979625799600227	11.671999970820002	11.393999886060001
884	14483456	10	6.0	4.898979485566356	10.0	0.0	10	4.0	4.898979485566356	10.0	0.0	-0.0023938582766208963	-2.467530235391121	0.0631442686360678	12.486999968782499	11.958999880410001
888	14548992	10	4.0	4.898979485566356	10.0	0.0	10	4.0	4.898979485566356	10.0	0.0	-0.004061498378058022	-2.5061216426265376	0.04964275839269942	11.459749971350625	7.276999927230001
892	14614528	10	2.0	4.0	10.0	0.0	10	4.0	4.898979485566356	10.0	0.0	-0.0035221659899706817	-2.5448809462121624	0.03843076069606325	12.55449996861375	21.398999786010005
896	14680064	10	4.0	4.898979485566356	10.0	0.0	10	4.0	4.898979485566356	10.0	0.0	-0.00422420487501118	-2.525634283557701	0.04559514688672717	11.709749970725625	21.18199978818
900	14745600	10	7.0	4.58257569495584	10.0	0.0	10	5.0	5.0	10.0	0.0	0.0009325868303614593	-2.553676277133055	0.020444151581909997	11.876999970307502	23.64699976353
904	14811136	10	4.0	4.898979485566356	10.0	0.0	10	5.0	5.0	10.0	0.0	-0.0027348410558443947	-2.5310569626436625	0.017065322750609506	11.344249971639378	9.644999903550001
908	14876672	10	3.0	4.58257569495584	10.0	0.0	10	6.0	4.898979485566356	10.0	0.0	-0.002573829638736436	-2.5259759050956685	0.020210830537524576	12.79849996800375	17.66599982334
912	14942208	10	6.0	4.898979485566356	10.0	0.0	10	4.0	4.898979485566356	10.0	0.0	-0.0020532287039091036	-2.519546871121532	0.020656073758467945	12.174749969563125	10.77299989227
916	15007744	10	1.0	3.0	10.0	0.0	10	6.0	4.898979485566356	10.0	0.0	-0.003465597136652295	-2.5361586483658	0.05096020549975043	10.916499972708749	9.580999904190001
920	15073280	10	4.0	4.898979485566356	10.0	0.0	10	6.0	4.898979485566356	10.0	0.0	-0.0026780822854803824	-2.5280335021365845	0.02490920785428936	12.736749968158126	10.323999896760002
924	15138816	10	6.0	4.898979485566356	10.0	0.0	10	5.0	5.0	10.0	0.0	-0.002739740632344253	-2.5462561718950725	0.041517257298053896	13.175749967060625	14.567999854320002
928	15204352	10	6.0	4.898979485566356	10.0	0.0	10	1.0	3.0	10.0	0.0	-0.0040950642501511375	-2.536283850405664	0.021784855155454586	12.325999969184998	17.762999822370006
932	15269888	10	6.0	4.898979485566356	10.0	0.0	10	5.0	5.0	10.0	0.0	-0.003106440697269328	-2.552040591570138	0.01479595257506424	10.984499972538751	14.215999857840002
936	15335424	10	7.0	4.58257569495584	10.0	0.0	10	3.0	4.58257569495584	10.0	0.0	-0.004181210465371303	-2.5420277687246093	0.016617072490374512	12.64399996839	16.53399983466
940	15400960	10	6.0	4.898979485566356	10.0	0.0	10	5.0	5.0	10.0	0.0	-0.003448077537788549	-2.5407229038413224	0.017821993604192177	12.997249967506875	11.537999884620001
944	15466496	10	2.0	4.0	10.0	0.0	10	5.0	5.0	10.0	0.0	-0.0040000381724972	-2.5659937582720675	0.0006716256543068784	11.468749971328124	24.909999750900003
948	15532032	10	3.0	4.58257569495584	10.0	0.0	10	9.0	3.0	10.0	0.0	-0.0030476147812662766	-2.562904926370839	0.008075324612408117	11.647499970881249	14.572999854270003
952	15597568	10	3.0	4.58257569495584	10.0	0.0	10	4.0	4.898979485566356	10.0	0.0	-0.00046182849953805904	-2.5543404814920403	0.035406081128359364	11.84449997038875	21.67599978324
956	15663104	10	6.0	4.898979485566356	10.0	0.0	10	5.0	5.0	10.0	0.0	-0.00391374764108309	-2.5699491100813163	0.02134535385893159	12.635749968410627	10.945999890540001
960	15728640	10	5.0	5.0	10.0	0.0	10	3.0	4.58257569495584	10.0	0.0	-0.0008286291024327769	-2.5776782008307286	0.005871012620743911	12.741499968146249	18.119999818800004
964	15794176	10	3.0	4.58257569495584	10.0	0.0	10	4.0	4.898979485566356	10.0	0.0	-0.0034537438474257524	-2.5344000828606372	0.014040818956702304	12.0789999698025	15.392999846070003
968	15859712	10	6.0	4.898979485566356	10.0	0.0	10	4.0	4.898979485566356	10.0	0.0	-0.004516698042440134	-2.5284609742312347	0.012558142114262425	12.087249969781876	19.618999803810002
972	15925248	10	7.0	4.58257569495584	10.0	0.0	10	2.0	4.0	10.0	0.0	-0.003438949249908663	-2.553204528721449	0.007673950154446856	11.909249970226876	21.823999781760005
976	15990784	10	5.0	5.0	10.0	0.0	10	6.0	4.898979485566356	10.0	0.0	-0.0036074378715543367	-2.5297910444286784	0.007045798469207233	12.391749969020625	21.067999789320005
980	16056320	10	4.0	4.898979485566356	10.0	0.0	10	3.0	4.58257569495584	10.0	0.0	-0.0026847388117183465	-2.5078953005244613	0.015417330712414284	12.70749996823125	15.089999849100002
984	16121856	10	4.0	4.898979485566356	10.0	0.0	10	4.0	4.898979485566356	10.0	0.0	-0.0027339471292666903	-2.5021201096352272	0.03160779978411169	12.813749967965625	19.399999806
988	16187392	10	5.0	5.0	10.0	0.0	10	3.0	4.58257569495584	10.0	0.0	-0.0029010729385855177	-2.538820969297275	0.027006060356361796	12.574749968563125	16.250999837490003
992	16252928	10	7.0	4.58257569495584	10.0	0.0	10	2.0	4.0	10.0	0.0	-0.0031362367344392006	-2.546604195965299	0.019639477590090465	11.977249970056873	24.140999758590002
996	16318464	10	7.0	4.58257569495584	10.0	0.0	10	5.0	5.0	10.0	0.0	-0.002968758361318257	-2.567776272426793	0.01509407735369487	11.747999970630001	20.259999797400006
1000	16384000	10	5.0	5.0	10.0	0.0	10	4.0	4.898979485566356	10.0	0.0	-0.0031196291404825094	-2.545378826293446	0.019311838133751886	11.77349997056625	10.816999891830003
1004	16449536	10	5.0	5.0	10.0	0.0	10	5.0	5.0	10.0	0.0	-0.003941860609801123	-2.5241301429622625	0.01542622824147947	12.2649999693375	21.080999789190003
1008	16515072	10	2.0	4.0	10.0	0.0	10	4.0	4.898979485566356	10.0	0.0	-0.004403928248238063	-2.529948383306181	0.007856590530021548	11.578749971053124	25.902999740970003
1012	16580608	10	3.0	4.58257569495584	10.0	0.0	10	5.0	5.0	10.0	0.0	-0.004048419347057452	-2.5221979540939414	0.0012074761512197905	11.497999971255002	22.245999777540003
1016	16646144	10	8.0	4.0	10.0	0.0	10	5.0	5.0	10.0	0.0	-0.0034846717313493096	-2.4565461349908633	0.015371369836647752	12.25199996937	3.2709999672900003
1020	16711680	10	6.0	4.898979485566356	10.0	0.0	10	5.0	5.0	10.0	0.0	-0.00355169741147609	-2.4578926511032093	0.009046998498552504	13.628749965928126	8.18699991813
1024	16777216	10	6.0	4.898979485566356	10.0	0.0	10	5.0	5.0	10.0	0.0	-0.0013183671021721882	-2.421594723806855	0.027750456515442848	11.706749970733124	18.447999815520003
1028	16842752	10	5.0	5.0	10.0	0.0	10	9.0	3.0	10.0	0.0	-0.004475358315316128	-2.457989093901973	0.005194889818150553	11.57599997106	6.306999936930001
1032	16908288	10	6.0	4.898979485566356	10.0	0.0	10	4.0	4.898979485566356	10.0	0.0	-0.003226498961306601	-2.4702393534193203	0.034240924730885705	12.583249968541875	11.66799988332
1036	16973824	10	5.0	5.0	10.0	0.0	10	2.0	4.0	10.0	0.0	-0.0029339643148559532	-2.4991784291842998	0.04392931419743217	12.583249968541875	19.525999804740003
1040	17039360	10	4.0	4.898979485566356	10.0	0.0	10	3.0	4.58257569495584	10.0	0.0	-0.004099790571548305	-2.4895601195483907	0.0019650042284183136	11.415249971461874	20.203999797960005
1044	17104896	10	7.0	4.58257569495584	10.0	0.0	10	6.0	4.898979485566356	10.0	0.0	-0.003944821655339355	-2.4938079414154144	0.020997531122334386	11.287249971781876	20.962999790370006
1048	17170432	10	2.0	4.0	10.0	0.0	10	3.0	4.58257569495584	10.0	0.0	-0.004495932800168766	-2.4819426831997924	0.020956529510173332	12.003749969990624	15.205999847940001
1052	17235968	10	3.0	4.58257569495584	10.0	0.0	10	4.0	4.898979485566356	10.0	0.0	-0.0025553190301925493	-2.498650274910527	0.020925820585280214	12.089249969776874	15.629999843700004
1056	17301504	10	6.0	4.898979485566356	10.0	0.0	10	2.0	4.0	10.0	0.0	-0.003747379542714167	-2.4698118763576162	0.0016690868916540863	12.617249968456873	9.981999900180002
1060	17367040	10	6.0	4.898979485566356	10.0	0.0	10	3.0	4.58257569495584	10.0	0.0	-0.003147234603881048	-2.411097921179908	0.013926225974869333	12.154249969614375	15.914999840850001
1064	17432576	10	5.0	5.0	10.0	0.0	10	5.0	5.0	10.0	0.0	-0.003856096401758215	-2.457697542749138	0.03155912167772123	11.820999970447502	8.48499991515
1068	17498112	10	6.0	4.898979485566356	10.0	0.0	10	4.0	4.898979485566356	10.0	0.0	-0.00330301833881855	-2.450543020907086	0.005799460973626785	11.976499970058752	11.944999880550002
1072	17563648	10	3.0	4.58257569495584	10.0	0.0	10	3.0	4.58257569495584	10.0	0.0	-0.003577920200396158	-2.468840737880392	0.011650759289598023	12.047249969881875	18.0799998192
1076	17629184	10	5.0	5.0	10.0	0.0	10	6.0	4.898979485566356	10.0	0.0	-0.0036418629457174467	-2.4912040255852324	0.01502429416293965	12.44849996887875	12.473999875260002
1080	17694720	10	4.0	4.898979485566356	10.0	0.0	10	4.0	4.898979485566356	10.0	0.0	-0.0038242645843899153	-2.4955464673423	0.0011903055436629723	11.180249972049374	21.722999782770003
1084	17760256	10	6.0	4.898979485566356	10.0	0.0	10	7.0	4.58257569495584	10.0	0.0	-0.0032479593255278234	-2.5080964835852453	0.02041258276009293	11.993749970015624	16.41799983582
1088	17825792	10	4.0	4.898979485566356	10.0	0.0	10	6.0	4.898979485566356	10.0	0.0	-0.0027818949890219143	-2.515609313782274	0.014846662033020257	11.92849997017875	7.167999928320001
1092	17891328	10	3.0	4.58257569495584	10.0	0.0	10	4.0	4.898979485566356	10.0	0.0	-0.0024484139476525437	-2.5009247707702307	0.009815097043316066	12.977249967556874	20.303999796960003
1096	17956864	10	7.0	4.58257569495584	10.0	0.0	10	3.0	4.58257569495584	10.0	0.0	-0.0013907784885675125	-2.492585641382767	0.026959527024621146	11.14049997214875	14.838999851610003
1100	18022400	10	4.0	4.898979485566356	10.0	0.0	10	6.0	4.898979485566356	10.0	0.0	-0.001987301775842803	-2.498448051251986	0.03282488076023627	12.997499967506249	17.01499982985
1104	18087936	10	3.0	4.58257569495584	10.0	0.0	10	6.0	4.898979485566356	10.0	0.0	-0.004152373375161689	-2.5612452772571976	0.0009885671640587226	12.533999968664999	21.478999785210004
1108	18153472	10	4.0	4.898979485566356	10.0	0.0	10	4.0	4.898979485566356	10.0	0.0	-0.004054743985339519	-2.5324949346328265	0.0009557998196734811	11.7769999705575	20.804999791950003
1112	18219008	10	4.0	4.898979485566356	10.0	0.0	10	6.0	4.898979485566356	10.0	0.0	-0.0022941797261142485	-2.5443048052322963	0.006249293211068033	11.97049997007375	24.090999759090003
1116	18284544	10	7.0	4.58257569495584	10.0	0.0	10	3.0	4.58257569495584	10.0	0.0	-0.002663200194572992	-2.5576098086752643	0.012506154702866878	11.554249971114375	22.545999774540004
1120	18350080	10	5.0	5.0	10.0	0.0	10	6.0	4.898979485566356	10.0	0.0	-0.002643007028106958	-2.5061531933518357	0.0020904479240567305	11.96749997008125	18.962999810370004
1124	18415616	10	3.0	4.58257569495584	10.0	0.0	10	3.0	4.58257569495584	10.0	0.0	-0.002083807123588488	-2.4973379395784288	0.03329243803775195	12.438749968903124	16.803999831960002
1128	18481152	10	4.0	4.898979485566356	10.0	0.0	10	6.0	4.898979485566356	10.0	0.0	-0.0033663459370907524	-2.5372149941662485	0.02031102158223232	12.933249967666876	18.446999815530003
1132	18546688	10	5.0	5.0	10.0	0.0	10	7.0	4.58257569495584	10.0	0.0	-0.003025135730834812	-2.532535319263184	0.02077044715250647	11.971999970070001	16.93499983065
1136	18612224	10	4.0	4.898979485566356	10.0	0.0	10	5.0	5.0	10.0	0.0	-0.003156699642481837	-2.5161759974918363	0.014177692238302243	12.65749996835625	20.451999795480006
1140	18677760	10	6.0	4.898979485566356	10.0	0.0	10	5.0	5.0	10.0	0.0	-0.003408796711430946	-2.52201676590795	0.007923875531947297	12.850749967873124	17.488999825110003
1144	18743296	10	7.0	4.58257569495584	10.0	0.0	10	1.0	3.0	10.0	0.0	-0.0029982222182812672	-2.5731940217119265	0.0005177051215839182	12.785749968035626	18.927999810720003
1148	18808832	10	4.0	4.898979485566356	10.0	0.0	10	4.0	4.898979485566356	10.0	0.0	-0.0012402093148235712	-2.55085003101083	0.01332691891197128	13.71249996571875	20.482999795170002
1152	18874368	10	6.0	4.898979485566356	10.0	0.0	10	5.0	5.0	10.0	0.0	-0.0024838567063690644	-2.537785832816257	0.011398658721519631	12.464749968838126	21.325999786740002
1156	18939904	10	4.0	4.898979485566356	10.0	0.0	10	6.0	4.898979485566356	10.0	0.0	-0.002103868001018514	-2.5543671719552625	0.0004899232384200827	11.890749970273124	24.824999751750003
1160	19005440	10	6.0	4.898979485566356	10.0	0.0	10	3.0	4.58257569495584	10.0	0.0	-0.002966389251311665	-2.5297289090700334	0.012807248719006098	11.741999970645	14.885999851140001
1164	19070976	10	3.0	4.58257569495584	10.0	0.0	10	4.0	4.898979485566356	10.0	0.0	-0.002361032767169416	-2.525957025324438	0.028948332103650023	12.69749996825625	20.982999790170005
1168	19136512	10	5.0	5.0	10.0	0.0	10	5.0	5.0	10.0	0.0	-0.002382083359159127	-2.513162965314066	0.026631619387398872	11.956249970109376	12.200999877990002
1172	19202048	10	5.0	5.0	10.0	0.0	10	3.0	4.58257569495584	10.0	0.0	-0.0035920436635829846	-2.4799838212529366	0.006326711836004857	11.832999970417502	18.68799981312
1176	19267584	10	7.0	4.58257569495584	10.0	0.0	10	4.0	4.898979485566356	10.0	0.0	-0.002846547351213283	-2.5077682408065014	0.0006171229666469899	10.89449997276375	22.801999771980004
1180	19333120	10	8.0	4.0	10.0	0.0	10	7.0	4.58257569495584	10.0	0.0	-0.0032363425704073356	-2.5442682377827306	0.0003720120119312249	10.842749972893124	13.498999865010003
1184	19398656	10	4.0	4.898979485566356	10.0	0.0	10	7.0	4.58257569495584	10.0	0.0	-0.0016711116790932192	-2.5284597424019095	0.0006982217677614525	11.735499970661252	18.165999818340005
1188	19464192	10	7.0	4.58257569495584	10.0	0.0	10	5.0	5.0	10.0	0.0	-0.0019500707662185232	-2.5423971610599856	0.026861623771543965	11.662249970844375	16.727999832720005
1192	19529728	10	9.0	3.0	10.0	0.0	10	4.0	4.898979485566356	10.0	0.0	-0.0026103968506210468	-2.5333159910980485	0.027149755052557463	10.528749973678124	24.427999755720005
1196	19595264	10	5.0	5.0	10.0	0.0	10	3.0	4.58257569495584	10.0	0.0	-0.0015591526436353521	-2.5109732868638686	0.02612347194099858	10.615499973461251	21.548999784510002
1200	19660800	10	6.0	4.898979485566356	10.0	0.0	10	3.0	4.58257569495584	10.0	0.0	-0.0020248267972129644	-2.5100307909019826	0.050562444234743105	11.56399997109	11.40799988592
1204	19726336	10	6.0	4.898979485566356	10.0	0.0	10	2.0	4.0	10.0	0.0	-0.0024357187452439554	-2.494177102782792	0.0466280714948209	11.959249970101876	10.279999897200002
1208	19791872	10	3.0	4.58257569495584	10.0	0.0	10	3.0	4.58257569495584	10.0	0.0	-0.0037386976154313114	-2.539312975837522	0.07080074299049043	11.203249971991875	18.535999814640004
1212	19857408	10	4.0	4.898979485566356	10.0	0.0	10	5.0	5.0	10.0	0.0	-0.0032477815884352427	-2.5532470789872335	0.02109928240338387	11.786749970533124	17.171999828280004
1216	19922944	10	4.0	4.898979485566356	10.0	0.0	10	6.0	4.898979485566356	10.0	0.0	-0.003067094291493096	-2.5454942655892028	0.01251946143435463	11.267499971831251	18.186999818130005
1220	19988480	10	5.0	5.0	10.0	0.0	10	4.0	4.898979485566356	10.0	0.0	-0.0030115029679307114	-2.5516848909183705	0.013839554596186876	10.817749972955625	22.219999777800002
1224	20054016	10	6.0	4.898979485566356	10.0	0.0	10	7.0	4.58257569495584	10.0	0.0	-0.00331137096232312	-2.5273260645419264	0.013863410429390134	11.913999970215002	16.901999830980003
1228	20119552	10	4.0	4.898979485566356	10.0	0.0	10	4.0	4.898979485566356	10.0	0.0	-0.0017684710229612264	-2.5648832219154163	0.019249468608112368	11.816749970458124	19.49899980501
1232	20185088	10	4.0	4.898979485566356	10.0	0.0	10	6.0	4.898979485566356	10.0	0.0	-0.0014983371728052512	-2.5011528926469238	0.023053329064495885	11.261749971845624	18.102999818970005
1236	20250624	10	3.0	4.58257569495584	10.0	0.0	10	6.0	4.898979485566356	10.0	0.0	-0.002781185617109074	-2.4858590933077918	0.033863507892833565	10.817249972956876	15.917999840820002
1240	20316160	10	7.0	4.58257569495584	10.0	0.0	10	3.0	4.58257569495584	10.0	0.0	-0.0029741460672624846	-2.4693155186783007	0.02624746265276112	11.3269999716825	6.283999937160001
1244	20381696	10	7.0	4.58257569495584	10.0	0.0	10	5.0	5.0	10.0	0.0	-0.00289862716908951	-2.461947408558772	0.014100649445983148	10.78749997303125	11.149999888500002
1248	20447232	10	4.0	4.898979485566356	10.0	0.0	10	5.0	5.0	10.0	0.0	-0.001974328823453599	-2.4429728460747357	0.014439421980883905	11.323749971690626	8.399999916000002
1252	20512768	10	3.0	4.58257569495584	10.0	0.0	10	5.0	5.0	10.0	0.0	-0.0026533054427661925	-2.4455144278641234	0.03434999133187297	11.477249971306875	15.289999847100002
1256	20578304	10	6.0	4.898979485566356	10.0	0.0	10	4.0	4.898979485566356	10.0	0.0	-0.0006720292912387147	-2.495316276687728	0.0405996150809036	11.732749970668124	14.124999858750002
1260	20643840	10	4.0	4.898979485566356	10.0	0.0	10	4.0	4.898979485566356	10.0	0.0	-0.0038752487667408405	-2.495932469505352	0.023576416991969745	11.34799997163	13.095999869040002
1264	20709376	10	0.0	0.0	0.0	0.0	10	4.0	4.898979485566356	10.0	0.0	-0.0032570282537201798	-2.5133768342300784	0.012122932373990682	10.665999973335001	16.69499983305
1268	20774912	10	7.0	4.58257569495584	10.0	0.0	10	4.0	4.898979485566356	10.0	0.0	-0.0034415062894117927	-2.483114570120599	0.019851286077991713	11.096749972258126	5.866999941330001
1272	20840448	10	3.0	4.58257569495584	10.0	0.0	10	2.0	4.0	10.0	0.0	-0.004397915944988468	-2.4954913752658454	0.00164318595047474	12.383249969041874	9.51399990486
1276	20905984	10	2.0	4.0	10.0	0.0	10	7.0	4.58257569495584	10.0	0.0	-0.004401360713166075	-2.4938999014481857	0.0009775862647269313	11.82799997043	13.814999861850001
1280	20971520	10	2.0	4.0	10.0	0.0	10	3.0	4.58257569495584	10.0	0.0	-0.003399648613543798	-2.5150553233785202	0.02577854022187923	10.756249973109377	15.857999841420003
1284	21037056	10	6.0	4.898979485566356	10.0	0.0	10	6.0	4.898979485566356	10.0	0.0	-0.00330923595625274	-2.513180660442982	0.028410448026454784	10.5209999736975	11.392999886070003
1288	21102592	10	3.0	4.58257569495584	10.0	0.0	10	5.0	5.0	10.0	0.0	-0.0029436673767087884	-2.4663138188336173	0.020686350946226176	11.679749970800623	13.789999862100002
1292	21168128	10	6.0	4.898979485566356	10.0	0.0	10	5.0	5.0	10.0	0.0	-0.003494334969460807	-2.4642765718118365	0.007929825215274022	12.013999969964999	7.723999922760002
1296	21233664	10	3.0	4.58257569495584	10.0	0.0	10	3.0	4.58257569495584	10.0	0.0	-0.0031411885911198307	-2.4433077124196294	0.0012376955745441987	11.084249972289376	11.101999888980002
1300	21299200	10	6.0	4.898979485566356	10.0	0.0	10	6.0	4.898979485566356	10.0	0.0	-0.0031361807107782367	-2.492635011413324	0.05288115556499487	10.8229999729425	8.569999914300002
1304	21364736	10	4.0	4.898979485566356	10.0	0.0	10	3.0	4.58257569495584	10.0	0.0	-0.00348357675793615	-2.5063592937958132	0.0784950117028315	11.984749970038123	12.718999872810002
1308	21430272	10	7.0	4.58257569495584	10.0	0.0	10	6.0	4.898979485566356	10.0	0.0	-0.003864050173030992	-2.517782968517136	0.10233558395121925	11.239249971901875	12.709999872900003
1312	21495808	10	3.0	4.58257569495584	10.0	0.0	10	5.0	5.0	10.0	0.0	-0.003973327342656914	-2.475871565183387	0.11303654284746423	10.732749973168124	5.852999941470001
1316	21561344	10	3.0	4.58257569495584	10.0	0.0	10	6.0	4.898979485566356	10.0	0.0	-0.002374026228057813	-2.508848567542362	0.06279045561023709	11.90449997023875	9.586999904130002
1320	21626880	10	5.0	5.0	10.0	0.0	10	6.0	4.898979485566356	10.0	0.0	-0.0037731714930801133	-2.5172590039531846	0.0469417006485161	11.175749972060625	13.705999862940002
1324	21692416	10	5.0	5.0	10.0	0.0	10	4.0	4.898979485566356	10.0	0.0	-0.002472168024769589	-2.520387485360819	0.02945988123910188	10.70749997323125	17.76199982238
1328	21757952	10	3.0	4.58257569495584	10.0	0.0	10	5.0	5.0	10.0	0.0	-0.00354637160210328	-2.497709810473617	0.01135132355196514	10.519749973700625	10.258999897410002
1332	21823488	10	3.0	4.58257569495584	10.0	0.0	10	3.0	4.58257569495584	10.0	0.0	-0.005347278065577693	-2.5090492687989343	0.015533042965720865	11.912249970219376	8.06499991935
1336	21889024	10	5.0	5.0	10.0	0.0	10	5.0	5.0	10.0	0.0	-0.0037810956851598724	-2.517286392287456	0.0015375786817069007	10.760749973098125	8.379999916200003
1340	21954560	10	3.0	4.58257569495584	10.0	0.0	10	4.0	4.898979485566356	10.0	0.0	-0.003788449979370943	-2.4918190511452294	0.02022281384326303	11.154249972114377	11.895999881040003
1344	22020096	10	5.0	5.0	10.0	0.0	10	4.0	4.898979485566356	10.0	0.0	-0.0029491601183771234	-2.5178360290686146	0.007291971163035516	11.4349999714125	14.000999859990001
1348	22085632	10	7.0	4.58257569495584	10.0	0.0	10	3.0	4.58257569495584	10.0	0.0	-0.004491707190772001	-2.4877237550806433	0.0077024067102543	11.79449997051375	18.639999813600003
1352	22151168	10	5.0	5.0	10.0	0.0	10	1.0	3.0	10.0	0.0	-0.00269486976536247	-2.516677240268496	0.03406371226819701	11.424749971438125	16.52299983477
1356	22216704	10	4.0	4.898979485566356	10.0	0.0	10	5.0	5.0	10.0	0.0	-0.00488891897303504	-2.488555518030182	0.0014718501053400893	10.772499973068749	20.418999795810002
1360	22282240	10	4.0	4.898979485566356	10.0	0.0	10	7.0	4.58257569495584	10.0	0.0	-0.004815566576127635	-2.499703936018434	0.0006912959830401549	10.940999972647502	11.765999882340003
1364	22347776	10	5.0	5.0	10.0	0.0	10	6.0	4.898979485566356	10.0	0.0	-0.0033138462042981	-2.5163032509248917	0.0075714407746995584	12.172249969569375	17.823999821760005
1368	22413312	10	8.0	4.0	10.0	0.0	10	4.0	4.898979485566356	10.0	0.0	-0.0031148569866156755	-2.471211122712368	0.019455656880780554	12.064249969839375	13.488999865110003
1372	22478848	10	5.0	5.0	10.0	0.0	10	7.0	4.58257569495584	10.0	0.0	-0.0012765562446661164	-2.502619045215429	0.018046484373007623	10.72399997319	9.520999904790003
1376	22544384	10	6.0	4.898979485566356	10.0	0.0	10	7.0	4.58257569495584	10.0	0.0	-0.0028609769042356294	-2.537551343176681	0.031302008703049285	10.72249997319375	11.866999881330003
1380	22609920	10	5.0	5.0	10.0	0.0	10	5.0	5.0	10.0	0.0	-0.003375494640095042	-2.5414422722990415	0.018172343943586997	12.366749969083127	11.430999885690001
1384	22675456	10	4.0	4.898979485566356	10.0	0.0	10	4.0	4.898979485566356	10.0	0.0	-0.003924105895643057	-2.5632191769592234	0.0008750026042736109	11.0409999723975	16.195999838040006
1388	22740992	10	7.0	4.58257569495584	10.0	0.0	10	3.0	4.58257569495584	10.0	0.0	-0.0037877008843675126	-2.5399019889371313	0.018940291507985773	10.61849997345375	16.09199983908
1392	22806528	10	4.0	4.898979485566356	10.0	0.0	10	4.0	4.898979485566356	10.0	0.0	-0.003967751195473796	-2.526607513164546	0.0008869247702918239	11.005749972485626	13.732999862670002
1396	22872064	10	6.0	4.898979485566356	10.0	0.0	10	5.0	5.0	10.0	0.0	-0.0033060476631556865	-2.5493125739024927	0.03282186422096932	10.81849997295375	14.216999857830002
1400	22937600	10	8.0	4.0	10.0	0.0	10	4.0	4.898979485566356	10.0	0.0	-0.00336914633069754	-2.5430157107446045	0.026119633515622916	8.785249978036875	9.825999901740001
1404	23003136	10	4.0	4.898979485566356	10.0	0.0	10	3.0	4.58257569495584	10.0	0.0	-0.0033803597370444297	-2.5009221506493877	0.020360478177282308	8.685499978286252	12.801999871980001
1408	23068672	10	3.0	4.58257569495584	10.0	0.0	10	4.0	4.898979485566356	10.0	0.0	-0.0035831628431481277	-2.511688199874391	0.00797412769596731	8.729249978176876	14.104999858950002
1412	23134208	10	4.0	4.898979485566356	10.0	0.0	10	2.0	4.0	10.0	0.0	-0.002883035811770665	-2.5323757402444493	0.0012137332883209225	9.0849999772875	9.79199990208
1416	23199744	10	1.0	3.0	10.0	0.0	10	5.0	5.0	10.0	0.0	-0.0011797753976360375	-2.5166919278463777	0.024380875573000834	7.975249980061874	11.235999887640002
1420	23265280	10	5.0	5.0	10.0	0.0	10	6.0	4.898979485566356	10.0	0.0	-0.003821571352299518	-2.5289164580253995	0.025612931741973762	7.8907499802731245	9.760999902390001
1424	23330816	10	5.0	5.0	10.0	0.0	10	4.0	4.898979485566356	10.0	0.0	-0.004320327584996614	-2.54914248708159	0.04234238246907239	6.868249982829375	9.022999909770002
1428	23396352	10	5.0	5.0	10.0	0.0	10	6.0	4.898979485566356	10.0	0.0	-0.0034667666182967355	-2.4995097366351953	0.007579275013205849	7.185249982036875	12.592999874070003
1432	23461888	10	4.0	4.898979485566356	10.0	0.0	10	4.0	4.898979485566356	10.0	0.0	-0.0024311796221095855	-2.5347797023596454	0.028079839614399388	6.917499982706251	10.753999892460001
1436	23527424	10	2.0	4.0	10.0	0.0	10	6.0	4.898979485566356	10.0	0.0	-0.0038561197042251316	-2.5401174175080152	0.013150919108278496	7.420499981448751	11.197999888020002
1440	23592960	10	5.0	5.0	10.0	0.0	10	6.0	4.898979485566356	10.0	0.0	-0.004547628921632909	-2.527491887147201	0.0007351690764297011	7.2799999818000005	12.21299987787
1444	23658496	10	6.0	4.898979485566356	10.0	0.0	10	7.0	4.58257569495584	10.0	0.0	-0.002259270763177398	-2.5530239937030235	0.007703097556669561	7.741749980645625	11.4399998856
1448	23724032	10	5.0	5.0	10.0	0.0	10	5.0	5.0	10.0	0.0	-0.0027498445545931826	-2.5675682547000753	0.026778155931363498	7.434249981414376	10.601999893980002
1452	23789568	10	4.0	4.898979485566356	10.0	0.0	10	3.0	4.58257569495584	10.0	0.0	-0.0033161335155638834	-2.458963428678273	0.001970385239875207	7.563249981091875	12.748999872510003
1456	23855104	10	4.0	4.898979485566356	10.0	0.0	10	5.0	5.0	10.0	0.0	-0.003598047883243671	-2.4505298010935816	0.001881406647757574	6.784499983038749	9.277999907220002
1460	23920640	10	6.0	4.898979485566356	10.0	0.0	10	1.0	3.0	10.0	0.0	-0.002113480229816503	-2.470264188687974	0.030861288283448366	7.60799998098	8.390999916090001
1464	23986176	10	6.0	4.898979485566356	10.0	0.0	10	6.0	4.898979485566356	10.0	0.0	-0.002308549485316928	-2.4736382561332184	0.0012217916627014938	7.520249981199374	11.204999887950002
1468	24051712	10	4.0	4.898979485566356	10.0	0.0	10	3.0	4.58257569495584	10.0	0.0	-0.002658920083403064	-2.3424903499626835	0.009563430906295868	7.086499982283751	6.793999932060001
1472	24117248	10	2.0	4.0	10.0	0.0	10	3.0	4.58257569495584	10.0	0.0	-0.0026298482768641377	-2.3789456956093997	0.001309674621112814	6.908749982728126	11.509999884900001
1476	24182784	10	3.0	4.58257569495584	10.0	0.0	10	7.0	4.58257569495584	10.0	0.0	-0.0030528139247056546	-2.4089279892518176	0.0011665347936890556	6.755999983110001	8.139999918600003
1480	24248320	10	2.0	4.0	10.0	0.0	10	7.0	4.58257569495584	10.0	0.0	-0.0029753686439949493	-2.366476200274484	0.02896485687174322	7.7349999806625	3.973999960260001
1484	24313856	10	3.0	4.58257569495584	10.0	0.0	10	6.0	4.898979485566356	10.0	0.0	-0.0022004547352007433	-2.405571318912265	0.015127295384082359	7.560499981098751	8.51699991483
1488	24379392	10	5.0	5.0	10.0	0.0	10	5.0	5.0	10.0	0.0	-0.0021097974189842957	-2.4634883301870865	0.026426108969620464	7.127249982181875	7.606999923930001
1492	24444928	10	4.0	4.898979485566356	10.0	0.0	10	5.0	5.0	10.0	0.0	-0.003105888564863812	-2.4391560154599308	0.052961171337241666	7.720249980699375	5.667999943320001
1496	24510464	10	3.0	4.58257569495584	10.0	0.0	10	5.0	5.0	10.0	0.0	-0.0011397144625056768	-2.4570290617568906	0.0648610376743557	6.951249982621875	12.133999878660003
1500	24576000	10	3.0	4.58257569495584	10.0	0.0	10	5.0	5.0	10.0	0.0	-0.0032063329850941687	-2.494985436139883	0.041529458266489676	6.626249983434375	6.72799993272
1504	24641536	10	4.0	4.898979485566356	10.0	0.0	10	3.0	4.58257569495584	10.0	0.0	-0.0032718866662361772	-2.511349344985352	0.08609434583026031	7.582499981043751	8.76099991239
1508	24707072	10	3.0	4.58257569495584	10.0	0.0	10	6.0	4.898979485566356	10.0	0.0	-0.0027265885652811603	-2.522567232187082	0.044392725153480195	7.3112499817218755	8.571999914280001
1512	24772608	10	6.0	4.898979485566356	10.0	0.0	10	4.0	4.898979485566356	10.0	0.0	-0.0033652421621941995	-2.530783186092603	0.08743968253898127	7.362999981592501	11.095999889040002
1516	24838144	10	6.0	4.898979485566356	10.0	0.0	10	5.0	5.0	10.0	0.0	-0.0033595871133140624	-2.510068567829132	0.025730432846454605	6.7394999831512505	11.025999889740001
1520	24903680	10	6.0	4.898979485566356	10.0	0.0	10	4.0	4.898979485566356	10.0	0.0	-0.003595846838156672	-2.433083017413688	0.03783535320053484	7.290749981773126	11.961999880380002
1524	24969216	10	4.0	4.898979485566356	10.0	0.0	10	4.0	4.898979485566356	10.0	0.0	-0.0037288112867581093	-2.4890491935004833	0.014128343148557643	7.63249998091875	9.613999903860002
