iter	frame	n_test	mean_returns	std_returns	max_returns	min_returns	n_test_train	mean_returns_train	std_returns_train	max_returns_train	min_returns_train	actor_loss	entropy_loss	value_loss	training_time	evaluation_time
0	0	10	4.6	5.44426303552648	12.0	0.0	10	0.6	0.66332495807108	2.0	0.0	0	0	0	0.0	17.363999826360004
4	65536	10	3.6	4.882622246293481	11.0	0.0	10	4.0	4.898979485566356	12.0	0.0	0.0007426908825875863	-2.6364940302804545	0.2180679911850264	8.058499979853751	16.07599983924
8	131072	10	1.6	3.1685959035509725	11.0	0.0	10	3.7	5.020956084253277	12.0	0.0	-0.0026120144390923447	-2.6351759828365657	0.1605929569562009	7.433749981415625	16.1499998385
12	196608	10	3.6	4.862098312457287	11.0	0.0	10	0.4	0.48989794855663565	1.0	0.0	-0.0035388339016159884	-2.643786077422677	0.10872035883786761	7.402249981494376	16.12699983873
16	262144	10	2.5	4.272001872658765	11.0	0.0	10	3.7	4.796873982084582	11.0	0.0	-0.003001618780814367	-2.6410984120995407	0.18403981911274495	7.392499981518751	16.4499998355
20	327680	10	2.5	4.272001872658765	11.0	0.0	10	0.3	0.45825756949558394	1.0	0.0	-0.002562886451754032	-2.652922359329284	0.13827065206244712	7.393499981516252	16.230999837690003
24	393216	10	1.2	3.2802438933713454	11.0	0.0	10	1.4	3.2310988842807022	11.0	0.0	-0.0032462133297439045	-2.657674357018195	0.16365355474644244	7.41849998145375	16.109999838900002
28	458752	10	2.8	4.621688003316537	12.0	0.0	10	0.4	0.4898979485566356	1.0	0.0	-0.0027005083487505275	-2.643051691078003	0.1010467690931305	7.38649998153375	16.07599983924
32	524288	10	2.3	4.360045871318328	11.0	0.0	10	1.4	3.8781438859330635	13.0	0.0	-0.002889979863238298	-2.6402937419445762	0.10644702243596386	7.360999981597499	16.228999837710003
36	589824	10	3.9	4.90815647672321	12.0	0.0	10	6.1	5.539855593785816	13.0	0.0	-0.0028413050698338745	-2.661122513036888	0.1387489855843421	7.371749981570626	16.186999838130003
40	655360	10	1.5	3.2015621187164243	11.0	0.0	10	2.8	4.64327470649756	13.0	0.0	-0.0034670769572915016	-2.65204908422819	0.14389218528187453	7.371749981570626	16.056999839430002
44	720896	10	1.7	3.4942810419312296	12.0	0.0	10	4.0	5.531726674375733	14.0	0.0	-0.0034526156592660875	-2.6249832284696404	0.1354925380102471	7.334249981664375	16.21399983786
48	786432	10	3.7	5.23545604508337	12.0	0.0	10	0.6	0.66332495807108	2.0	0.0	-0.0032067026134422073	-2.6220413990071005	0.14028332086060466	7.385249981536876	16.33099983669
52	851968	10	1.4	3.261901286060018	11.0	0.0	10	5.0	5.366563145999495	13.0	0.0	-0.004351688660033921	-2.598644894587509	0.12665469687044054	7.4217499814456245	16.24599983754
56	917504	10	1.6	3.2	11.0	0.0	10	2.6	4.223742416388575	11.0	0.0	-0.003973711133656447	-2.594643925356797	0.17773838137598114	7.401749981495625	16.009999839900004
60	983040	10	2.9	4.060788100849391	11.0	0.0	10	1.6	3.8262252939417984	13.0	0.0	-0.004599007285050839	-2.6040328142314624	0.19376091657050717	7.442249981394376	16.224999837750005
64	1048576	10	1.6	3.1685959035509725	11.0	0.0	10	1.4	3.261901286060018	11.0	0.0	-0.00437089256790028	-2.623912729049586	0.15810367711724999	7.450249981374376	16.31899983681
68	1114112	10	1.7	3.163858403911275	11.0	0.0	10	2.8	4.64327470649756	13.0	0.0	-0.00462467702843271	-2.6005741206082797	0.14530325772589825	7.431749981420626	16.038999839610003
72	1179648	10	4.7	5.568662316930341	12.0	0.0	10	1.2	3.2802438933713454	11.0	0.0	-0.004681193505770217	-2.599767391609544	0.1514609600259544	7.44249998139375	16.09599983904
76	1245184	10	2.5	4.272001872658765	11.0	0.0	10	0.6	0.9165151389911681	3.0	0.0	-0.005431495455963689	-2.5997685439660096	0.15177922826231496	7.385999981534999	16.026999839730003
80	1310720	10	2.8	4.1182520563948	11.0	0.0	10	3.0	4.626013402488151	13.0	0.0	-0.0051475958699275905	-2.5927503528477054	0.1227195574774165	7.38249998154375	16.124999838750004
84	1376256	10	3.5	5.142956348249516	12.0	0.0	10	3.4	4.983974317750844	11.0	0.0	-0.004929761789846497	-2.568320986857704	0.1548366076927773	7.4129999814675	16.206999837930002
88	1441792	10	2.7	4.243819034784589	11.0	0.0	10	3.8	4.728636167014756	11.0	0.0	-0.004649088259127464	-2.57329225513356	0.14432553448763127	7.433749981415625	16.166999838330003
92	1507328	10	1.5	3.2326459750489227	11.0	0.0	10	2.4	4.34050688284214	11.0	0.0	-0.004613773668829623	-2.5976495715256696	0.1457467884992856	7.365999981585	16.67399983326
96	1572864	10	0.4	0.66332495807108	2.0	0.0	10	2.5	4.272001872658765	11.0	0.0	-0.004403675175880352	-2.605233996835173	0.09145250228677988	7.454249981364375	16.296999837030004
100	1638400	10	3.8	5.173006862551025	12.0	0.0	10	7.2	5.706137047074843	13.0	0.0	-0.004748219947447227	-2.5724028818113247	0.1435796641983162	7.38849998152875	16.03099983969
104	1703936	10	4.8	5.491812087098393	12.0	0.0	10	1.8	3.1874754901018454	11.0	0.0	-0.004330635536010961	-2.5655801964113905	0.13411793771044583	7.42549998143625	16.15099983849
108	1769472	10	2.4	4.31740662898458	11.0	0.0	10	2.7	4.960846701924986	14.0	0.0	-0.004807794914797964	-2.5682496699002377	0.1565297427424159	7.435749981410626	15.987999840120002
112	1835008	10	4.7	5.367494760127857	12.0	0.0	10	1.5	3.52845575287547	12.0	0.0	-0.004948419484298858	-2.564598190020603	0.13302722094591812	7.40649998148375	16.01199983988
116	1900544	10	0.3	0.6403124237432849	2.0	0.0	10	0.6	0.66332495807108	2.0	0.0	-0.004080778343934633	-2.5734495691757937	0.1025046907879428	7.505749981235625	16.767999832320005
120	1966080	10	2.5	4.295346318982906	11.0	0.0	10	1.8	3.1559467676118995	11.0	0.0	-0.005094752840477502	-2.5793622903322517	0.1431554625593017	7.367999981580001	16.305999836940003
124	2031616	10	1.5	3.2015621187164243	11.0	0.0	10	3.8	4.995998398718719	12.0	0.0	-0.004931941489699177	-2.569576377402306	0.1539865570603344	7.410749981473125	16.119999838800002
128	2097152	10	3.5	4.924428900898052	11.0	0.0	10	5.1	5.699999999999999	14.0	0.0	-0.004810908508063519	-2.5672050885665505	0.1506185524474397	7.4067499814831255	15.965999840340002
132	2162688	10	0.4	0.66332495807108	2.0	0.0	10	2.5	4.272001872658765	11.0	0.0	-0.0049822131848147435	-2.5654904467175292	0.14759728186778553	7.4454999813862495	16.00799983992
136	2228224	10	2.5	4.272001872658765	11.0	0.0	10	5.8	5.418486873657627	12.0	0.0	-0.005991891318123696	-2.5744021159709036	0.11934284818046886	7.419749981450626	15.947999840520003
140	2293760	10	2.8	4.166533331199932	11.0	0.0	10	4.8	5.287721626560915	12.0	0.0	-0.005393062164678048	-2.581208608775676	0.15077764096961896	7.432249981419375	16.032999839670005
144	2359296	10	2.4	4.565084884205331	12.0	0.0	10	5.9	5.5578772926361015	13.0	0.0	-0.005519133989492923	-2.5714359007580727	0.15078630902165066	7.40349998149125	16.038999839610003
148	2424832	10	3.9	4.948737212663449	12.0	0.0	10	4.9	5.430469592954186	12.0	0.0	-0.004901603074757629	-2.5497032674477933	0.19261841869769245	7.421249981446875	16.134999838650003
152	2490368	10	1.4	3.555277766926235	12.0	0.0	10	3.8	5.192301994298868	12.0	0.0	-0.005344862462201951	-2.5430576624804146	0.13571588635427917	7.435249981411875	16.36299983637
156	2555904	10	3.8	4.728636167014756	11.0	0.0	10	4.0	5.291502622129181	13.0	0.0	-0.005582226582822829	-2.5488125406034166	0.19396285609805236	7.4392499814018755	16.45799983542
160	2621440	10	2.7	4.6701177715342475	12.0	0.0	10	3.8	4.749736834815167	11.0	0.0	-0.005251702175336058	-2.5385494676568245	0.16895358976700298	7.435499981411249	16.035999839640002
164	2686976	10	2.3	4.360045871318327	11.0	0.0	10	4.6	5.238320341483519	11.0	0.0	-0.006093859371172028	-2.4811553803481976	0.16305424123856177	7.412999981467499	16.088999839110002
168	2752512	10	3.5	4.924428900898052	11.0	0.0	10	5.6	5.607138307550475	12.0	0.0	-0.006106218421913556	-2.4808602554002035	0.1699097878122664	7.42549998143625	16.0599998394
172	2818048	10	4.9	5.223983154643591	12.0	0.0	10	5.1	5.08822169328342	12.0	0.0	-0.005138243902133433	-2.5073665154348643	0.1865605970960733	7.500499981248751	16.23699983763
176	2883584	10	4.9	5.412023651093923	12.0	0.0	10	0.2	0.4000000000000001	1.0	0.0	-0.0060557572135680115	-2.4889525296678285	0.1854792586334557	7.416749981458125	16.144999838550003
180	2949120	10	3.1	4.678675026115834	12.0	0.0	10	5.4	4.94368283772331	12.0	0.0	-0.0060547315072713315	-2.4856832447045614	0.13801253127669624	7.449999981375	16.280999837190002
184	3014656	10	3.7	5.020956084253277	12.0	0.0	10	1.5	3.52845575287547	12.0	0.0	-0.00675013001384913	-2.4124762835572495	0.18787766680647888	7.43449998141375	15.806999841930002
188	3080192	10	3.8	4.728636167014756	11.0	0.0	10	3.6	4.882622246293481	11.0	0.0	-0.006701051955344621	-2.4789625751376767	0.17119744092305367	7.4304999814237505	16.15599983844
192	3145728	10	2.4	4.31740662898458	11.0	0.0	10	4.1	5.448853090330111	13.0	0.0	-0.006118838948743839	-2.4606812370240476	0.1732280602653431	7.408999981477501	16.05499983945
196	3211264	10	2.5	4.544227107000705	12.0	0.0	10	2.1	3.935733730830885	13.0	0.0	-0.0063222418532640386	-2.49107435319701	0.16599355411228467	7.414249981464376	15.960999840390002
200	3276800	10	3.6	5.295280917949491	12.0	0.0	10	6.0	5.422176684690384	12.0	0.0	-0.006302815102218534	-2.5128957825268343	0.1432703424794371	7.4149999814625	16.04399983956
204	3342336	10	2.5	4.544227107000705	12.0	0.0	10	7.0	5.531726674375733	12.0	0.0	-0.0068625631191759386	-2.4619314941186183	0.17170177212059076	7.433999981415	16.04299983957
208	3407872	10	5.8	5.230678732248808	11.0	0.0	10	4.3	5.550675634551166	14.0	0.0	-0.006410153847596875	-2.4904680969703747	0.15037771436992461	7.45749998135625	16.133999838660003
212	3473408	10	2.1	3.419064199455752	12.0	0.0	10	1.8	3.458323293158116	12.0	0.0	-0.005705241321884293	-2.4671465602927416	0.15267551510246177	7.44349998139125	16.295999837040004
216	3538944	10	2.6	4.294182110716778	11.0	0.0	10	5.8	5.418486873657627	12.0	0.0	-0.006933046974644889	-2.4123616439571434	0.14255240387350548	7.4399999814	16.15099983849
220	3604480	10	3.9	4.968903299521938	12.0	0.0	10	4.7	5.568662316930341	12.0	0.0	-0.0073449988017201505	-2.41464959059835	0.14678937715190948	7.458249981354376	15.933999840660002
224	3670016	10	4.1	5.204805471869242	13.0	0.0	10	4.6	5.238320341483519	11.0	0.0	-0.00754927488178694	-2.4490197074842466	0.16735688812529181	7.4399999814	16.315999836840003
228	3735552	10	1.5	3.2326459750489227	11.0	0.0	10	3.9	4.90815647672321	12.0	0.0	-0.007679964298513727	-2.455622911197453	0.1608801036905552	7.431999981420001	16.088999839110002
232	3801088	10	6.5	5.044799302251775	12.0	0.0	10	6.5	4.964876634922564	13.0	1.0	-0.007118002908571807	-2.4478100808891936	0.1512962544644976	7.419249981451875	16.284999837150004
236	3866624	10	3.0	4.604345773288535	13.0	0.0	10	1.8	3.515679166249389	12.0	0.0	-0.0074528837289833385	-2.4576625895920348	0.14076531529512473	7.39549998151125	16.11899983881
240	3932160	10	4.8	5.134199061197375	11.0	0.0	10	4.9	4.3920382511995495	12.0	0.0	-0.007291705650002946	-2.431314316635388	0.14519143941231127	7.516249981209374	16.088999839110002
244	3997696	10	2.6	5.0039984012787215	14.0	0.0	10	5.2	5.015974481593782	12.0	0.0	-0.006810575708386721	-2.4731733175522774	0.1439616203468586	7.399749981500626	15.992999840070002
248	4063232	10	6.9	5.6471231613982	12.0	0.0	10	2.6	4.476605857119878	12.0	0.0	-0.006733397741508094	-2.4532782134838453	0.15686983116820552	7.405249981486874	15.933999840660002
252	4128768	10	4.9	5.008991914547277	11.0	0.0	10	6.8	5.15363949069005	11.0	0.0	-0.006657085742127383	-2.379790238788188	0.19635987124533472	7.440249981399375	16.255999837440005
256	4194304	10	3.2	4.237924020083418	12.0	0.0	10	6.4	5.6780278266313555	14.0	0.0	-0.007567632552127113	-2.3861010419823714	0.16212114325277543	7.444499981388751	16.08599983914
260	4259840	10	4.0	4.878524367060187	12.0	0.0	10	5.1	5.08822169328342	12.0	0.0	-0.007061640774910495	-2.3713352280371858	0.15722361593421688	7.418749981453125	16.14399983856
264	4325376	10	2.9	4.182104733265297	11.0	0.0	10	7.5	5.953990258641679	13.0	0.0	-0.006872144129265127	-2.4263456361945264	0.17802394156352463	7.45449998136375	15.989999840100003
268	4390912	10	4.2	4.955804677345546	12.0	0.0	10	4.4	4.862098312457287	13.0	0.0	-0.006087377703172749	-2.412353420999692	0.1552920685143187	7.420499981448751	16.080999839190003
272	4456448	10	5.0	5.347896782848375	12.0	0.0	10	6.6	5.517245689653489	12.0	0.0	-0.0075480576165035335	-2.439133686069884	0.13522736990657486	7.42949998142625	16.15899983841
276	4521984	10	2.5	4.272001872658765	11.0	0.0	10	5.7	5.728001396647874	13.0	0.0	-0.006924788755477693	-2.434892534956021	0.12241790768346543	7.427249981431876	16.00799983992
280	4587520	10	3.7	5.020956084253277	12.0	0.0	10	5.1	4.887739763939974	11.0	0.0	-0.007158577174638392	-2.4278353971694138	0.14862371777809227	7.439249981401875	15.964999840350002
284	4653056	10	6.0	5.039841267341661	11.0	0.0	10	3.6	5.10294032886923	12.0	0.0	-0.00754512885923987	-2.4241256363648294	0.16189063571569773	7.424749981438125	16.087999839120002
288	4718592	10	3.1	4.548626166217664	13.0	0.0	10	8.3	5.0803543183522155	14.0	0.0	-0.006999997437134521	-2.383345211297361	0.19016169428707172	7.41049998147375	16.372999836270004
292	4784128	10	4.8	5.075431016179809	11.0	0.0	10	6.0	5.329165037789691	12.0	0.0	-0.006954318371332954	-2.3939519397904236	0.1782414337900132	7.432499981418751	16.089999839100003
296	4849664	10	1.9	3.4481879299133333	12.0	0.0	10	3.6	4.882622246293481	11.0	0.0	-0.00679047393158629	-2.344855638597532	0.159722138101982	7.446249981384375	16.42599983574
300	4915200	10	3.8	5.173006862551025	12.0	0.0	10	6.2	5.861740355901138	13.0	0.0	-0.007149628479220278	-2.409898573902551	0.16167030435234073	7.432249981419375	16.089999839100003
304	4980736	10	2.9	4.109744517606903	11.0	0.0	10	4.1	5.008991914547278	13.0	0.0	-0.00736034658544395	-2.338784401371837	0.16545127524512626	7.428249981429375	17.082999829170003
308	5046272	10	3.9	5.127377497317708	12.0	0.0	10	3.4	4.152107898405339	12.0	0.0	-0.007548947754732641	-2.348182581120506	0.16947547887859662	7.4782499813043755	16.376999836230002
312	5111808	10	2.7	4.450842616853578	12.0	0.0	10	7.5	5.608029957123981	13.0	0.0	-0.00798198021380128	-2.3739676125358256	0.15442502846264078	7.374249981564375	16.03399983966
316	5177344	10	5.0	5.138093031466052	12.0	0.0	10	3.9	5.107837115648853	12.0	0.0	-0.007812860030546143	-2.339996459339692	0.16447211777009452	7.3909999815225005	16.012999839870005
320	5242880	10	2.7	4.712748667179271	13.0	0.0	10	5.3	5.831809324729332	14.0	0.0	-0.006965973811507413	-2.351356486234508	0.15195181630521187	7.328499981678751	16.164999838350003
324	5308416	10	6.8	5.5641710972974225	12.0	0.0	10	7.3	5.797413216254299	13.0	0.0	-0.00849994030828367	-2.342656060809249	0.1692531100142772	7.3609999815975	12.726999872730003
328	5373952	10	2.9	4.346262762420146	12.0	0.0	10	3.3	4.8999999999999995	14.0	0.0	-0.008256647912022356	-2.3170465079516567	0.14990676604202005	7.377749981555625	16.180999838190004
332	5439488	10	5.2	5.6000000000000005	13.0	0.0	10	7.4	6.102458520956943	14.0	0.0	-0.007884532636820615	-2.3254968298039373	0.14032143174450717	7.37949998155125	16.0399998396
336	5505024	10	1.4	3.261901286060018	11.0	0.0	10	6.7	5.330103188494571	14.0	0.0	-0.008042034110147984	-2.346465674294983	0.17373044957770212	7.381249981546874	16.24299983757
340	5570560	10	8.2	5.173006862551025	12.0	0.0	10	3.8	5.211525688318153	13.0	0.0	-0.006766984139077637	-2.292401743193094	0.14838333666952042	7.360749981598125	16.032999839670005
344	5636096	10	4.8	5.491812087098393	12.0	0.0	10	4.0	5.291502622129181	13.0	0.0	-0.007391418101621435	-2.297877783337285	0.18104772306644992	7.381249981546875	16.04399983956
348	5701632	10	5.0	5.5677643628300215	13.0	0.0	10	4.9	5.262128846769148	12.0	0.0	-0.008330676953585255	-2.2260957804983623	0.19970792141835797	7.399749981500625	16.136999838630004
352	5767168	10	4.7	5.158488150611572	11.0	0.0	10	8.0	4.8373546489791295	12.0	0.0	-0.007421851860711549	-2.236441485350819	0.16282028206480248	7.442749981393125	16.320999836790005
356	5832704	10	5.3	5.9169248769948055	13.0	0.0	10	8.8	4.955804677345546	13.0	1.0	-0.00812762106858747	-2.249342004223803	0.13778005826093526	7.456499981358751	16.089999839100003
360	5898240	10	6.2	5.436910887627275	12.0	0.0	10	4.5	5.024937810560445	12.0	0.0	-0.00781386007939096	-2.3144394554270438	0.13621135155493239	7.434749981413124	16.08299983917
364	5963776	10	1.5	3.2326459750489227	11.0	0.0	10	8.0	4.8373546489791295	12.0	0.0	-0.007361143099075807	-2.3276951807299486	0.15830918322220452	7.38649998153375	16.046999839530002
368	6029312	10	4.2	4.749736834815167	12.0	0.0	10	5.2	5.436910887627275	13.0	0.0	-0.008236113621984892	-2.3272311983068503	0.13510360210347508	7.425499981436251	16.121999838780003
372	6094848	10	3.3	4.605431575867782	13.0	0.0	10	6.5	6.360031446463139	14.0	0.0	-0.008063042579193751	-2.3199191885756836	0.15721544839045878	7.411249981471875	16.09499983905
376	6160384	10	4.1	4.867237409455184	12.0	0.0	10	5.3	5.568662316930341	13.0	0.0	-0.008270126313060368	-2.303435310481456	0.17326012205390368	7.413999981465	16.11199983888
380	6225920	10	6.4	5.678027826631356	14.0	0.0	10	4.5	4.8425200051213	13.0	0.0	-0.008534859712219695	-2.29918720549237	0.18970935153350982	7.4219999814449995	16.078999839210002
384	6291456	10	6.0	5.830951894845301	13.0	0.0	10	5.5	5.5901699437494745	14.0	0.0	-0.007958181294957463	-2.3155024645300726	0.18159335803211585	7.423749981440626	16.012999839870005
388	6356992	10	5.0	5.157518783291051	12.0	0.0	10	6.0	5.477225575051661	12.0	0.0	-0.008080829683489794	-2.3335007004492625	0.15384032381648188	7.435749981410626	15.976999840230002
392	6422528	10	4.4	5.1613951602255765	14.0	0.0	10	6.5	5.748912940721924	14.0	0.0	-0.0083048344231873	-2.331469726816344	0.13149879227264358	7.430999981422501	15.602999843970002
396	6488064	10	6.4	5.388877434122992	14.0	0.0	10	7.6	5.276362383309167	13.0	0.0	-0.00847784102524718	-2.305806894856908	0.14814395836253064	7.4384999814037505	16.00199983998
400	6553600	10	7.8	5.114684741017769	12.0	0.0	10	7.9	5.734980383575867	14.0	0.0	-0.007038439104260035	-2.302705637870772	0.18536625210748406	7.446749981383125	16.006999839930003
404	6619136	10	2.7	4.196427051671458	11.0	0.0	10	8.4	5.517245689653488	13.0	0.0	-0.007812756032858656	-2.3015150946961525	0.17112815355030786	7.4312499814218755	11.57799988422
408	6684672	10	6.3	5.158488150611572	12.0	0.0	10	5.1	5.3	13.0	0.0	-0.0069500630966443395	-2.3182145031858656	0.16648548894069365	7.419749981450626	15.983999840160003
412	6750208	10	4.1	4.657252408878008	11.0	0.0	10	8.2	5.230678732248808	14.0	0.0	-0.007633139596806138	-2.341885285828943	0.1539536621261207	7.390249981524375	13.741999862580004
416	6815744	10	3.8	4.853864439804639	11.0	0.0	10	6.5	5.953990258641679	14.0	0.0	-0.00810639703353283	-2.3236519170367194	0.16792414459823754	7.447499981381251	16.096999839030005
420	6881280	10	4.0	5.0990195135927845	12.0	0.0	10	7.7	4.712748667179271	12.0	1.0	-0.008079677379168619	-2.339619209125313	0.17676125433938228	7.45349998136625	16.23499983765
424	6946816	10	7.0	5.347896782848375	13.0	0.0	10	8.2	4.955804677345546	14.0	0.0	-0.008389765354609849	-2.352062783890335	0.14859330831099932	7.4399999814	16.15099983849
428	7012352	10	6.1	5.3188344587888805	12.0	0.0	10	7.0	5.422176684690384	14.0	0.0	-0.008307379644109946	-2.324665297822397	0.15681969411589827	7.445249981386875	16.004999839950003
432	7077888	10	9.5	4.588027898781785	14.0	0.0	10	8.6	5.695612346359257	14.0	0.0	-0.007575249393205365	-2.2796133605251363	0.20082072026798367	7.39599998151	16.048999839510003
436	7143424	10	5.4	6.053098380168622	14.0	0.0	10	5.8	5.74108003776293	13.0	0.0	-0.007958641636307048	-2.3322864991977235	0.14111446836114233	7.39749998150625	16.012999839870005
440	7208960	10	2.0	3.82099463490856	13.0	0.0	10	6.2	5.723635208501674	14.0	0.0	-0.008923113334256426	-2.323593772705747	0.13836359642556956	7.398749981503125	16.049999839500003
444	7274496	10	4.6	5.44426303552648	12.0	0.0	10	4.9	5.223983154643591	12.0	0.0	-0.008465920583782502	-2.33172376181235	0.16224509910542503	7.424249981439376	9.998999900010002
448	7340032	10	7.5	5.783597496368502	14.0	0.0	10	8.7	5.080354318352215	13.0	1.0	-0.008994744747696867	-2.303669348119142	0.15245318783721737	7.393749981515625	16.098999839010002
452	7405568	10	6.0	5.813776741499453	12.0	0.0	10	5.1	5.6824290580701495	13.0	0.0	-0.008436845499424672	-2.297490765411745	0.16330361442181107	7.4382499814043745	16.064999839350005
456	7471104	10	5.9	5.52177507691141	12.0	0.0	10	9.3	4.670117771534247	12.0	0.0	-0.008471140280589479	-2.281840090712638	0.15568247746296277	7.440749981398125	16.21399983786
460	7536640	10	2.5	4.759201613716317	12.0	0.0	10	6.2	5.287721626560915	12.0	0.0	-0.00784654068087061	-2.2840724063520605	0.1592195508835759	7.4969999812575	16.073999839260004
464	7602176	10	4.7	5.780138406647371	13.0	0.0	10	8.2	4.534313619501853	12.0	0.0	-0.008786528315789525	-2.276683494211507	0.1399129292161058	7.427999981430001	10.727999892720002
468	7667712	10	5.9	5.337602458033007	12.0	0.0	10	8.2	5.035871324805669	14.0	0.0	-0.008912037802455672	-2.2716692037997626	0.1365872080450781	7.431749981420626	16.17599983824
472	7733248	10	5.5	5.5	11.0	0.0	10	5.3	5.933801479658718	14.0	0.0	-0.008786787954698982	-2.238612231875722	0.15218645006695597	7.458249981354375	15.965999840340002
476	7798784	10	10.0	4.9396356140913875	16.0	0.0	10	8.1	6.040695324215583	14.0	0.0	-0.009149089971244513	-2.2907894201673997	0.14855185157313763	7.393249981516875	16.209999837900003
480	7864320	10	4.8	5.509990925582365	12.0	0.0	10	4.0	5.329165037789691	13.0	0.0	-0.008638019793892452	-2.3054497314078173	0.1251739122153566	7.444749981388125	16.006999839930003
484	7929856	10	4.6	5.44426303552648	12.0	0.0	10	5.6	5.122499389946279	12.0	0.0	-0.008403599695494311	-2.2907725669540913	0.14339165124169417	7.436999981407499	16.080999839190003
488	7995392	10	4.5	5.142956348249516	13.0	0.0	10	6.5	6.232976816898969	16.0	0.0	-0.008385879680378103	-2.3243691645624955	0.1466018794883069	7.4429999813925	16.24299983757
492	8060928	10	7.3	5.292447448959696	13.0	0.0	10	4.1	5.262128846769148	13.0	0.0	-0.008787389356251476	-2.285020070533353	0.13586760039267762	7.478749981303125	16.27499983725
496	8126464	10	4.1	5.448853090330111	13.0	0.0	10	10.5	3.556683848755748	13.0	0.0	-0.009658437507423933	-2.258716660006003	0.13486689211327152	7.38799998153	15.999999840000003
500	8192000	10	3.5	5.352569476429054	12.0	0.0	10	4.2	5.617828762075256	13.0	0.0	-0.008846735326175586	-2.299141004442093	0.13932258991315064	7.35049998162375	16.349999836500004
504	8257536	10	5.2	5.436910887627275	12.0	0.0	10	4.6	5.44426303552648	12.0	0.0	-0.00811585430019823	-2.255916918082485	0.17583582020706162	7.45199998137	16.270999837290002
508	8323072	10	4.0	5.329165037789691	14.0	0.0	10	7.6	5.782732917920384	16.0	0.0	-0.00825881400098366	-2.2583273050816826	0.13771043056739868	7.41549998146125	16.0199998398
512	8388608	10	4.8	5.095095681142799	11.0	0.0	10	5.5	4.984977432245807	12.0	0.0	-0.0080480448878718	-2.227502360707948	0.16045999665004465	7.483499981291249	16.038999839610003
516	8454144	10	5.9	5.923681287847955	13.0	0.0	10	7.2	4.975942121849891	13.0	0.0	-0.009090630276016018	-2.2740375372385477	0.15064102906406335	7.42149998144625	16.347999836520003
520	8519680	10	4.9	5.223983154643591	12.0	0.0	10	6.2	5.075431016179809	12.0	0.0	-0.0086735290597122	-2.3041481497470464	0.17432231027369297	7.424249981439375	16.069999839300003
524	8585216	10	4.7	5.367494760127857	12.0	0.0	10	8.4	5.517245689653488	14.0	0.0	-0.009022636256880361	-2.2898957255084187	0.16477829806031954	7.381499981546251	16.048999839510003
528	8650752	10	4.6	5.257375771237966	11.0	0.0	10	5.3	5.404627646748664	13.0	0.0	-0.0088783717380009	-2.280624910951514	0.15936195258874664	7.395749981510625	16.09199983908
532	8716288	10	5.1	4.90815647672321	11.0	0.0	10	5.1	5.3	12.0	0.0	-0.008665091284463019	-2.2767502191277993	0.1379962013114542	7.44549998138625	16.056999839430002
536	8781824	10	5.0	5.196152422706632	12.0	0.0	10	8.5	4.780167361086848	13.0	0.0	-0.009269440710587952	-2.269881489139781	0.13313550811115873	7.379249981551875	16.044999839550005
540	8847360	10	4.0	4.878524367060187	12.0	0.0	10	5.1	5.485435260760991	13.0	0.0	-0.00939173219763477	-2.271328811607593	0.13330070199608543	7.386249981534376	16.020999839790004
544	8912896	10	4.8	5.30659966456864	12.0	0.0	10	4.2	4.812483766206386	12.0	0.0	-0.008976781543398708	-2.2973100093594288	0.15100460497952103	7.423499981441251	16.009999839900004
548	8978432	10	7.1	5.223983154643591	12.0	0.0	10	5.1	5.717516943569122	14.0	0.0	-0.008785629285127555	-2.3516062023772957	0.13947858908312977	7.428249981429375	15.993999840060003
552	9043968	10	2.4	4.31740662898458	11.0	0.0	10	6.7	6.050619802962338	15.0	0.0	-0.008567171250450683	-2.356874962402248	0.12230838896053535	7.456749981358127	16.154999838450003
556	9109504	10	6.6	5.902541825349482	17.0	0.0	10	5.4	5.257375771237966	12.0	0.0	-0.009058868014377183	-2.3487885964450355	0.1245925035197889	7.474749981313125	16.087999839120002
560	9175040	10	7.7	5.586591089385369	14.0	0.0	10	7.7	5.550675634551167	14.0	0.0	-0.008566464512434499	-2.2770768128447045	0.17306254072795615	7.448499981378751	16.048999839510003
564	9240576	10	4.3	5.1000000000000005	12.0	0.0	10	7.5	6.216912416947821	15.0	0.0	-0.00941335853857575	-2.278192884982739	0.14243176352922116	7.441999981395	16.090999839090003
568	9306112	10	4.5	4.695742752749559	11.0	0.0	10	2.6	4.715930449020639	12.0	0.0	-0.009292142794586119	-2.2812394373226113	0.1530715853282057	7.41949998145125	16.191999838080005
572	9371648	10	6.6	5.817215828899596	13.0	0.0	10	10.3	4.670117771534247	16.0	1.0	-0.008921518741449166	-2.2623526054250944	0.14484893855061282	7.4387499814031255	16.296999837030004
576	9437184	10	6.7	4.754997371187496	12.0	1.0	10	4.6	5.6956123463592565	16.0	0.0	-0.0083870296576055	-2.352879747503283	0.14806574690165536	7.449749981375625	16.168999838310004
580	9502720	10	4.0	4.732863826479693	11.0	0.0	10	7.5	5.024937810560445	13.0	0.0	-0.008482542033587809	-2.335766094183005	0.11383478159917002	7.4409999813975	15.975999840240004
584	9568256	10	7.6	5.678027826631356	14.0	0.0	10	8.2	4.955804677345547	13.0	1.0	-0.008279635356652803	-2.3281064254600605	0.1563955652364599	7.457749981355626	15.982999840170002
588	9633792	10	6.4	5.332916650389353	13.0	0.0	10	8.5	4.964876634922564	14.0	1.0	-0.008631621809107004	-2.2829812514390664	0.1563535246369542	7.45849998135375	16.03399983966
592	9699328	10	5.7	5.967411499134277	15.0	0.0	10	7.6	5.10294032886923	13.0	0.0	-0.008315875749498653	-2.2992011951992026	0.1366523920881708	7.460249981349375	16.005999839940003
596	9764864	10	6.5	4.8425200051213	12.0	0.0	10	6.3	5.441507144165116	13.0	0.0	-0.008822747570765848	-2.25559769298979	0.1733228983953106	7.466999981332501	16.081999839180003
600	9830400	10	4.0	4.878524367060187	12.0	0.0	10	8.4	5.332916650389353	13.0	0.0	-0.008999457501858404	-2.2550313718751496	0.15992448570403525	7.4089999814775	16.10799983892
604	9895936	10	9.8	3.815756805667783	14.0	1.0	10	6.3	6.000833275470998	15.0	0.0	-0.0083328693281561	-2.253930027051427	0.1718151975865005	7.3684999815787515	13.544999864550002
608	9961472	10	4.5	5.445181356024793	15.0	0.0	10	8.7	5.25452186216786	16.0	0.0	-0.009108182541504129	-2.2429182527113087	0.16669615860844217	7.383749981540625	16.0399998396
612	10027008	10	6.5	5.220153254455275	12.0	0.0	10	9.6	4.363484845854286	13.0	1.0	-0.009210070919178616	-2.2149118356583015	0.16673248748420857	7.429249981426875	16.37399983626
616	10092544	10	5.3	5.367494760127856	14.0	0.0	10	3.6	4.340506882842141	13.0	0.0	-0.009302801172696364	-2.241388519371523	0.17364315966198066	7.439999981400001	16.285999837140004
620	10158080	10	3.6	5.314132102234569	13.0	0.0	10	9.0	5.176871642217914	15.0	0.0	-0.008304461001640026	-2.2368227265928704	0.17285228076453021	7.4224999814437504	14.681999853180002
624	10223616	10	6.0	5.830951894845301	13.0	0.0	10	7.2	5.7236352085016735	13.0	0.0	-0.00939699395190207	-2.2567903148763957	0.15619411279062118	7.4329999814175	16.391999836080004
628	10289152	10	4.6	5.462600113499065	15.0	0.0	10	6.5	5.643580423808985	14.0	0.0	-0.009211071079588115	-2.2046149246581686	0.17407555457253937	7.468749981328125	16.073999839260004
632	10354688	10	6.6	5.6956123463592565	14.0	0.0	10	6.3	5.386093203798093	12.0	0.0	-0.009068717005261233	-2.2511047942081635	0.1675652607635205	7.4449999813875	16.099999839000002
636	10420224	10	3.6	3.9799497484264803	11.0	0.0	10	5.0	5.779273310719955	14.0	0.0	-0.008841538492852751	-2.242186903719991	0.15885798825469366	7.412749981468124	15.982999840170002
640	10485760	10	0.7	0.9	3.0	0.0	10	9.5	4.6097722286464435	14.0	1.0	-0.009458525310265054	-2.2131209669192007	0.15301777350985002	7.4152499814618755	15.585999844140003
644	10551296	10	6.7	6.435060217278468	16.0	0.0	10	7.5	5.608029957123981	14.0	0.0	-0.009658849986311677	-2.197196058700092	0.17290298266397894	7.391749981520626	16.153999838460003
648	10616832	10	7.7	5.441507144165117	14.0	0.0	10	6.4	6.406246951218788	17.0	0.0	-0.009516178578369443	-2.24272955185655	0.1395649934663033	7.381499981546251	16.099999839000002
652	10682368	10	3.7	5.273518749374084	13.0	0.0	10	7.4	5.71314274283428	14.0	0.0	-0.008743733197054	-2.2325932132858988	0.16412247444035163	7.44349998139125	11.937999880620003
656	10747904	10	7.3	5.1778373863998475	12.0	0.0	10	11.2	3.249615361854384	14.0	2.0	-0.008859490623143423	-2.197693014909382	0.1757646634370781	7.41849998145375	15.488999845110003
660	10813440	10	7.3	5.797413216254298	13.0	0.0	10	6.8	6.177378084592201	16.0	0.0	-0.008882831400402174	-2.258733299636001	0.1580046355404526	7.4489999813775	12.862999871370002
664	10878976	10	7.8	5.912698199637792	16.0	0.0	10	9.7	4.733920151417849	15.0	0.0	-0.008135832011007415	-2.2506037401795456	0.16468806632941582	7.408249981479376	6.980999930190001
668	10944512	10	5.1	5.6824290580701495	13.0	0.0	10	7.8	5.035871324805669	13.0	1.0	-0.00945771601156301	-2.213836483426752	0.15791615197963146	7.4219999814449995	15.988999840110003
672	11010048	10	7.1	5.412023651093923	12.0	0.0	10	8.2	5.2115256883181535	13.0	0.0	-0.007022901341644971	-2.210967587697668	0.15150505248431217	7.436249981409375	16.10799983892
676	11075584	10	6.1	5.957348403442592	14.0	0.0	10	6.7	5.9506302187247355	14.0	0.0	-0.008727001260619673	-2.23418717311395	0.14149108667315402	7.42349998144125	11.568999884310003
680	11141120	10	2.9	4.158124577258358	11.0	0.0	10	11.1	2.118962010041709	13.0	5.0	-0.009203258866921346	-2.2749835151050988	0.15344912060490218	7.400249981499375	16.069999839300003
684	11206656	10	6.1	5.769748694700662	14.0	0.0	10	6.0	5.932958789676531	16.0	0.0	-0.009060372233727586	-2.247750686868336	0.11983659163731755	7.43449998141375	12.854999871450003
688	11272192	10	6.1	5.539855593785817	12.0	0.0	10	7.2	5.706137047074843	13.0	0.0	-0.009107415056517831	-2.311287035303954	0.1490150134234375	7.407999981480001	16.02799983972
692	11337728	10	6.1	5.166236541235795	12.0	0.0	10	9.8	4.512205669071391	14.0	0.0	-0.010721335057895635	-2.3147088882896156	0.0997857023702678	7.429249981426874	15.763999842360002
696	11403264	10	8.8	4.770744176750625	14.0	1.0	10	8.7	4.450842616853577	13.0	1.0	-0.009302405045310696	-2.3349337476046523	0.11003850721384001	7.43649998140875	11.763999882360002
700	11468800	10	5.0	5.779273310719955	14.0	0.0	10	6.1	6.204030947698439	16.0	0.0	-0.00982209843660565	-2.3414936907633903	0.11869588850071412	7.4349999814125	16.066999839330002
704	11534336	10	4.3	4.94064773081425	12.0	0.0	10	8.9	4.437341546466758	13.0	0.0	-0.008712776048016261	-2.2910366751350635	0.1493077522453854	7.418249981454376	12.49099987509
708	11599872	10	5.0	5.549774770204643	13.0	0.0	10	6.0	5.639148871948674	13.0	0.0	-0.008991917511869785	-2.2813431518880365	0.10862730915768404	7.423749981440626	16.070999839290003
712	11665408	10	6.1	5.5578772926361015	13.0	0.0	10	11.7	1.004987562112089	14.0	11.0	-0.008882615474233399	-2.2219155031114965	0.14207588577094402	7.413499981466251	15.170999848290002
716	11730944	10	3.8	4.975942121849891	12.0	0.0	10	7.8	5.963220606350229	16.0	0.0	-0.010140234693158418	-2.2737731906389964	0.11155980700085769	7.4429999813925	11.179999888200001
720	11796480	10	8.3	5.568662316930341	15.0	0.0	10	7.7	5.020956084253277	13.0	0.0	-0.008680347068553435	-2.2069457990612436	0.1743667722342822	7.451249981371875	16.19099983809
724	11862016	10	5.5	5.239274758971894	13.0	0.0	10	8.1	5.717516943569123	14.0	0.0	-0.009363495275702833	-2.2674955872319495	0.1375294711763203	7.433749981415625	16.072999839270004
728	11927552	10	7.4	5.4808758424178885	13.0	0.0	10	6.4	5.642694391866354	13.0	0.0	-0.009073927148735863	-2.2607154471307465	0.11185933904488453	7.358749981603125	16.219999837800003
732	11993088	10	6.7	5.273518749374083	11.0	0.0	10	9.5	4.341658669218482	13.0	0.0	-0.008869766361068095	-2.265744276108761	0.1450026860154374	7.416749981458125	16.081999839180003
736	12058624	10	7.4	5.314132102234569	13.0	0.0	10	3.7	5.657738063926255	13.0	0.0	-0.009457439175927734	-2.23646202908505	0.14642342783848084	7.443249981391875	16.0199998398
740	12124160	10	5.3	5.710516614107694	13.0	0.0	10	7.2	5.546169849544819	13.0	0.0	-0.008501787894625766	-2.2682951835415284	0.14035407421269297	7.419249981451875	16.04399983956
744	12189696	10	4.3	4.94064773081425	13.0	0.0	10	7.0	5.60357029044876	14.0	0.0	-0.009342189234542591	-2.2471730880582	0.11781062976161306	7.428499981428751	16.20499983795
748	12255232	10	7.9	5.185556864985669	12.0	0.0	10	9.2	5.230678732248808	16.0	0.0	-0.008802142318313782	-2.27466983076084	0.12881058530781986	7.45349998136625	14.447999855520003
752	12320768	10	6.7	4.754997371187496	13.0	1.0	10	7.8	5.844655678480983	14.0	0.0	-0.00982757711263526	-2.317004275577311	0.13314602188931268	7.4612499813468744	15.954999840450002
756	12386304	10	8.2	5.192301994298868	13.0	0.0	10	10.7	3.6891733491393435	14.0	0.0	-0.009934441093290707	-2.3248013454240826	0.11067825019138011	7.410749981473125	6.459999935400001
760	12451840	10	6.7	5.586591089385369	14.0	0.0	10	9.1	5.855766388782941	16.0	0.0	-0.008967017817036611	-2.2566900226109907	0.15610159008379434	7.451499981371249	16.02299983977
764	12517376	10	2.7	4.495553358597805	12.0	0.0	10	11.9	4.036087214122113	17.0	1.0	-0.009990477382891579	-2.2658802814904897	0.15168043767695144	7.42749998143125	16.068999839310003
768	12582912	10	2.7	4.172529209005013	11.0	0.0	10	7.6	4.983974317750845	14.0	1.0	-0.010079774633455179	-2.2449132350728944	0.11056087087309047	7.45949998135125	16.000999839990005
772	12648448	10	7.2	4.975942121849891	12.0	0.0	10	9.9	4.784349485562274	14.0	0.0	-0.009376979388367573	-2.1990211678240854	0.16798001494992376	7.4219999814449995	10.69899989301
776	12713984	10	6.3	5.1778373863998475	12.0	0.0	10	7.3	5.441507144165117	13.0	0.0	-0.009615578202615662	-2.173132079116633	0.13646610615284788	7.4269999814325	10.334999896650002
780	12779520	10	4.2	5.230678732248808	14.0	0.0	10	9.1	5.647123161398199	15.0	0.0	-0.008446559156284452	-2.177005402517045	0.1924795434454501	7.451249981371875	16.099999839000002
784	12845056	10	6.4	4.862098312457287	12.0	0.0	10	4.3	5.367494760127856	13.0	0.0	-0.009442846411049522	-2.2141927726743864	0.15173582125737203	7.435249981411876	15.968999840310001
788	12910592	10	7.1	5.430469592954186	12.0	0.0	10	7.5	5.389805191284746	14.0	0.0	-0.009448258333806006	-2.2363803434029204	0.13123262121216878	7.421749981445625	16.13899983861
792	12976128	10	3.6	5.517245689653489	13.0	0.0	10	3.6	4.862098312457287	11.0	0.0	-0.008588422046477426	-2.2229169729023277	0.14632357383795763	7.427749981430626	16.164999838350003
796	13041664	10	2.9	4.369210454990696	12.0	0.0	10	6.2	5.249761899362675	12.0	0.0	-0.010172577379763948	-2.2559824136529794	0.1316648896180778	7.4249999814375	16.068999839310003
800	13107200	10	5.1	5.485435260760991	13.0	0.0	10	8.6	5.0039984012787215	12.0	0.0	-0.008749505504054374	-2.215086313354702	0.14101163521492366	7.438249981404375	16.0599998394
804	13172736	10	5.8	5.758472019555188	14.0	0.0	10	7.9	4.742362280551751	13.0	0.0	-0.009694414134679702	-2.288192396124269	0.1104161326348007	7.424499981438751	15.982999840170002
808	13238272	10	8.9	5.4671747731346585	14.0	0.0	10	7.1	5.717516943569122	15.0	0.0	-0.010412499074670841	-2.295550532399907	0.10257862239473198	7.45549998136125	15.986999840130002
812	13303808	10	4.4	5.642694391866353	16.0	0.0	10	6.1	5.769748694700662	13.0	0.0	-0.008590898388334664	-2.258539234363213	0.16730699903762	7.425749981435624	16.109999838900002
816	13369344	10	5.8	5.362835071116769	13.0	0.0	10	8.6	5.885575587824865	17.0	0.0	-0.008476618986935577	-2.241668142144823	0.15561433251257503	7.421999981445	15.990999840090002
820	13434880	10	5.2	5.491812087098393	13.0	0.0	10	6.7	5.622277118748239	14.0	0.0	-0.008760825089663377	-2.270752871793403	0.18503012125936466	7.45199998137	15.511999844880004
824	13500416	10	7.4	5.499090833947008	13.0	0.0	10	8.8	5.173006862551025	13.0	0.0	-0.008817368940366084	-2.2661782773955403	0.16082765059422552	7.504249981239376	16.055999839440002
828	13565952	10	9.1	4.592385001282014	13.0	0.0	10	9.0	4.538722287164087	13.0	0.0	-0.009044773011098562	-2.233960275616002	0.14382830594409854	7.41849998145375	16.005999839940003
832	13631488	10	6.8	5.5641710972974225	12.0	0.0	10	7.1	5.629387178015028	13.0	0.0	-0.00856218662649494	-2.2468060972933026	0.13780438689010854	7.435749981410625	16.14799983852
836	13697024	10	7.9	5.374941860150676	14.0	0.0	10	6.4	5.571355310873647	14.0	0.0	-0.009356398765032027	-2.256539647542819	0.130106601229665	7.4129999814675	16.14099983859
840	13762560	10	3.0	4.123105625617661	11.0	0.0	10	7.2	5.74108003776293	14.0	0.0	-0.008972267250682352	-2.2888550731142323	0.12080122971580233	7.43449998141375	16.077999839220002
844	13828096	10	4.8	5.706137047074843	13.0	0.0	10	5.3	5.967411499134277	14.0	0.0	-0.009746519685192688	-2.2938574326629158	0.11377501051929574	7.449249981376874	15.986999840130002
848	13893632	10	5.1	5.3188344587888805	13.0	0.0	10	6.3	5.967411499134277	14.0	0.0	-0.008672484887035096	-2.26890856500674	0.12479166778367225	7.440249981399376	16.120999838790002
852	13959168	10	4.8	5.095095681142799	11.0	0.0	10	7.5	5.024937810560445	13.0	0.0	-0.0089730008078783	-2.2211140044203392	0.12561216801648697	7.441499981396251	17.05399982946
856	14024704	10	5.0	5.549774770204643	13.0	0.0	10	6.6	5.332916650389354	13.0	0.0	-0.010587135862309966	-2.275732132058712	0.14467727096486038	7.371249981571876	15.989999840100003
860	14090240	10	4.7	5.568662316930341	12.0	0.0	10	7.9	5.3376024580330075	14.0	1.0	-0.009889277723111586	-2.282231909295609	0.1411525254611662	7.408249981479376	13.153999868460001
864	14155776	10	5.0	5.138093031466052	12.0	0.0	10	8.3	4.838388161361178	13.0	0.0	-0.009622486920820465	-2.2553831212356745	0.14081567287685662	7.46349998134125	15.982999840170002
868	14221312	10	4.9	5.412023651093923	12.0	0.0	10	10.0	4.878524367060187	14.0	0.0	-0.009069096533762264	-2.2751971381519516	0.15701561590262822	7.418249981454376	13.646999863530002
872	14286848	10	5.1	5.146843692983108	12.0	0.0	10	7.2	5.095095681142799	14.0	0.0	-0.008539093912097083	-2.2758418468250436	0.13793915982163055	7.379249981551876	16.032999839670005
876	14352384	10	4.1	5.664803615307418	14.0	0.0	10	9.2	4.812483766206386	14.0	1.0	-0.008938987893673459	-2.2772639217587427	0.15607484218901332	7.419749981450625	10.921999890780002
880	14417920	10	11.3	5.119570294468081	17.0	0.0	10	7.3	5.1778373863998475	12.0	0.0	-0.00994710445125814	-2.2901220940151443	0.102013840174231	7.428749981428125	16.235999837640005
884	14483456	10	6.3	5.367494760127857	13.0	0.0	10	9.5	4.5661800227323495	13.0	0.0	-0.00882575794487138	-2.238554465040833	0.12459929317179799	7.432249981419375	16.04399983956
888	14548992	10	6.5	4.780167361086848	12.0	0.0	10	6.6	6.2960304954788775	14.0	0.0	-0.009430549795300275	-2.2411194813897226	0.11866119200059022	7.448249981379375	16.000999839990005
892	14614528	10	6.3	5.586591089385369	14.0	0.0	10	8.5	5.426785420486054	14.0	0.0	-0.009661403861985905	-2.200530707606929	0.14229829693283033	7.441749981395626	11.809999881900003
896	14680064	10	1.9	3.176476034853718	11.0	0.0	10	5.3	5.9506302187247355	14.0	0.0	-0.007389705673467965	-2.2117784045816244	0.1387554759325588	7.560499981098751	16.320999836790005
900	14745600	10	3.9	5.166236541235795	12.0	0.0	10	6.0	5.477225575051661	12.0	0.0	-0.009007574104211932	-2.2200008926463286	0.11501227946685262	7.382999981542501	15.964999840350002
904	14811136	10	3.7	4.796873982084582	11.0	0.0	10	11.0	3.82099463490856	14.0	0.0	-0.009534284524829382	-2.238294591273166	0.1263849215139921	7.394749981513125	11.226999887730003
908	14876672	10	3.0	4.266145801540309	11.0	0.0	10	9.2	4.955804677345547	16.0	1.0	-0.008973250974703603	-2.2379695969475626	0.12868986890552528	7.423249981441875	16.072999839270004
912	14942208	10	4.1	5.52177507691141	15.0	0.0	10	9.6	4.6946778377222005	15.0	0.0	-0.008747125783276263	-2.2367877088640684	0.1378481174520359	7.4309999814225005	10.406999895930001
916	15007744	10	5.0	5.385164807134504	12.0	0.0	10	8.5	5.181698563212646	13.0	0.0	-0.009485420962767976	-2.2731802635010476	0.12384571102709951	7.406749981483125	11.114999888850003
920	15073280	10	1.5	3.2326459750489227	11.0	0.0	10	10.9	3.3896902513356584	14.0	1.0	-0.009182981199908909	-2.248044999703045	0.12729375808105098	7.439499981401249	16.122999838770003
924	15138816	10	5.4	5.695612346359257	13.0	0.0	10	6.6	5.885575587824865	14.0	0.0	-0.00921170266060013	-2.277479223669756	0.1630734352535511	7.456249981359375	16.024999839750002
928	15204352	10	6.7	5.514526271584895	15.0	0.0	10	5.3	5.348831648126533	13.0	0.0	-0.010157334869445539	-2.2801120924561347	0.09406667620826402	7.419749981450626	16.084999839150004
932	15269888	10	4.0	5.329165037789691	13.0	0.0	10	10.4	4.24735211631906	14.0	0.0	-0.00947855639992461	-2.281584729513286	0.12687636801893118	7.464249981339375	16.02799983972
936	15335424	10	5.2	5.249761899362675	13.0	0.0	10	9.6	4.586937976471886	13.0	0.0	-0.008264166770204747	-2.310486455517737	0.13711662860711143	7.441499981396251	16.080999839190003
940	15400960	10	8.8	5.688585061331157	15.0	0.0	10	7.8	5.67097875150313	14.0	0.0	-0.008872131677875452	-2.2972566334000377	0.10665968245646945	7.499749981250624	16.056999839430002
944	15466496	10	7.3	5.4230987451825	12.0	0.0	10	9.8	3.9446165846632044	12.0	1.0	-0.009366427906201267	-2.2406975947469925	0.10827700000991058	7.426749981433125	16.009999839900004
948	15532032	10	7.7	6.181423784210236	15.0	0.0	10	10.8	3.340658617698013	13.0	1.0	-0.009186861162513929	-2.2872928477924663	0.08987092726393425	7.404249981489376	11.543999884560002
952	15597568	10	6.7	6.1	16.0	0.0	10	8.1	5.699999999999999	15.0	0.0	-0.00951354130809437	-2.2809192163356427	0.09978243618319386	7.4289999814275	16.165999838340003
956	15663104	10	5.1	5.52177507691141	14.0	0.0	10	8.7	5.586591089385369	14.0	0.0	-0.008767752916958192	-2.286330707133075	0.13856122004908403	7.427749981430626	14.668999853310003
960	15728640	10	8.0	4.8166378315169185	12.0	0.0	10	9.9	3.8845849199110063	14.0	1.0	-0.00991601386964639	-2.2846713212732817	0.1258379465303619	7.4299999814249995	11.726999882730002
964	15794176	10	6.4	5.71314274283428	14.0	0.0	10	8.5	5.389805191284746	13.0	0.0	-0.00835386714519992	-2.2446653170035575	0.1290258663416859	7.43749998140625	12.303999876960003
968	15859712	10	7.8	5.436910887627275	14.0	0.0	10	9.8	4.261455150532504	14.0	1.0	-0.008554755828014885	-2.229250028497225	0.1378970271764104	7.442749981393125	16.372999836270004
972	15925248	10	4.7	5.367494760127857	12.0	0.0	10	3.7	5.020956084253277	12.0	0.0	-0.009515302043755754	-2.274337899944701	0.11530534145773386	7.363749981590626	15.994999840050001
976	15990784	10	8.2	5.418486873657627	13.0	0.0	10	8.6	5.678027826631356	14.0	0.0	-0.008506389308445925	-2.193738157321979	0.14287603846815064	7.402749981493124	13.808999861910001
980	16056320	10	5.1	6.122907805936653	15.0	0.0	10	7.9	5.281098370604358	13.0	1.0	-0.008586183091225942	-2.21995167411091	0.14639282869202355	7.4544999813637505	16.243999837560004
984	16121856	10	5.4	5.517245689653489	12.0	0.0	10	8.8	5.015974481593781	14.0	0.0	-0.009859359436514554	-2.2648488553986086	0.09260280988145857	7.443499981391249	16.066999839330002
988	16187392	10	5.3	5.568662316930341	14.0	0.0	10	5.2	5.635601121442148	14.0	0.0	-0.009736701733543818	-2.218101533519641	0.12104273337851737	7.43449998141375	15.998999840010002
992	16252928	10	7.7	5.780138406647371	14.0	0.0	10	6.5	5.572252686302013	13.0	0.0	-0.009722906680405149	-2.2240258105266033	0.09059710008079827	7.3904999815237495	15.955999840440002
996	16318464	10	4.6	5.571355310873647	14.0	0.0	10	7.2	5.706137047074843	13.0	0.0	-0.008846914085540211	-2.235255939032253	0.09921117335455809	7.41199998147	15.949999840500002
1000	16384000	10	3.1	4.52658811910251	12.0	0.0	10	10.9	2.808914381037628	14.0	3.0	-0.00957011874461742	-2.2400180719943017	0.10867139117746798	7.4217499814456245	10.302999896970002
1004	16449536	10	5.7	5.692978130996114	15.0	0.0	10	5.2	5.509990925582365	15.0	0.0	-0.008793964137105655	-2.2370923755222796	0.11429422526050645	7.451249981371875	16.036999839630003
1008	16515072	10	6.9	5.223983154643591	13.0	0.0	10	8.1	5.3188344587888805	14.0	1.0	-0.008249241239405085	-2.206134080657035	0.0866993209256817	7.45199998137	16.27799983722
1012	16580608	10	6.1	5.337602458033007	12.0	0.0	10	7.4	5.6956123463592565	13.0	0.0	-0.008958700303665504	-2.1969878845111817	0.09135822388167966	7.44249998139375	16.173999838260002
1016	16646144	10	7.8	5.844655678480983	14.0	0.0	10	9.3	3.9	14.0	2.0	-0.009059438769596211	-2.2470012329661695	0.0945180027724818	7.43599998141	16.08699983913
1020	16711680	10	5.0	5.347896782848375	12.0	0.0	10	7.0	5.674504383644443	16.0	0.0	-0.00871508068818776	-2.2095799319627965	0.14128182462186667	7.43649998140875	16.388999836110003
1024	16777216	10	4.2	5.617828762075256	13.0	0.0	10	6.1	5.957348403442592	14.0	0.0	-0.010126475039978858	-2.2140304121055623	0.09844936200478606	7.5589999811025	16.144999838550003
1028	16842752	10	4.5	5.518151864528558	12.0	0.0	10	6.7	5.780138406647371	13.0	0.0	-0.007636916056488788	-2.185674197744146	0.1553984676946752	7.449249981376874	16.201999837980004
1032	16908288	10	4.6	4.608687448721165	12.0	0.0	10	6.6	6.2641839053463295	14.0	0.0	-0.008270732899945323	-2.2291787016056515	0.12419578843077234	7.423749981440625	16.0599998394
1036	16973824	10	7.4	4.862098312457287	12.0	1.0	10	8.3	5.040833264451424	13.0	0.0	-0.007831373132318173	-2.272457932195778	0.12123305395845352	7.43649998140875	14.508999854910003
1040	17039360	10	8.9	5.7870545184921145	16.0	0.0	10	8.4	4.758150901348127	12.0	0.0	-0.008712008456315918	-2.1684188641832516	0.13833338424364197	7.536499981158751	15.961999840380003
1044	17104896	10	4.0	4.898979485566356	12.0	0.0	10	5.8	5.617828762075256	12.0	0.0	-0.00864084006905342	-2.2241682358252794	0.13792858465379687	7.412249981469375	16.05399983946
1048	17170432	10	4.1	5.068530358989675	13.0	0.0	10	8.7	5.158488150611572	13.0	0.0	-0.007875489940880774	-2.198482190340233	0.11994275538708823	7.411249981471874	16.180999838190004
1052	17235968	10	4.8	5.192301994298868	13.0	0.0	10	11.1	3.176476034853718	14.0	2.0	-0.00811810603930724	-2.217306422459581	0.10665961734149945	7.4429999813925	12.119999878800002
1056	17301504	10	4.8	5.546169849544819	15.0	0.0	10	6.1	5.166236541235795	14.0	1.0	-0.009296852900299087	-2.1971566178099424	0.11581420563507179	7.428749981428125	16.07199983928
1060	17367040	10	5.3	5.984145720150872	15.0	0.0	10	9.0	4.919349550499537	13.0	0.0	-0.00879567462257844	-2.2285691447718117	0.13606125658202461	7.403749981490626	15.994999840050001
1064	17432576	10	5.2	5.015974481593782	12.0	0.0	10	9.2	4.770744176750625	13.0	1.0	-0.009341048633599238	-2.237924530869063	0.1153160596223878	7.45049998137375	15.991999840080004
1068	17498112	10	7.0	5.347896782848375	12.0	0.0	10	10.0	4.878524367060187	14.0	0.0	-0.00907889910403674	-2.249187734985506	0.09678500932409252	7.434749981413125	11.424999885750003
1072	17563648	10	8.4	5.535341001239218	13.0	0.0	10	11.2	3.8157568056677826	17.0	1.0	-0.007873791150297191	-2.233755404517823	0.12711995505024543	7.425999981434999	10.932999890670002
1076	17629184	10	9.1	4.323193264243458	12.0	0.0	10	9.1	4.928488612140643	15.0	0.0	-0.009769995050690053	-2.2648969166105073	0.106123703753697	7.40799998148	10.56499989435
1080	17694720	10	5.5	4.964876634922564	12.0	0.0	10	8.5	4.780167361086848	13.0	0.0	-0.008761997961904066	-2.2652679356559804	0.09658118410116456	7.452999981367499	16.044999839550005
1084	17760256	10	5.4	5.043808085167397	12.0	0.0	10	6.3	5.622277118748239	14.0	0.0	-0.0076329724632091195	-2.260916314783618	0.12705152957773722	7.42149998144625	16.032999839670005
1088	17825792	10	5.6	5.919459434779497	15.0	0.0	10	7.9	5.5578772926361015	14.0	0.0	-0.009530879485805664	-2.274911589683551	0.07600055618661718	7.401249981496875	16.11599983884
1092	17891328	10	5.8	5.617828762075256	12.0	0.0	10	7.5	5.835237784358063	14.0	0.0	-0.008446071361534132	-2.2756969057136534	0.09999104623106884	7.4449999813875	16.312999836870002
1096	17956864	10	4.4	5.817215828899595	16.0	0.0	10	8.6	5.748043145279966	15.0	0.0	-0.008574807038122561	-2.2298943770589217	0.11397165679737846	7.458749981353125	16.07599983924
1100	18022400	10	5.3	6.2136945531623935	15.0	0.0	10	9.5	4.544227107000705	13.0	0.0	-0.009599814716754895	-2.2428377218691717	0.11622530368187814	7.452749981368125	14.096999859030001
1104	18087936	10	5.5	6.053924347066125	15.0	0.0	10	8.6	5.102940328869229	15.0	1.0	-0.008890334387295692	-2.282917804778237	0.12232791118912198	7.43749998140625	16.378999836210003
1108	18153472	10	9.2	4.3772137256478585	12.0	0.0	10	10.2	4.331281565541543	15.0	0.0	-0.009123741068489564	-2.272327258946229	0.11817374669026194	7.396749981508125	11.5199998848
1112	18219008	10	4.4	4.8	12.0	0.0	10	9.3	5.040833264451424	16.0	1.0	-0.008738872244975132	-2.251559190217561	0.1189590421536577	7.419499981451249	15.997999840020002
1116	18284544	10	6.4	6.118823416311343	15.0	0.0	10	8.0	5.019960159204453	13.0	0.0	-0.00944565016251075	-2.2609320677945255	0.11884483391112408	7.4312499814218755	13.549999864500004
1120	18350080	10	7.7	5.797413216254298	15.0	0.0	10	11.0	4.8166378315169185	16.0	0.0	-0.009405651257344362	-2.2304726638059993	0.131497648220471	7.428999981427499	16.37399983626
1124	18415616	10	5.6	5.499090833947008	13.0	0.0	10	7.8	6.305553108173779	16.0	0.0	-0.008749564747326582	-2.245150111381788	0.1154113070298217	7.430749981423125	15.973999840260003
1128	18481152	10	9.4	4.24735211631906	13.0	1.0	10	9.4	5.370288632839021	15.0	0.0	-0.009398664014579675	-2.245266486967173	0.12859856956851032	7.403249981491876	15.103999848960001
1132	18546688	10	4.2	4.995998398718719	13.0	0.0	10	9.6	4.862098312457287	13.0	0.0	-0.009311223634480085	-2.1807261603785895	0.10662886669990335	7.377999981555	14.538999854610003
1136	18612224	10	7.8	5.035871324805669	13.0	0.0	10	9.1	5.08822169328342	16.0	0.0	-0.009348588732727224	-2.229486169682166	0.12383152465598317	7.41549998146125	16.08599983914
1140	18677760	10	5.0	5.966573556070519	14.0	0.0	10	10.0	4.857983120596447	15.0	0.0	-0.009493918535474802	-2.191139966021222	0.09749263050571297	7.45349998136625	16.102999838970003
1144	18743296	10	6.5	5.315072906367325	13.0	0.0	10	10.0	4.47213595499958	15.0	1.0	-0.008646090041120024	-2.1772456266201528	0.11443869108694317	7.434749981413125	16.09799983902
1148	18808832	10	4.9	5.048762224545736	11.0	0.0	10	9.0	5.176871642217914	15.0	0.0	-0.009196262439472832	-2.2270092688664604	0.0767182136107415	7.435499981411249	16.02199983978
1152	18874368	10	8.0	5.422176684690384	14.0	1.0	10	7.8	6.029925372672534	14.0	0.0	-0.008672791013250405	-2.2377916174782815	0.12672627692653415	7.424499981438751	15.977999840220003
1156	18939904	10	7.1	5.412023651093923	12.0	0.0	10	9.8	5.793099343184096	17.0	0.0	-0.008305245004262767	-2.158955889218665	0.15448142997863534	7.3949999815125	12.514999874850002
1160	19005440	10	5.3	5.532630477449221	13.0	0.0	10	8.6	5.102940328869229	14.0	0.0	-0.008737196427015054	-2.1213953294133696	0.11730081734267385	7.457499981356251	16.035999839640002
1164	19070976	10	4.1	5.957348403442592	16.0	0.0	10	9.7	4.473253849269008	14.0	0.0	-0.00893905227377174	-2.190115707387874	0.11190043116995829	7.411999981470001	11.843999881560002
1168	19136512	10	6.7	5.158488150611572	12.0	0.0	10	9.3	4.450842616853577	13.0	0.0	-0.008414097313746404	-2.227436877555088	0.0994789651491432	7.403249981491875	15.993999840060003
1172	19202048	10	6.2	5.436910887627275	12.0	0.0	10	10.3	4.313930922024599	14.0	0.0	-0.009486636841981458	-2.239273488288318	0.09599982398959118	7.351999981620001	16.108999838910005
1176	19267584	10	4.4	4.454211490264018	11.0	0.0	10	8.5	4.964876634922564	13.0	0.0	-0.008829116142492644	-2.2431830736644915	0.12282428376959853	7.388249981529374	10.110999898890002
1180	19333120	10	2.5	4.295346318982906	11.0	0.0	10	11.1	3.83275357934736	14.0	0.0	-0.009832377937413069	-2.2555043247972857	0.09242065886314609	7.4409999813975	12.09099987909
1184	19398656	10	5.6	5.607138307550474	12.0	0.0	10	8.9	5.028916384272063	14.0	0.0	-0.009462447831158814	-2.2266055715744923	0.0982023567867927	7.4149999814625005	14.290999857090002
1188	19464192	10	6.5	5.987486951969082	15.0	0.0	10	9.0	5.531726674375733	14.0	0.0	-0.009336575956935114	-2.236275985604037	0.07615916662987483	7.426999981432501	16.013999839860002
1192	19529728	10	7.1	5.412023651093923	12.0	0.0	10	8.4	5.517245689653488	13.0	0.0	-0.009610526910272968	-2.1816550689649947	0.11536961901352069	7.45849998135375	10.015999899840002
1196	19595264	10	2.6	4.24735211631906	11.0	0.0	10	8.7	5.000999900019995	14.0	0.0	-0.008532536777865437	-2.21775579429413	0.11893584461575117	7.428749981428125	15.948999840510002
1200	19660800	10	4.7	5.367494760127857	12.0	0.0	10	7.4	5.161395160225576	13.0	0.0	-0.010016716268655206	-2.2090288944724863	0.10237518246771413	7.47599998131	15.917999840820002
1204	19726336	10	3.8	5.173006862551025	12.0	0.0	10	8.7	5.21632054229799	15.0	0.0	-0.009718257653931028	-2.1924483053585937	0.09721440467746935	7.451499981371249	16.038999839610003
1208	19791872	10	6.3	5.139066063011839	12.0	0.0	10	7.7	5.967411499134277	15.0	0.0	-0.007802919246180844	-2.162546301656207	0.13690533984268152	7.46649998133375	16.15899983841
1212	19857408	10	5.9	5.734980383575867	13.0	0.0	10	8.6	5.4626001134990645	13.0	0.0	-0.008729996443738368	-2.2333459280588395	0.10789007638078123	7.404499981488751	13.883999861160003
1216	19922944	10	3.9	5.146843692983108	13.0	0.0	10	7.2	5.74108003776293	14.0	0.0	-0.009067795531908004	-2.256572949154557	0.10767126935964808	7.427749981430625	13.869999861300002
1220	19988480	10	8.2	5.4	13.0	0.0	10	10.1	4.3920382511995495	14.0	1.0	-0.00793494621917294	-2.266629298291928	0.11772126998146973	7.416749981458125	16.29899983701
1224	20054016	10	3.1	4.205948168962618	11.0	0.0	10	9.5	4.6097722286464435	14.0	0.0	-0.008555071357192748	-2.2296958786906793	0.10735345234907484	7.408749981478125	15.976999840230002
1228	20119552	10	6.8	5.362835071116769	12.0	0.0	10	8.4	5.332916650389353	14.0	0.0	-0.008515497882118656	-2.202518490224132	0.13249719521823689	7.435249981411875	13.157999868420001
1232	20185088	10	5.1	5.281098370604357	12.0	0.0	10	9.6	4.363484845854286	13.0	0.0	-0.00927775419307854	-2.2080189086680337	0.08571348963188606	7.417249981456875	13.609999863900002
1236	20250624	10	5.2	5.230678732248808	12.0	0.0	10	6.7	5.478138369920935	12.0	0.0	-0.007612769772514569	-2.231602228945493	0.12538521013779183	7.450999981372501	15.948999840510002
1240	20316160	10	6.4	6.036555309114628	14.0	0.0	10	7.9	6.624952830020754	17.0	0.0	-0.008650611362411433	-2.2534894717372502	0.12367673053980524	7.39649998150875	15.969999840300003
1244	20381696	10	3.6	4.882622246293481	11.0	0.0	10	8.7	5.3113086899558	13.0	0.0	-0.008527969348830633	-2.2982364095837	0.0983348814280096	7.410749981473125	15.990999840090002
1248	20447232	10	6.2	5.436910887627275	12.0	0.0	10	6.5	5.389805191284746	13.0	0.0	-0.009383296423273933	-2.299797969320266	0.07718040804971708	7.43849998140375	16.302999836970002
1252	20512768	10	4.9	5.906775770248943	15.0	0.0	10	9.9	4.6141087980237305	15.0	0.0	-0.008771022936036479	-2.262669026615959	0.07634571240419603	7.4329999814175	11.26399988736
1256	20578304	10	9.7	4.495553358597805	14.0	1.0	10	5.3	5.119570294468081	12.0	0.0	-0.008761900852123118	-2.244335169359708	0.11477833364205024	7.417999981454999	16.366999836330002
1260	20643840	10	9.0	5.848076606885378	16.0	0.0	10	8.7	5.348831648126533	14.0	0.0	-0.008833704905847832	-2.2138626896022355	0.09687108762794963	7.457749981355625	16.06299983937
1264	20709376	10	5.9	5.957348403442592	14.0	0.0	10	7.5	5.389805191284746	13.0	0.0	-0.008937679545527327	-2.2242413657573574	0.0968313121601656	7.442249981394376	16.311999836880005
1268	20774912	10	5.8	5.114684741017769	13.0	0.0	10	5.0	5.5677643628300215	13.0	0.0	-0.00858974035419687	-2.2310053852856773	0.10616984038749563	7.466749981333125	16.006999839930003
1272	20840448	10	3.1	4.109744517606903	11.0	0.0	10	11.5	3.640054944640259	14.0	1.0	-0.009015616360830566	-2.2316451020697703	0.11603613146148148	7.441249981396875	14.274999857250002
1276	20905984	10	8.3	5.254521862167861	13.0	0.0	10	6.3	5.404627646748664	14.0	0.0	-0.008291695076923435	-2.1798987609857527	0.11627249573698435	7.4229999814425005	16.17899983821
1280	20971520	10	6.5	5.220153254455275	12.0	0.0	10	8.1	4.968903299521937	14.0	0.0	-0.009172348423468188	-2.188928124577278	0.09532640586235056	7.398999981502501	15.980999840190002
1284	21037056	10	2.9	5.629387178015028	16.0	0.0	10	8.7	4.73392015141785	14.0	0.0	-0.008737840191618093	-2.203106102614589	0.0983959408374453	7.39599998151	11.223999887760002
1288	21102592	10	2.8	4.1424630354415966	11.0	0.0	10	7.9	5.503635162326805	14.0	0.0	-0.009053251627510485	-2.2069297629282736	0.08349010956690502	7.407749981480626	16.198999838010003
1292	21168128	10	6.3	5.586591089385369	13.0	0.0	10	8.7	5.348831648126533	14.0	0.0	-0.009849051805642342	-2.207308200268494	0.08760814833473525	7.445749981385625	15.939999840600002
1296	21233664	10	6.5	6.18465843842649	14.0	0.0	10	7.2	6.289674077406556	17.0	0.0	-0.008700487407929216	-2.237136351332485	0.08835316075954387	7.410499981473751	10.999999890000002
1300	21299200	10	5.2	5.635601121442148	14.0	0.0	10	9.5	4.318564576337836	13.0	0.0	-0.008188218847616417	-2.2484966538987834	0.08755952363387368	7.406249981484375	15.928999840710002
1304	21364736	10	6.3	4.980963762164909	12.0	0.0	10	10.9	5.48543526076099	17.0	0.0	-0.008002800679378275	-2.2689530275882115	0.09883751315587375	7.4072499814818755	16.090999839090003
1308	21430272	10	5.3	5.478138369920935	13.0	0.0	10	9.2	4.874423042781576	14.0	0.0	-0.008632588301235308	-2.2556897573306895	0.09492038010872589	7.435749981410625	16.067999839320002
1312	21495808	10	8.3	6.341135544995076	17.0	0.0	10	7.5	5.953990258641679	15.0	0.0	-0.009505124177162259	-2.2236330134340476	0.11705002924760323	7.4392499814018755	16.070999839290003
1316	21561344	10	10.1	4.1340053217188775	15.0	0.0	10	10.1	3.986226285598949	15.0	2.0	-0.008264824727775772	-2.1928825326463177	0.12445286466064569	7.413249981466874	15.999999840000003
1320	21626880	10	8.6	4.673328578219169	13.0	0.0	10	10.8	3.944616584663204	16.0	0.0	-0.008952657819743729	-2.18839491135928	0.09303171225475262	7.432249981419375	12.968999870310002
1324	21692416	10	8.1	6.040695324215582	16.0	0.0	10	5.5	5.748912940721924	14.0	0.0	-0.007797327352612791	-2.202928016353653	0.12450282464524848	7.419749981450626	16.104999838950004
1328	21757952	10	5.2	5.582114294781145	12.0	0.0	10	10.1	5.281098370604357	16.0	0.0	-0.007985615512630271	-2.2180254531576464	0.10656500676468098	7.462749981343125	12.030999879690002
1332	21823488	10	6.3	5.728001396647874	13.0	0.0	10	6.3	5.441507144165117	14.0	0.0	-0.00800181574754806	-2.224053337938379	0.12247639963058869	7.4304999814237505	16.168999838310004
1336	21889024	10	8.4	4.903060268852505	13.0	0.0	10	10.4	4.079215610874228	14.0	1.0	-0.007987947098098132	-2.277790682773944	0.1353013354678329	7.391749981520626	15.974999840250002
1340	21954560	10	7.5	5.200961449578338	13.0	0.0	10	4.1	5.6471231613982	14.0	0.0	-0.007987738561876975	-2.2316428296426882	0.14919862607492046	7.425249981436875	16.38599983614
1344	22020096	10	6.3	6.435060217278467	16.0	0.0	10	8.1	6.040695324215582	16.0	0.0	-0.010031121357482737	-2.25973366177385	0.07701501206779171	7.413249981466874	16.17899983821
1348	22085632	10	7.9	5.5578772926361015	14.0	0.0	10	2.7	4.69148164229596	12.0	0.0	-0.00872115223834754	-2.212824898230998	0.10376683163617477	7.3832499815418755	16.067999839320002
1352	22151168	10	6.6	5.678027826631356	14.0	0.0	10	7.7	5.139066063011839	13.0	0.0	-0.009367616630328274	-2.158577173723436	0.11473952073495207	7.428499981428751	16.10799983892
1356	22216704	10	6.7	5.831809324729334	15.0	0.0	10	8.6	5.571355310873647	15.0	0.0	-0.009084493781871239	-2.144435631508767	0.10171897882933069	7.456999981357501	10.213999897860003
1360	22282240	10	6.8	5.362835071116769	12.0	0.0	10	6.5	6.453681120105021	16.0	0.0	-0.008793332569432894	-2.0777203637184054	0.13034513133462003	7.419749981450626	9.819999901800001
1364	22347776	10	6.1	5.923681287847955	13.0	0.0	10	10.3	5.139066063011839	16.0	0.0	-0.008785528467033545	-2.1093173024841367	0.1373878313706257	7.43149998142125	16.10699983893
1368	22413312	10	7.0	5.329165037789691	12.0	0.0	10	8.8	6.321392251711643	17.0	0.0	-0.007888184227731363	-2.106584757347016	0.17115462499750467	7.4089999814775	16.088999839110002
1372	22478848	10	6.6	5.517245689653488	13.0	0.0	10	10.5	4.716990566028302	16.0	0.0	-0.00813423297622803	-2.1683253941661462	0.1519959654966365	7.471249981321875	14.433999855660002
1376	22544384	10	4.1	4.867237409455183	12.0	0.0	10	9.1	5.008991914547277	14.0	0.0	-0.008787852589794212	-2.129008193589009	0.11498154640397013	7.456999981357501	16.06399983936
1380	22609920	10	3.6	5.083306010855534	12.0	0.0	10	5.9	5.539855593785816	12.0	0.0	-0.009061786655634445	-2.1072222215722416	0.11887166946664243	7.484749981288125	16.08599983914
1384	22675456	10	7.1	5.223983154643591	12.0	0.0	10	10.2	4.237924020083418	14.0	1.0	-0.008282128110645099	-2.1315886847937966	0.11145484438557238	7.45599998136	14.071999859280002
1388	22740992	10	7.6	6.036555309114628	13.0	0.0	10	8.0	4.898979485566356	13.0	0.0	-0.009187251318763714	-2.165350089244988	0.08955475807343621	7.420249981449375	15.993999840060003
1392	22806528	10	8.6	5.0635955604688645	14.0	1.0	10	7.9	5.3188344587888805	14.0	0.0	-0.008409939361054167	-2.1979208238616894	0.11901569718341806	7.441249981396875	12.566999874330001
1396	22872064	10	5.5	5.9707620954112715	14.0	0.0	10	6.0	5.882176467941097	16.0	0.0	-0.00842021470607713	-2.2233375184405504	0.09573056947529258	7.4469999813825005	16.43899983561
1400	22937600	10	5.7	5.848931526355903	17.0	0.0	10	9.7	3.9	12.0	1.0	-0.00927094799311651	-2.250535083079352	0.08411784814570555	7.4379999814049995	11.265999887340001
1404	23003136	10	5.3	5.1778373863998475	13.0	0.0	10	7.5	5.572252686302013	13.0	0.0	-0.00888844876952315	-2.217161151039117	0.13076939106488011	7.464999981337499	15.974999840250002
1408	23068672	10	7.2	5.325410782277739	13.0	0.0	10	9.0	5.5677643628300215	14.0	0.0	-0.008354762044330626	-2.2177599715863177	0.10339890496970001	7.40749998148125	16.381999836180004
1412	23134208	10	2.9	4.6141087980237305	13.0	0.0	10	6.6	5.083306010855534	12.0	0.0	-0.00904093174324879	-2.1880900733377158	0.10333858060660626	7.42149998144625	15.991999840080004
1416	23199744	10	4.8	5.706137047074843	13.0	0.0	10	8.2	6.161168720299745	15.0	0.0	-0.00974457155481765	-2.1938113418916485	0.10159521343214756	7.436499981408751	16.023999839760002
1420	23265280	10	5.0	4.979959839195493	11.0	0.0	10	8.0	5.531726674375733	14.0	0.0	-0.009031219574322341	-2.2142948356944463	0.09932150116397478	7.3754999815612505	11.21599988784
1424	23330816	10	9.1	4.592385001282013	13.0	0.0	10	9.7	4.712748667179271	14.0	0.0	-0.007776443273338382	-2.196996219227342	0.10095027918496687	7.40399998149	15.697999843020003
1428	23396352	10	5.1	5.068530358989674	12.0	0.0	10	7.9	5.752390807307862	14.0	0.0	-0.0074293227097002885	-2.1595972178116933	0.11607706273938559	7.429249981426874	14.519999854800002
1432	23461888	10	7.1	5.412023651093923	12.0	0.0	10	6.9	5.61159513863928	14.0	0.0	-0.008277813151276181	-2.2109752220592522	0.08596662182707164	7.490749981273125	16.269999837300002
1436	23527424	10	6.3	5.831809324729334	15.0	0.0	10	6.9	5.3188344587888805	14.0	0.0	-0.00863459345571548	-2.2024102432221775	0.0913073504248517	7.4029999814925	16.06599983934
1440	23592960	10	8.8	5.528109984434102	15.0	0.0	10	6.3	6.388270501473776	15.0	0.0	-0.008470482092613129	-2.211519496905908	0.0837535294616896	7.409999981475	17.003999829960005
1444	23658496	10	5.6	4.94368283772331	13.0	0.0	10	10.1	3.935733730830885	14.0	1.0	-0.008405917710088563	-2.2282242921653923	0.09475098308741016	7.436999981407499	13.049999869500002
1448	23724032	10	8.0	5.366563145999495	15.0	0.0	10	7.4	5.730619512757761	14.0	0.0	-0.008319714833348481	-2.1974166778421242	0.13061771167944244	7.37049998157375	15.965999840340002
1452	23789568	10	8.1	5.337602458033007	13.0	0.0	10	9.2	4.894895300208167	14.0	1.0	-0.008182932798926644	-2.1826648784390397	0.09668868891663746	7.417999981455	16.03199983968
1456	23855104	10	4.8	5.30659966456864	12.0	0.0	10	9.5	4.8218253804964775	13.0	0.0	-0.00872618010089406	-2.1936394694149297	0.11222911943133365	7.4209999814475	14.664999853350002
1460	23920640	10	7.6	5.517245689653489	14.0	0.0	10	7.6	5.462600113499065	14.0	0.0	-0.008518578440111328	-2.166798723014985	0.11816000141679994	7.429999981425	16.099999839000002
1464	23986176	10	4.0	5.0990195135927845	13.0	0.0	10	8.3	4.583666654546336	12.0	1.0	-0.008564396406369055	-2.2089610892220075	0.08812390169918242	7.468249981329374	16.17299983827
1468	24051712	10	9.0	4.9396356140913875	14.0	0.0	10	6.6	5.102940328869229	12.0	0.0	-0.008291295595321308	-2.2057068146951146	0.11057928758297604	7.423499981441251	16.110999838890002
1472	24117248	10	7.5	5.181698563212646	13.0	0.0	10	9.2	5.2687759489277965	15.0	0.0	-0.008333266095826035	-2.1354059400916956	0.13417065693220118	7.409999981475	16.04299983957
1476	24182784	10	6.1	5.539855593785817	13.0	0.0	10	6.3	5.74543296888929	13.0	0.0	-0.008080817843081437	-2.1618273578815814	0.14452440096112143	7.419249981451875	16.125999838740004
1480	24248320	10	8.3	5.020956084253277	12.0	0.0	10	9.1	5.412023651093923	14.0	0.0	-0.009246509162895539	-2.123587849018301	0.14392894000488812	7.440749981398126	16.179999838200004
1484	24313856	10	6.1	5.957348403442592	14.0	0.0	10	7.0	5.079370039680118	14.0	1.0	-0.008388137812628536	-2.1812228359493435	0.15341789452313181	7.48349998129125	16.53099983469
1488	24379392	10	7.1	5.821511831131154	13.0	0.0	10	8.0	5.253570214625479	12.0	0.0	-0.008438299530432116	-2.2022279672514196	0.1508169426270432	7.4189999814525	14.302999856970002
1492	24444928	10	5.2	4.833218389437828	11.0	0.0	10	9.7	4.960846701924985	14.0	0.0	-0.008308674758501838	-2.200444151728617	0.12403133269659615	7.405749981485625	10.215999897840002
1496	24510464	10	7.5	5.162363799656123	13.0	0.0	10	7.3	5.532630477449222	15.0	0.0	-0.008566584177684048	-2.2448632367100405	0.11621807956788802	7.430749981423125	16.144999838550003
1500	24576000	10	4.1	5.5578772926361015	14.0	0.0	10	7.8	5.653317610041028	14.0	0.0	-0.009197715343313177	-2.1808773103071433	0.10638268543075269	7.471749981320626	16.088999839110002
1504	24641536	10	7.7	5.883026432033091	16.0	0.0	10	7.9	5.52177507691141	14.0	1.0	-0.00848816164370373	-2.1817897829127535	0.11462524764908419	7.4289999814275	16.055999839440002
1508	24707072	10	4.1	4.742362280551751	13.0	0.0	10	7.9	5.185556864985669	12.0	0.0	-0.008400889556503739	-2.1222504896695074	0.0965951692289946	7.393999981515	16.024999839750002
1512	24772608	10	9.7	4.69148164229596	14.0	0.0	10	8.5	5.239274758971894	14.0	0.0	-0.008537677942836573	-2.119809545355759	0.1344885690152872	7.394749981513125	11.237999887620001
1516	24838144	10	6.2	5.249761899362675	13.0	0.0	10	10.6	4.431703961232068	15.0	2.0	-0.0077101214208447405	-2.103816019772886	0.1446605046749922	7.389749981525625	10.192999898070001
1520	24903680	10	4.9	5.223983154643591	12.0	0.0	10	6.8	5.344155686354955	13.0	0.0	-0.007967075082361446	-2.1822935812385578	0.11909075087868912	7.429499981426251	16.026999839730003
1524	24969216	10	6.5	5.80086200490927	14.0	0.0	10	10.3	4.428317965096906	15.0	0.0	-0.00789336571969757	-2.1715727446201383	0.14992897443774222	7.429749981425625	12.636999873630003
