iter	frame	n_test	mean_returns	std_returns	max_returns	min_returns	n_test_train	mean_returns_train	std_returns_train	max_returns_train	min_returns_train	actor_loss	entropy_loss	value_loss	training_time	evaluation_time
0	0	10	3.6	4.882622246293481	11.0	0.0	10	4.8	5.30659966456864	12.0	0.0	0	0	0	0.0	43.23599956764001
4	65536	10	2.5	4.272001872658765	11.0	0.0	10	2.4	4.34050688284214	11.0	0.0	0.004044119537444946	-2.5757445988356205	0.15061018820059285	10.46249997384375	42.46999957530001
8	131072	10	0.4	0.48989794855663565	1.0	0.0	10	2.7	4.220189569201839	11.0	0.0	-0.002513680456448827	-2.616466077392939	0.11847252799128095	10.381749974045626	41.689999583100004
12	196608	10	3.6	4.862098312457287	11.0	0.0	10	2.4	4.31740662898458	11.0	0.0	-0.002273956541472421	-2.6419808265794993	0.13529214587515948	10.46749997383125	40.44299959557
16	262144	10	3.8	4.749736834815167	11.0	0.0	10	4.9	5.223983154643591	12.0	0.0	-0.002709049694831015	-2.624571636045767	0.1818173196908683	10.82399997294	38.97499961025001
20	327680	10	3.5	4.924428900898052	11.0	0.0	10	6.0	5.639148871948674	12.0	0.0	-0.003156796012540427	-2.621328664049639	0.11556752440091904	11.514749971213126	37.69899962301
24	393216	10	3.7	4.817675788178362	11.0	0.0	10	3.8	4.955804677345546	12.0	0.0	-0.0018565689143731068	-2.6162003350512895	0.16671373708920556	11.456249971359375	37.73399962266001
28	458752	10	2.5	4.295346318982906	11.0	0.0	10	0.4	0.4898979485566356	1.0	0.0	-0.0031882449095987876	-2.6537066794651136	0.12987935460216665	11.362249971594375	39.97099960029
32	524288	10	1.7	3.195309061734091	11.0	0.0	10	1.4	3.261901286060018	11.0	0.0	-0.003558882691255099	-2.6632288095561067	0.16293518910970786	11.116249972209376	38.45699961543001
36	589824	10	3.8	4.749736834815167	11.0	0.0	10	1.3	3.2572994949804657	11.0	0.0	-0.003433204757681584	-2.650181218705682	0.13895463740247443	11.248749971878125	38.923999610760006
40	655360	10	2.3	4.360045871318328	11.0	0.0	10	2.7	4.243819034784589	11.0	0.0	-0.0035527341893549385	-2.642216816269302	0.16980874629785045	11.7199999707	35.53199964468
44	720896	10	1.4	3.261901286060018	11.0	0.0	10	6.0	5.639148871948674	13.0	0.0	-0.003652073597775948	-2.660815717996153	0.12437458684303698	11.288999971777502	36.53699963463001
48	786432	10	0.4	0.66332495807108	2.0	0.0	10	4.7	5.386093203798093	12.0	0.0	-0.004217607424698399	-2.649665278417033	0.10016980246218188	11.780749970548126	35.88099964119001
52	851968	10	2.5	4.522167621838006	12.0	0.0	10	3.7	5.23545604508337	12.0	0.0	-0.0040163027535588015	-2.6452314428713195	0.14246353202878098	11.22149997194625	36.94599963054
56	917504	10	5.1	5.068530358989674	12.0	0.0	10	2.9	4.134005321718878	11.0	0.0	-0.0040805044186824025	-2.6457469708945087	0.148429547809125	11.791999970520003	38.11499961885001
60	983040	10	0.3	0.45825756949558394	1.0	0.0	10	2.9	4.369210454990696	12.0	0.0	-0.003970302786497333	-2.6421829707651803	0.15174043728010242	11.89149997027125	36.90499963095001
64	1048576	10	1.3	3.2572994949804657	11.0	0.0	10	0.3	0.45825756949558394	1.0	0.0	-0.004010846867041098	-2.6238719892748863	0.12427140813733804	11.404249971489376	36.64599963354001
68	1114112	10	1.6	3.2	11.0	0.0	10	2.4	4.31740662898458	11.0	0.0	-0.0036060180884793774	-2.628645062172777	0.1338347344287027	11.290749971773124	37.47499962525001
72	1179648	10	3.6	4.862098312457287	11.0	0.0	10	2.5	4.272001872658765	11.0	0.0	-0.0031550103664254934	-2.6362562723195238	0.12893537515983497	10.891249972771874	39.17299960827001
76	1245184	10	3.4	4.983974317750844	11.0	0.0	10	2.4	4.565084884205331	12.0	0.0	-0.004120509391997439	-2.6362554924920882	0.08397865863030199	11.274749971813124	38.13899961861001
80	1310720	10	3.7	4.817675788178362	11.0	0.0	10	1.1	3.3	11.0	0.0	-0.004227595636180742	-2.6221383285771296	0.09309727501628974	11.375749971560625	38.89199961108001
84	1376256	10	1.4	3.555277766926235	12.0	0.0	10	6.1	5.52177507691141	12.0	0.0	-0.004023564755885525	-2.639814081016377	0.143258030045756	10.937249972656875	38.13599961864001
88	1441792	10	3.5	5.142956348249516	12.0	0.0	10	3.5	5.142956348249516	12.0	0.0	-0.0039612375593420825	-2.623856216395764	0.14848034703178276	11.261749971845626	37.981999620180005
92	1507328	10	3.6	4.862098312457287	11.0	0.0	10	4.3	5.119570294468081	13.0	0.0	-0.004037243147532479	-2.6113367276650483	0.11993451166890456	11.64399997089	36.960999630390006
96	1572864	10	2.5	4.272001872658765	11.0	0.0	10	1.3	3.257299494980466	11.0	0.0	-0.004217545608162516	-2.5980256370977335	0.14439741466242453	11.386749971533124	36.19999963800001
100	1638400	10	3.4	4.983974317750844	11.0	0.0	10	2.7	4.450842616853578	12.0	0.0	-0.004278451772591608	-2.581375933914704	0.15130234205450593	11.61949997095125	36.296999637030005
104	1703936	10	0.2	0.6000000000000001	2.0	0.0	10	3.8	4.975942121849891	12.0	0.0	-0.004616250887439754	-2.6013627248279523	0.13904706247565135	11.896249970259376	35.784999642150005
108	1769472	10	3.9	4.928488612140643	12.0	0.0	10	6.0	5.2345009313209605	12.0	0.0	-0.0047556563569032635	-2.595038761424909	0.1219682880395012	11.81749997045625	34.75199965248001
112	1835008	10	0.2	0.4000000000000001	1.0	0.0	10	3.9	5.008991914547277	12.0	0.0	-0.004627818173324428	-2.5874575671838573	0.12605787513551053	12.037249969906876	36.33399963666001
116	1900544	10	2.4	4.565084884205331	12.0	0.0	10	7.2	4.894895300208167	12.0	0.0	-0.005382314777353001	-2.590972363678929	0.1292829374880902	11.901749970245625	35.76999964230001
120	1966080	10	2.4	4.31740662898458	11.0	0.0	10	2.8	4.142463035441596	11.0	0.0	-0.004857033000714223	-2.589646875588552	0.11746241015245086	11.883499970291252	34.77399965226001
124	2031616	10	3.9	4.90815647672321	12.0	0.0	10	4.2	5.173006862551025	12.0	0.0	-0.004758307588528338	-2.6056140832372323	0.11877731054094462	11.68349997079125	34.91799965082001
128	2097152	10	3.5	5.142956348249516	12.0	0.0	10	4.8	5.509990925582365	12.0	0.0	-0.004575271645210386	-2.611088151461092	0.18274155474537426	12.040249969899376	34.15899965841
132	2162688	10	2.8	4.377213725647858	12.0	0.0	10	4.6	4.565084884205331	12.0	0.0	-0.00459428855975342	-2.611386286443647	0.12722315971656112	12.095999969760001	34.823999651760005
136	2228224	10	1.6	3.2310988842807027	11.0	0.0	10	3.7	4.817675788178362	11.0	0.0	-0.00447432705503847	-2.6134711873789205	0.12620769494140263	11.961749970095626	36.37499963625
140	2293760	10	4.6	5.44426303552648	12.0	0.0	10	3.6	4.862098312457287	11.0	0.0	-0.004531409070733395	-2.5993976391627722	0.17716973987114668	11.65149997087125	35.19999964800001
144	2359296	10	2.7	4.172529209005013	11.0	0.0	10	3.8	4.749736834815167	11.0	0.0	-0.00430308553238667	-2.603749078737673	0.12260127951045266	11.658749970853124	34.70199965298001
148	2424832	10	4.6	5.238320341483518	11.0	0.0	10	0.6	0.66332495807108	2.0	0.0	-0.004917671950749324	-2.618060809597846	0.12168763371003431	11.965749970085623	34.49799965502
152	2490368	10	5.0	4.959838707054898	11.0	0.0	10	1.6	3.826225293941799	13.0	0.0	-0.004512990261734057	-2.607908854610265	0.15484175196943298	12.105249969736873	33.05999966940001
156	2555904	10	4.6	5.238320341483518	11.0	0.0	10	1.5	3.52845575287547	12.0	0.0	-0.004967332737061114	-2.5933294045210573	0.1813636758408647	12.4069999689825	32.85199967148
160	2621440	10	6.0	5.215361924162119	12.0	0.0	10	2.6	4.498888751680798	12.0	0.0	-0.00543437230412042	-2.5635040995788545	0.1192834741932573	12.575249968561874	32.82899967171001
164	2686976	10	6.1	5.52177507691141	12.0	0.0	10	1.5	3.52845575287547	12.0	0.0	-0.005462349750851945	-2.545699981086516	0.18554999685155218	12.429499968926251	33.497999665020004
168	2752512	10	5.1	5.107837115648853	12.0	0.0	10	4.9	4.988987873306568	11.0	0.0	-0.005226792636132234	-2.5675373546588163	0.11902533854515034	12.492249968769373	34.45699965543
172	2818048	10	2.7	4.428317965096906	12.0	0.0	10	5.7	5.3113086899558	11.0	0.0	-0.00525840602440234	-2.584634303777398	0.1147222689931919	12.186749969533125	37.58099962419001
176	2883584	10	4.9	5.61159513863928	12.0	0.0	10	3.6	4.882622246293481	11.0	0.0	-0.0056288987416537335	-2.581191022921942	0.12605057608885828	11.49549997126125	39.322999606770004
180	2949120	10	3.4	4.983974317750844	11.0	0.0	10	1.7	3.163858403911275	11.0	0.0	-0.0049771965490708215	-2.5579654820082363	0.15324754530209383	10.849999972875002	38.86199961138001
184	3014656	10	4.2	4.728636167014756	12.0	0.0	10	2.8	4.142463035441596	11.0	0.0	-0.005898077830950398	-2.5342934203488228	0.14487880587155208	10.917749972705627	42.76099957239001
188	3080192	10	3.6	4.862098312457287	11.0	0.0	10	2.4	4.31740662898458	11.0	0.0	-0.005646097587202049	-2.5301804986940732	0.13739626705767508	10.451249973871874	42.61499957385001
192	3145728	10	3.5	5.142956348249516	12.0	0.0	10	2.5	4.522167621838006	12.0	0.0	-0.005222769368691379	-2.532815602654631	0.15678952764638704	10.28949997427625	43.00099956999001
196	3211264	10	2.7	4.69148164229596	12.0	0.0	10	2.5	4.522167621838006	12.0	0.0	-0.006277691840248432	-2.5459645685881735	0.15468476012600474	10.3969999740075	41.98099958019001
200	3276800	10	4.9	5.028916384272064	11.0	0.0	10	2.6	4.498888751680798	12.0	0.0	-0.00531874940442397	-2.58299898329293	0.1586691111471378	10.479749973800626	43.13899956861001
204	3342336	10	3.9	4.928488612140643	12.0	0.0	10	4.0	4.857983120596447	12.0	0.0	-0.00561426698976931	-2.57518830868599	0.12143107362689279	10.848749972878124	39.12499960875001
208	3407872	10	3.9	4.678675026115834	11.0	0.0	10	3.2	4.534313619501853	13.0	0.0	-0.005245051346172905	-2.575957288076372	0.1734945429308293	11.17449997206375	37.799999622
212	3473408	10	3.2	4.214261501141095	12.0	0.0	10	1.4	3.261901286060018	11.0	0.0	-0.005211210452583279	-2.5501359723335493	0.14811872898920736	12.0049999699875	34.57899965421001
216	3538944	10	1.2	3.2802438933713454	11.0	0.0	10	2.5	4.272001872658765	11.0	0.0	-0.005589201897867668	-2.514542234178713	0.18431399015652464	11.9589999701025	34.57399965426001
220	3604480	10	1.6	3.2310988842807027	11.0	0.0	10	3.8	4.749736834815167	11.0	0.0	-0.007077171165767838	-2.50995780749799	0.14126188896366715	12.520249968699376	34.140999658590005
224	3670016	10	4.7	5.158488150611572	11.0	0.0	10	7.1	5.629387178015028	13.0	0.0	-0.006608057865902533	-2.4935784883683216	0.16259590107806082	12.124749969688125	34.57799965422001
228	3735552	10	2.4	4.31740662898458	11.0	0.0	10	5.0	5.347896782848375	12.0	0.0	-0.007228757044236232	-2.4519517220486144	0.15085476705164386	11.7189999707025	35.88299964117001
232	3801088	10	3.0	4.0743097574926725	11.0	0.0	10	2.5	4.295346318982906	11.0	0.0	-0.006559956667765926	-2.4856503181053804	0.13781406333165777	11.631749970920623	35.04099964959
236	3866624	10	2.6	4.476605857119878	12.0	0.0	10	2.7	4.450842616853577	12.0	0.0	-0.006530797555798937	-2.511730804777767	0.10108225147428686	12.123749969690627	34.117999658820004
240	3932160	10	3.4	4.983974317750844	11.0	0.0	10	3.5	4.153311931459037	12.0	0.0	-0.006443436969913834	-2.527547011509505	0.09717290905689019	12.187499969531252	34.17099965829001
244	3997696	10	1.9	4.0853396431631	14.0	0.0	10	3.4	4.983974317750844	11.0	0.0	-0.005422118029593843	-2.5389140022136525	0.12566546593880704	12.11449996971375	35.98299964017
248	4063232	10	2.7	4.450842616853578	12.0	0.0	10	0.8	1.1661903789690602	4.0	0.0	-0.006603479205214493	-2.522023391957627	0.13157981667693988	12.632999968417499	32.691999673080005
252	4128768	10	4.7	5.158488150611572	11.0	0.0	10	6.0	5.865151319446072	14.0	0.0	-0.005823305547891967	-2.5416356595689953	0.15806991752763605	12.73249996816875	29.029999709700007
256	4194304	10	5.9	5.52177507691141	12.0	0.0	10	3.1	4.323193264243458	12.0	0.0	-0.005567099020508115	-2.5248578560702497	0.14662126318266058	12.594749968513124	32.773999672260004
260	4259840	10	2.7	4.495553358597805	12.0	0.0	10	4.9	5.61159513863928	12.0	0.0	-0.007075057652876248	-2.510430144505463	0.14522441055975566	12.831249967921876	32.007999679920005
264	4325376	10	2.6	4.294182110716778	11.0	0.0	10	5.9	5.52177507691141	12.0	0.0	-0.005782775985308961	-2.497089775639932	0.1595718418857879	13.421499966446248	30.519999694800003
268	4390912	10	1.5	3.2015621187164243	11.0	0.0	10	6.2	5.055689863905815	12.0	0.0	-0.005951714124104609	-2.4985927241424752	0.15878104269402782	13.59849996600375	31.256999687430007
272	4456448	10	4.9	5.204805471869242	12.0	0.0	10	2.0	3.40587727318528	12.0	0.0	-0.006850749595483072	-2.5102744820085947	0.1735814088619487	12.798249968004377	31.183999688160007
276	4521984	10	5.5	5.024937810560445	13.0	0.0	10	3.8	5.2115256883181535	13.0	0.0	-0.006248047392804797	-2.50318971498561	0.16322727833416	12.675249968311876	34.73099965269001
280	4587520	10	5.0	4.919349550499537	11.0	0.0	10	2.6	4.294182110716778	11.0	0.0	-0.0052182793461443035	-2.5327171134297304	0.15700049176728953	11.942749970143128	34.45899965541001
284	4653056	10	3.8	4.791659420284375	11.0	0.0	10	4.7	5.158488150611572	11.0	0.0	-0.005898398315055397	-2.5043202337994206	0.15778661098550245	11.888749970278127	35.30899964691
288	4718592	10	2.7	4.450842616853578	12.0	0.0	10	5.2	5.075431016179809	12.0	0.0	-0.006449349471278164	-2.52071418586938	0.1523851575171165	12.165749969585624	36.490999635090006
292	4784128	10	3.4	5.2	12.0	0.0	10	5.5	5.5362442142665635	14.0	0.0	-0.006552686157419434	-2.4743113962218657	0.14321447643511778	11.471749971320625	36.064999639350006
296	4849664	10	4.7	5.568662316930341	12.0	0.0	10	4.8	5.287721626560915	12.0	0.0	-0.007205112504235737	-2.471591057619288	0.11867718160623639	11.484499971288749	37.89199962108001
300	4915200	10	0.9	0.8306623862918076	2.0	0.0	10	2.8	4.4	12.0	0.0	-0.006288858889044047	-2.500670405465151	0.15784777388815924	11.325999971685	40.288999597110006
304	4980736	10	3.8	4.728636167014756	11.0	0.0	10	1.3	3.257299494980466	11.0	0.0	-0.006347995100386119	-2.495646071670763	0.15010074671967405	10.821249972946875	40.57499959425001
308	5046272	10	2.2	3.709447398198282	13.0	0.0	10	3.9	5.3376024580330075	12.0	0.0	-0.0072736742760452465	-2.487826704719794	0.17479604496352005	11.418749971453124	35.868999641310005
312	5111808	10	2.5	4.759201613716317	12.0	0.0	10	5.4	5.425863986500215	13.0	0.0	-0.0066392244036611306	-2.484822561084675	0.13175572647582431	11.263749971840625	37.35799962642
316	5177344	10	4.7	5.21632054229799	11.0	0.0	10	4.7	5.441507144165117	13.0	0.0	-0.006934701996705448	-2.4788439469934245	0.16035385358339616	11.156999972107501	36.83899963161
320	5242880	10	7.1	5.629387178015028	13.0	0.0	10	4.0	5.0990195135927845	12.0	0.0	-0.0067204766375928435	-2.419080883012554	0.1588746938533741	11.324499971688748	36.40699963593
324	5308416	10	8.1	5.107837115648853	12.0	0.0	10	4.0	4.795831523312719	11.0	0.0	-0.00719120982755737	-2.422492744769636	0.16813441604797524	11.955249970111876	36.19799963802001
328	5373952	10	5.9	5.337602458033007	12.0	0.0	10	2.7	4.6701177715342475	12.0	0.0	-0.007402325288378227	-2.4663036413405233	0.13143110533893698	11.68149997079625	38.22899961771
332	5439488	10	2.7	4.428317965096906	12.0	0.0	10	5.8	5.418486873657627	12.0	0.0	-0.006864367094640759	-2.4471285837326446	0.13453468019293546	11.508749971228124	35.68799964312001
336	5505024	10	5.6	5.180733538795447	14.0	0.0	10	5.7	5.514526271584894	12.0	0.0	-0.00687257289174601	-2.437445106351788	0.16365701610380343	11.815999970460002	33.928999660710005
340	5570560	10	3.5	5.142956348249516	12.0	0.0	10	4.2	4.6	11.0	0.0	-0.006978781052749312	-2.4995673470078916	0.1423097586033396	11.905749970235625	34.80999965190001
344	5636096	10	3.8	4.770744176750625	11.0	0.0	10	5.8	4.995998398718719	13.0	0.0	-0.0062741794929765116	-2.4650072775696965	0.196979533394769	11.99549997001125	34.83299965167
348	5701632	10	1.7	3.163858403911275	11.0	0.0	10	2.3	2.9342801502242417	11.0	1.0	-0.007254250465699278	-2.427059751992925	0.13012438056566364	12.452499968868748	34.69399965306001
352	5767168	10	7.0	5.366563145999495	13.0	0.0	10	7.2	4.833218389437829	11.0	0.0	-0.006972081383720678	-2.4364287552679795	0.1465193624455594	11.944249970139376	37.468999625310005
356	5832704	10	4.9	5.243090691567332	12.0	0.0	10	5.8	5.528109984434101	13.0	0.0	-0.007312707256608025	-2.434311012173438	0.1525365131127391	11.519749971200625	37.812999621870006
360	5898240	10	5.7	5.514526271584894	12.0	0.0	10	3.4	4.779121258139408	14.0	0.0	-0.007141393543117445	-2.4016201394281502	0.17498992513594624	11.417749971455626	37.77499962225001
364	5963776	10	7.1	5.664803615307418	14.0	0.0	10	4.3	5.514526271584894	13.0	0.0	-0.0061247611028786035	-2.429859739785602	0.16318845421238584	11.477249971306877	39.12499960875001
368	6029312	10	3.9	4.928488612140643	12.0	0.0	10	3.8	5.617828762075256	13.0	0.0	-0.007435956889047103	-2.445635400457736	0.15179756367550082	10.878749972803126	40.03999959960001
372	6094848	10	4.0	5.059644256269407	12.0	0.0	10	4.2	4.749736834815167	12.0	0.0	-0.007385829062654086	-2.4207036815545666	0.17096639903964883	10.670999973322502	41.38599958614001
376	6160384	10	9.8	3.736308338453881	12.0	1.0	10	3.9	5.107837115648853	12.0	0.0	-0.0072302349343213515	-2.3709473979983606	0.17503442295245458	10.630499973423749	40.325999596740004
380	6225920	10	5.1	5.717516943569123	13.0	0.0	10	6.2	5.688585061331157	14.0	0.0	-0.007502222180671577	-2.427830298488759	0.15155452418425017	10.856249972859375	40.14699959853
384	6291456	10	1.5	3.263433774416144	11.0	0.0	10	6.5	5.004997502496879	12.0	0.0	-0.007981201628128983	-2.4390531105242634	0.14115976067341696	11.331249971671875	39.13999960860001
388	6356992	10	7.4	4.715930449020639	12.0	0.0	10	3.9	4.948737212663449	12.0	0.0	-0.006162909273638567	-2.3617546208226203	0.1866110000409756	11.111999972219998	37.511999624880005
392	6422528	10	6.6	4.673328578219169	12.0	0.0	10	5.5	5.426785420486054	13.0	0.0	-0.007075873595740251	-2.4379577187144372	0.16932986348966209	11.174999972062501	37.383999626160005
396	6488064	10	3.7	5.020956084253277	12.0	0.0	10	0.9	1.044030650891055	3.0	0.0	-0.008046888379259784	-2.3658295271316416	0.15636229381509545	11.29049997177375	37.280999627190006
400	6553600	10	2.9	4.158124577258358	11.0	0.0	10	8.3	4.62709412050371	12.0	0.0	-0.007915268676782439	-2.383370560656076	0.18968407528361694	11.379499971551251	37.557999624420006
404	6619136	10	5.1	5.281098370604358	13.0	0.0	10	3.0	4.427188724235731	12.0	0.0	-0.007745967388879006	-2.4005441091937665	0.1793720378974492	11.458249971354375	36.639999633600006
408	6684672	10	4.7	4.62709412050371	12.0	0.0	10	6.5	5.463515351859094	14.0	0.0	-0.007596105697724244	-2.3739261475712814	0.15540512517648894	11.542499971143751	38.109999618900005
412	6750208	10	2.7	4.196427051671457	11.0	0.0	10	6.3	5.550675634551166	13.0	0.0	-0.008359640181008716	-2.407240621494832	0.1564289409659527	11.719249970701874	37.03899962961001
416	6815744	10	6.0	5.639148871948674	12.0	0.0	10	3.0	4.560701700396552	13.0	0.0	-0.00794882388959765	-2.4410764075756415	0.15008362807943182	11.666249970834373	38.28999961710001
420	6881280	10	3.9	4.90815647672321	12.0	0.0	10	6.0	5.440588203494177	12.0	0.0	-0.0074481623637259655	-2.3755911660700053	0.15719256416498836	11.469749971325626	39.474999605250005
424	6946816	10	5.1	5.281098370604358	12.0	0.0	10	6.0	5.621387729022079	12.0	0.0	-0.007139693564127452	-2.4208035292686625	0.14764735978110932	10.683749973290626	41.59499958405001
428	7012352	10	3.5	4.924428900898052	11.0	0.0	10	6.2	5.81033561853358	12.0	0.0	-0.0068233008149811	-2.4094972260269976	0.16552897455619575	10.485749973785625	40.32299959677
432	7077888	10	5.1	5.52177507691141	14.0	0.0	10	2.4	3.4698703145794947	12.0	0.0	-0.007524520812820081	-2.3900583458437366	0.17856234814663863	10.695249973261875	41.756999582430005
436	7143424	10	8.0	5.039841267341661	12.0	0.0	10	5.9	5.923681287847955	13.0	0.0	-0.00846711894734069	-2.4396843584817454	0.15842906127896159	10.43249997391875	41.81299958187001
440	7208960	10	3.9	4.928488612140643	12.0	0.0	10	5.2	5.362835071116769	13.0	0.0	-0.008015968101137251	-2.4026538727164897	0.14232967241426372	10.061749974845625	43.70699956293001
444	7274496	10	4.0	5.0990195135927845	13.0	0.0	10	4.3	4.960846701924985	12.0	0.0	-0.00791843779773118	-2.4233479323445692	0.16599092949004926	10.067499974831248	43.37999956620001
448	7340032	10	4.2	4.975942121849892	12.0	0.0	10	6.5	5.608029957123981	14.0	0.0	-0.008085511902882547	-2.422200940297061	0.15298746012420267	10.293999974265	46.61299953387001
452	7405568	10	3.7	5.254521862167861	13.0	0.0	10	5.2	5.635601121442148	13.0	0.0	-0.008394945875235716	-2.419550843284817	0.1607065946472423	9.43649997640875	47.62699952373001
456	7471104	10	5.9	5.717516943569121	12.0	0.0	10	5.0	5.549774770204643	12.0	0.0	-0.007800209141144741	-2.4143671341208965	0.15235874971029562	9.3949999765125	44.92099955079001
460	7536640	10	4.1	5.048762224545736	13.0	0.0	10	3.5	5.123475382979799	15.0	0.0	-0.00780032444567036	-2.4245437008597137	0.15478338827318924	9.442749976393126	45.32599954674001
464	7602176	10	7.1	5.430469592954186	13.0	0.0	10	6.0	5.019960159204453	11.0	0.0	-0.007463791057621304	-2.406516988821485	0.15112832458667758	9.571249976071874	44.31299955687001
468	7667712	10	4.1	5.262128846769148	14.0	0.0	10	6.2	5.30659966456864	13.0	0.0	-0.007773956530499735	-2.354697728905173	0.16550351801777452	9.599249976001875	43.573999564260006
472	7733248	10	3.4	4.40908153700972	13.0	0.0	10	4.2	5.381449618829484	13.0	0.0	-0.007951604800615268	-2.353150121622537	0.16583258781096458	9.530249976174375	45.97299954027001
476	7798784	10	2.8	4.64327470649756	13.0	0.0	10	5.1	5.467174773134658	13.0	0.0	-0.00830484887323912	-2.327090615785109	0.168036795824647	9.720249975699375	43.75799956242001
480	7864320	10	2.8	4.422668877499196	12.0	0.0	10	5.2	5.230678732248808	12.0	0.0	-0.00839094666211073	-2.3509504767790284	0.14118966497562346	10.343749974140625	40.67499959325001
484	7929856	10	2.9	4.158124577258358	11.0	0.0	10	7.2	4.915282290977803	12.0	0.0	-0.009013102740604493	-2.372996608169052	0.15006352555927108	10.59449997351375	40.264999597350005
488	7995392	10	2.9	5.107837115648853	14.0	0.0	10	6.5	5.818075283115543	15.0	0.0	-0.007756155751041358	-2.3834999896586653	0.1563588782671636	10.556249973609376	41.39799958602001
492	8060928	10	5.7	5.459853477887479	13.0	0.0	10	6.4	5.851495535331118	13.0	0.0	-0.007728821216413172	-2.3711829754227036	0.16590099438538553	10.381499974046251	41.715999582840006
496	8126464	10	6.0	5.440588203494177	12.0	0.0	10	4.2	5.3999999999999995	13.0	0.0	-0.007279746085714182	-2.35265008087288	0.1947251579055752	10.86149997284625	39.344999606550005
500	8192000	10	2.6	4.294182110716778	11.0	0.0	10	3.6	4.862098312457287	11.0	0.0	-0.008086955387389431	-2.364979656787727	0.11624022292625041	10.651249973371874	39.68499960315001
504	8257536	10	2.4	4.31740662898458	11.0	0.0	10	5.4	5.180733538795447	13.0	0.0	-0.007102466029985592	-2.32348761931694	0.15663564304431335	10.549249973626877	41.504999584950006
508	8323072	10	3.2	4.237924020083418	12.0	0.0	10	6.4	5.295280917949491	13.0	0.0	-0.00780697113723895	-2.3966676292307088	0.16888889024447967	10.475499973811251	41.67999958320001
512	8388608	10	5.1	6.187891401761993	16.0	0.0	10	6.3	5.139066063011839	12.0	0.0	-0.008171181802388188	-2.368909450622004	0.15061464593729068	10.465249973836874	42.675999573240006
516	8454144	10	5.4	5.71314274283428	14.0	0.0	10	3.6	4.779121258139409	13.0	0.0	-0.008963596186404214	-2.3499334874288156	0.15095531721579153	10.272749974318126	40.88799959112001
520	8519680	10	7.3	5.23545604508337	13.0	0.0	10	5.1	5.485435260760991	13.0	0.0	-0.007955053022447423	-2.393477591126189	0.14870876297357852	10.763499973091252	38.33599961664
524	8585216	10	4.7	5.386093203798093	12.0	0.0	10	6.0	4.878524367060187	13.0	0.0	-0.007886572005278805	-2.399995436021032	0.1759095249979988	11.282249971794375	37.37799962622
528	8650752	10	3.0	4.358898943540674	12.0	0.0	10	7.0	5.531726674375733	12.0	0.0	-0.00862988296680208	-2.380073887358537	0.14511683286829133	11.6569999708575	23.500999764990006
532	8716288	10	2.5	3.4713109915419564	12.0	0.0	10	3.8	5.325410782277738	16.0	0.0	-0.008831127089847736	-2.3739549962193496	0.1456068870459815	10.403749973990625	40.95199959048001
536	8781824	10	3.9	4.948737212663449	12.0	0.0	10	4.8	5.287721626560915	12.0	0.0	-0.008465364288316572	-2.4229598291177887	0.1430899523980875	10.51049997372375	41.374999586250006
540	8847360	10	8.5	5.024937810560445	13.0	0.0	10	6.2	5.455272678794342	13.0	0.0	-0.008472272504480299	-2.364316150299791	0.13550320235221727	10.280249974299375	40.84999959150001
544	8912896	10	2.8	4.643274706497559	13.0	0.0	10	8.7	5.348831648126533	14.0	0.0	-0.008504111588104936	-2.345184360696961	0.1529504200284302	10.191749974520624	39.91399960086001
548	8978432	10	7.4	4.63033476111609	12.0	1.0	10	9.8	4.261455150532504	13.0	0.0	-0.007573048388136133	-2.3385317720520367	0.14206324912059165	10.714499973213751	38.789999612100004
552	9043968	10	4.7	5.386093203798093	12.0	0.0	10	7.5	5.80086200490927	14.0	0.0	-0.00797458515603768	-2.3341482676617766	0.14819183509494954	10.720249973199376	35.226999647730004
556	9109504	10	2.8	4.354308211415448	11.0	0.0	10	7.2	5.509990925582364	13.0	0.0	-0.008159551649804416	-2.3308592957810474	0.14618279992942673	11.021999972445	39.63599960364001
560	9175040	10	2.6	4.223742416388575	11.0	0.0	10	3.8	5.192301994298868	12.0	0.0	-0.008633030791022888	-2.3398416412419576	0.1571128379079456	10.7949999730125	39.668999603310006
564	9240576	10	2.0	3.286335345030997	11.0	0.0	10	5.5	5.200961449578338	13.0	0.0	-0.008248055440213037	-2.3392162767596196	0.16165171608507592	10.744999973137501	41.20999958790001
568	9306112	10	2.5	4.295346318982906	11.0	0.0	10	5.7	5.273518749374084	13.0	0.0	-0.009381133028842263	-2.3783470787114025	0.1479343773332615	10.916749972708125	38.09699961903001
572	9371648	10	3.9	5.146843692983108	13.0	0.0	10	6.3	5.814636704042653	14.0	0.0	-0.009798546383727699	-2.345608884845222	0.16924560564980237	11.166749972083126	39.581999604180005
576	9437184	10	4.3	4.8999999999999995	12.0	0.0	10	6.0	6.148170459575759	17.0	0.0	-0.008213766505280173	-2.3386671540685224	0.16913599216480035	10.963249972591875	40.648999593510005
580	9502720	10	4.4	5.3516352641038605	14.0	0.0	10	8.5	5.643580423808985	14.0	0.0	-0.00857164047346026	-2.406448617326881	0.1420517282722938	10.994249972514377	40.97499959025001
584	9568256	10	4.4	4.862098312457287	12.0	0.0	10	4.3	5.020956084253277	12.0	0.0	-0.007569764966743922	-2.4394140464506635	0.13971807837272632	10.87749997280625	38.47699961523
588	9633792	10	4.2	5.2115256883181535	14.0	0.0	10	5.0	5.440588203494177	12.0	0.0	-0.007954878920908329	-2.381917036821681	0.14479689500338527	10.908749972728124	39.38599960614001
592	9699328	10	5.8	5.230678732248808	11.0	0.0	10	7.6	5.9363288318623315	15.0	0.0	-0.00850874279818418	-2.379992201676408	0.14738002774943518	11.077999972305001	37.54599962454
596	9764864	10	5.1	5.281098370604357	13.0	0.0	10	6.1	5.575840743780259	12.0	0.0	-0.008514468845858708	-2.377852648248935	0.12110181826767975	11.261749971845624	37.33099962669001
600	9830400	10	4.9	6.057227088363123	14.0	0.0	10	6.4	5.370288632839021	14.0	0.0	-0.009321278695035662	-2.3090808687188975	0.1403806397234698	11.29149997177125	40.03799959962
604	9895936	10	3.8	4.975942121849891	12.0	0.0	10	6.7	5.967411499134277	14.0	0.0	-0.007896406565513587	-2.388313924024072	0.14565652133931895	11.947249970131876	36.73299963267
608	9961472	10	4.8	5.688585061331157	12.0	0.0	10	7.2	4.915282290977803	12.0	0.0	-0.008703758546292316	-2.417832615223002	0.11570946715808607	11.257749971855628	37.09299962907001
612	10027008	10	2.6	4.24735211631906	11.0	0.0	10	8.2	5.418486873657627	13.0	0.0	-0.007701271623880487	-2.357737386974467	0.14915856554481843	11.743999970640001	36.64499963355001
616	10092544	10	4.5	5.315072906367325	11.0	0.0	10	7.3	5.197114584074513	12.0	0.0	-0.009039698926818643	-2.432997144505264	0.14175377427675925	11.26399997184	36.31299963687001
620	10158080	10	4.3	5.423098745182499	15.0	0.0	10	8.2	4.791659420284375	12.0	0.0	-0.008481565505488639	-2.386032317826953	0.13202034478873675	11.5789999710525	36.15599963844001
624	10223616	10	3.2	4.166533331199932	11.0	0.0	10	7.2	5.325410782277739	13.0	0.0	-0.007954989687661717	-2.3635238207898204	0.13627480170822198	11.02399997244	39.83999960160001
628	10289152	10	3.9	5.107837115648853	12.0	0.0	10	7.7	5.604462507680822	15.0	0.0	-0.008151918568788769	-2.3782996681835424	0.16110967462756376	11.305999971735002	37.99399962006001
632	10354688	10	4.8	5.095095681142799	11.0	0.0	10	3.3	4.196427051671457	12.0	0.0	-0.00918076161810723	-2.3449510407985388	0.11967136826050931	11.167749972080625	41.00299958997001
636	10420224	10	7.3	5.459853477887479	13.0	0.0	10	3.8	4.331281565541543	12.0	0.0	-0.009179089132535739	-2.3517621479962267	0.12780921408196114	10.947249972631875	40.75499959245001
640	10485760	10	5.1	6.1392181912683315	15.0	0.0	10	7.9	4.968903299521937	12.0	0.0	-0.0076225501123132165	-2.3696133342897174	0.1537638633196569	10.182749974543125	42.628999573710004
644	10551296	10	5.5	4.8425200051213	12.0	0.0	10	8.7	5.386093203798092	14.0	0.0	-0.008658270818773428	-2.3252433039309386	0.14919077091227592	10.88399997279	31.426999685730003
648	10616832	10	7.4	5.6956123463592565	13.0	0.0	10	6.5	4.964876634922564	12.0	0.0	-0.008654160884976121	-2.3830189876259587	0.14310835781568684	11.525749971185624	35.999999640000006
652	10682368	10	6.1	5.923681287847955	13.0	0.0	10	3.8	5.3999999999999995	13.0	0.0	-0.009296320290500506	-2.3311581882392964	0.12860480710145314	11.654249970864374	34.79599965204
656	10747904	10	4.1	5.028916384272063	12.0	0.0	10	7.8	5.844655678480983	14.0	0.0	-0.008849449141950072	-2.3701647890125415	0.14242659080842185	12.058249969854376	34.100999658990006
660	10813440	10	3.9	4.90815647672321	12.0	0.0	10	5.9	5.769748694700663	14.0	0.0	-0.008910597424782687	-2.3230802613063726	0.10625932760361124	12.413749968965625	32.77199967228
664	10878976	10	4.0	4.711687595755898	11.0	0.0	10	6.9	5.61159513863928	13.0	0.0	-0.008153418668734504	-2.280448153377451	0.1336490105077484	12.567249968581875	35.19299964807001
668	10944512	10	3.5	5.352569476429054	12.0	0.0	10	9.6	4.386342439892261	14.0	1.0	-0.008415804275230388	-2.3342114659699202	0.13400613926507376	12.327249969181874	38.52299961477001
672	11010048	10	6.0	6.0332412515993425	13.0	0.0	10	6.5	5.371219600798314	13.0	0.0	-0.009161723580246584	-2.304241252202176	0.14291272931795765	10.9999999725	39.811999601880004
676	11075584	10	5.0	5.385164807134504	12.0	0.0	10	6.0	5.813776741499453	12.0	0.0	-0.008610187958475325	-2.3018303958164013	0.11093506681508582	10.8209999729475	41.13099958869001
680	11141120	10	1.7	3.1638584039112754	11.0	0.0	10	8.4	4.903060268852505	13.0	0.0	-0.008576194500181142	-2.3132373439842855	0.14677806957648118	11.183999972039999	26.238999737610005
684	11206656	10	1.9	3.5057096285916205	12.0	0.0	10	4.3	5.119570294468081	12.0	0.0	-0.009684657088859353	-2.335840051129529	0.152743967001248	11.49549997126125	38.49899961501001
688	11272192	10	7.1	5.223983154643591	12.0	0.0	10	8.4	4.758150901348127	12.0	0.0	-0.009341774856629912	-2.3315626901939686	0.14817897640177338	11.4689999713275	37.745999622540005
692	11337728	10	4.7	5.568662316930341	12.0	0.0	10	5.4	5.102940328869229	12.0	0.0	-0.009275898498894344	-2.336591839546949	0.13786541156897322	11.15549997211125	40.76199959238001
696	11403264	10	3.1	4.437341546466758	11.0	0.0	10	8.6	5.6780278266313555	14.0	0.0	-0.008782700673383043	-2.3498298771715187	0.1408571391995798	10.543249973641876	39.13299960867001
700	11468800	10	6.0	5.709640969448079	16.0	0.0	10	6.0	5.059644256269407	11.0	0.0	-0.009371674841768228	-2.2779809184483053	0.15588425540604128	11.4709999713225	36.65099963349001
704	11534336	10	5.6	5.7306195127577615	14.0	0.0	10	8.4	5.314132102234569	14.0	0.0	-0.00970236579835009	-2.3354627288928715	0.14028857685716417	11.533749971165626	37.129999628700006
708	11599872	10	5.3	5.1778373863998475	13.0	0.0	10	5.2	5.418486873657627	13.0	0.0	-0.00982829477186382	-2.3312974793270684	0.1380583301508412	12.014499969963751	35.56299964437001
712	11665408	10	6.0	5.639148871948674	13.0	0.0	10	7.5	5.352569476429054	13.0	0.0	-0.008171388546298454	-2.3177385427126955	0.15070125187419137	11.792249970519377	34.21599965784001
716	11730944	10	4.8	5.509990925582365	13.0	0.0	10	4.4	4.862098312457287	13.0	0.0	-0.009313976633711639	-2.354225071522734	0.13309653303751728	12.617249968456873	32.412999675870005
720	11796480	10	3.9	5.107837115648854	12.0	0.0	10	7.6	5.332916650389354	13.0	0.0	-0.008775949557270785	-2.356169171385902	0.12503577464820348	12.310749969223126	33.457999665420004
724	11862016	10	1.3	3.257299494980466	11.0	0.0	10	6.2	5.723635208501674	15.0	0.0	-0.009291941801107687	-2.2923555570439786	0.1220803722456832	12.82849996792875	36.036999639630004
728	11927552	10	6.5	5.371219600798314	12.0	0.0	10	6.7	5.441507144165117	13.0	0.0	-0.00951411269389639	-2.2994810837098774	0.14824766299384842	12.0399999699	36.31599963684001
732	11993088	10	6.3	6.067124524847006	16.0	0.0	10	8.6	4.82078831727758	13.0	0.0	-0.009076446844386542	-2.352906462801774	0.11722007338288781	11.937999970155001	40.18499959815001
736	12058624	10	6.2	5.2497618993626745	12.0	0.0	10	5.3	5.330103188494571	13.0	0.0	-0.0075569619673853125	-2.2818097171790748	0.13441729342406522	10.798249973004374	41.34399958656001
740	12124160	10	3.8	4.975942121849891	12.0	0.0	10	3.7	5.459853477887479	13.0	0.0	-0.009008572363171175	-2.304909348247759	0.15459898500645072	10.654499973363748	43.892999561070006
744	12189696	10	8.1	4.72122865364515	12.0	0.0	10	9.0	5.0990195135927845	14.0	0.0	-0.008967255786931635	-2.278827152908889	0.11919977894984284	10.035749974910626	44.997999550020005
748	12255232	10	3.9	5.127377497317708	12.0	0.0	10	5.6	5.748043145279966	14.0	0.0	-0.009350655529120297	-2.2871046659948226	0.13422865469628334	9.888749975278126	45.95899954041001
752	12320768	10	7.7	5.933801479658719	14.0	0.0	10	5.4	5.678027826631356	13.0	0.0	-0.009158462479067013	-2.2812560148644376	0.13426778790073693	9.295249976761875	45.83499954165001
756	12386304	10	5.6	5.607138307550475	12.0	0.0	10	4.0	4.898979485566356	12.0	0.0	-0.00870851701529554	-2.3223809945151017	0.14255480296045744	9.757249975606875	45.38899954611001
760	12451840	10	4.4	4.882622246293481	12.0	0.0	10	7.7	5.657738063926255	16.0	0.0	-0.008714825702253197	-2.3540709612301565	0.1356455633120254	9.954249975114378	40.19099959809001
764	12517376	10	5.7	5.060632371551998	12.0	0.0	10	5.1	5.7	14.0	0.0	-0.00837488307695288	-2.3689583313977685	0.11952020490538814	10.1999999745	43.719999562800005
768	12582912	10	8.0	5.253570214625479	12.0	0.0	10	7.5	4.801041553663121	12.0	0.0	-0.008353975864983898	-2.3497230581975117	0.12602389548213325	10.332249974169375	34.180999658190004
772	12648448	10	7.1	5.629387178015028	13.0	0.0	10	10.4	3.5552777669262356	13.0	0.0	-0.008817706455062536	-2.349440847589218	0.12154689697679616	9.980499975048751	32.54799967452001
776	12713984	10	5.1	5.664803615307418	13.0	0.0	10	7.7	5.831809324729334	15.0	0.0	-0.007910565642087612	-2.3413054543281557	0.12143407582282197	10.6889999732775	46.82199953178001
780	12779520	10	5.5	5.371219600798314	13.0	0.0	10	5.4	5.902541825349482	15.0	0.0	-0.00796536816938385	-2.327455252166538	0.14444561898755906	9.752249975619375	46.94599953054001
784	12845056	10	9.2	5.075431016179809	14.0	0.0	10	8.8	5.635601121442148	14.0	0.0	-0.008777775398200894	-2.268125749888191	0.1166307781701489	9.207249976981876	46.99899953001001
788	12910592	10	6.7	4.648655719667784	12.0	1.0	10	2.9	4.635730794599703	12.0	0.0	-0.007464461069028775	-2.2907108984984967	0.1575846721564492	9.21949997695125	49.73899950261001
792	12976128	10	6.4	5.642694391866353	13.0	0.0	10	6.4	5.6780278266313555	14.0	0.0	-0.009332950618892095	-2.342873098705542	0.10035958694956107	9.328249976679375	47.561999524380006
796	13041664	10	6.2	5.5641710972974225	15.0	0.0	10	6.5	5.200961449578338	13.0	0.0	-0.007898990483616801	-2.267732736728798	0.13548066225043814	10.309249974226876	41.737999582620006
800	13107200	10	4.5	5.678908345800274	14.0	0.0	10	6.6	5.624944444170094	14.0	0.0	-0.00821039025722073	-2.275220287105864	0.1248354948150963	10.664499973338751	41.36099958639
804	13172736	10	3.9	4.968903299521938	12.0	0.0	10	6.4	5.834380858325929	13.0	0.0	-0.00813782026343805	-2.3061127362233265	0.1485093502793984	10.739249973151875	42.83899957161
808	13238272	10	4.3	4.94064773081425	13.0	0.0	10	7.1	5.85576638878294	14.0	0.0	-0.008795449853695847	-2.2747842418764743	0.14468805257586473	10.419749973950626	45.039999549600005
812	13303808	10	4.0	5.513619500836088	14.0	0.0	10	9.1	4.570557952810575	12.0	0.0	-0.00873757819893635	-2.335606105382337	0.11202180834561949	9.60799997598	44.31099955689001
816	13369344	10	6.1	5.3563046963368315	12.0	0.0	10	9.4	4.758150901348127	13.0	0.0	-0.008929141768304049	-2.322428827242529	0.12291249631555048	9.691249975771875	43.828999561710006
820	13434880	10	3.9	5.127377497317708	12.0	0.0	10	5.1	5.7	13.0	0.0	-0.009425218434371805	-2.291779873033056	0.1557312940550798	10.251249974371875	41.99599958004001
824	13500416	10	5.0	5.366563145999495	13.0	0.0	10	4.0	5.079370039680118	13.0	0.0	-0.008089178830299285	-2.2231370531190304	0.14868028809630346	10.976249972559376	30.188999698110006
828	13565952	10	4.6	5.44426303552648	12.0	0.0	10	8.7	5.586591089385369	14.0	0.0	-0.00899415487611187	-2.260830883942976	0.1555512823623312	10.649249973376875	33.010999669890005
832	13631488	10	7.6	5.885575587824865	14.0	0.0	10	7.1	5.85576638878294	14.0	0.0	-0.00837405489592817	-2.2824598747101095	0.13363803440554642	9.63599997591	44.618999553810006
836	13697024	10	1.8	3.4871191548325386	12.0	0.0	10	8.9	5.593746508378799	16.0	0.0	-0.008413651348476405	-2.3099125372944154	0.12686345445533334	10.026749974933125	44.99199955008
840	13762560	10	6.1	5.889821729050889	14.0	0.0	10	2.7	4.450842616853578	12.0	0.0	-0.00888785756401259	-2.3474563531615846	0.1153479773275851	9.853999975365001	41.91099958089001
844	13828096	10	5.2	5.635601121442148	13.0	0.0	10	5.4	5.332916650389353	13.0	0.0	-0.007861980277478215	-2.3956462937084813	0.10345355218440502	10.153499974616249	41.25299958747001
848	13893632	10	6.1	5.539855593785816	12.0	0.0	10	5.3	5.568662316930341	14.0	0.0	-0.007474701620422429	-2.338404439146122	0.13747099288859477	10.4389999739025	39.941999600580004
852	13959168	10	4.8	5.509990925582365	13.0	0.0	10	5.5	5.200961449578338	13.0	0.0	-0.008782050787274332	-2.3560774497717096	0.1302569947690681	10.617749973455625	39.519999604800006
856	14024704	10	6.0	5.118593556827891	11.0	0.0	10	3.6	4.127953488110059	12.0	0.0	-0.0089361715596562	-2.382524696240995	0.10054463310051175	10.940249972649376	40.600999593990004
860	14090240	10	6.4	6.343500610861482	16.0	0.0	10	7.6	6.2801273872430325	14.0	0.0	-0.008017353516226424	-2.42604518904846	0.10741172427123989	10.672749973318126	37.71099962289001
864	14155776	10	4.9	5.85576638878294	14.0	0.0	10	5.1	5.4671747731346585	13.0	0.0	-0.009200686655833932	-2.352386504166657	0.13696268952266713	11.110249972224375	38.517999614820006
868	14221312	10	6.1	5.7870545184921145	14.0	0.0	10	4.9	5.048762224545735	11.0	0.0	-0.007884805436724734	-2.3998837940378523	0.15745771395264999	11.521999971195001	39.519999604800006
872	14286848	10	3.9	4.742362280551751	11.0	0.0	10	7.7	6.293647591023825	17.0	0.0	-0.008024203037240083	-2.3341249001575	0.10574669133701588	10.869249972826877	40.19999959800001
876	14352384	10	6.0	5.440588203494177	13.0	0.0	10	5.3	6.050619802962338	16.0	0.0	-0.00794315366913323	-2.398909431942757	0.11785936439734354	11.178749972053124	41.08199958918001
880	14417920	10	3.0	4.33589667773576	12.0	0.0	10	7.5	5.2583267300539625	13.0	0.0	-0.008478201924871401	-2.384137823929394	0.12395756069521317	10.789749973025625	38.983999610160005
884	14483456	10	7.4	5.96992462263972	15.0	0.0	10	9.3	5.254521862167861	16.0	0.0	-0.007240863134184734	-2.385120426366629	0.11379084983276144	11.176749972058126	38.853999611460004
888	14548992	10	6.0	5.639148871948674	13.0	0.0	10	7.4	5.480875842417889	13.0	0.0	-0.00859391149334962	-2.3824772782625545	0.1288671869805577	11.101999972245	39.985999600140005
892	14614528	10	3.5	5.004997502496879	15.0	0.0	10	7.3	6.017474553332153	14.0	0.0	-0.008291732077593218	-2.3224666886095915	0.14303370563686074	10.830749972923126	29.017999709820007
896	14680064	10	6.0	5.440588203494177	13.0	0.0	10	7.8	5.635601121442148	14.0	0.0	-0.008241413936402226	-2.3130005918517353	0.16936956538296272	10.87849997280375	38.58399961416001
900	14745600	10	8.5	4.695742752749559	13.0	0.0	10	11.3	3.8999999999999995	15.0	0.0	-0.007585446082701206	-2.3295668534991414	0.14356180729090814	11.785499970536248	32.308999676910005
904	14811136	10	4.9	5.243090691567332	12.0	0.0	10	7.6	5.4808758424178885	14.0	0.0	-0.008432891516077531	-2.345871686691063	0.13120763724234388	12.294999969262502	25.248999747510002
908	14876672	10	3.4	4.24735211631906	12.0	0.0	10	5.5	5.408326913195984	14.0	0.0	-0.00796325562419462	-2.327579910314019	0.11451631806529272	12.610749968473124	31.697999683020004
912	14942208	10	3.0	4.58257569495584	13.0	0.0	10	5.0	5.347896782848375	12.0	0.0	-0.007923239829105293	-2.3005461715248923	0.14347200575342364	13.237999966904999	32.35799967642
916	15007744	10	6.0	5.830951894845301	13.0	0.0	10	6.0	5.639148871948674	12.0	0.0	-0.008224942766650787	-2.340460215761845	0.10916560957002455	12.476749968808125	35.66699964333001
920	15073280	10	5.6	4.737087712930804	12.0	0.0	10	7.1	5.467174773134658	14.0	0.0	-0.008693515351300729	-2.351715244107847	0.10436672405804827	11.749999970625	35.72699964273
924	15138816	10	8.0	5.727128425310541	15.0	0.0	10	9.4	4.498888751680798	13.0	0.0	-0.008327608915090318	-2.316789621866809	0.15089190710937264	11.954749970113125	19.248999807510003
928	15204352	10	8.0	5.403702434442518	14.0	0.0	10	6.8	6.161168720299745	15.0	0.0	-0.00805496443270153	-2.292006256440943	0.11018298068488287	12.456749968858126	26.050999739490003
932	15269888	10	6.9	5.262128846769148	12.0	0.0	10	8.8	5.688585061331157	15.0	0.0	-0.007415453102249275	-2.2591927918425263	0.12460474703559948	11.692999970767499	33.886999661130005
936	15335424	10	6.3	4.94064773081425	12.0	0.0	10	9.3	5.514526271584894	14.0	0.0	-0.0079589307319309	-2.2858751090966747	0.1617456629393396	11.301749971745625	37.60399962396001
940	15400960	10	6.0	5.848076606885378	13.0	0.0	10	8.4	5.102940328869229	13.0	0.0	-0.009271157574650246	-2.323603100832653	0.12607898134977089	11.544249971139376	38.87699961123001
944	15466496	10	5.0	5.157518783291051	12.0	0.0	10	7.2	5.929586832149438	14.0	0.0	-0.009041336902523173	-2.33716117069615	0.12194926422371237	11.05349997236625	32.245999677540006
948	15532032	10	5.5	4.8425200051213	12.0	0.0	10	9.2	5.6000000000000005	17.0	0.0	-0.008587227357277833	-2.320041961726274	0.13091475282363355	11.14399997214	37.21199962788001
952	15597568	10	1.7	3.551056180912941	12.0	0.0	10	4.9	5.223983154643591	14.0	0.0	-0.008743905399568156	-2.3031310238028557	0.09680260348211925	11.360499971598749	38.07299961927001
956	15663104	10	4.3	5.604462507680822	15.0	0.0	10	9.2	4.686149805543993	14.0	0.0	-0.007382156280516789	-2.348831427349356	0.09692253276161793	11.061249972346877	27.137999728620006
960	15728640	10	5.3	5.404627646748664	13.0	0.0	10	5.2	5.582114294781145	13.0	0.0	-0.007623436517976068	-2.3549022547931178	0.13650834411512916	10.076749974808125	43.70599956294001
964	15794176	10	6.7	5.586591089385369	14.0	0.0	10	5.1	5.048762224545735	12.0	0.0	-0.008306738747446866	-2.3614706320090906	0.11219665791136306	10.430749973923126	40.65599959344001
968	15859712	10	5.8	5.617828762075256	12.0	0.0	10	10.6	3.5832945734337835	13.0	0.0	-0.008320030772405292	-2.324056414024338	0.12765530402373707	10.400249973999374	27.936999720630006
972	15925248	10	8.5	5.162363799656123	13.0	0.0	10	6.8	5.2115256883181535	13.0	0.0	-0.008084443452760208	-2.343165596082112	0.11884698906917172	10.729999973175001	41.27699958723001
976	15990784	10	6.9	5.448853090330111	12.0	0.0	10	9.3	4.712748667179271	13.0	0.0	-0.008279586910901693	-2.35724980111204	0.11278162243532537	10.536249973659377	38.90299961097001
980	16056320	10	4.9	5.262128846769148	12.0	0.0	10	9.2	5.075431016179809	14.0	1.0	-0.008151653845197601	-2.3459554659863397	0.12451029311499907	10.646499973383749	39.5499996045
984	16121856	10	7.2	5.617828762075256	15.0	0.0	10	7.4	4.882622246293481	12.0	0.0	-0.00777169544421051	-2.353264465682946	0.12128514919408392	11.3229999716925	40.12499959875001
988	16187392	10	4.0	4.898979485566356	12.0	0.0	10	3.9	4.948737212663449	12.0	0.0	-0.009072400507309413	-2.3255592756034407	0.11589801810871532	11.891749970270624	36.73799963262
992	16252928	10	7.6	5.76541412215983	15.0	0.0	10	7.7	5.197114584074513	14.0	0.0	-0.008066326517178953	-2.352869840714617	0.11771468809200497	11.793499970516248	37.87099962129001
996	16318464	10	5.0	5.5677643628300215	13.0	0.0	10	7.5	6.360031446463139	17.0	0.0	-0.008029455919689735	-2.3520229058994575	0.09843264647199818	11.4109999714725	38.76599961234
1000	16384000	10	7.1	5.204805471869242	12.0	0.0	10	7.0	6.7379522111692065	17.0	0.0	-0.008257731692587386	-2.336646949008092	0.13255575903241884	11.526749971183126	40.54899959451001
1004	16449536	10	7.6	5.782732917920384	16.0	0.0	10	7.6	6.003332407921454	16.0	0.0	-0.007847847362216118	-2.3408987867380566	0.14386917905314686	11.29149997177125	39.51399960486001
1008	16515072	10	5.9	5.717516943569122	12.0	0.0	10	6.3	5.745432968889291	16.0	0.0	-0.008095377698803363	-2.3401585516876144	0.11884446363279048	10.936249972659377	40.70499959295
1012	16580608	10	5.7	5.3113086899558	11.0	0.0	10	8.7	5.139066063011838	14.0	0.0	-0.008209000391670818	-2.347335335864488	0.10368292634071465	10.799249973001876	39.74899960251001
1016	16646144	10	9.2	4.1424630354415966	12.0	0.0	10	5.0	5.385164807134504	12.0	0.0	-0.008707991135757752	-2.2879387684266685	0.14764629093323464	11.132749972168126	43.956999560430006
1020	16711680	10	8.8	5.249761899362675	15.0	1.0	10	6.8	5.793099343184096	15.0	0.0	-0.00817018877484247	-2.351695338640021	0.10053933705708154	9.903249975241875	46.88499953115001
1024	16777216	10	5.6	5.295280917949491	12.0	0.0	10	4.4	5.276362383309168	13.0	0.0	-0.008441103592334201	-2.30846762633119	0.12245529050594531	9.729749975675624	48.27899951721001
1028	16842752	10	7.2	5.30659966456864	12.0	0.0	10	7.5	5.044799302251775	13.0	0.0	-0.007662853770964242	-2.255976815783425	0.1358232383164345	9.335249976661876	43.11399956886
1032	16908288	10	4.1	5.028916384272063	12.0	0.0	10	8.6	4.586937976471886	14.0	1.0	-0.00799765088512141	-2.317694278813374	0.11697570737785021	9.82849997542875	45.020999549790005
1036	16973824	10	2.8	4.190465367951393	11.0	0.0	10	6.8	5.192301994298868	15.0	0.0	-0.008376296223141837	-2.2902940062282933	0.12397644985727978	9.873999975315	46.00799953992001
1040	17039360	10	9.4	5.370288632839022	17.0	0.0	10	4.3	4.94064773081425	13.0	0.0	-0.008415527815519588	-2.3152128505281926	0.11367427711743154	10.041249974896875	44.32299955677001
1044	17104896	10	5.5	6.103277807866851	16.0	0.0	10	7.4	5.295280917949491	13.0	0.0	-0.007936352766068341	-2.3034631806199393	0.11201986638283119	11.038749972403126	33.11299966887
1048	17170432	10	6.8	5.173006862551025	11.0	0.0	10	9.8	5.015974481593782	17.0	2.0	-0.008640527823757758	-2.281205937028724	0.11107432592744927	10.50249997374375	40.906999590930006
1052	17235968	10	8.0	5.60357029044876	14.0	1.0	10	8.2	4.556314299957807	14.0	0.0	-0.008081076338452889	-2.305741498627489	0.10234811590539218	11.151999972119999	39.902999600970006
1056	17301504	10	8.2	4.331281565541543	11.0	0.0	10	7.4	5.868560300448483	13.0	0.0	-0.008629497935251773	-2.2929688043987397	0.1319819397621211	12.188249969529375	29.188999708110003
1060	17367040	10	5.9	5.957348403442592	14.0	0.0	10	6.4	5.6780278266313555	14.0	0.0	-0.007559677689460693	-2.260167119168246	0.12806392673155567	11.049999972375002	29.401999705980007
1064	17432576	10	3.9	4.72122865364515	11.0	0.0	10	10.8	3.458323293158117	14.0	1.0	-0.007882855843882217	-2.310079561926693	0.1330203494927429	10.296749974258125	41.16899958831
1068	17498112	10	5.0	5.422176684690384	15.0	0.0	10	7.3	5.883026432033091	15.0	0.0	-0.008491624622390585	-2.303791979708701	0.1452809970985017	11.616999970957501	36.36799963632001
1072	17563648	10	7.6	5.122499389946279	13.0	0.0	10	6.3	5.586591089385369	13.0	0.0	-0.008120279869887444	-2.3364606919437687	0.12431494044397237	11.69749997075625	37.65199962348001
1076	17629184	10	6.0	5.495452665613635	13.0	0.0	10	5.1	5.52177507691141	13.0	0.0	-0.008463376163215193	-2.297680457193723	0.14491111038605864	11.486749971283126	38.15799961842001
1080	17694720	10	6.2	5.635601121442148	13.0	0.0	10	9.1	5.61159513863928	17.0	0.0	-0.008377000756542864	-2.3205744000838897	0.11331901799017452	10.852249972869375	28.738999712610006
1084	17760256	10	5.2	5.287721626560915	13.0	0.0	10	8.6	4.903060268852505	13.0	0.0	-0.00745392878811461	-2.2981413302411857	0.13514838762104875	10.368249974079374	40.17199959828
1088	17825792	10	7.0	4.979959839195493	13.0	0.0	10	8.9	4.90815647672321	14.0	0.0	-0.006941555452799517	-2.2919193603194503	0.13615309080863824	11.459499971351251	35.80099964199001
1092	17891328	10	6.3	5.967411499134277	14.0	0.0	10	7.8	6.599999999999999	17.0	0.0	-0.00797558019659834	-2.2610321166742975	0.1427450109279723	12.27449996931375	17.285999827140003
1096	17956864	10	7.6	5.219195340279955	12.0	0.0	10	10.1	4.657252408878008	17.0	0.0	-0.008189414003689955	-2.2892703113555437	0.13503247987003705	10.954749972613126	30.372999696270007
1100	18022400	10	5.0	5.796550698475776	14.0	0.0	10	8.5	6.020797289396148	15.0	0.0	-0.007789404710312003	-2.2704157007355783	0.1170852582314091	10.477249973806876	41.85399958146001
1104	18087936	10	6.1	5.3563046963368315	12.0	0.0	10	9.3	4.450842616853577	13.0	0.0	-0.008940271103386035	-2.3154299604467643	0.1357733144593866	10.4129999739675	43.015999569840005
1108	18153472	10	5.5	5.953990258641679	13.0	0.0	10	10.0	5.639148871948674	16.0	0.0	-0.007866344057310059	-2.3081234889805073	0.1250383511521059	10.54399997364	38.02999961970001
1112	18219008	10	4.1	5.262128846769148	13.0	0.0	10	4.9	5.262128846769148	12.0	0.0	-0.0075476553178931505	-2.3045050151729134	0.1470757161579559	11.143999972139998	30.444999695550006
1116	18284544	10	3.7	5.23545604508337	12.0	0.0	10	9.0	4.516635916254486	12.0	0.0	-0.00810280456462833	-2.3401723675475665	0.1493368455984601	10.855749972860625	41.692999583070005
1120	18350080	10	5.4	5.535341001239218	13.0	0.0	10	5.8	4.995998398718719	12.0	0.0	-0.008217614919332981	-2.310985448219056	0.1466311092025286	11.1599999721	37.514999624850006
1124	18415616	10	7.7	5.728001396647874	15.0	0.0	10	6.4	4.923413450036469	14.0	0.0	-0.008748589458565525	-2.338659745707883	0.13386244201259165	11.893249970266877	35.19899964801
1128	18481152	10	6.8	5.15363949069005	11.0	0.0	10	8.3	5.9	16.0	1.0	-0.008477003889943966	-2.3308244146462234	0.1203546998120893	11.832999970417498	30.510999694890003
1132	18546688	10	6.3	4.94064773081425	12.0	0.0	10	9.9	4.635730794599704	15.0	1.0	-0.007532733562102831	-2.2714203419902166	0.16035823142037808	10.879999972799999	39.535999604640004
1136	18612224	10	3.9	4.784349485562274	11.0	0.0	10	8.8	5.3814496188294845	14.0	0.0	-0.008005103427800794	-2.3073151357552013	0.14628389833212993	11.40249997149375	38.29499961705001
1140	18677760	10	4.4	4.983974317750845	13.0	0.0	10	7.2	5.134199061197375	12.0	0.0	-0.008537807629505074	-2.313942849395042	0.13649615783685182	12.472249968819376	30.291999697080005
1144	18743296	10	7.3	5.831809324729334	14.0	0.0	10	9.4	5.4626001134990645	17.0	0.0	-0.008038096131482273	-2.302864076950676	0.12670680064319453	12.085999969784998	35.974999640250005
1148	18808832	10	4.9	5.430469592954186	12.0	0.0	10	7.9	5.223983154643591	15.0	0.0	-0.007847791745402451	-2.2823543521371263	0.176478573723629	11.81049997047375	36.05999963940001
1152	18874368	10	4.2	4.770744176750625	12.0	0.0	10	6.5	5.162363799656123	12.0	0.0	-0.007562102606062181	-2.270583753547978	0.14703110603946712	11.580499971048749	26.308999736910007
1156	18939904	10	6.6	5.517245689653488	14.0	0.0	10	8.5	5.181698563212646	13.0	0.0	-0.007620781753873573	-2.2430101879088116	0.14904281262618474	12.620249968449375	33.35999966640001
1160	19005440	10	3.5	4.387482193696061	12.0	0.0	10	9.7	5.550675634551166	16.0	0.0	-0.007848640633802528	-2.286946087837414	0.11533251869222173	12.311999969220002	31.879999681200005
1164	19070976	10	7.6	5.043808085167397	12.0	0.0	10	5.7	5.514526271584894	15.0	0.0	-0.007430819396009243	-2.2727368695156636	0.13333996205443469	12.220249969449375	25.898999741010005
1168	19136512	10	7.8	5.2497618993626745	14.0	0.0	10	11.7	3.4365680554879163	17.0	3.0	-0.007353472504435366	-2.2562905423476405	0.14722989948174536	12.523249968691875	28.116999718830005
1172	19202048	10	7.1	5.412023651093923	12.0	0.0	10	8.7	5.1000000000000005	13.0	0.0	-0.0067178220141588625	-2.2958159022125266	0.1545072494224198	12.36849996907875	33.689999663100004
1176	19267584	10	5.0	5.440588203494177	16.0	0.0	10	7.8	4.4	12.0	1.0	-0.008626589047415693	-2.2519332192975954	0.10295604373963353	12.08849996977875	29.625999703740007
1180	19333120	10	5.7	5.514526271584894	12.0	0.0	10	8.7	5.367494760127857	14.0	0.0	-0.007480457748118391	-2.285242010911678	0.10557461303800811	11.490749971273125	27.500999724990006
1184	19398656	10	2.6	4.498888751680798	12.0	0.0	10	6.3	5.568662316930341	12.0	0.0	-0.007198748374481065	-2.259254269066552	0.12265016036382734	10.460749973848126	41.17499958825
1188	19464192	10	4.8	4.894895300208167	13.0	0.0	10	7.7	5.514526271584895	13.0	0.0	-0.00817473106786904	-2.2475895034912456	0.13509031119901413	10.641749973395624	41.08199958918001
1192	19529728	10	6.5	4.8218253804964775	12.0	0.0	10	6.6	5.695612346359257	13.0	0.0	-0.006297154934702216	-2.2374563810878847	0.12578420293138481	10.827749972930626	39.29499960705001
1196	19595264	10	5.2	4.975942121849891	12.0	0.0	10	8.9	5.107837115648854	14.0	0.0	-0.0070971222684000305	-2.2790956296136176	0.1325850776879464	11.251249971871873	31.146999688530002
1200	19660800	10	2.6	4.476605857119878	12.0	0.0	10	6.1	5.52177507691141	12.0	0.0	-0.007600899379936996	-2.2837806565170764	0.13915247600628317	11.63649997090875	37.11299962887001
1204	19726336	10	4.5	4.588027898781785	12.0	0.0	10	9.4	4.498888751680798	13.0	0.0	-0.007362037374899477	-2.269083966575135	0.10841536093926113	11.99249997001875	34.905999650940004
1208	19791872	10	8.7	5.550675634551167	14.0	0.0	10	9.6	4.841487374764082	13.0	0.0	-0.007358660086378095	-2.296459160505929	0.12879564763102164	12.635499968411251	25.485999745140006
1212	19857408	10	4.5	5.024937810560445	13.0	0.0	10	6.4	5.083306010855534	12.0	0.0	-0.007598282380479834	-2.235501428212315	0.1432634594235348	11.09849997225375	39.50299960497001
1216	19922944	10	9.5	4.031128874149275	12.0	1.0	10	6.7	6.694027188471825	17.0	0.0	-0.007957722879311327	-2.288051061093887	0.11883199772491013	11.66849997082875	35.886999641130004
1220	19988480	10	4.7	5.568662316930341	12.0	0.0	10	7.8	5.436910887627275	14.0	0.0	-0.008372211211924673	-2.3110952151394524	0.14310117056654864	12.07449996981375	37.03199962968
1224	20054016	10	7.7	4.69148164229596	12.0	1.0	10	9.7	4.94064773081425	14.0	0.0	-0.007256241499971042	-2.2898172112900963	0.11915122452503053	11.451249971371876	35.566999644330004
1228	20119552	10	3.9	4.72122865364515	11.0	0.0	10	8.8	5.6	14.0	0.0	-0.00759019086077752	-2.354994676761886	0.1272381179212611	11.466749971333124	34.40799965592001
1232	20185088	10	5.8	5.2687759489277965	11.0	0.0	10	6.5	5.608029957123981	14.0	0.0	-0.007085259762960511	-2.3369443488666946	0.11849343523235376	11.7199999707	35.89899964101001
1236	20250624	10	3.9	5.3563046963368315	13.0	0.0	10	8.0	4.8373546489791295	12.0	0.0	-0.007771270220270347	-2.2765362310024972	0.11942003309103637	12.120749969698124	39.15399960846001
1240	20316160	10	7.6	5.276362383309168	13.0	0.0	10	5.7	5.640035460881429	13.0	0.0	-0.008980186208923269	-2.2853418859445696	0.09844485467516115	11.224749971938126	39.66099960339001
1244	20381696	10	6.3	5.586591089385369	13.0	0.0	10	4.3	4.980963762164908	12.0	0.0	-0.0083100480106152	-2.317041898525795	0.11247368753336993	11.170999972072499	40.05899959941
1248	20447232	10	9.1	4.011234224026316	12.0	0.0	10	4.9	5.61159513863928	12.0	0.0	-0.00731654708139287	-2.238857604330022	0.15615542883289446	11.198249972004374	38.11499961885001
1252	20512768	10	6.7	5.21632054229799	13.0	0.0	10	11.2	4.915282290977803	16.0	0.0	-0.008470887724824759	-2.268557528418426	0.10369065849116915	11.147749972130626	20.176999798230003
1256	20578304	10	7.4	5.571355310873647	15.0	0.0	10	7.8	6.079473661428265	14.0	0.0	-0.007892036475001174	-2.228788869844173	0.11237409694191487	12.316249969209375	34.145999658540006
1260	20643840	10	7.9	4.968903299521937	12.0	0.0	10	4.6	5.589275444992848	14.0	0.0	-0.007730741356179271	-2.2441089026775836	0.1266484081923663	12.30549996923625	26.912999730870006
1264	20709376	10	6.6	5.71314274283428	15.0	0.0	10	8.8	5.844655678480984	15.0	0.0	-0.0084738029536579	-2.2149880749660147	0.13882715005223245	12.262249969344373	34.95899965041001
1268	20774912	10	4.0	5.059644256269407	12.0	0.0	10	7.9	5.734980383575867	14.0	0.0	-0.007794767020738841	-2.243262263402121	0.09674612109628114	11.857999970355001	22.568999774310004
1272	20840448	10	1.3	3.257299494980466	11.0	0.0	10	7.0	5.639148871948674	14.0	0.0	-0.007323808283364256	-2.2077989774629425	0.15270132189578126	11.41599997146	36.67199963328
1276	20905984	10	5.0	6.04979338490167	15.0	0.0	10	8.6	5.295280917949491	14.0	0.0	-0.0062046296606750135	-2.265187553825456	0.1472096437590211	11.368499971578752	36.661999633380006
1280	20971520	10	6.4	5.76541412215983	15.0	0.0	10	9.3	4.290687590584987	13.0	1.0	-0.0069097282459630255	-2.2154339723464793	0.1627233153194807	11.4249999714375	36.167999638320005
1284	21037056	10	6.6	5.0635955604688645	13.0	1.0	10	11.1	3.269556544854363	15.0	2.0	-0.008008877600407435	-2.2496376283606967	0.16067157878108557	11.963249970091875	30.374999696250004
1288	21102592	10	6.9	5.664803615307418	13.0	0.0	10	5.4	6.053098380168622	14.0	0.0	-0.007907029820151111	-2.284831801812269	0.15169015501908373	12.114749969713126	35.02399964976001
1292	21168128	10	7.9	6.187891401761993	15.0	0.0	10	6.2	5.670978751503131	14.0	0.0	-0.007161616332432242	-2.314352616426669	0.11219172745084846	11.89849997025375	34.72599965274001
1296	21233664	10	8.2	4.975942121849892	12.0	0.0	10	6.1	5.3563046963368315	12.0	0.0	-0.007221950919459097	-2.243262226149218	0.14890162909094146	11.707749970730625	38.68499961315001
1300	21299200	10	6.2	5.878775382679627	14.0	0.0	10	8.2	4.707440918375928	13.0	2.0	-0.008661972950911078	-2.3081056175211843	0.10862217912250273	10.770749973073125	24.22299975777
1304	21364736	10	8.9	5.872818744010409	17.0	0.0	10	6.0	5.639148871948674	13.0	0.0	-0.008158828100688166	-2.2979668475777313	0.11222087489824273	11.986249970034375	36.657999633420005
1308	21430272	10	7.6	5.238320341483519	13.0	0.0	10	11.3	3.606937759374287	15.0	1.0	-0.008071705975825226	-2.2959364501230453	0.14128999977142578	11.928749970178126	22.639999773600003
1312	21495808	10	8.7	5.657738063926255	16.0	0.0	10	10.0	3.924283374069717	14.0	1.0	-0.008207296367248392	-2.2457616376524316	0.10383542905411329	11.12799997218	28.855999711440006
1316	21561344	10	4.4	5.71314274283428	15.0	0.0	10	9.7	4.920365840057018	14.0	0.0	-0.00793050148703669	-2.2697086009005742	0.14111979443972558	11.657499970856248	35.85699964143001
1320	21626880	10	6.3	5.967411499134277	14.0	0.0	10	9.2	5.861740355901138	14.0	0.0	-0.008085525972159252	-2.286201293031647	0.12123820106788202	11.506749971233125	36.103999638960005
1324	21692416	10	8.5	5.6258332716140815	14.0	0.0	10	11.3	2.5709920264364885	14.0	4.0	-0.008205272329232892	-2.295303369322737	0.10813969721822513	11.796999970507501	35.418999645810004
1328	21757952	10	7.3	5.197114584074513	12.0	0.0	10	11.4	3.693237062523878	15.0	1.0	-0.007901629508610319	-2.2708655742425545	0.11248414248298126	11.791499970521249	38.537999614620006
1332	21823488	10	6.1	5.337602458033007	12.0	0.0	10	9.4	4.498888751680798	13.0	0.0	-0.008288624048009917	-2.290515129526279	0.11758260567379053	11.30649997173375	25.177999748220007
1336	21889024	10	7.7	5.386093203798093	15.0	1.0	10	5.4	5.102940328869229	12.0	0.0	-0.00876448032219091	-2.278521311542471	0.12116071541773316	11.6809999707975	24.237999757620003
1340	21954560	10	3.4	4.983974317750844	11.0	0.0	10	8.8	4.791659420284375	13.0	0.0	-0.007186685008955669	-2.2989860447833275	0.1329460356556471	12.08549996978625	22.101999778980005
1344	22020096	10	7.4	5.6956123463592565	13.0	0.0	10	9.5	3.0083217912982647	11.0	3.0	-0.006630010677848969	-2.316149505234891	0.11858094742372967	12.102499969743752	36.250999637490004
1348	22085632	10	8.0	5.196152422706632	13.0	0.0	10	8.9	4.90815647672321	14.0	0.0	-0.008833860095960428	-2.2994658199537628	0.11153959085934283	11.863999970340002	40.003999599960004
1352	22151168	10	9.5	3.8794329482541645	12.0	0.0	10	5.8	4.995998398718719	13.0	0.0	-0.007832264627513375	-2.263039665681822	0.13105833113846185	10.622249973444376	22.994999770050004
1356	22216704	10	5.1	4.846648326421054	11.0	0.0	10	7.4	5.0635955604688645	12.0	0.0	-0.00766862085746503	-2.294792261977368	0.12746847706760858	11.372749971568124	38.35499961645
1360	22282240	10	6.6	4.6303347611160905	11.0	0.0	10	11.7	3.7696153649941526	15.0	1.0	-0.008491131180284498	-2.33184907064387	0.11702119379327142	11.103749972240625	32.38099967619001
1364	22347776	10	8.2	5.8275209137333865	15.0	0.0	10	10.8	5.7236352085016735	17.0	0.0	-0.007569852398288585	-2.3094041444439104	0.12877830652109942	11.569749971075625	37.322999626770006
1368	22413312	10	4.6	5.44426303552648	12.0	0.0	10	6.4	5.388877434122992	14.0	0.0	-0.007698358241927921	-2.3233995733225083	0.11614579279318077	11.780749970548124	27.569999724300004
1372	22478848	10	5.0	5.157518783291051	12.0	0.0	10	6.8	5.4	14.0	0.0	-0.008410302962483983	-2.3169153230955737	0.08855267993493832	11.09449997226375	38.94699961053001
1376	22544384	10	6.7	5.235456045083369	13.0	0.0	10	6.8	6.462197768561405	15.0	0.0	-0.00840538599159479	-2.2583915787569584	0.11862065587509345	10.861249972846874	39.70199960298
1380	22609920	10	4.9	5.647123161398199	13.0	0.0	10	9.7	4.94064773081425	14.0	0.0	-0.007618458784352186	-2.275284563264667	0.1310438271863476	10.6209999734475	28.711999712880004
1384	22675456	10	6.9	5.6471231613982	12.0	0.0	10	8.3	5.441507144165117	12.0	0.0	-0.009105480729847047	-2.284976040085557	0.10138343258015232	11.537749971155625	29.390999706090003
1388	22740992	10	8.5	4.984977432245807	13.0	0.0	10	10.0	4.381780460041329	13.0	0.0	-0.008189895126387143	-2.3235810173117666	0.06396294535868416	11.471249971321875	38.640999613590004
1392	22806528	10	6.8	5.6000000000000005	15.0	0.0	10	8.2	4.749736834815167	12.0	0.0	-0.007381888212410437	-2.3096222676414433	0.08893017438866196	11.376749971558125	36.73999963260001
1396	22872064	10	5.2	5.4	13.0	0.0	10	10.2	4.935585071701227	17.0	0.0	-0.00875926387046103	-2.3304463796373556	0.08334108992232486	11.37349997156625	31.117999688820003
1400	22937600	10	3.8	4.975942121849891	12.0	0.0	10	9.0	5.966573556070519	14.0	0.0	-0.006965301971409262	-2.2717853881535786	0.1359908714904043	10.754249973114376	27.535999724640007
1404	23003136	10	8.9	6.007495318350236	15.0	0.0	10	9.9	4.784349485562274	14.0	0.0	-0.007935672461606168	-2.2960122548135575	0.10949918378245649	11.658749970853126	41.75799958242001
1408	23068672	10	7.1	5.647123161398199	13.0	0.0	10	10.5	3.556683848755748	13.0	0.0	-0.00789390469838438	-2.3262968756318787	0.0933396302376813	11.1129999722175	24.302999756970006
1412	23134208	10	4.1	4.614108798023731	11.0	0.0	10	7.2	5.1536394906900505	13.0	0.0	-0.006423618549219361	-2.310346516229453	0.10081022383060731	12.216749969458126	41.93199958068001
1416	23199744	10	8.1	5.127377497317708	13.0	0.0	10	3.5	3.8794329482541645	11.0	0.0	-0.008423287602486434	-2.2993578113703874	0.08702540788669111	12.454249968864376	43.161999568380004
1420	23265280	10	3.9	5.356304696336831	13.0	0.0	10	8.8	5.4	14.0	0.0	-0.0070824929588120455	-2.311155127741553	0.11501548787312184	11.92349997019125	46.49899953501001
1424	23330816	10	6.2	5.670978751503131	12.0	0.0	10	8.4	5.122499389946279	13.0	0.0	-0.007187478665561502	-2.251941452189154	0.10633055391234698	11.97149997007125	51.38599948614001
1428	23396352	10	6.3	5.348831648126533	13.0	0.0	10	9.3	5.404627646748664	16.0	1.0	-0.007461366759476214	-2.2493367714326977	0.1367015233120976	11.681249970796873	48.06099951939001
1432	23461888	10	6.9	5.243090691567332	12.0	0.0	10	9.3	5.728001396647874	17.0	0.0	-0.0067134953077563776	-2.303453457612261	0.17024143410935885	11.384249971539376	30.189999698100006
1436	23527424	10	10.3	4.075536774462967	15.0	2.0	10	6.0	5.458937625582473	13.0	0.0	-0.008525918210298343	-2.2907101459898564	0.11219820491576955	11.5649999710875	43.07099956929
1440	23592960	10	6.0	5.813776741499453	12.0	0.0	10	4.1	4.867237409455183	12.0	0.0	-0.0069798095615023325	-2.31103736386465	0.13623368141064032	11.440749971398125	43.142999568570005
1444	23658496	10	3.9	4.72122865364515	11.0	0.0	10	11.1	3.8845849199110063	15.0	0.0	-0.008256142356659502	-2.2972179127326795	0.11448926652054729	12.027999969929999	33.948999660510005
1448	23724032	10	3.6	4.882622246293481	11.0	0.0	10	7.6	5.276362383309167	13.0	0.0	-0.006832922584984839	-2.36052898789692	0.0983323850178486	11.648249970879375	42.74599957254001
1452	23789568	10	4.3	4.879549159502341	12.0	0.0	10	6.5	5.352569476429054	13.0	0.0	-0.008052395760154837	-2.3565668212899524	0.115851622217995	11.973749970065626	43.23699956763001
1456	23855104	10	4.9	6.024118192731613	13.0	0.0	10	10.2	3.9698866482558417	14.0	2.0	-0.007656247359097	-2.329232593134803	0.13011816445314	11.324999971687502	29.283999707160003
1460	23920640	10	5.1	5.7	13.0	0.0	10	5.8	6.20966987850401	14.0	0.0	-0.0072443796129879195	-2.2569159838193107	0.12936003411703864	12.491749968770627	39.80099960199001
1464	23986176	10	7.6	4.7791212581394085	12.0	0.0	10	8.7	4.94064773081425	14.0	0.0	-0.008037169045940405	-2.2475255054874514	0.1555398867769196	12.239999969400003	40.42799959572
1468	24051712	10	3.8	4.770744176750625	11.0	0.0	10	4.2	4.874423042781577	15.0	0.0	-0.008155965221157394	-2.2799946713059396	0.16955675881452428	11.927749970180624	44.81399955186001
1472	24117248	10	8.9	5.48543526076099	17.0	0.0	10	9.3	5.386093203798093	16.0	0.0	-0.008147367481554764	-2.3317753545994515	0.11208276348573194	10.45749997385625	43.36699956633
1476	24182784	10	4.2	4.749736834815167	12.0	0.0	10	10.4	3.5552777669262356	13.0	0.0	-0.007607353655168521	-2.217126473553496	0.14820414066012666	11.446249971384375	26.088999739110005
1480	24248320	10	3.5	5.142956348249516	12.0	0.0	10	7.7	5.532630477449222	14.0	0.0	-0.007117186119271401	-2.2157939993020466	0.12702522270300035	12.067749969830626	40.78499959215
1484	24313856	10	7.2	5.30659966456864	12.0	0.0	10	7.5	5.389805191284746	13.0	0.0	-0.0077272029949335625	-2.2716384850559646	0.12986410881281668	12.2889999692775	42.32899957671001
1488	24379392	10	5.1	5.107837115648853	12.0	0.0	10	9.3	4.69148164229596	13.0	0.0	-0.007614621621355167	-2.2302637246908144	0.16895141931974306	12.572249968569373	26.724999732750007
1492	24444928	10	5.9	5.734980383575867	13.0	0.0	10	10.8	2.4	13.0	4.0	-0.007252678579336739	-2.272719792784937	0.16613988956878975	12.338749969153124	48.66999951330001
1496	24510464	10	5.1	5.717516943569123	13.0	0.0	10	9.7	4.670117771534247	14.0	0.0	-0.006764154395470496	-2.2395297361067614	0.13700725342427317	12.26049996934875	33.113999668860004
1500	24576000	10	9.4	4.2708313008125245	13.0	0.0	10	8.6	4.862098312457287	14.0	0.0	-0.007226019728331314	-2.3177479552795157	0.12174591638121407	12.061999969845	28.687999713120004
1504	24641536	10	4.6	5.2573757712379665	14.0	0.0	10	7.8	6.2577951388648065	15.0	0.0	-0.007709148618035868	-2.304586271204895	0.14568536959933615	12.817749967955626	43.57599956424001
1508	24707072	10	7.8	5.491812087098392	14.0	0.0	10	6.9	5.4671747731346585	13.0	0.0	-0.007603996206970892	-2.2693623798708518	0.13765695033868464	11.852749970368125	32.10699967893
1512	24772608	10	8.4	4.903060268852505	13.0	0.0	10	7.7	5.348831648126533	13.0	0.0	-0.008081531308933096	-2.194779137541712	0.13761701992210726	11.417249971456876	46.90699953093
1516	24838144	10	7.5	6.248999919987197	15.0	0.0	10	6.8	6.321392251711643	16.0	0.0	-0.00892080578491454	-2.1916194953224974	0.09454660139924394	11.619749970950625	45.81399954186001
1520	24903680	10	1.9	3.7536648758246924	13.0	0.0	10	9.4	4.24735211631906	13.0	1.0	-0.007808657793950552	-2.169207597546321	0.17733787013854063	12.344249969139376	27.075999729240007
1524	24969216	10	6.7	5.040833264451424	12.0	0.0	10	7.5	5.766281297335398	14.0	0.0	-0.00858976897781412	-2.225577066110205	0.11889784906062746	12.56549996858625	23.737999762620003
