iter	frame	n_test	mean_returns	std_returns	max_returns	min_returns	n_test_train	mean_returns_train	std_returns_train	max_returns_train	min_returns_train	actor_loss	entropy_loss	value_loss	training_time	evaluation_time
0	0	10	3.0	4.58257569495584	10.0	0.0	10	1.0	3.0	10.0	0.0	0	0	0	0.0	16.12399983876
4	65536	10	3.0	4.58257569495584	10.0	0.0	10	5.0	5.0	10.0	0.0	0.004866025305796952	-2.4596496917228765	0.9571679739526248	11.65849997085375	12.587999874120001
8	131072	10	3.0	4.58257569495584	10.0	0.0	10	3.0	4.58257569495584	10.0	0.0	-0.0018793887767224824	-2.393499023963037	1.6498300816386964	11.547999971130002	4.532999954670001
12	196608	10	1.0	3.0	10.0	0.0	10	5.0	5.0	10.0	0.0	-0.002473690020497102	-2.4692713218342046	1.4651432085497862	12.430749968923125	5.249999947500001
16	262144	10	3.0	4.58257569495584	10.0	0.0	10	3.0	4.58257569495584	10.0	0.0	-0.0006352319517287275	-2.4733798476464024	0.9256992003847493	10.961999972595	4.81099995189
20	327680	10	0.0	0.0	0.0	0.0	10	3.0	4.58257569495584	10.0	0.0	-0.0005698180223299192	-2.4500962567757454	0.49521603709516204	12.284249969289375	2.0299999797000003
24	393216	10	5.0	5.0	10.0	0.0	10	2.0	4.0	10.0	0.0	-0.0019478859174131718	-2.4213284102540267	0.3625733737145676	11.835249970411875	2.1089999789100005
28	458752	10	3.0	4.58257569495584	10.0	0.0	10	2.0	4.0	10.0	0.0	-0.0018558510635443277	-2.3941634170700645	0.35440107338164084	12.570749968573125	5.097999949020001
32	524288	10	5.0	5.0	10.0	0.0	10	3.0	4.58257569495584	10.0	0.0	-0.0024492361078223284	-2.440261234585563	0.33764965735583985	12.707249968231874	4.78399995216
36	589824	10	4.0	4.898979485566356	10.0	0.0	10	2.0	4.0	10.0	0.0	-0.0033832174276047632	-2.46581831052049	0.3011132526518662	12.767249968081876	5.4059999459400006
40	655360	10	1.0	3.0	10.0	0.0	10	4.0	4.898979485566356	10.0	0.0	-0.0014909781868141798	-2.4462245178654736	0.2753412144282245	12.498249968754376	13.441999865580001
44	720896	10	1.0	3.0	10.0	0.0	10	4.0	4.898979485566356	10.0	0.0	-0.002078473296110388	-2.462612407646354	0.24348680424140745	11.01649997245875	9.670999903290001
48	786432	10	2.0	4.0	10.0	0.0	10	2.0	4.0	10.0	0.0	-0.0006924421952626528	-2.4715475536791875	0.19591456812628294	13.926249965184377	9.10399990896
52	851968	10	4.0	4.898979485566356	10.0	0.0	10	3.0	4.58257569495584	10.0	0.0	-0.001691391075358249	-2.475691636145517	0.15898779281311126	11.748249970629375	15.631999843680003
56	917504	10	2.0	4.0	10.0	0.0	10	3.0	4.58257569495584	10.0	0.0	-0.0017722219731364835	-2.4723378591147624	0.14685156319002457	11.518749971203126	9.323999906760001
60	983040	10	2.0	4.0	10.0	0.0	10	3.0	4.58257569495584	10.0	0.0	-0.0029864849078190827	-2.484313972035548	0.1411218528178357	12.385249969036874	7.259999927400001
64	1048576	10	2.0	4.0	10.0	0.0	10	1.0	3.0	10.0	0.0	-0.002006242131547169	-2.4142158923018484	0.1479183223410096	12.46849996882875	11.254999887450003
68	1114112	10	5.0	5.0	10.0	0.0	10	1.0	3.0	10.0	0.0	-0.00239657780159679	-2.4163269249068	0.12593939941772003	11.00349997249125	12.26699987733
72	1179648	10	2.0	4.0	10.0	0.0	10	2.0	4.0	10.0	0.0	-0.0023370103284823954	-2.427947836364717	0.13565727415012846	11.190749972023127	8.85399991146
76	1245184	10	3.0	4.58257569495584	10.0	0.0	10	2.0	4.0	10.0	0.0	-0.003887091845373532	-2.463990476967525	0.1152518504412	12.08749996978125	7.375999926240001
80	1310720	10	0.0	0.0	0.0	0.0	10	1.0	3.0	10.0	0.0	-0.00299547520716283	-2.4361841080035243	0.1461186974622839	11.9249999701875	9.7599999024
84	1376256	10	2.0	4.0	10.0	0.0	10	4.0	4.898979485566356	10.0	0.0	-0.0033424384803618966	-2.4706329725592684	0.10671553604434933	11.311499971721249	6.920999930790002
88	1441792	10	1.0	3.0	10.0	0.0	10	2.0	4.0	10.0	0.0	-0.003545651153757633	-2.4824034395214922	0.10403699089154941	11.718749970703126	5.531999944680001
92	1507328	10	2.0	4.0	10.0	0.0	10	1.0	3.0	10.0	0.0	-0.0027789080871556426	-2.5051402297986716	0.09400037632431173	12.294249969264376	10.328999896710002
96	1572864	10	3.0	4.58257569495584	10.0	0.0	10	1.0	3.0	10.0	0.0	-0.004415031446867641	-2.528638941282881	0.06141880588587102	11.28049997179875	11.812999881870002
100	1638400	10	2.0	4.0	10.0	0.0	10	4.0	4.898979485566356	10.0	0.0	-0.002558910799392459	-2.507603163259286	0.06215047815283628	12.458249968854375	6.413999935860001
104	1703936	10	2.0	4.0	10.0	0.0	10	2.0	4.0	10.0	0.0	-0.0014171060537025324	-2.50688525014831	0.07801538800085657	12.271249969321875	5.73299994267
108	1769472	10	3.0	4.58257569495584	10.0	0.0	10	5.0	5.0	10.0	0.0	-0.002320228842776722	-2.5341316334747046	0.04073243444205959	11.990249970024374	24.554999754450005
112	1835008	10	5.0	5.0	10.0	0.0	10	2.0	4.0	10.0	0.0	-0.0030010994229599203	-2.5376238571940966	0.05683414361934166	10.664749973338125	10.942999890570002
116	1900544	10	3.0	4.58257569495584	10.0	0.0	10	3.0	4.58257569495584	10.0	0.0	-0.0028520366634802626	-2.54836136821189	0.06791606227509092	11.98649997003375	11.373999886260002
120	1966080	10	4.0	4.898979485566356	10.0	0.0	10	4.0	4.898979485566356	10.0	0.0	-0.0011703152921345107	-2.516492955124504	0.07451561732838448	12.269749969325627	12.921999870780002
124	2031616	10	3.0	4.58257569495584	10.0	0.0	10	0.0	0.0	0.0	0.0	-0.003746269876717267	-2.503998058276809	0.07348975724706454	10.715749973210626	8.521999914780002
128	2097152	10	1.0	3.0	10.0	0.0	10	6.0	4.898979485566356	10.0	0.0	-0.0037699271072004987	-2.505108522611181	0.07307545917589216	12.78949996802625	7.446999925530001
132	2162688	10	1.0	3.0	10.0	0.0	10	1.0	3.0	10.0	0.0	-0.004217910240352993	-2.54482855372941	0.06710590095491552	12.066749969833126	16.440999835590002
136	2228224	10	3.0	4.58257569495584	10.0	0.0	10	4.0	4.898979485566356	10.0	0.0	-0.0037076128060792666	-2.522190915778805	0.057889134481262296	11.472249971319378	8.84299991157
140	2293760	10	3.0	4.58257569495584	10.0	0.0	10	2.0	4.0	10.0	0.0	-0.004308528787841957	-2.501404578226515	0.08641142863850268	12.347999969129999	16.207999837920003
144	2359296	10	2.0	4.0	10.0	0.0	10	3.0	4.58257569495584	10.0	0.0	-0.003462519428409689	-2.520991719996586	0.057326649561916895	12.26149996934625	10.56499989435
148	2424832	10	2.0	4.0	10.0	0.0	10	2.0	4.0	10.0	0.0	-0.0028942846471804932	-2.54876462840313	0.037776313495069234	12.879249967801874	24.156999758430004
152	2490368	10	3.0	4.58257569495584	10.0	0.0	10	6.0	4.898979485566356	10.0	0.0	-0.003877623115436914	-2.542108858360291	0.07584372305607766	11.853999970364999	17.398999826010005
156	2555904	10	4.0	4.898979485566356	10.0	0.0	10	3.0	4.58257569495584	10.0	0.0	-0.0038623246930222237	-2.550295772386175	0.06307540185247715	10.816249972959376	15.048999849510002
160	2621440	10	3.0	4.58257569495584	10.0	0.0	10	2.0	4.0	10.0	0.0	-0.002487799016048544	-2.60028196347489	0.04864797544702156	12.740249968149376	11.274999887250003
164	2686976	10	4.0	4.898979485566356	10.0	0.0	10	3.0	4.58257569495584	10.0	0.0	-0.0030967273290225337	-2.57469914081695	0.04700350081834577	12.14349996964125	16.340999836590004
168	2752512	10	0.0	0.0	0.0	0.0	10	3.0	4.58257569495584	10.0	0.0	-0.0034702403629755384	-2.5694096582438326	0.023820090643559364	11.162249972094374	25.035999749640006
172	2818048	10	1.0	3.0	10.0	0.0	10	2.0	4.0	10.0	0.0	-0.0026312646560035934	-2.5875055191205742	0.032934651638753386	11.427999971430001	21.757999782420004
176	2883584	10	1.0	3.0	10.0	0.0	10	4.0	4.898979485566356	10.0	0.0	-0.0031424964542021206	-2.5596317894574034	0.03811377787099876	13.464499966338751	18.81299981187
180	2949120	10	2.0	4.0	10.0	0.0	10	5.0	5.0	10.0	0.0	-0.0022357209306791783	-2.5792872679527026	0.02789536082322084	12.3749999690625	18.062999819370003
184	3014656	10	7.0	4.58257569495584	10.0	0.0	10	3.0	4.58257569495584	10.0	0.0	-0.002757308516888041	-2.594149850038671	0.046982585874459165	11.681249970796877	9.15799990842
188	3080192	10	3.0	4.58257569495584	10.0	0.0	10	2.0	4.0	10.0	0.0	-0.0038199220721821755	-2.581764374901138	0.042492971848150624	12.046249969884373	14.856999851430002
192	3145728	10	2.0	4.0	10.0	0.0	10	0.0	0.0	0.0	0.0	-0.003380151033476246	-2.585859765339745	0.05790077645970251	12.580749968548124	16.73799983262
196	3211264	10	3.0	4.58257569495584	10.0	0.0	10	6.0	4.898979485566356	10.0	0.0	-0.0031639266741309508	-2.5950008702555243	0.03506429671565517	12.534749968663126	16.561999834380003
200	3276800	10	5.0	5.0	10.0	0.0	10	3.0	4.58257569495584	10.0	0.0	-0.0026959995481695117	-2.577418262491363	0.04714347167458424	11.148499972128748	15.459999845400004
204	3342336	10	3.0	4.58257569495584	10.0	0.0	10	6.0	4.898979485566356	10.0	0.0	-0.0024751763409917764	-2.6011666528654573	0.038967118710877	11.965249970086877	17.56599982434
208	3407872	10	5.0	5.0	10.0	0.0	10	3.0	4.58257569495584	10.0	0.0	-0.0030756744960378775	-2.59275586379382	0.031278227033075645	11.486249971284375	16.707999832920002
212	3473408	10	3.0	4.58257569495584	10.0	0.0	10	2.0	4.0	10.0	0.0	-0.004348603423600504	-2.5933001287063684	0.04621544512826722	12.984249967539375	15.082999849170003
216	3538944	10	3.0	4.58257569495584	10.0	0.0	10	1.0	3.0	10.0	0.0	-0.0033483471024281595	-2.580858478674667	0.050733177112175384	12.281999969295002	17.183999828160005
220	3604480	10	2.0	4.0	10.0	0.0	10	5.0	5.0	10.0	0.0	-0.003125827442674555	-2.5578368924377273	0.10078203921553465	11.71549997071125	10.567999894320002
224	3670016	10	1.0	3.0	10.0	0.0	10	5.0	5.0	10.0	0.0	-0.0037088549405857965	-2.5533869835061407	0.10714072375994471	11.69199997077	10.083999899160002
228	3735552	10	1.0	3.0	10.0	0.0	10	3.0	4.58257569495584	10.0	0.0	-0.004831105197305697	-2.564870513708446	0.0809082075830399	12.7029999682425	11.148999888510001
232	3801088	10	3.0	4.58257569495584	10.0	0.0	10	2.0	4.0	10.0	0.0	-0.004893387664899712	-2.553279789519577	0.07745602784337167	11.50449997123875	11.942999880570001
236	3866624	10	4.0	4.898979485566356	10.0	0.0	10	1.0	3.0	10.0	0.0	-0.005111089555382884	-2.5667864901133903	0.09902079068645031	12.482749968793124	5.280999947190001
240	3932160	10	4.0	4.898979485566356	10.0	0.0	10	2.0	4.0	10.0	0.0	-0.00430802870036125	-2.5244804419430977	0.12886445475175984	12.403749968990626	7.939999920600002
244	3997696	10	2.0	4.0	10.0	0.0	10	2.0	4.0	10.0	0.0	-0.0029489698508728727	-2.5300734164662186	0.15191545258245914	11.268749971828127	11.826999881730002
248	4063232	10	4.0	4.898979485566356	10.0	0.0	10	3.0	4.58257569495584	10.0	0.0	-0.0038958767711123636	-2.5503978080874394	0.16247554331256767	11.71549997071125	6.160999938390001
252	4128768	10	1.0	3.0	10.0	0.0	10	1.0	3.0	10.0	0.0	-0.0038108856723709896	-2.5241966816140398	0.19347464655994145	13.010749967473124	13.259999867400001
256	4194304	10	4.0	4.898979485566356	10.0	0.0	10	4.0	4.898979485566356	10.0	0.0	-0.0038270089773762717	-2.520715934272293	0.1907627761630933	11.185749972035627	8.957999910420002
260	4259840	10	4.0	4.898979485566356	10.0	0.0	10	5.0	5.0	10.0	0.0	-0.004714967512694162	-2.505733360585823	0.17626117400851612	12.69149996827125	6.071999939280001
264	4325376	10	2.0	4.0	10.0	0.0	10	4.0	4.898979485566356	10.0	0.0	-0.00430778422576012	-2.4833925860520174	0.21099778060776517	12.778499968053747	9.590999904090001
268	4390912	10	4.0	4.898979485566356	10.0	0.0	10	4.0	4.898979485566356	10.0	0.0	-0.004497439954155406	-2.493597944317785	0.16512476744272847	11.3669999715825	9.935999900640002
272	4456448	10	6.0	4.898979485566356	10.0	0.0	10	3.0	4.58257569495584	10.0	0.0	-0.004636783084426744	-2.5210898938135746	0.12973755806264384	11.411499971471251	7.328999926710001
276	4521984	10	4.0	4.898979485566356	10.0	0.0	10	4.0	4.898979485566356	10.0	0.0	-0.0031803617333047546	-2.499834606784456	0.1484176408500098	12.414499968963751	6.694999933050001
280	4587520	10	6.0	4.898979485566356	10.0	0.0	10	6.0	4.898979485566356	10.0	0.0	-0.004614481743196688	-2.488900499779999	0.1966804113655056	12.26449996933875	6.580999934190001
284	4653056	10	6.0	4.898979485566356	10.0	0.0	10	3.0	4.58257569495584	10.0	0.0	-0.002539956578138201	-2.5035634410753667	0.1316754111960583	12.405999968985	10.843999891560001
288	4718592	10	4.0	4.898979485566356	10.0	0.0	10	1.0	3.0	10.0	0.0	-0.00398230764362224	-2.4776653346818662	0.1142824735218203	11.760499970598751	9.718999902810001
292	4784128	10	5.0	5.0	10.0	0.0	10	3.0	4.58257569495584	10.0	0.0	-0.004177780714770211	-2.452854541185299	0.11222514532268775	12.54649996863375	8.103999918960001
296	4849664	10	3.0	4.58257569495584	10.0	0.0	10	5.0	5.0	10.0	0.0	-0.0029799743142503114	-2.4846408190721934	0.11697957294861107	12.598749968503126	13.376999866230003
300	4915200	10	8.0	4.0	10.0	0.0	10	6.0	4.898979485566356	10.0	0.0	-0.0035131409721825225	-2.5191773645439195	0.060770348406585815	12.391249969021874	6.589999934100001
304	4980736	10	3.0	4.58257569495584	10.0	0.0	10	4.0	4.898979485566356	10.0	0.0	-0.00431601048043286	-2.5291040810294985	0.07543350638967278	12.437249968906874	22.067999779320004
308	5046272	10	4.0	4.898979485566356	10.0	0.0	10	3.0	4.58257569495584	10.0	0.0	-0.0036108185179301567	-2.499795108773189	0.12812425210358222	12.298249969254375	13.832999861670002
312	5111808	10	3.0	4.58257569495584	10.0	0.0	10	2.0	4.0	10.0	0.0	-0.0037437921318128676	-2.520342583195093	0.09939763519343227	11.571749971070627	14.873999851260002
316	5177344	10	3.0	4.58257569495584	10.0	0.0	10	3.0	4.58257569495584	10.0	0.0	-0.003484714031341555	-2.5186031433303206	0.08921671349324405	12.659749968350626	14.809999851900002
320	5242880	10	4.0	4.898979485566356	10.0	0.0	10	6.0	4.898979485566356	10.0	0.0	-0.003887750545092233	-2.5165864822627273	0.09438174170390104	11.390249971524375	18.223999817760003
324	5308416	10	4.0	4.898979485566356	10.0	0.0	10	4.0	4.898979485566356	10.0	0.0	-0.0038259301481003965	-2.5288855778523556	0.13017912285288147	11.2729999718175	18.855999811440004
328	5373952	10	1.0	3.0	10.0	0.0	10	4.0	4.898979485566356	10.0	0.0	-0.004095042388323828	-2.5251009411963063	0.1451768504770121	11.93449997016375	13.614999863850002
332	5439488	10	3.0	4.58257569495584	10.0	0.0	10	3.0	4.58257569495584	10.0	0.0	-0.0028021995503990094	-2.5505478106265818	0.06303747609804015	12.824249967939375	11.145999888540002
336	5505024	10	4.0	4.898979485566356	10.0	0.0	10	4.0	4.898979485566356	10.0	0.0	-0.0028731242367372035	-2.5117194625105728	0.10442966410850149	10.953249972616875	22.468999775310003
340	5570560	10	5.0	5.0	10.0	0.0	10	5.0	5.0	10.0	0.0	-0.004106371199847084	-2.505553448932641	0.13902409551769224	11.485749971285625	19.632999803670003
344	5636096	10	4.0	4.898979485566356	10.0	0.0	10	4.0	4.898979485566356	10.0	0.0	-0.003657662687675	-2.512347419794958	0.1061571377296558	12.145999969635001	9.036999909630003
348	5701632	10	3.0	4.58257569495584	10.0	0.0	10	3.0	4.58257569495584	10.0	0.0	-0.003212647805684095	-2.4646735213613113	0.09767610732961922	11.211249971971874	8.767999912320002
352	5767168	10	3.0	4.58257569495584	10.0	0.0	10	9.0	3.0	10.0	0.0	-0.00386800687758628	-2.452204510314134	0.14001026554126922	12.221499969446251	5.80799994192
356	5832704	10	2.0	4.0	10.0	0.0	10	2.0	4.0	10.0	0.0	-0.0043008169870282316	-2.4881333830347656	0.10728803411715977	13.159499967101251	10.297999897020002
360	5898240	10	5.0	5.0	10.0	0.0	10	2.0	4.0	10.0	0.0	-0.00400630728188342	-2.4498423186372866	0.12636940525304446	12.66849996832875	10.60699989393
364	5963776	10	3.0	4.58257569495584	10.0	0.0	10	5.0	5.0	10.0	0.0	-0.0036575130673079568	-2.4799135374426466	0.13859083323537577	12.403249968991876	7.441999925580001
368	6029312	10	7.0	4.58257569495584	10.0	0.0	10	5.0	5.0	10.0	0.0	-0.002434376314087044	-2.503695549803444	0.07476772933244925	13.210749966973124	15.529999844700002
372	6094848	10	6.0	4.898979485566356	10.0	0.0	10	4.0	4.898979485566356	10.0	0.0	-0.0032418884241409295	-2.513366825616811	0.12027973867670036	11.603249970991875	20.363999796360005
376	6160384	10	6.0	4.898979485566356	10.0	0.0	10	4.0	4.898979485566356	10.0	0.0	-0.004075482596393362	-2.4916885691272492	0.06362008921682606	11.411249971471873	15.539999844600002
380	6225920	10	5.0	5.0	10.0	0.0	10	5.0	5.0	10.0	0.0	-0.0032752197339125035	-2.480904814839222	0.09467077582166025	10.839499972901251	13.15199986848
384	6291456	10	4.0	4.898979485566356	10.0	0.0	10	2.0	4.0	10.0	0.0	-0.0022640747287435772	-2.4802880483268925	0.07856340801572691	12.768749968078124	15.485999845140004
388	6356992	10	7.0	4.58257569495584	10.0	0.0	10	6.0	4.898979485566356	10.0	0.0	-0.0031121071415117474	-2.485409746308511	0.08337098112780766	13.390999966522502	8.567999914320001
392	6422528	10	4.0	4.898979485566356	10.0	0.0	10	4.0	4.898979485566356	10.0	0.0	-0.0032656842737432933	-2.4671560026618837	0.03922783581053755	11.722749970693126	16.738999832610002
396	6488064	10	5.0	5.0	10.0	0.0	10	4.0	4.898979485566356	10.0	0.0	-0.004071802775979734	-2.4212185315749215	0.09488132401002046	11.579249971051878	10.989999890100002
400	6553600	10	6.0	4.898979485566356	10.0	0.0	10	6.0	4.898979485566356	10.0	0.0	-0.0031678719918125735	-2.4001931744300538	0.13377611896492297	12.514249968714374	7.6079999239200005
404	6619136	10	6.0	4.898979485566356	10.0	0.0	10	4.0	4.898979485566356	10.0	0.0	-0.0034657237819705144	-2.4597423843960735	0.13539841342859213	13.17349996706625	12.175999878240003
408	6684672	10	4.0	4.898979485566356	10.0	0.0	10	7.0	4.58257569495584	10.0	0.0	-0.00261493501939231	-2.4849092386558036	0.07961407311711954	13.435749966410627	9.624999903750002
412	6750208	10	3.0	4.58257569495584	10.0	0.0	10	1.0	3.0	10.0	0.0	-0.0027870355258353754	-2.423804672803328	0.12757961543810595	12.05449996986375	7.272999927270001
416	6815744	10	4.0	4.898979485566356	10.0	0.0	10	4.0	4.898979485566356	10.0	0.0	-0.004455406550571792	-2.449331111950843	0.14750878588933009	11.849999970375002	7.1419999285800015
420	6881280	10	8.0	4.0	10.0	0.0	10	5.0	5.0	10.0	0.0	-0.0034276702447405905	-2.4475971656474975	0.15787934366676473	12.168499969578752	9.974999900250001
424	6946816	10	4.0	4.898979485566356	10.0	0.0	10	7.0	4.58257569495584	10.0	0.0	-0.0038754945134218933	-2.4377305927320174	0.11056812405210592	12.08849996977875	7.208999927910001
428	7012352	10	5.0	5.0	10.0	0.0	10	4.0	4.898979485566356	10.0	0.0	-0.002922438817221172	-2.467687802753095	0.12895166624235951	11.781499970546252	10.116999898830002
432	7077888	10	4.0	4.898979485566356	10.0	0.0	10	7.0	4.58257569495584	10.0	0.0	-0.003455122811165841	-2.4683856539340523	0.1558898381027989	12.5889999685275	16.572999834270004
436	7143424	10	6.0	4.898979485566356	10.0	0.0	10	5.0	5.0	10.0	0.0	-0.004214040629010337	-2.4917247044431403	0.11372730658601951	11.798499970503752	12.185999878140002
440	7208960	10	4.0	4.898979485566356	10.0	0.0	10	4.0	4.898979485566356	10.0	0.0	-0.0038340457390958153	-2.498009050625627	0.13515819627159847	11.766499970583752	11.792999882070001
444	7274496	10	4.0	4.898979485566356	10.0	0.0	10	5.0	5.0	10.0	0.0	-0.004125065631822095	-2.4734603735214855	0.2117077539221578	11.962249970094376	11.744999882550001
448	7340032	10	4.0	4.898979485566356	10.0	0.0	10	3.0	4.58257569495584	10.0	0.0	-0.0035068938276996775	-2.5013647275544333	0.10108951675564515	10.891249972771874	11.669999883300001
452	7405568	10	5.0	5.0	10.0	0.0	10	4.0	4.898979485566356	10.0	0.0	-0.0035923172735437183	-2.526976282134679	0.07998545459259342	13.078749967303125	10.364999896350001
456	7471104	10	6.0	4.898979485566356	10.0	0.0	10	6.0	4.898979485566356	10.0	0.0	-0.002711530487148995	-2.551506496700103	0.0760954958695504	13.286999966782501	17.851999821480003
460	7536640	10	6.0	4.898979485566356	10.0	0.0	10	4.0	4.898979485566356	10.0	0.0	-0.0034112469435142894	-2.571687551568288	0.07127112609290374	11.233499971916249	22.597999774020003
464	7602176	10	3.0	4.58257569495584	10.0	0.0	10	4.0	4.898979485566356	10.0	0.0	-0.001960070398529001	-2.596048302678053	0.045137110059686465	12.05849996985375	19.565999804340002
468	7667712	10	6.0	4.898979485566356	10.0	0.0	10	2.0	4.0	10.0	0.0	-0.002671172218798102	-2.563944091132433	0.04508110888143172	13.354499966613751	18.380999816190002
472	7733248	10	5.0	5.0	10.0	0.0	10	8.0	4.0	10.0	0.0	-0.003941266360514961	-2.5692208307292037	0.09062527695910266	11.569249971076875	17.30099982699
476	7798784	10	4.0	4.898979485566356	10.0	0.0	10	0.0	0.0	0.0	0.0	-0.0029916797645067666	-2.5557922345717805	0.08091790845240418	11.672749970818124	18.18499981815
480	7864320	10	3.0	4.58257569495584	10.0	0.0	10	5.0	5.0	10.0	0.0	-0.0035861044885580435	-2.5776431806183995	0.018610886220996492	12.182249969544374	20.948999790510005
484	7929856	10	5.0	5.0	10.0	0.0	10	3.0	4.58257569495584	10.0	0.0	-0.0024901296392710105	-2.5729488603574104	0.03211089715628586	12.044749969888127	23.563999764360005
488	7995392	10	5.0	5.0	10.0	0.0	10	2.0	4.0	10.0	0.0	-0.0025868840054533554	-2.5761487953164885	0.04459283867032294	12.504999968737499	21.14099978859
492	8060928	10	6.0	4.898979485566356	10.0	0.0	10	6.0	4.898979485566356	10.0	0.0	-0.0033946619365553495	-2.591594879555952	0.031585912051968125	11.885999970284999	23.897999761020003
496	8126464	10	5.0	5.0	10.0	0.0	10	5.0	5.0	10.0	0.0	-0.0031004246893446487	-2.5818905951870175	0.060981742711206245	12.048249969879375	20.21399979786
500	8192000	10	5.0	5.0	10.0	0.0	10	5.0	5.0	10.0	0.0	-0.002924280066204187	-2.593214407293083	0.06702323080661729	12.516749968708128	20.069999799300003
504	8257536	10	6.0	4.898979485566356	10.0	0.0	10	0.0	0.0	0.0	0.0	-0.003023133949367323	-2.5874190203633796	0.05082451186612671	12.23349996941625	21.902999780970003
508	8323072	10	4.0	4.898979485566356	10.0	0.0	10	6.0	4.898979485566356	10.0	0.0	-0.002141652196849504	-2.545175594322998	0.0564809171133048	12.133249969666876	9.639999903600001
512	8388608	10	7.0	4.58257569495584	10.0	0.0	10	4.0	4.898979485566356	10.0	0.0	-0.0023999275578945618	-2.5571378466803476	0.036249087663704785	12.367749969080625	17.720999822790002
516	8454144	10	7.0	4.58257569495584	10.0	0.0	10	4.0	4.898979485566356	10.0	0.0	-0.001954889933685476	-2.5242009706649364	0.04180052502537893	12.765249968086875	14.310999856890001
520	8519680	10	2.0	4.0	10.0	0.0	10	3.0	4.58257569495584	10.0	0.0	-0.003233802697313535	-2.5130572217071916	0.07642041659156716	12.826249967934375	15.690999843090003
524	8585216	10	5.0	5.0	10.0	0.0	10	7.0	4.58257569495584	10.0	0.0	-0.002533380456082504	-2.5697009908463033	0.04639365575472137	12.426999968932499	15.845999841540003
528	8650752	10	4.0	4.898979485566356	10.0	0.0	10	6.0	4.898979485566356	10.0	0.0	-0.003279888463679841	-2.5660733329563614	0.03462150108562253	12.497249968756874	22.516999774830005
532	8716288	10	7.0	4.58257569495584	10.0	0.0	10	3.0	4.58257569495584	10.0	0.0	-0.0022140413273031485	-2.5684609708494714	0.02756464068762363	11.426749971433127	16.43899983561
536	8781824	10	7.0	4.58257569495584	10.0	0.0	10	3.0	4.58257569495584	10.0	0.0	-0.0036204328203760655	-2.5683716657069193	0.032311984695873035	12.162249969594374	18.758999812410003
540	8847360	10	4.0	4.898979485566356	10.0	0.0	10	6.0	4.898979485566356	10.0	0.0	-0.002999006973965621	-2.5475812924234735	0.047950459384545056	11.798249970504374	14.817999851820002
544	8912896	10	7.0	4.58257569495584	10.0	0.0	10	3.0	4.58257569495584	10.0	0.0	-0.0034239728650159217	-2.504930841165124	0.030522533383649877	11.864999970337498	16.500999834990004
548	8978432	10	5.0	5.0	10.0	0.0	10	3.0	4.58257569495584	10.0	0.0	-0.0028313793855059416	-2.4747934115335335	0.08843839565379699	12.818749967953124	7.507999924920001
552	9043968	10	4.0	4.898979485566356	10.0	0.0	10	5.0	5.0	10.0	0.0	-0.0028181871309036306	-2.509807993706889	0.05317573183302524	11.899249970251875	12.190999878090002
556	9109504	10	5.0	5.0	10.0	0.0	10	7.0	4.58257569495584	10.0	0.0	-0.004465274032089456	-2.5437068464689183	0.06090999282698597	12.39199996902	5.953999940460001
560	9175040	10	3.0	4.58257569495584	10.0	0.0	10	2.0	4.0	10.0	0.0	-0.002602329807240144	-2.5100650908915205	0.03203206512656041	12.64249996839375	11.874999881250002
564	9240576	10	6.0	4.898979485566356	10.0	0.0	10	4.0	4.898979485566356	10.0	0.0	-0.002395077661633288	-2.4908277464298583	0.037761490994254694	12.587749968530625	7.687999923120001
568	9306112	10	3.0	4.58257569495584	10.0	0.0	10	3.0	4.58257569495584	10.0	0.0	-0.0036366015455467494	-2.4886284418295306	0.021257975679780976	12.193999969515	20.07499979925
572	9371648	10	4.0	4.898979485566356	10.0	0.0	10	4.0	4.898979485566356	10.0	0.0	-0.0028806099262541555	-2.5122377248968406	0.014924548518705694	11.960249970099376	12.624999873750003
576	9437184	10	5.0	5.0	10.0	0.0	10	4.0	4.898979485566356	10.0	0.0	-0.0039507758346015555	-2.5263586091350434	0.014607893824171322	11.36349997159125	17.986999820130002
580	9502720	10	2.0	4.0	10.0	0.0	10	5.0	5.0	10.0	0.0	-0.0038827345071894954	-2.5200487074611124	0.02848902168086207	11.601249970996875	17.209999827900003
584	9568256	10	5.0	5.0	10.0	0.0	10	7.0	4.58257569495584	10.0	0.0	-0.002657194699194404	-2.550070300432648	0.02415341548709601	12.810749967973125	8.584999914150002
588	9633792	10	3.0	4.58257569495584	10.0	0.0	10	3.0	4.58257569495584	10.0	0.0	-0.003044124765120931	-2.5629811532609184	0.07564575208319739	11.815249970461874	25.200999747990004
592	9699328	10	6.0	4.898979485566356	10.0	0.0	10	3.0	4.58257569495584	10.0	0.0	-0.0032539652162334415	-2.525322019790809	0.08233486281936771	11.286749971783127	8.299999917000003
596	9764864	10	4.0	4.898979485566356	10.0	0.0	10	3.0	4.58257569495584	10.0	0.0	-0.0030116253907681956	-2.5082188395033223	0.10380380466702059	11.94799997013	9.33399990666
600	9830400	10	5.0	5.0	10.0	0.0	10	4.0	4.898979485566356	10.0	0.0	-0.0036572879249262055	-2.4703411084820486	0.10563846278688982	13.271249966821875	11.001999889980002
604	9895936	10	5.0	5.0	10.0	0.0	10	5.0	5.0	10.0	0.0	-0.004397678656608141	-2.4959431610885074	0.12173486951789897	10.100249974749374	10.859999891400001
608	9961472	10	4.0	4.898979485566356	10.0	0.0	10	4.0	4.898979485566356	10.0	0.0	-0.003887614981875299	-2.4773736444515273	0.1171826465942214	12.777749968055627	4.986999950130001
612	10027008	10	6.0	4.898979485566356	10.0	0.0	10	2.0	4.0	10.0	0.0	-0.0038995262119776368	-2.5059444280835317	0.10260777641959194	12.8209999679475	9.40199990598
616	10092544	10	1.0	3.0	10.0	0.0	10	3.0	4.58257569495584	10.0	0.0	-0.0034831046016440613	-2.485147386530452	0.08933127246603847	11.709499970726249	9.991999900080003
620	10158080	10	7.0	4.58257569495584	10.0	0.0	10	2.0	4.0	10.0	0.0	-0.0034120782677526883	-2.4752103509907477	0.09657421175471043	12.128249969679377	8.637999913620002
624	10223616	10	6.0	4.898979485566356	10.0	0.0	10	5.0	5.0	10.0	0.0	-0.0037705553764391412	-2.536048409575299	0.11342877918681737	12.861999967844998	8.80099991199
628	10289152	10	4.0	4.898979485566356	10.0	0.0	10	5.0	5.0	10.0	0.0	-0.003079343087223589	-2.517520102099596	0.09479815931003262	11.470249971324375	16.488999835110004
632	10354688	10	5.0	5.0	10.0	0.0	10	7.0	4.58257569495584	10.0	0.0	-0.004111515478928077	-2.528060734008663	0.06682704611528557	11.641749970895626	8.167999918320001
636	10420224	10	6.0	4.898979485566356	10.0	0.0	10	4.0	4.898979485566356	10.0	0.0	-0.0030227873791352907	-2.5188826642790194	0.0662881709022936	12.116249969709376	8.273999917260001
640	10485760	10	5.0	5.0	10.0	0.0	10	4.0	4.898979485566356	10.0	0.0	-0.0034531911147537334	-2.518854645128924	0.0813439579712244	12.509999968724998	12.054999879450001
644	10551296	10	4.0	4.898979485566356	10.0	0.0	10	7.0	4.58257569495584	10.0	0.0	-0.003531953900403226	-2.515321403479824	0.055155638415286576	11.738249970654376	8.545999914540001
648	10616832	10	4.0	4.898979485566356	10.0	0.0	10	4.0	4.898979485566356	10.0	0.0	-0.004285591367845422	-2.518145781989846	0.039807853934787425	11.85849997035375	18.122999818770005
652	10682368	10	8.0	4.0	10.0	0.0	10	4.0	4.898979485566356	10.0	0.0	-0.004260186908303455	-2.5260307860723397	0.06390614435381152	12.825249967936873	11.639999883600002
656	10747904	10	4.0	4.898979485566356	10.0	0.0	10	6.0	4.898979485566356	10.0	0.0	-0.003497240293290317	-2.524607089395598	0.04592188387330114	11.7269999706825	16.275999837240004
660	10813440	10	5.0	5.0	10.0	0.0	10	3.0	4.58257569495584	10.0	0.0	-0.002798916162961268	-2.550572015079412	0.04210499803640318	11.208249971979376	17.914999820850003
664	10878976	10	3.0	4.58257569495584	10.0	0.0	10	5.0	5.0	10.0	0.0	-0.004240738146273511	-2.5417540840640442	0.009101322186589583	11.56399997109	10.725999892740003
668	10944512	10	5.0	5.0	10.0	0.0	10	2.0	4.0	10.0	0.0	-0.0033316959109334484	-2.5210729213909766	0.05634513196996217	12.230749969423126	13.855999861440003
672	11010048	10	3.0	4.58257569495584	10.0	0.0	10	6.0	4.898979485566356	10.0	0.0	-0.0035388693185523313	-2.5088740013409905	0.07961632906173206	12.160249969599377	9.012999909870002
676	11075584	10	4.0	4.898979485566356	10.0	0.0	10	3.0	4.58257569495584	10.0	0.0	-0.003012745223703201	-2.499423826473868	0.12795945352628327	11.831249970421874	8.05799991942
680	11141120	10	3.0	4.58257569495584	10.0	0.0	10	3.0	4.58257569495584	10.0	0.0	-0.0032343932394992923	-2.4965375137708774	0.090705215106583	13.3129999667175	10.946999890530002
684	11206656	10	6.0	4.898979485566356	10.0	0.0	10	5.0	5.0	10.0	0.0	-0.0027493907931346	-2.502943098284351	0.07015621839427527	12.300499969248749	8.738999912610002
688	11272192	10	7.0	4.58257569495584	10.0	0.0	10	3.0	4.58257569495584	10.0	0.0	-0.0028399850267985397	-2.496500916518989	0.050663179678726085	11.2749999718125	15.565999844340004
692	11337728	10	4.0	4.898979485566356	10.0	0.0	10	3.0	4.58257569495584	10.0	0.0	-0.0033782974565957145	-2.528572521840393	0.015969898708897375	12.45049996887375	12.629999873700003
696	11403264	10	3.0	4.58257569495584	10.0	0.0	10	5.0	5.0	10.0	0.0	-0.0031949253385701714	-2.550264638893391	0.06386604478577154	12.345249969136875	16.239999837600003
700	11468800	10	4.0	4.898979485566356	10.0	0.0	10	1.0	3.0	10.0	0.0	-0.0021419813417693817	-2.509527762469507	0.06193815658320036	12.165249969586874	12.592999874070003
704	11534336	10	3.0	4.58257569495584	10.0	0.0	10	6.0	4.898979485566356	10.0	0.0	-0.0033477983691075084	-2.525295043721997	0.05055593538861682	12.219249969451875	7.138999928610001
708	11599872	10	4.0	4.898979485566356	10.0	0.0	10	6.0	4.898979485566356	10.0	0.0	-0.0025212692050547345	-2.504659346975254	0.0740333685457888	11.184749972038126	25.086999749130005
712	11665408	10	7.0	4.58257569495584	10.0	0.0	10	5.0	5.0	10.0	0.0	-0.0017062552771111874	-2.523003170624816	0.044789325683756785	12.37949996905125	8.333999916660002
716	11730944	10	2.0	4.0	10.0	0.0	10	3.0	4.58257569495584	10.0	0.0	-0.002121726358767464	-2.5623250526500945	0.06489929617288628	12.525749968685624	16.379999836200003
720	11796480	10	4.0	4.898979485566356	10.0	0.0	10	4.0	4.898979485566356	10.0	0.0	-0.002686284283323099	-2.571781813830464	0.11296931544383794	11.842249970394375	13.575999864240003
724	11862016	10	5.0	5.0	10.0	0.0	10	4.0	4.898979485566356	10.0	0.0	-0.002610230214214465	-2.556908425919104	0.036070248651596665	11.505999971235001	17.510999824890003
728	11927552	10	4.0	4.898979485566356	10.0	0.0	10	6.0	4.898979485566356	10.0	0.0	-0.0026667850904182762	-2.5856936024912893	0.046343010447670974	11.534249971164375	20.485999795140003
732	11993088	10	4.0	4.898979485566356	10.0	0.0	10	8.0	4.0	10.0	0.0	-0.003648849097088491	-2.5762676569122656	0.03956817881359544	12.509249968726873	12.546999874530002
736	12058624	10	3.0	4.58257569495584	10.0	0.0	10	6.0	4.898979485566356	10.0	0.0	-0.0037381933600395515	-2.5883297495331306	0.05270648474770198	12.8969999677575	17.24599982754
740	12124160	10	3.0	4.58257569495584	10.0	0.0	10	4.0	4.898979485566356	10.0	0.0	-0.0029917918142540133	-2.5951658310769767	0.04241791430632332	12.377249969056875	23.520999764790005
744	12189696	10	6.0	4.898979485566356	10.0	0.0	10	4.0	4.898979485566356	10.0	0.0	-0.0025022354115026967	-2.5946916090726124	0.050569671055389454	11.4669999713325	13.585999864140003
748	12255232	10	5.0	5.0	10.0	0.0	10	4.0	4.898979485566356	10.0	0.0	-0.0034308369403701277	-2.5810681628479113	0.04169065722625576	11.16149997209625	17.87399982126
752	12320768	10	2.0	4.0	10.0	0.0	10	5.0	5.0	10.0	0.0	-0.0035425236221826094	-2.5669210053789997	0.09785307477140362	11.976499970058752	8.466999915330002
756	12386304	10	4.0	4.898979485566356	10.0	0.0	10	6.0	4.898979485566356	10.0	0.0	-0.0025079353724438624	-2.5699111369555445	0.07010615845256679	12.90849996772875	18.171999818280003
760	12451840	10	4.0	4.898979485566356	10.0	0.0	10	5.0	5.0	10.0	0.0	-0.003354137544752886	-2.5401758002575665	0.13528435074401587	11.220749971948123	10.683999893160001
764	12517376	10	6.0	4.898979485566356	10.0	0.0	10	6.0	4.898979485566356	10.0	0.0	-0.0030923250254204456	-2.5403925997352803	0.0951582676011045	11.15949997210125	13.873999861260003
768	12582912	10	4.0	4.898979485566356	10.0	0.0	10	4.0	4.898979485566356	10.0	0.0	-0.0036927807010006804	-2.5344647439661045	0.09563414320750488	12.183499969541248	10.046999899530002
772	12648448	10	6.0	4.898979485566356	10.0	0.0	10	6.0	4.898979485566356	10.0	0.0	-0.003668780879627901	-2.464270512006285	0.07166664182276858	11.859749970350627	8.668999913310001
776	12713984	10	4.0	4.898979485566356	10.0	0.0	10	7.0	4.58257569495584	10.0	0.0	-0.0035930660684138976	-2.4888064237823384	0.030850711893860162	11.83849997040375	14.234999857650001
780	12779520	10	4.0	4.898979485566356	10.0	0.0	10	3.0	4.58257569495584	10.0	0.0	-0.0030724055174215295	-2.5027320407207503	0.060971902851649	12.924249967689375	11.688999883110002
784	12845056	10	4.0	4.898979485566356	10.0	0.0	10	4.0	4.898979485566356	10.0	0.0	-0.003210491796349404	-2.530044597620473	0.07844463496350321	11.670249970824374	16.307999836920004
788	12910592	10	5.0	5.0	10.0	0.0	10	3.0	4.58257569495584	10.0	0.0	-0.003111723426909769	-2.520132531459873	0.05531451275752687	12.584999968537499	8.71299991287
792	12976128	10	8.0	4.0	10.0	0.0	10	7.0	4.58257569495584	10.0	0.0	-0.0035061870290505133	-2.533268592987823	0.1332737469596418	11.935749970160625	6.1099999389000015
796	13041664	10	6.0	4.898979485566356	10.0	0.0	10	6.0	4.898979485566356	10.0	0.0	-0.00395139620093757	-2.5322422457083813	0.11104211307060607	13.15249996711875	5.106999948930001
800	13107200	10	4.0	4.898979485566356	10.0	0.0	10	5.0	5.0	10.0	0.0	-0.0036396832422267876	-2.5285757976123286	0.08684657804228958	11.476249971309375	7.9949999200500015
804	13172736	10	6.0	4.898979485566356	10.0	0.0	10	4.0	4.898979485566356	10.0	0.0	-0.0025382119926773993	-2.53148015065447	0.08655029788565466	12.560249968599376	5.755999942440001
808	13238272	10	5.0	5.0	10.0	0.0	10	2.0	4.0	10.0	0.0	-0.003799672671052407	-2.540824912223791	0.04800980225976186	13.248749966878126	9.867999901320001
812	13303808	10	3.0	4.58257569495584	10.0	0.0	10	4.0	4.898979485566356	10.0	0.0	-0.0012112424130415152	-2.557964729499596	0.030958838626660694	13.61549996596125	11.017999889820002
816	13369344	10	5.0	5.0	10.0	0.0	10	5.0	5.0	10.0	0.0	-0.004816636584517563	-2.5669485899118936	0.007459297462579041	11.493749971265624	12.262999877370001
820	13434880	10	6.0	4.898979485566356	10.0	0.0	10	6.0	4.898979485566356	10.0	0.0	-0.004554146589857799	-2.5501896363820564	0.021253536313663467	12.84549996788625	15.594999844050003
824	13500416	10	6.0	4.898979485566356	10.0	0.0	10	4.0	4.898979485566356	10.0	0.0	-0.002758626459596945	-2.575187931189906	0.024418428306068225	12.448749968878126	16.124999838750004
828	13565952	10	3.0	4.58257569495584	10.0	0.0	10	5.0	5.0	10.0	0.0	-0.003992405115734746	-2.603159844604173	0.018705287023468343	12.720249968199376	20.279999797200006
832	13631488	10	6.0	4.898979485566356	10.0	0.0	10	3.0	4.58257569495584	10.0	0.0	-0.0045484977049264205	-2.5764719567992658	0.00801931424249675	12.103749969740626	24.498999755010004
836	13697024	10	4.0	4.898979485566356	10.0	0.0	10	6.0	4.898979485566356	10.0	0.0	-0.004001547329797503	-2.592408818233178	0.026827735871478596	11.551749971120623	26.52799973472
840	13762560	10	2.0	4.0	10.0	0.0	10	3.0	4.58257569495584	10.0	0.0	-0.002077078613876535	-2.5931378327092425	0.04538891083102634	11.507249971231877	22.136999778630003
844	13828096	10	6.0	4.898979485566356	10.0	0.0	10	7.0	4.58257569495584	10.0	0.0	-0.0024177337179235934	-2.604315067059713	0.05720007520126158	12.613499968466249	9.854999901450002
848	13893632	10	8.0	4.0	10.0	0.0	10	5.0	5.0	10.0	0.0	-0.002832413466429834	-2.553709648283545	0.050661465637735346	12.430749968923125	6.142999938570001
852	13959168	10	7.0	4.58257569495584	10.0	0.0	10	5.0	5.0	10.0	0.0	-0.002320325072166798	-2.5719155045651543	0.04688022695090454	12.855749967860623	12.764999872350003
856	14024704	10	5.0	5.0	10.0	0.0	10	3.0	4.58257569495584	10.0	0.0	-0.0026484316498347972	-2.549122050139015	0.06612505485138766	11.782249970544374	10.073999899260002
860	14090240	10	7.0	4.58257569495584	10.0	0.0	10	2.0	4.0	10.0	0.0	-0.003395077000833365	-2.5479404575952183	0.10080327007179955	11.25649997185875	12.408999875910002
864	14155776	10	6.0	4.898979485566356	10.0	0.0	10	6.0	4.898979485566356	10.0	0.0	-0.003311326266115501	-2.556450418861644	0.0566135239437389	12.65999996835	8.21899991781
868	14221312	10	4.0	4.898979485566356	10.0	0.0	10	5.0	5.0	10.0	0.0	-0.003701371732170391	-2.521174147462483	0.0536570291750236	12.583249968541875	8.893999911060002
872	14286848	10	6.0	4.898979485566356	10.0	0.0	10	5.0	5.0	10.0	0.0	-0.0009766513999737148	-2.496740877368249	0.04567217543090226	11.480249971299374	4.963999950360002
876	14352384	10	5.0	5.0	10.0	0.0	10	9.0	3.0	10.0	0.0	-0.0036466049613551863	-2.5119362073506952	0.040949763313598474	12.79949996800125	7.1819999281800015
880	14417920	10	5.0	5.0	10.0	0.0	10	5.0	5.0	10.0	0.0	-0.0028696493315431616	-2.5178303318579855	0.0749377489865618	13.3709999665725	6.891999931080002
884	14483456	10	3.0	4.58257569495584	10.0	0.0	10	4.0	4.898979485566356	10.0	0.0	-0.0033782126941148375	-2.5007699104525396	0.12800380462068103	10.838249972904375	20.219999797800003
888	14548992	10	4.0	4.898979485566356	10.0	0.0	10	5.0	5.0	10.0	0.0	-0.003776611970868048	-2.4951899843795697	0.08891678503564386	11.067249972331876	20.778999792210005
892	14614528	10	5.0	5.0	10.0	0.0	10	6.0	4.898979485566356	10.0	0.0	-0.0033647498029931375	-2.5137287226681075	0.1034679137217756	12.032749969918125	12.617999873820002
896	14680064	10	2.0	4.0	10.0	0.0	10	4.0	4.898979485566356	10.0	0.0	-0.0032609335342323755	-2.526531082625264	0.0843302556322743	11.742749970643127	7.1339999286600015
900	14745600	10	8.0	4.0	10.0	0.0	10	6.0	4.898979485566356	10.0	0.0	-0.0037253745585136646	-2.5296537774153016	0.03667907445784815	13.107749967230626	6.914999930850001
904	14811136	10	6.0	4.898979485566356	10.0	0.0	10	6.0	4.898979485566356	10.0	0.0	-0.003248238746553371	-2.5253273916594186	0.04945810763426268	12.615249968461875	2.2059999779400004
908	14876672	10	2.0	4.0	10.0	0.0	10	4.0	4.898979485566356	10.0	0.0	-0.0029279305087262916	-2.4950680109246304	0.05584214974466788	11.42849997142875	17.88599982114
912	14942208	10	5.0	5.0	10.0	0.0	10	5.0	5.0	10.0	0.0	-0.0030520941784899173	-2.5024659755206082	0.02723632009493839	13.328749966678124	4.744999952550001
916	15007744	10	3.0	4.58257569495584	10.0	0.0	10	5.0	5.0	10.0	0.0	-0.003186018234951095	-2.4479281825257497	0.032772111746677664	12.761999968095001	9.083999909160001
920	15073280	10	3.0	4.58257569495584	10.0	0.0	10	7.0	4.58257569495584	10.0	0.0	-0.003235019763720767	-2.4844952521120325	0.03970422369771093	11.875499970311251	7.323999926760001
924	15138816	10	6.0	4.898979485566356	10.0	0.0	10	4.0	4.898979485566356	10.0	0.0	-0.0032557668379259745	-2.4915203846879255	0.05651588494844002	12.459749968850625	9.660999903390001
928	15204352	10	4.0	4.898979485566356	10.0	0.0	10	2.0	4.0	10.0	0.0	-0.004813291553954261	-2.5021625903622597	0.033676874814296966	13.001249967496875	9.40799990592
932	15269888	10	7.0	4.58257569495584	10.0	0.0	10	5.0	5.0	10.0	0.0	-0.002536779308116932	-2.509628601110822	0.0862861213543366	11.29999997175	14.902999850970003
936	15335424	10	5.0	5.0	10.0	0.0	10	6.0	4.898979485566356	10.0	0.0	-0.0030160660968745674	-2.4772135935626878	0.06143835825875004	11.702249970744376	14.466999855330004
940	15400960	10	3.0	4.58257569495584	10.0	0.0	10	8.0	4.0	10.0	0.0	-0.003765248356014208	-2.490753859022086	0.03414120546351392	11.081499972296251	8.550999914490001
944	15466496	10	3.0	4.58257569495584	10.0	0.0	10	9.0	3.0	10.0	0.0	-0.002959928962501173	-2.4876203683407643	0.01953725278304987	11.9629999700925	9.106999908930002
948	15532032	10	3.0	4.58257569495584	10.0	0.0	10	7.0	4.58257569495584	10.0	0.0	-0.0036083958593008487	-2.5056193219992187	0.04690164475683702	12.046249969884375	4.0299999597000005
952	15597568	10	4.0	4.898979485566356	10.0	0.0	10	4.0	4.898979485566356	10.0	0.0	-0.00320472698479803	-2.4898084424326066	0.06480427395148987	11.778249970554375	6.169999938300001
956	15663104	10	6.0	4.898979485566356	10.0	0.0	10	4.0	4.898979485566356	10.0	0.0	-0.004301188724191319	-2.517105323310755	0.05777003049908379	11.50799997123	13.523999864760002
960	15728640	10	7.0	4.58257569495584	10.0	0.0	10	4.0	4.898979485566356	10.0	0.0	-0.0027824620553304315	-2.5104339716203627	0.01732847404311117	11.5349999711625	5.102999948970001
964	15794176	10	4.0	4.898979485566356	10.0	0.0	10	3.0	4.58257569495584	10.0	0.0	-0.003062295128058941	-2.4316111129969626	0.03301284453866079	12.536749968658125	6.4509999354900005
968	15859712	10	4.0	4.898979485566356	10.0	0.0	10	3.0	4.58257569495584	10.0	0.0	-0.0042671371431224	-2.5116625549759792	0.0037727428664171064	12.57199996857	8.35299991647
972	15925248	10	4.0	4.898979485566356	10.0	0.0	10	3.0	4.58257569495584	10.0	0.0	-0.004192374350338017	-2.4467076234454352	0.014282499118384466	11.485749971285625	7.000999929990002
976	15990784	10	4.0	4.898979485566356	10.0	0.0	10	5.0	5.0	10.0	0.0	-0.0018603859350941323	-2.4423257383146915	0.03187047825881545	12.02399996994	7.514999924850001
980	16056320	10	5.0	5.0	10.0	0.0	10	4.0	4.898979485566356	10.0	0.0	-0.0030255741994431504	-2.511140420771328	0.06699160682697822	13.29599996676	10.041999899580002
984	16121856	10	5.0	5.0	10.0	0.0	10	3.0	4.58257569495584	10.0	0.0	-0.003668411552625773	-2.4912593113767825	0.07913506732584494	11.617249970956873	13.399999866000002
988	16187392	10	5.0	5.0	10.0	0.0	10	5.0	5.0	10.0	0.0	-0.003721403248686127	-2.492267454404301	0.029018876071868115	12.046749969883125	6.803999931960002
992	16252928	10	5.0	5.0	10.0	0.0	10	4.0	4.898979485566356	10.0	0.0	-0.0033218753969348385	-2.4810333050686566	0.05125882883972966	12.673749968315626	7.945999920540001
996	16318464	10	6.0	4.898979485566356	10.0	0.0	10	4.0	4.898979485566356	10.0	0.0	-0.003112490361348608	-2.4708138056009177	0.033949897031663234	11.254499971863753	7.639999923600001
1000	16384000	10	1.0	3.0	10.0	0.0	10	5.0	5.0	10.0	0.0	-0.003912268198793679	-2.4568713528338852	0.03150071755261901	12.653999968365	4.221999957780001
1004	16449536	10	2.0	4.0	10.0	0.0	10	4.0	4.898979485566356	10.0	0.0	-0.0024236007494034787	-2.4935069826628133	0.048584506029421534	13.5109999662225	10.236999897630001
1008	16515072	10	3.0	4.58257569495584	10.0	0.0	10	3.0	4.58257569495584	10.0	0.0	-0.003994251445761494	-2.472978998959749	0.048594620061613567	11.169749972075625	5.028999949710001
1012	16580608	10	5.0	5.0	10.0	0.0	10	5.0	5.0	10.0	0.0	-0.0037157639716567767	-2.4300813672395423	0.0824734097804025	12.256749969358125	3.3839999661600006
1016	16646144	10	5.0	5.0	10.0	0.0	10	3.0	4.58257569495584	10.0	0.0	-0.0029855363970073623	-2.4607652944743332	0.0863050202807383	12.698749968253125	7.680999923190002
1020	16711680	10	6.0	4.898979485566356	10.0	0.0	10	2.0	4.0	10.0	0.0	-0.002004204232832417	-2.4608137232482084	0.052931030042543785	11.072749972318125	7.625999923740001
1024	16777216	10	4.0	4.898979485566356	10.0	0.0	10	3.0	4.58257569495584	10.0	0.0	-0.0041200743770436485	-2.5187073297658507	0.07141095005725928	12.792749968018127	9.063999909360001
1028	16842752	10	5.0	5.0	10.0	0.0	10	5.0	5.0	10.0	0.0	-0.0023491888518015988	-2.5031552684679874	0.08315812102816898	13.107999967229999	6.951999930480001
1032	16908288	10	2.0	4.0	10.0	0.0	10	6.0	4.898979485566356	10.0	0.0	-0.003174395157023441	-2.4883645025283854	0.07689331683334472	11.384249971539376	6.200999937990001
1036	16973824	10	6.0	4.898979485566356	10.0	0.0	10	6.0	4.898979485566356	10.0	0.0	-0.0030986879861712615	-2.4569056056364125	0.08802303606891519	12.75749996810625	18.770999812290004
1040	17039360	10	4.0	4.898979485566356	10.0	0.0	10	4.0	4.898979485566356	10.0	0.0	-0.003568826387216104	-2.481106800079184	0.06766949974576131	11.99449997001375	10.155999898440003
1044	17104896	10	5.0	5.0	10.0	0.0	10	4.0	4.898979485566356	10.0	0.0	-0.004130591601576191	-2.47236148738936	0.052279293623856256	12.63049996842375	7.488999925110001
1048	17170432	10	6.0	4.898979485566356	10.0	0.0	10	3.0	4.58257569495584	10.0	0.0	-0.0028084316118217214	-2.490076514322456	0.02896516003664378	12.03849996990375	20.631999793680006
1052	17235968	10	4.0	4.898979485566356	10.0	0.0	10	4.0	4.898979485566356	10.0	0.0	-0.003908868088018584	-2.5236161224398805	0.021034776783918307	11.837249970406877	21.787999782120004
1056	17301504	10	6.0	4.898979485566356	10.0	0.0	10	3.0	4.58257569495584	10.0	0.0	-0.003135965697742143	-2.5476135236351323	0.05195623770552264	11.837249970406875	10.957999890420002
1060	17367040	10	7.0	4.58257569495584	10.0	0.0	10	6.0	4.898979485566356	10.0	0.0	-0.0032116740157703064	-2.536464673513206	0.02269618108287785	13.0789999673025	10.094999899050002
1064	17432576	10	4.0	4.898979485566356	10.0	0.0	10	6.0	4.898979485566356	10.0	0.0	-0.004289270595268504	-2.5220571480547815	0.053691019110541645	11.8009999704975	10.685999893140002
1068	17498112	10	5.0	5.0	10.0	0.0	10	5.0	5.0	10.0	0.0	-0.0025133013329761028	-2.4711078129618222	0.060011152676264314	11.428249971429375	8.703999912960002
1072	17563648	10	2.0	4.0	10.0	0.0	10	4.0	4.898979485566356	10.0	0.0	-0.003144741530959277	-2.4267387362773594	0.1138170839867273	12.178249969554376	3.5759999642400007
1076	17629184	10	6.0	4.898979485566356	10.0	0.0	10	5.0	5.0	10.0	0.0	-0.0030676095942138324	-2.4252839185254675	0.06200410369234776	12.491499968771251	1.8399999816000003
1080	17694720	10	4.0	4.898979485566356	10.0	0.0	10	4.0	4.898979485566356	10.0	0.0	-0.004475602549810657	-2.416661436107352	0.0267886926627384	11.999749970000623	7.185999928140001
1084	17760256	10	3.0	4.58257569495584	10.0	0.0	10	3.0	4.58257569495584	10.0	0.0	-0.002556587102275311	-2.412308208393108	0.08132668594409441	12.294249969264374	6.529999934700001
1088	17825792	10	2.0	4.0	10.0	0.0	10	4.0	4.898979485566356	10.0	0.0	-0.0036864605253059506	-2.4866866888992507	0.07468173331967275	11.828249970429376	15.326999846730002
1092	17891328	10	5.0	5.0	10.0	0.0	10	6.0	4.898979485566356	10.0	0.0	-0.002139360248373402	-2.515149290100999	0.05872707808758348	12.394999969012499	6.103999938960001
1096	17956864	10	2.0	4.0	10.0	0.0	10	7.0	4.58257569495584	10.0	0.0	-0.003578003490708278	-2.5460237485498487	0.06669311778662462	11.963749970090625	12.577999874220001
1100	18022400	10	4.0	4.898979485566356	10.0	0.0	10	4.0	4.898979485566356	10.0	0.0	-0.003259570630956059	-2.5261645811151587	0.053549671120466415	11.555749971110625	6.391999936080001
1104	18087936	10	6.0	4.898979485566356	10.0	0.0	10	3.0	4.58257569495584	10.0	0.0	-0.003014647149322074	-2.5071105333537957	0.04578064105355524	12.6349999684125	4.499999955000001
1108	18153472	10	2.0	4.0	10.0	0.0	10	5.0	5.0	10.0	0.0	-0.0032048872086606352	-2.5188201588748718	0.1051934886187324	13.08249996729375	13.533999864660004
1112	18219008	10	5.0	5.0	10.0	0.0	10	6.0	4.898979485566356	10.0	0.0	-0.0027809408781481505	-2.5017274938401326	0.05820890439766407	11.785749970535626	5.283999947160001
1116	18284544	10	5.0	5.0	10.0	0.0	10	4.0	4.898979485566356	10.0	0.0	-0.004343319925133876	-2.514778633650448	0.027310336985652075	11.910249970224374	13.568999864310003
1120	18350080	10	1.0	3.0	10.0	0.0	10	4.0	4.898979485566356	10.0	0.0	-0.0033968869595606636	-2.506283695238031	0.022622437110908923	12.43549996891125	11.268999887310002
1124	18415616	10	7.0	4.58257569495584	10.0	0.0	10	4.0	4.898979485566356	10.0	0.0	-0.004693465001275804	-2.5260840552400756	0.008066213942350098	12.506249968734375	13.347999866520002
1128	18481152	10	3.0	4.58257569495584	10.0	0.0	10	6.0	4.898979485566356	10.0	0.0	-0.0032085052295156144	-2.5415282470320673	0.03721057553994328	11.794249970514375	15.904999840950001
1132	18546688	10	3.0	4.58257569495584	10.0	0.0	10	4.0	4.898979485566356	10.0	0.0	-0.002335205378039254	-2.5321128390575334	0.043929055702060724	11.828999970427502	5.515999944840001
1136	18612224	10	3.0	4.58257569495584	10.0	0.0	10	5.0	5.0	10.0	0.0	-0.00372945837162314	-2.5302571279155046	0.037570329708945464	11.69549997076125	14.706999852930004
1140	18677760	10	5.0	5.0	10.0	0.0	10	5.0	5.0	10.0	0.0	-0.00224736736928141	-2.54460755212424	0.04849244454797315	11.03449997241375	9.741999902580002
1144	18743296	10	5.0	5.0	10.0	0.0	10	6.0	4.898979485566356	10.0	0.0	-0.0028182270346805015	-2.524899425342922	0.09319523639471855	11.082249972294376	11.390999886090002
1148	18808832	10	5.0	5.0	10.0	0.0	10	7.0	4.58257569495584	10.0	0.0	-0.003470069983088764	-2.4651360856905695	0.08133857922440932	11.897749970255624	3.2649999673500005
1152	18874368	10	3.0	4.58257569495584	10.0	0.0	10	5.0	5.0	10.0	0.0	-0.0025136762994517107	-2.4805563636023744	0.033385414204691446	12.341999969145	10.903999890960002
1156	18939904	10	6.0	4.898979485566356	10.0	0.0	10	6.0	4.898979485566356	10.0	0.0	-0.0030839485670913934	-2.4845574272071076	0.03755710033483273	12.18949996952625	9.068999909310003
1160	19005440	10	3.0	4.58257569495584	10.0	0.0	10	4.0	4.898979485566356	10.0	0.0	-0.003755773363903404	-2.4999452056863523	0.06953391279242724	11.921749970195625	6.333999936660001
1164	19070976	10	3.0	4.58257569495584	10.0	0.0	10	2.0	4.0	10.0	0.0	-0.0034585175819943775	-2.491109631696133	0.041250330166144974	12.139749969650625	6.392999936070001
1168	19136512	10	6.0	4.898979485566356	10.0	0.0	10	6.0	4.898979485566356	10.0	0.0	-0.002060623332391204	-2.4775052266719086	0.04640959647563364	12.714749968213125	12.054999879450001
1172	19202048	10	3.0	4.58257569495584	10.0	0.0	10	6.0	4.898979485566356	10.0	0.0	-0.003223161612941879	-2.4601694293241025	0.030463041232461355	11.733999970665002	3.7789999622100003
1176	19267584	10	2.0	4.0	10.0	0.0	10	3.0	4.58257569495584	10.0	0.0	-0.0023194840236110486	-2.3768083351361486	0.061763490371588646	12.04749996988125	8.07399991926
1180	19333120	10	7.0	4.58257569495584	10.0	0.0	10	4.0	4.898979485566356	10.0	0.0	-0.0020035935932390717	-2.4305607897491623	0.05442002365613656	11.726749970683125	7.729999922700002
1184	19398656	10	6.0	4.898979485566356	10.0	0.0	10	2.0	4.0	10.0	0.0	-0.0030697638500427385	-2.4989088274419013	0.07104815084542619	11.692499970768749	8.086999919130001
1188	19464192	10	4.0	4.898979485566356	10.0	0.0	10	5.0	5.0	10.0	0.0	-0.002829947434604533	-2.426583240176791	0.01940127353777333	12.173999969565	8.457999915420002
1192	19529728	10	6.0	4.898979485566356	10.0	0.0	10	4.0	4.898979485566356	10.0	0.0	-0.00392348773028422	-2.4906269607333726	0.009011815761945872	11.81649997045875	7.373999926260001
1196	19595264	10	5.0	5.0	10.0	0.0	10	7.0	4.58257569495584	10.0	0.0	-0.00394460628214336	-2.420630911733884	0.02705958795034724	13.10749996723125	9.011999909880002
1200	19660800	10	7.0	4.58257569495584	10.0	0.0	10	4.0	4.898979485566356	10.0	0.0	-0.0038930269385862525	-2.4136984966664565	0.030148474621346715	12.980749967548125	5.62399994376
1204	19726336	10	5.0	5.0	10.0	0.0	10	7.0	4.58257569495584	10.0	0.0	-0.0025556056592667725	-2.3974433091765737	0.05176160788633292	11.910249970224376	10.504999894950002
1208	19791872	10	6.0	4.898979485566356	10.0	0.0	10	2.0	4.0	10.0	0.0	-0.003571573566894226	-2.4716901379235825	0.040301647518133435	11.228499971928748	15.306999846930003
1212	19857408	10	2.0	4.0	10.0	0.0	10	4.0	4.898979485566356	10.0	0.0	-0.0030047684579790463	-2.4966719594977347	0.049327999445283245	12.730999968172503	15.043999849560002
1216	19922944	10	6.0	4.898979485566356	10.0	0.0	10	5.0	5.0	10.0	0.0	-0.003361796064941668	-2.5231284546210673	0.03926452079349741	11.806749970483127	10.429999895700002
1220	19988480	10	6.0	4.898979485566356	10.0	0.0	10	1.0	3.0	10.0	0.0	-0.001966411401652399	-2.562085615825003	0.01826721476625105	12.01549996996125	13.239999867600002
1224	20054016	10	4.0	4.898979485566356	10.0	0.0	10	5.0	5.0	10.0	0.0	-0.0033131955590644776	-2.5231596477184963	0.02592583580768767	12.479249968801875	9.78199990218
1228	20119552	10	5.0	5.0	10.0	0.0	10	4.0	4.898979485566356	10.0	0.0	-0.0034263288940633847	-2.4743666497275667	0.07647233791240805	13.055249967361876	5.883999941160002
1232	20185088	10	7.0	4.58257569495584	10.0	0.0	10	5.0	5.0	10.0	0.0	-0.004340026357418773	-2.430932404841083	0.22074851938552192	11.426249971434375	6.454999935450001
1236	20250624	10	5.0	5.0	10.0	0.0	10	8.0	4.0	10.0	0.0	-0.004137211532172679	-2.372790023437336	0.25049418627469117	12.138999969652499	4.8299999517000005
1240	20316160	10	2.0	4.0	10.0	0.0	10	4.0	4.898979485566356	10.0	0.0	-0.0038676929139519626	-2.3245702631833662	0.38448323429592846	11.503749971240625	9.323999906760001
1244	20381696	10	6.0	4.898979485566356	10.0	0.0	10	6.0	4.898979485566356	10.0	0.0	-0.00335121382730253	-2.309954109050615	0.3692600411599182	12.415749968960625	4.83399995166
1248	20447232	10	5.0	5.0	10.0	0.0	10	7.0	4.58257569495584	10.0	0.0	-0.00358057835752022	-2.3066610666693537	0.404487141676333	12.239749969400625	10.051999899480002
1252	20512768	10	8.0	4.0	10.0	0.0	10	8.0	4.0	10.0	0.0	-0.0021899505346323284	-2.3567540345121185	0.3823380088035354	12.097249969756874	18.503999814960004
1256	20578304	10	6.0	4.898979485566356	10.0	0.0	10	6.0	4.898979485566356	10.0	0.0	-0.003143575556326406	-2.353974575552511	0.3303608707739503	11.788749970528125	19.947999800520005
1260	20643840	10	8.0	4.0	10.0	0.0	10	6.0	4.898979485566356	10.0	0.0	-0.0034393091308988193	-2.3487771771885084	0.31768473653538853	11.427999971430001	18.932999810670005
1264	20709376	10	4.0	4.898979485566356	10.0	0.0	10	8.0	4.0	10.0	0.0	-0.0036355329123128103	-2.335771520689206	0.36662467596337855	12.786249968034374	8.38499991615
1268	20774912	10	8.0	4.0	10.0	0.0	10	8.0	4.0	10.0	0.0	-0.0034953921345728884	-2.3169399969349813	0.320684075632566	11.885999970285	9.77399990226
1272	20840448	10	6.0	4.898979485566356	10.0	0.0	10	9.0	3.0	10.0	0.0	-0.002990913974818592	-2.2234803684223206	0.35044923871209493	10.707999973230002	6.702999932970001
1276	20905984	10	7.0	4.58257569495584	10.0	0.0	10	5.0	5.0	10.0	0.0	-0.003414397568978778	-2.2066900827175493	0.31469337033555106	11.838249970404373	11.272999887270002
1280	20971520	10	5.0	5.0	10.0	0.0	10	6.0	4.898979485566356	10.0	0.0	-0.00393589695966743	-2.2164520792837816	0.3336149567080219	11.506249971234375	17.850999821490003
1284	21037056	10	8.0	4.0	10.0	0.0	10	6.0	4.898979485566356	10.0	0.0	-0.004837967106849854	-2.2279543327951252	0.2429964326379398	10.450249973874376	16.666999833330003
1288	21102592	10	6.0	4.898979485566356	10.0	0.0	10	6.0	4.898979485566356	10.0	0.0	-0.00406623597718949	-2.2267043588226167	0.24285468844650668	11.09149997227125	6.50399993496
1292	21168128	10	5.0	5.0	10.0	0.0	10	7.0	4.58257569495584	10.0	0.0	-0.0038235937580751917	-2.2125835664749083	0.2795509821444123	11.805249970486877	11.411999885880002
1296	21233664	10	6.0	4.898979485566356	10.0	0.0	10	10.0	0.0	10.0	10.0	-0.005074211740143714	-2.196670079995853	0.2159006533298504	10.330249974174375	11.762999882370002
1300	21299200	10	6.0	4.898979485566356	10.0	0.0	10	6.0	4.898979485566356	10.0	0.0	-0.0038408857092024485	-2.165215434901874	0.2479215323821987	11.115749972210624	8.02399991976
1304	21364736	10	7.0	4.58257569495584	10.0	0.0	10	5.0	5.0	10.0	0.0	-0.004453398594847938	-2.2350804406063105	0.25731662386521037	11.714249970714375	7.611999923880001
1308	21430272	10	6.0	4.898979485566356	10.0	0.0	10	8.0	4.0	10.0	0.0	-0.005006422540427534	-2.274069003523932	0.30022309655300705	11.144499972138751	8.498999915010002
1312	21495808	10	10.0	0.0	10.0	10.0	10	6.0	4.898979485566356	10.0	0.0	-0.004296614960222752	-2.2737299996232805	0.17022602359232852	11.924999970187502	9.214999907850002
1316	21561344	10	5.0	5.0	10.0	0.0	10	3.0	4.58257569495584	10.0	0.0	-0.00503349387820299	-2.2821292353279405	0.24275294735361685	11.763499970591251	16.258999837410002
1320	21626880	10	8.0	4.0	10.0	0.0	10	5.0	5.0	10.0	0.0	-0.004496141069604812	-2.260907739165352	0.21855591227507365	11.197749972005624	8.98699991013
1324	21692416	10	9.0	3.0	10.0	0.0	10	8.0	4.0	10.0	0.0	-0.00479348019821463	-2.2972340929102075	0.2202874374501667	12.124749969688125	8.104999918950002
1328	21757952	10	6.0	4.898979485566356	10.0	0.0	10	7.0	4.58257569495584	10.0	0.0	-0.004557416499796722	-2.247806347672443	0.22611796667306602	11.09999997225	13.677999863220004
1332	21823488	10	7.0	4.58257569495584	10.0	0.0	10	7.0	4.58257569495584	10.0	0.0	-0.004739203780861505	-2.2412184847046843	0.14832800501033333	10.900749972748123	14.725999852740003
1336	21889024	10	4.0	4.898979485566356	10.0	0.0	10	5.0	5.0	10.0	0.0	-0.00457333518910934	-2.238228509590332	0.24810425919069287	11.489749971275627	11.098999889010003
1340	21954560	10	5.0	5.0	10.0	0.0	10	6.0	4.898979485566356	10.0	0.0	-0.0038436466222505662	-2.2614444665738644	0.19960437410294507	10.776999973057501	11.582999884170002
1344	22020096	10	5.0	5.0	10.0	0.0	10	5.0	5.0	10.0	0.0	-0.004299614871501236	-2.2461319414421674	0.15616039223894515	12.079749969800625	9.80599990194
1348	22085632	10	5.0	5.0	10.0	0.0	10	8.0	4.0	10.0	0.0	-0.004219183005428415	-2.2521751843530358	0.17952154264467537	11.620249970949375	12.543999874560003
1352	22151168	10	3.0	4.58257569495584	10.0	0.0	10	6.0	4.898979485566356	10.0	0.0	-0.003819173742366954	-2.2899774012564404	0.19001122185688551	11.35549997161125	14.056999859430002
1356	22216704	10	7.0	4.58257569495584	10.0	0.0	10	8.0	4.0	10.0	0.0	-0.0034094762737454437	-2.262649838887397	0.20012614707085266	11.675749970810626	6.003999939960001
1360	22282240	10	7.0	4.58257569495584	10.0	0.0	10	5.0	5.0	10.0	0.0	-0.004652087612582531	-2.2761491559558396	0.1882469022916117	11.628499970928749	14.863999851360003
1364	22347776	10	7.0	4.58257569495584	10.0	0.0	10	8.0	4.0	10.0	0.0	-0.003556951459291619	-2.3133865319266156	0.17923699915094238	11.4029999714925	12.000999879990001
1368	22413312	10	7.0	4.58257569495584	10.0	0.0	10	7.0	4.58257569495584	10.0	0.0	-0.003744877258430057	-2.314667651809543	0.2161449073433484	11.26049997184875	10.300999896990001
1372	22478848	10	8.0	4.0	10.0	0.0	10	7.0	4.58257569495584	10.0	0.0	-0.004673421789870864	-2.2624302727607555	0.158578408749088	11.853749970365627	5.871999941280001
1376	22544384	10	10.0	0.0	10.0	10.0	10	4.0	4.898979485566356	10.0	0.0	-0.0031554061397145567	-2.2580438924463855	0.17894191929448303	11.861999970344998	9.850999901490002
1380	22609920	10	8.0	4.0	10.0	0.0	10	6.0	4.898979485566356	10.0	0.0	-0.004496700440375493	-2.2726048427439727	0.19273687741884596	10.817749972955625	5.67199994328
1384	22675456	10	7.0	4.58257569495584	10.0	0.0	10	8.0	4.0	10.0	0.0	-0.003741198169250169	-2.2000567215376168	0.15050900070136336	11.42749997143125	11.211999887880001
1388	22740992	10	4.0	4.898979485566356	10.0	0.0	10	7.0	4.58257569495584	10.0	0.0	-0.002957451278229754	-2.2068337597137657	0.13296687434749793	11.636249970909374	9.104999908950003
1392	22806528	10	8.0	4.0	10.0	0.0	10	5.0	5.0	10.0	0.0	-0.0037246340709680904	-2.246437293553793	0.1798129280220918	11.489749971275625	10.991999890080002
1396	22872064	10	6.0	4.898979485566356	10.0	0.0	10	6.0	4.898979485566356	10.0	0.0	-0.0037449194274550655	-2.2911845766104775	0.12319547640971915	10.6069999734825	15.145999848540002
1400	22937600	10	8.0	4.0	10.0	0.0	10	8.0	4.0	10.0	0.0	-0.004367703616329062	-2.261014580491101	0.15083819245900557	10.791249973021875	8.601999913980002
1404	23003136	10	6.0	4.898979485566356	10.0	0.0	10	3.0	4.58257569495584	10.0	0.0	-0.003878144187992038	-2.267663719517209	0.16688815801373422	12.079999969800001	7.1179999288200015
1408	23068672	10	7.0	4.58257569495584	10.0	0.0	10	8.0	4.0	10.0	0.0	-0.004228350461000794	-2.2433140921242747	0.16611019982002137	11.3789999715525	15.185999848140002
1412	23134208	10	9.0	3.0	10.0	0.0	10	6.0	4.898979485566356	10.0	0.0	-0.004142916173979909	-2.279587633670338	0.105948125117598	10.550499973623749	16.45799983542
1416	23199744	10	5.0	5.0	10.0	0.0	10	5.0	5.0	10.0	0.0	-0.0038374842281220026	-2.2880585812132352	0.17235208285418904	11.242249971894376	9.656999903430002
1420	23265280	10	6.0	4.898979485566356	10.0	0.0	10	6.0	4.898979485566356	10.0	0.0	-0.004654899665911394	-2.2892817132273824	0.19379621447218356	11.807249970481875	7.925999920740002
1424	23330816	10	7.0	4.58257569495584	10.0	0.0	10	5.0	5.0	10.0	0.0	-0.00463793773281893	-2.2716101529814843	0.22459422546272434	10.169999974575003	17.081999829180003
1428	23396352	10	8.0	4.0	10.0	0.0	10	6.0	4.898979485566356	10.0	0.0	-0.004410887345173381	-2.3201487161285823	0.16226289830963858	11.14049997214875	16.036999839630003
1432	23461888	10	8.0	4.0	10.0	0.0	10	4.0	4.898979485566356	10.0	0.0	-0.005030004430794998	-2.3364683114041918	0.15702615249818525	11.852749970368125	14.303999856960003
1436	23527424	10	6.0	4.898979485566356	10.0	0.0	10	9.0	3.0	10.0	0.0	-0.004169783309579626	-2.376989885917062	0.08326829976776608	11.774749970563125	21.050999789490003
1440	23592960	10	7.0	4.58257569495584	10.0	0.0	10	5.0	5.0	10.0	0.0	-0.003896203289411543	-2.377577195317241	0.17888500004074726	11.316249971709375	19.525999804740003
1444	23658496	10	5.0	5.0	10.0	0.0	10	6.0	4.898979485566356	10.0	0.0	-0.004555871547210279	-2.33033582792247	0.1605963221739086	10.363499974091251	25.157999748420004
1448	23724032	10	5.0	5.0	10.0	0.0	10	6.0	4.898979485566356	10.0	0.0	-0.004108079931814086	-2.3301890191988766	0.10647196981257259	10.497499973756248	22.309999776900003
1452	23789568	10	8.0	4.0	10.0	0.0	10	8.0	4.0	10.0	0.0	-0.0044077714223887295	-2.3794558294122377	0.07081950509493454	11.6549999708625	14.430999855690002
1456	23855104	10	6.0	4.898979485566356	10.0	0.0	10	9.0	3.0	10.0	0.0	-0.0030800683085974306	-2.3674519009905604	0.12818104163184438	11.515999971209999	19.69099980309
1460	23920640	10	7.0	4.58257569495584	10.0	0.0	10	8.0	4.0	10.0	0.0	-0.003469025221059095	-2.3307818792816	0.10231501604140697	11.439249971401873	14.748999852510003
1464	23986176	10	7.0	4.58257569495584	10.0	0.0	10	9.0	3.0	10.0	0.0	-0.0036687693569363604	-2.2608550486593764	0.12608652548948066	11.3729999715675	6.791999932080001
1468	24051712	10	6.0	4.898979485566356	10.0	0.0	10	9.0	3.0	10.0	0.0	-0.004277996774220231	-2.354510515683007	0.16740614957915861	10.661999973345	9.43399990566
1472	24117248	10	6.0	4.898979485566356	10.0	0.0	10	7.0	4.58257569495584	10.0	0.0	-0.004099704606109102	-2.324472692863406	0.09473347080815978	11.598749971003125	12.336999876630001
1476	24182784	10	7.0	4.58257569495584	10.0	0.0	10	9.0	3.0	10.0	0.0	-0.003596175628979946	-2.3207754142648467	0.14454303397067492	10.820749972948125	11.156999888430002
1480	24248320	10	8.0	4.0	10.0	0.0	10	8.0	4.0	10.0	0.0	-0.0033469693270944813	-2.3455327026586263	0.13485891510259013	10.604249973489376	7.588999924110001
1484	24313856	10	6.0	4.898979485566356	10.0	0.0	10	6.0	4.898979485566356	10.0	0.0	-0.004031902982695297	-2.3242530820332807	0.11669680824219032	11.635249970911877	8.273999917260001
1488	24379392	10	8.0	4.0	10.0	0.0	10	7.0	4.58257569495584	10.0	0.0	-0.004172237987273071	-2.317722779767681	0.13688996137866977	10.980249972549375	17.349999826500003
1492	24444928	10	6.0	4.898979485566356	10.0	0.0	10	8.0	4.0	10.0	0.0	-0.004217280848191559	-2.3565178436566403	0.15316651589193872	10.34649997413375	21.593999784060006
1496	24510464	10	8.0	4.0	10.0	0.0	10	9.0	3.0	10.0	0.0	-0.0035738802225059843	-2.308520048616264	0.19462904665764832	11.18249997204375	16.237999837620002
1500	24576000	10	8.0	4.0	10.0	0.0	10	8.0	4.0	10.0	0.0	-0.0038330831226276014	-2.3146540594670086	0.16069994011461672	11.771749970570626	8.008999919910002
1504	24641536	10	5.0	5.0	10.0	0.0	10	7.0	4.58257569495584	10.0	0.0	-0.0037388048654718523	-2.313847010093307	0.13133593113733796	9.029999977425	9.067999909320001
1508	24707072	10	8.0	4.0	10.0	0.0	10	6.0	4.898979485566356	10.0	0.0	-0.004218218452342817	-2.299667643764478	0.17643617852305304	10.907249972731876	3.832999961670001
1512	24772608	10	6.0	4.898979485566356	10.0	0.0	10	7.0	4.58257569495584	10.0	0.0	-0.004592238776974566	-2.272537958881961	0.20459039662385695	10.243249974391874	5.289999947100001
1516	24838144	10	7.0	4.58257569495584	10.0	0.0	10	7.0	4.58257569495584	10.0	0.0	-0.004381922023486787	-2.262566596033923	0.24276662134209678	8.7889999780275	13.668999863310002
1520	24903680	10	8.0	4.0	10.0	0.0	10	8.0	4.0	10.0	0.0	-0.004338765101695635	-2.285205684364218	0.1927178946200555	8.812999977967499	8.08599991914
1524	24969216	10	7.0	4.58257569495584	10.0	0.0	10	6.0	4.898979485566356	10.0	0.0	-0.004207107385977739	-2.2838998757407225	0.12011754177811718	8.436249978909375	10.246999897530001
