iter	frame	n_test	mean_returns	std_returns	max_returns	min_returns	n_test_train	mean_returns_train	std_returns_train	max_returns_train	min_returns_train	actor_loss	entropy_loss	value_loss	training_time	evaluation_time
0	0	10	3.0	4.58257569495584	10.0	0.0	10	4.0	4.898979485566356	10.0	0.0	0	0	0	0.0	24.737999752620002
4	65536	10	1.0	3.0	10.0	0.0	10	5.0	5.0	10.0	0.0	0.0007877313448653808	-2.590203317233321	0.39344722245757185	13.516249966209374	23.198999768010005
8	131072	10	6.0	4.898979485566356	10.0	0.0	10	5.0	5.0	10.0	0.0	-0.004302268597567112	-2.6188550886764057	0.38591389167759216	13.012499967468749	26.251999737480002
12	196608	10	2.0	4.0	10.0	0.0	10	3.0	4.58257569495584	10.0	0.0	-0.004784891230991562	-2.6087944778069336	0.5468810752706282	11.88549997028625	33.569999664300006
16	262144	10	4.0	4.898979485566356	10.0	0.0	10	1.0	3.0	10.0	0.0	-0.004916631184433044	-2.6166058602190305	0.5670582120647426	10.920499972698751	33.69899966301001
20	327680	10	5.0	5.0	10.0	0.0	10	6.0	4.898979485566356	10.0	0.0	-0.006537041616488413	-2.610280781712425	0.8978614359158797	10.4609999738475	21.20599978794
24	393216	10	8.0	4.0	10.0	0.0	10	7.0	4.58257569495584	10.0	0.0	-0.006292689704980708	-2.5990018891567734	0.6746524301586126	10.074249974814375	33.461999665380006
28	458752	10	5.0	5.0	10.0	0.0	10	7.0	4.58257569495584	10.0	0.0	-0.005679413201520391	-2.5913768730841817	0.7258290566989692	11.105749972235627	34.25599965744001
32	524288	10	5.0	5.0	10.0	0.0	10	6.0	4.898979485566356	10.0	0.0	-0.008206374030481526	-2.569531154861614	0.7566537819014579	11.439749971400625	32.51399967486001
36	589824	10	6.0	4.898979485566356	10.0	0.0	10	7.0	4.58257569495584	10.0	0.0	-0.008871683692314555	-2.549809944860769	0.6261490840433473	11.3189999717025	18.380999816190002
40	655360	10	2.0	4.0	10.0	0.0	10	6.0	4.898979485566356	10.0	0.0	-0.00971572527143559	-2.5191289953746896	0.4259551666854176	11.469999971324999	20.98199979018
44	720896	10	5.0	5.0	10.0	0.0	10	6.0	4.898979485566356	10.0	0.0	-0.009908213616228616	-2.502843402065394	0.5212139517767694	11.66649997083375	30.966999690330002
48	786432	10	5.0	5.0	10.0	0.0	10	8.0	4.0	10.0	0.0	-0.011045260069963623	-2.507365820047342	0.5031150939039831	11.9269999701825	18.558999814410004
52	851968	10	3.0	4.58257569495584	10.0	0.0	10	8.0	4.0	10.0	0.0	-0.010037053537887093	-2.5038194678599193	0.588534566202052	11.986749970033125	31.063999689360006
56	917504	10	3.0	4.58257569495584	10.0	0.0	10	7.0	4.58257569495584	10.0	0.0	-0.009767362036850184	-2.489917161304666	0.414606797776148	10.65999997335	31.581999684180005
60	983040	10	4.0	4.898979485566356	10.0	0.0	10	5.0	5.0	10.0	0.0	-0.008919798901520207	-2.4759604779286946	0.4294962600047032	12.183249969541874	15.631999843680003
64	1048576	10	6.0	4.898979485566356	10.0	0.0	10	7.0	4.58257569495584	10.0	0.0	-0.011166686205543602	-2.45624381526554	0.3709441764514681	13.191249967021873	10.343999896560002
68	1114112	10	4.0	4.898979485566356	10.0	0.0	10	7.0	4.58257569495584	10.0	0.0	-0.010743973360849363	-2.4699976913541573	0.35718531716619567	13.0129999674675	13.477999865220001
72	1179648	10	9.0	3.0	10.0	0.0	10	6.0	4.898979485566356	10.0	0.0	-0.0097985796106008	-2.4467630756332857	0.3514705337217903	11.6409999708975	14.847999851520003
76	1245184	10	5.0	5.0	10.0	0.0	10	8.0	4.0	10.0	0.0	-0.009094736241991107	-2.394363263993395	0.39157295983551993	12.385749969035626	17.31299982687
80	1310720	10	8.0	4.0	10.0	0.0	10	7.0	4.58257569495584	10.0	0.0	-0.010898660214860151	-2.3843027996520076	0.3235677475703969	11.221749971945625	15.750999842490002
84	1376256	10	4.0	4.898979485566356	10.0	0.0	10	8.0	4.0	10.0	0.0	-0.010560714618008012	-2.351247956110491	0.37724103340053894	10.885999972785	16.280999837190002
88	1441792	10	4.0	4.898979485566356	10.0	0.0	10	6.0	4.898979485566356	10.0	0.0	-0.009830369822830807	-2.3495576106047937	0.36382045546482067	12.33849996915375	34.73199965268
92	1507328	10	5.0	5.0	10.0	0.0	10	7.0	4.58257569495584	10.0	0.0	-0.010172018998523501	-2.2963328185272336	0.3364817807100388	11.212499971968748	17.399999826000002
96	1572864	10	6.0	4.898979485566356	10.0	0.0	10	4.0	4.898979485566356	10.0	0.0	-0.010256904166597983	-2.259953776759929	0.3256665323521707	11.232249971919376	30.470999695290004
100	1638400	10	4.0	4.898979485566356	10.0	0.0	10	6.0	4.898979485566356	10.0	0.0	-0.01060523767602598	-2.2583902103336557	0.2907270877319227	11.660249970849376	15.039999849600001
104	1703936	10	5.0	5.0	10.0	0.0	10	7.0	4.58257569495584	10.0	0.0	-0.010168464021415923	-2.2520810090143004	0.28397573077576654	11.676749970808123	27.387999726120007
108	1769472	10	3.0	4.58257569495584	10.0	0.0	10	9.0	3.0	10.0	0.0	-0.009010260188886635	-2.233115384743453	0.2648220766680751	11.853999970364999	15.381999846180003
112	1835008	10	4.0	4.898979485566356	10.0	0.0	10	5.0	5.0	10.0	0.0	-0.010040427338799458	-2.2364902444337673	0.24207324190648075	12.8549999678625	13.787999862120003
116	1900544	10	6.0	4.898979485566356	10.0	0.0	10	7.0	4.58257569495584	10.0	0.0	-0.007435914926174227	-2.15569796390728	0.27440288753184355	12.303749969240625	18.426999815730003
120	1966080	10	5.0	5.0	10.0	0.0	10	8.0	4.0	10.0	0.0	-0.008106459171423509	-2.1741479061762727	0.21955728870081676	10.96649997258375	30.206999697930005
124	2031616	10	5.0	5.0	10.0	0.0	10	8.0	4.0	10.0	0.0	-0.007375908866823513	-2.1874473092661595	0.295637102456391	12.336249969159375	25.081999749180003
128	2097152	10	5.0	5.0	10.0	0.0	10	6.0	4.898979485566356	10.0	0.0	-0.007918432941029473	-2.127259387102664	0.31741160616697567	12.74399996814	24.080999759190004
132	2162688	10	4.0	4.898979485566356	10.0	0.0	10	8.0	4.0	10.0	0.0	-0.008475849241551781	-2.0704653583793795	0.26899621198256185	13.425749966435626	12.204999877950002
136	2228224	10	7.0	4.58257569495584	10.0	0.0	10	8.0	4.0	10.0	0.0	-0.009272616224678117	-2.0547611798192484	0.32274277784293687	13.324249966689374	15.324999846750002
140	2293760	10	6.0	4.898979485566356	10.0	0.0	10	5.0	5.0	10.0	0.0	-0.007361232525445514	-2.16142278390463	0.24843083102151764	13.281999966795	15.522999844770002
144	2359296	10	5.0	5.0	10.0	0.0	10	5.0	5.0	10.0	0.0	-0.00974250283029581	-2.0724253466056686	0.25305072168977627	12.265999969335	24.133999758660003
148	2424832	10	7.0	4.58257569495584	10.0	0.0	10	7.0	4.58257569495584	10.0	0.0	-0.008625036548448544	-2.0485120413553695	0.2700906808517167	13.979749965050624	17.454999825450003
152	2490368	10	9.0	3.0	10.0	0.0	10	9.0	3.0	10.0	0.0	-0.007585390404648229	-2.0362172286078204	0.30050723127374	12.022499969943752	13.736999862630002
156	2555904	10	6.0	4.898979485566356	10.0	0.0	10	8.0	4.0	10.0	0.0	-0.0066037730823551586	-2.0516978475301104	0.32589230093193816	12.022749969943126	33.21399966786
160	2621440	10	5.0	5.0	10.0	0.0	10	8.0	4.0	10.0	0.0	-0.008968077402617259	-2.128871903843454	0.2420592839422258	10.92399997269	31.383999686160006
164	2686976	10	2.0	4.0	10.0	0.0	10	5.0	5.0	10.0	0.0	-0.008590949535891368	-2.1440274415166996	0.2138312835954906	10.883749972790627	30.859999691400006
168	2752512	10	6.0	4.898979485566356	10.0	0.0	10	8.0	4.0	10.0	0.0	-0.007391111403030794	-2.0572476906421597	0.2675072651388246	10.768249973079374	22.301999776980004
172	2818048	10	5.0	5.0	10.0	0.0	10	7.0	4.58257569495584	10.0	0.0	-0.007685333266441781	-2.0740158592984312	0.3393216790898835	10.687749973280624	22.007999779920002
176	2883584	10	7.0	4.58257569495584	10.0	0.0	10	7.0	4.58257569495584	10.0	0.0	-0.008484096550420534	-2.1878193788434968	0.2267087384201366	10.66399997334	36.37299963627
180	2949120	10	4.0	4.898979485566356	10.0	0.0	10	7.0	4.58257569495584	10.0	0.0	-0.010131268263806281	-2.1875976669496433	0.22166324443358373	10.88949997277625	17.576999824230004
184	3014656	10	6.0	4.898979485566356	10.0	0.0	10	5.0	5.0	10.0	0.0	-0.008014346952297361	-2.202172207106238	0.27212744645733666	10.781499973046252	33.91599966084
188	3080192	10	7.0	4.58257569495584	10.0	0.0	10	8.0	4.0	10.0	0.0	-0.009185777537169327	-2.270330662292181	0.2415759834830154	10.90149997274625	5.963999940360002
192	3145728	10	5.0	5.0	10.0	0.0	10	8.0	4.0	10.0	0.0	-0.009340947880988847	-2.262831816834931	0.19734057223231327	12.646749968383126	12.054999879450001
196	3211264	10	6.0	4.898979485566356	10.0	0.0	10	9.0	3.0	10.0	0.0	-0.008630517287212137	-2.229444704717622	0.2234978213052596	14.618749963453126	14.690999853090004
200	3276800	10	7.0	4.58257569495584	10.0	0.0	10	6.0	4.898979485566356	10.0	0.0	-0.008697241451655418	-2.195307483047053	0.21867460258510737	13.492249966269373	21.909999780900005
204	3342336	10	2.0	4.0	10.0	0.0	10	6.0	4.898979485566356	10.0	0.0	-0.01012450794845828	-2.2487883987667137	0.18664475792316482	13.789249965526874	21.367999786320002
208	3407872	10	7.0	4.58257569495584	10.0	0.0	10	7.0	4.58257569495584	10.0	0.0	-0.009291557943411875	-2.1598690398271096	0.20708678055260119	13.047999967380001	24.072999759270004
212	3473408	10	5.0	5.0	10.0	0.0	10	7.0	4.58257569495584	10.0	0.0	-0.008384002774352143	-2.189121191472266	0.1758705245458172	12.65199996837	15.254999847450003
216	3538944	10	5.0	5.0	10.0	0.0	10	6.0	4.898979485566356	10.0	0.0	-0.008887432602006902	-2.245804322028667	0.19845332296360596	13.28849996677875	23.346999766530004
220	3604480	10	6.0	4.898979485566356	10.0	0.0	10	6.0	4.898979485566356	10.0	0.0	-0.010325188806883273	-2.285744187494439	0.18390622135509155	12.538249968654377	18.933999810660005
224	3670016	10	6.0	4.898979485566356	10.0	0.0	10	9.0	3.0	10.0	0.0	-0.009154191719927937	-2.279490478099364	0.153409382700462	12.953499967616253	17.040999829590003
228	3735552	10	5.0	5.0	10.0	0.0	10	6.0	4.898979485566356	10.0	0.0	-0.008846050590655226	-2.2557725680504888	0.20514240074938958	14.174749964563127	23.392999766070005
232	3801088	10	5.0	5.0	10.0	0.0	10	9.0	3.0	10.0	0.0	-0.010008435234510255	-2.243794212504944	0.20916151540348213	12.481999968795	4.367999956320001
236	3866624	10	1.0	3.0	10.0	0.0	10	8.0	4.0	10.0	0.0	-0.00941995242609462	-2.251108102265948	0.20788269441272011	12.421999968944998	25.219999747800003
240	3932160	10	5.0	5.0	10.0	0.0	10	6.0	4.898979485566356	10.0	0.0	-0.010119805397614636	-2.2560481054220953	0.19277376524337747	12.763499968091251	28.280999717190003
244	3997696	10	4.0	4.898979485566356	10.0	0.0	10	9.0	3.0	10.0	0.0	-0.010726729678424914	-2.2244218039182346	0.2200275784284407	11.9389999701525	17.72899982271
248	4063232	10	5.0	5.0	10.0	0.0	10	8.0	4.0	10.0	0.0	-0.009906962437706774	-2.2430696485090227	0.19104431381321701	12.365249969086875	15.803999841960003
252	4128768	10	5.0	5.0	10.0	0.0	10	7.0	4.58257569495584	10.0	0.0	-0.00905908856684234	-2.2623866024243546	0.18798008520371104	13.448249966379377	6.9099999309000015
256	4194304	10	7.0	4.58257569495584	10.0	0.0	10	7.0	4.58257569495584	10.0	0.0	-0.010509423869246344	-2.2352823091205094	0.17854261978532218	12.617249968456875	17.97399982026
260	4259840	10	4.0	4.898979485566356	10.0	0.0	10	9.0	3.0	10.0	0.0	-0.009556356399333544	-2.1942578353185604	0.16651452532787092	11.13049997217375	30.021999699780004
264	4325376	10	5.0	5.0	10.0	0.0	10	7.0	4.58257569495584	10.0	0.0	-0.009036511897312895	-2.181071989011067	0.1918646756670192	11.930249970174376	25.978999740210003
268	4390912	10	4.0	4.898979485566356	10.0	0.0	10	4.0	4.898979485566356	10.0	0.0	-0.008633475305952003	-2.2092505244099527	0.1898926883582903	13.2449999668875	12.900999870990002
272	4456448	10	5.0	5.0	10.0	0.0	10	9.0	3.0	10.0	0.0	-0.010258217581235931	-2.1228257241620674	0.20311761241773918	12.610749968473124	17.84499982155
276	4521984	10	7.0	4.58257569495584	10.0	0.0	10	9.0	3.0	10.0	0.0	-0.00919512423959549	-2.109606880474877	0.1933144324568207	12.944499967638752	19.6599998034
280	4587520	10	7.0	4.58257569495584	10.0	0.0	10	7.0	4.58257569495584	10.0	0.0	-0.009033418868328875	-2.221383986142348	0.1454051530302844	11.529749971175626	27.944999720550005
284	4653056	10	2.0	4.0	10.0	0.0	10	8.0	4.0	10.0	0.0	-0.009369721982020742	-2.1667699538397764	0.1711717922217412	12.41199996897	27.527999724720004
288	4718592	10	5.0	5.0	10.0	0.0	10	10.0	0.0	10.0	10.0	-0.008668359365711262	-2.138552988346176	0.13946759357837413	13.393999966515	12.658999873410004
292	4784128	10	6.0	4.898979485566356	10.0	0.0	10	8.0	4.0	10.0	0.0	-0.009233660868881796	-2.103003767410401	0.21758380118664072	14.321499964196251	16.0799998392
296	4849664	10	7.0	4.58257569495584	10.0	0.0	10	7.0	4.58257569495584	10.0	0.0	-0.007941553767302231	-2.178758717846414	0.1792225383501074	13.286749966783127	23.334999766650004
300	4915200	10	4.0	4.898979485566356	10.0	0.0	10	8.0	4.0	10.0	0.0	-0.0082132510085339	-2.169100368790381	0.1649561467563888	13.419249966451876	25.644999743550002
304	4980736	10	7.0	4.58257569495584	10.0	0.0	10	9.0	3.0	10.0	0.0	-0.008536249429825137	-2.1407556159054493	0.15376618922017657	12.453749968865626	14.708999852910003
308	5046272	10	5.0	5.0	10.0	0.0	10	7.0	4.58257569495584	10.0	0.0	-0.007018370156580357	-2.2198641869100233	0.18294025435690314	12.917249967706875	14.623999853760003
312	5111808	10	7.0	4.58257569495584	10.0	0.0	10	7.0	4.58257569495584	10.0	0.0	-0.00823906062977557	-2.206063829132594	0.16790072944128942	12.486499968783752	28.022999719770006
316	5177344	10	7.0	4.58257569495584	10.0	0.0	10	9.0	3.0	10.0	0.0	-0.00884935025198483	-2.1992217771901634	0.20281527491967705	13.05249996736875	18.00499981995
320	5242880	10	5.0	5.0	10.0	0.0	10	8.0	4.0	10.0	0.0	-0.008864591086407669	-2.2288177830639397	0.1871742096068942	12.71649996820875	16.83099983169
324	5308416	10	3.0	4.58257569495584	10.0	0.0	10	7.0	4.58257569495584	10.0	0.0	-0.009531856161849305	-2.186403274308382	0.15017385173887324	11.923499970191251	25.796999742030003
328	5373952	10	3.0	4.58257569495584	10.0	0.0	10	6.0	4.898979485566356	10.0	0.0	-0.008792343390868752	-2.1692205913588807	0.16174403708295515	12.979249967551876	22.230999777690005
332	5439488	10	6.0	4.898979485566356	10.0	0.0	10	7.0	4.58257569495584	10.0	0.0	-0.008186963187104684	-2.189775583416606	0.16205943995019478	14.032249964919377	22.525999774740004
336	5505024	10	6.0	4.898979485566356	10.0	0.0	10	8.0	4.0	10.0	0.0	-0.007268539476324364	-2.2038224039166296	0.14990837133169765	12.85449996786375	11.331999886680002
340	5570560	10	7.0	4.58257569495584	10.0	0.0	10	9.0	3.0	10.0	0.0	-0.0076514740544162034	-2.238544836407176	0.1534968794086001	12.5209999686975	15.464999845350002
344	5636096	10	6.0	4.898979485566356	10.0	0.0	10	9.0	3.0	10.0	0.0	-0.008344968811535087	-2.25829307214737	0.12426349185664953	11.802499970493749	25.880999741190003
348	5701632	10	5.0	5.0	10.0	0.0	10	8.0	4.0	10.0	0.0	-0.0074130282038376814	-2.2349561326361176	0.11005068076404217	12.213999969464998	17.869999821300002
352	5767168	10	6.0	4.898979485566356	10.0	0.0	10	9.0	3.0	10.0	0.0	-0.006723929939256072	-2.1909360361797248	0.19966042660580482	11.683249970791877	19.505999804940004
356	5832704	10	3.0	4.58257569495584	10.0	0.0	10	6.0	4.898979485566356	10.0	0.0	-0.0072147459181969775	-2.196988795965541	0.1982839486820831	11.235749971910625	30.269999697300005
360	5898240	10	4.0	4.898979485566356	10.0	0.0	10	9.0	3.0	10.0	0.0	-0.00863701632049692	-2.2209957786074397	0.1324441148373482	12.837749967905626	19.849999801500005
364	5963776	10	3.0	4.58257569495584	10.0	0.0	10	8.0	4.0	10.0	0.0	-0.008418398939922996	-2.179560648671246	0.1359600385819808	12.659749968350624	14.632999853670002
368	6029312	10	6.0	4.898979485566356	10.0	0.0	10	9.0	3.0	10.0	0.0	-0.00874083780733195	-2.139552098786485	0.1058968410251249	11.622749970943126	18.733999812660006
372	6094848	10	6.0	4.898979485566356	10.0	0.0	10	10.0	0.0	10.0	10.0	-0.007214847694292073	-2.1324022434914123	0.12878290201592804	13.062499967343749	14.997999850020001
376	6160384	10	9.0	3.0	10.0	0.0	10	6.0	4.898979485566356	10.0	0.0	-0.007829519836774669	-2.2077767672821857	0.16200973425545995	11.728749970678127	19.898999801010003
380	6225920	10	4.0	4.898979485566356	10.0	0.0	10	8.0	4.0	10.0	0.0	-0.008668532424363096	-2.242453100547057	0.12887134023298136	11.4489999713775	18.764999812350002
384	6291456	10	4.0	4.898979485566356	10.0	0.0	10	8.0	4.0	10.0	0.0	-0.007695667745597586	-2.242915754283282	0.1532901464801792	11.350749971623125	31.757999682420003
388	6356992	10	4.0	4.898979485566356	10.0	0.0	10	8.0	4.0	10.0	0.0	-0.007166231511151545	-2.2193076657923942	0.216882935159289	12.028749969928128	18.778999812210003
392	6422528	10	6.0	4.898979485566356	10.0	0.0	10	10.0	0.0	10.0	10.0	-0.007969534132905418	-2.2490629725298965	0.12720490839404275	12.71949996820125	15.754999842450003
396	6488064	10	7.0	4.58257569495584	10.0	0.0	10	8.0	4.0	10.0	0.0	-0.008292461926476102	-2.1729091155252394	0.16804358904672598	12.685999968285	12.34699987653
400	6553600	10	4.0	4.898979485566356	10.0	0.0	10	7.0	4.58257569495584	10.0	0.0	-0.007994684697906464	-2.217741429574741	0.19872402242487894	13.370249966574374	9.684999903150002
404	6619136	10	5.0	5.0	10.0	0.0	10	7.0	4.58257569495584	10.0	0.0	-0.007399025040121376	-2.2451226162558613	0.13952414876259348	13.833749965415628	10.798999892010002
408	6684672	10	9.0	3.0	10.0	0.0	10	8.0	4.0	10.0	0.0	-0.009156328326708991	-2.2583886109423545	0.13223284842466004	13.0489999673775	15.849999841500003
412	6750208	10	5.0	5.0	10.0	0.0	10	7.0	4.58257569495584	10.0	0.0	-0.007960980068451022	-2.2211770015628063	0.15370775028082984	13.367749966580627	22.469999775300003
416	6815744	10	4.0	4.898979485566356	10.0	0.0	10	8.0	4.0	10.0	0.0	-0.006774120400730204	-2.2733826535558883	0.14920830115829098	14.093499964766249	10.088999899110002
420	6881280	10	4.0	4.898979485566356	10.0	0.0	10	10.0	0.0	10.0	10.0	-0.007830999220856418	-2.1963142526842154	0.12768239169603737	13.621249965946875	19.91499980085
424	6946816	10	9.0	3.0	10.0	0.0	10	7.0	4.58257569495584	10.0	0.0	-0.006293829231507654	-2.237391032045476	0.15374786932903364	12.840249967899375	22.635999773640002
428	7012352	10	6.0	4.898979485566356	10.0	0.0	10	8.0	4.0	10.0	0.0	-0.008015787972679935	-2.215038992233809	0.1640854520397081	13.0089999674775	9.427999905720002
432	7077888	10	8.0	4.0	10.0	0.0	10	10.0	0.0	10.0	10.0	-0.00656507847626449	-2.2569442587726734	0.1463423689364442	14.133249964666875	2.83599997164
436	7143424	10	5.0	5.0	10.0	0.0	10	8.0	4.0	10.0	0.0	-0.0075481858867856196	-2.2403540782780267	0.19139118715679265	11.94949997012625	22.065999779340004
440	7208960	10	6.0	4.898979485566356	10.0	0.0	10	6.0	4.898979485566356	10.0	0.0	-0.008015459919153698	-2.2523019708830403	0.21608628221709697	12.422249968944376	27.512999724870006
444	7274496	10	6.0	4.898979485566356	10.0	0.0	10	9.0	3.0	10.0	0.0	-0.006990858614880671	-2.2435972042528207	0.21085004296751395	11.609999970975	22.641999773580004
448	7340032	10	7.0	4.58257569495584	10.0	0.0	10	9.0	3.0	10.0	0.0	-0.008363320054779367	-2.327458130574175	0.21617720987879452	11.3789999715525	19.831999801680006
452	7405568	10	6.0	4.898979485566356	10.0	0.0	10	8.0	4.0	10.0	0.0	-0.008327025979918246	-2.2877296182117006	0.12887066217193943	11.455749971360625	16.419999835800006
456	7471104	10	4.0	4.898979485566356	10.0	0.0	10	7.0	4.58257569495584	10.0	0.0	-0.008079858699670324	-2.2899356730380482	0.1318833756433636	12.16449996958875	16.535999834640005
460	7536640	10	4.0	4.898979485566356	10.0	0.0	10	5.0	5.0	10.0	0.0	-0.007968457397892675	-2.3133349863265247	0.1881406899190416	12.303749969240624	15.290999847090003
464	7602176	10	3.0	4.58257569495584	10.0	0.0	10	6.0	4.898979485566356	10.0	0.0	-0.008407215465653069	-2.326221989846307	0.15296871880959476	13.649249965876876	26.333999736660004
468	7667712	10	5.0	5.0	10.0	0.0	10	8.0	4.0	10.0	0.0	-0.008765451805626136	-2.309586594261549	0.14516239918342838	12.258999969352498	18.62099981379
472	7733248	10	7.0	4.58257569495584	10.0	0.0	10	8.0	4.0	10.0	0.0	-0.008084071300867536	-2.3363786163479214	0.12997444504294164	11.928249970179374	18.5399998146
476	7798784	10	7.0	4.58257569495584	10.0	0.0	10	8.0	4.0	10.0	0.0	-0.007229728836899656	-2.3608123831475285	0.1450714488595482	12.767499968081252	14.612999853870003
480	7864320	10	5.0	5.0	10.0	0.0	10	7.0	4.58257569495584	10.0	0.0	-0.008274488562515794	-2.2948223573559225	0.1592282217295753	12.809249967976877	14.315999856840003
484	7929856	10	5.0	5.0	10.0	0.0	10	8.0	4.0	10.0	0.0	-0.007538223041716836	-2.2837451644346434	0.1420550813440029	12.128249969679377	28.253999717460005
488	7995392	10	7.0	4.58257569495584	10.0	0.0	10	9.0	3.0	10.0	0.0	-0.007905490875080337	-2.263379747433133	0.16596376296577098	13.2669999668325	16.471999835280005
492	8060928	10	6.0	4.898979485566356	10.0	0.0	10	5.0	5.0	10.0	0.0	-0.0074069807152697285	-2.303672214109145	0.1135498319905869	12.8049999679875	22.436999775630003
496	8126464	10	8.0	4.0	10.0	0.0	10	8.0	4.0	10.0	0.0	-0.0083327840830367	-2.2375859491679786	0.18038629397112638	12.928749967678124	14.268999857310002
500	8192000	10	6.0	4.898979485566356	10.0	0.0	10	8.0	4.0	10.0	0.0	-0.007202584412129972	-2.3595538782602374	0.09829671027977549	12.535749968660625	25.96099974039
504	8257536	10	9.0	3.0	10.0	0.0	10	8.0	4.0	10.0	0.0	-0.007489238173677439	-2.297702016690441	0.1462444020282876	12.141749969645623	18.53699981463
508	8323072	10	9.0	3.0	10.0	0.0	10	6.0	4.898979485566356	10.0	0.0	-0.007058095279588347	-2.3417250362579547	0.1480814278902834	11.641999970895	29.275999707240004
512	8388608	10	5.0	5.0	10.0	0.0	10	7.0	4.58257569495584	10.0	0.0	-0.00821841231093039	-2.3483490196404433	0.15074178811610348	13.332249966669375	24.958999750410005
516	8454144	10	8.0	4.0	10.0	0.0	10	7.0	4.58257569495584	10.0	0.0	-0.007392771934203926	-2.3168224391908083	0.20129440094110146	13.779249965551877	24.516999754830003
520	8519680	10	7.0	4.58257569495584	10.0	0.0	10	7.0	4.58257569495584	10.0	0.0	-0.008847069520610047	-2.3078737430353975	0.15829951337752352	11.316249971709373	24.84199975158
524	8585216	10	6.0	4.898979485566356	10.0	0.0	10	7.0	4.58257569495584	10.0	0.0	-0.008419849673708983	-2.2892603921492434	0.15725173729696468	12.396999969007501	15.582999844170002
528	8650752	10	5.0	5.0	10.0	0.0	10	9.0	3.0	10.0	0.0	-0.007348493344723791	-2.3141769416703193	0.14290146497141887	13.116249967209374	17.029999829700003
532	8716288	10	4.0	4.898979485566356	10.0	0.0	10	8.0	4.0	10.0	0.0	-0.007394816218784144	-2.2900594992040295	0.13363140307837498	13.190249967024375	12.279999877200002
536	8781824	10	5.0	5.0	10.0	0.0	10	8.0	4.0	10.0	0.0	-0.007533725449748523	-2.315404529131663	0.1147657216717461	12.0549999698625	16.773999832260003
540	8847360	10	7.0	4.58257569495584	10.0	0.0	10	7.0	4.58257569495584	10.0	0.0	-0.0086259137354731	-2.318243105964774	0.10518787578980897	13.304499966738751	15.244999847550002
544	8912896	10	3.0	4.58257569495584	10.0	0.0	10	9.0	3.0	10.0	0.0	-0.007245855872045874	-2.3539618201585304	0.10611225729478976	13.300249966749375	12.619999873800001
548	8978432	10	5.0	5.0	10.0	0.0	10	10.0	0.0	10.0	10.0	-0.00848329219694435	-2.3272647358536407	0.09951190208018426	12.91149996772125	14.070999859290001
552	9043968	10	8.0	4.0	10.0	0.0	10	9.0	3.0	10.0	0.0	-0.0070287778355077315	-2.295170627295309	0.1628299042956169	11.91149997022125	27.996999720030004
556	9109504	10	5.0	5.0	10.0	0.0	10	8.0	4.0	10.0	0.0	-0.007569929815690251	-2.36923359558142	0.13229765241053212	12.254249969364375	29.392999706070004
560	9175040	10	5.0	5.0	10.0	0.0	10	9.0	3.0	10.0	0.0	-0.007395815848048737	-2.335856069877811	0.1325070090298659	12.91349996771625	17.250999827490006
564	9240576	10	4.0	4.898979485566356	10.0	0.0	10	10.0	0.0	10.0	10.0	-0.0070191109133363625	-2.317469094948963	0.13148923542843496	12.183999969540002	17.987999820120002
568	9306112	10	5.0	5.0	10.0	0.0	10	9.0	3.0	10.0	0.0	-0.007443351274997283	-2.358297377579127	0.16442358546419336	12.131749969670626	18.160999818390003
572	9371648	10	5.0	5.0	10.0	0.0	10	8.0	4.0	10.0	0.0	-0.008028126633762912	-2.3894823042049453	0.0953106035689572	11.139749972150625	18.67699981323
576	9437184	10	6.0	4.898979485566356	10.0	0.0	10	7.0	4.58257569495584	10.0	0.0	-0.006785384242802611	-2.302873226263648	0.13300587053111773	11.478749971303126	33.83999966160001
580	9502720	10	5.0	5.0	10.0	0.0	10	6.0	4.898979485566356	10.0	0.0	-0.008640915195741098	-2.2631446443624217	0.19378170221577634	11.713749970715627	27.236999727630003
584	9568256	10	7.0	4.58257569495584	10.0	0.0	10	10.0	0.0	10.0	10.0	-0.00819596297187184	-2.2988561886141174	0.19259666610676027	14.263749964340626	4.016999959830001
588	9633792	10	6.0	4.898979485566356	10.0	0.0	10	7.0	4.58257569495584	10.0	0.0	-0.007913153125410056	-2.304884356516913	0.14168574306414095	11.757249970606876	28.667999713320004
592	9699328	10	7.0	4.58257569495584	10.0	0.0	10	8.0	4.0	10.0	0.0	-0.007020501310031181	-2.343737445527555	0.11597220806050616	12.41049996897375	25.060999749390003
596	9764864	10	3.0	4.58257569495584	10.0	0.0	10	9.0	3.0	10.0	0.0	-0.00678077301735361	-2.382995627572263	0.12645761865270877	13.4069999664825	12.098999879010002
600	9830400	10	6.0	4.898979485566356	10.0	0.0	10	10.0	0.0	10.0	10.0	-0.007121505925640748	-2.39930802310349	0.13181205806501556	12.595249968511876	14.155999858440003
604	9895936	10	6.0	4.898979485566356	10.0	0.0	10	8.0	4.0	10.0	0.0	-0.007539051814519432	-2.3631496228299596	0.13346085808557084	13.203499966991249	14.736999852630003
608	9961472	10	6.0	4.898979485566356	10.0	0.0	10	6.0	4.898979485566356	10.0	0.0	-0.008502123384180682	-2.3297254887776675	0.12804966476809035	11.514999971212498	24.057999759420003
612	10027008	10	8.0	4.0	10.0	0.0	10	7.0	4.58257569495584	10.0	0.0	-0.00668967511279984	-2.2889343547423557	0.14811918176719902	11.157999972105001	29.083999709160004
616	10092544	10	6.0	4.898979485566356	10.0	0.0	10	6.0	4.898979485566356	10.0	0.0	-0.007495787622072526	-2.283690954010226	0.1804021359621445	12.081249969796874	19.432999805670004
620	10158080	10	6.0	4.898979485566356	10.0	0.0	10	7.0	4.58257569495584	10.0	0.0	-0.008341857738176185	-2.3235926501516038	0.20421017587851684	11.490499971273751	19.945999800540005
624	10223616	10	7.0	4.58257569495584	10.0	0.0	10	8.0	4.0	10.0	0.0	-0.008040046328229272	-2.373390902828308	0.0889931091616206	12.289749969275626	9.079999909200001
628	10289152	10	6.0	4.898979485566356	10.0	0.0	10	7.0	4.58257569495584	10.0	0.0	-0.007006698818438513	-2.348100557678723	0.18204558149877798	10.90749997273125	30.769999692300004
632	10354688	10	7.0	4.58257569495584	10.0	0.0	10	7.0	4.58257569495584	10.0	0.0	-0.007046106408954976	-2.2950243748817334	0.14397467760576868	12.461999968845	28.156999718430004
636	10420224	10	5.0	5.0	10.0	0.0	10	10.0	0.0	10.0	10.0	-0.006658988914360327	-2.3550464210441264	0.12883877686900672	14.032999964917499	13.626999863730003
640	10485760	10	5.0	5.0	10.0	0.0	10	7.0	4.58257569495584	10.0	0.0	-0.007127938660399758	-2.282389347514186	0.13645625128541541	12.447749968880624	27.038999729610005
644	10551296	10	5.0	5.0	10.0	0.0	10	7.0	4.58257569495584	10.0	0.0	-0.008000578443064727	-2.3304284063534304	0.13525060739433933	13.4069999664825	17.73699982263
648	10616832	10	7.0	4.58257569495584	10.0	0.0	10	9.0	3.0	10.0	0.0	-0.007539342719431412	-2.3047355162683436	0.16186184750658403	13.447749966380625	16.571999834280003
652	10682368	10	6.0	4.898979485566356	10.0	0.0	10	7.0	4.58257569495584	10.0	0.0	-0.007055049323624766	-2.3453426085452964	0.15216790293310486	10.901249972746877	22.951999770480004
656	10747904	10	4.0	4.898979485566356	10.0	0.0	10	8.0	4.0	10.0	0.0	-0.007270126862295608	-2.3241303486191205	0.15480291096743715	13.20449996698875	33.72499966275001
660	10813440	10	3.0	4.58257569495584	10.0	0.0	10	6.0	4.898979485566356	10.0	0.0	-0.007548049016321634	-2.355159411582394	0.10969900129151565	11.4149999714625	30.686999693130005
664	10878976	10	8.0	4.0	10.0	0.0	10	10.0	0.0	10.0	10.0	-0.007470472524629308	-2.334050846353428	0.1549584138977045	10.812749972968126	16.377999836220003
668	10944512	10	5.0	5.0	10.0	0.0	10	8.0	4.0	10.0	0.0	-0.007251472245573317	-2.3494734836157556	0.13674564724139737	12.821249967946876	16.655999833440003
672	11010048	10	5.0	5.0	10.0	0.0	10	7.0	4.58257569495584	10.0	0.0	-0.006780675943952452	-2.333782737210676	0.13057619958609526	12.264249969339376	15.709999842900004
676	11075584	10	3.0	4.58257569495584	10.0	0.0	10	9.0	3.0	10.0	0.0	-0.007465648347665538	-2.2410390250533916	0.14982327437019832	12.69349996826625	28.674999713250006
680	11141120	10	5.0	5.0	10.0	0.0	10	9.0	3.0	10.0	0.0	-0.00797908238905875	-2.357599427057095	0.19146762766898737	13.031749967420627	12.842999871570003
684	11206656	10	4.0	4.898979485566356	10.0	0.0	10	9.0	3.0	10.0	0.0	-0.007940516243637726	-2.351854937526971	0.12456095029156167	12.511499968721248	17.058999829410002
688	11272192	10	5.0	5.0	10.0	0.0	10	8.0	4.0	10.0	0.0	-0.0058955388564373625	-2.337563117101678	0.11015581237556966	11.03849997240375	16.56299983437
692	11337728	10	5.0	5.0	10.0	0.0	10	10.0	0.0	10.0	10.0	-0.006969541948396995	-2.294232522208921	0.18224103630484703	12.104749969738124	16.83399983166
696	11403264	10	2.0	4.0	10.0	0.0	10	9.0	3.0	10.0	0.0	-0.007167435072168787	-2.3425975340151397	0.18604888765066002	11.773999970564999	19.645999803540004
700	11468800	10	7.0	4.58257569495584	10.0	0.0	10	9.0	3.0	10.0	0.0	-0.007931970384038199	-2.3305512962297836	0.19007271557308178	11.23949997190125	28.624999713750004
704	11534336	10	5.0	5.0	10.0	0.0	10	9.0	3.0	10.0	0.0	-0.008001471010251017	-2.3227883276904007	0.1667120509296844	10.540499973648751	33.802999661970006
708	11599872	10	8.0	4.0	10.0	0.0	10	9.0	3.0	10.0	0.0	-0.007003097846364882	-2.326965783790747	0.13295217167442933	11.020999972447502	6.69599993304
712	11665408	10	5.0	5.0	10.0	0.0	10	9.0	3.0	10.0	0.0	-0.008250631490580751	-2.3241452770991082	0.18645014441182142	12.75649996810875	28.970999710290005
716	11730944	10	7.0	4.58257569495584	10.0	0.0	10	9.0	3.0	10.0	0.0	-0.007715881515150262	-2.295614798624602	0.12182898302069584	10.93249997266875	20.08299979917
720	11796480	10	4.0	4.898979485566356	10.0	0.0	10	9.0	3.0	10.0	0.0	-0.0070087792427001964	-2.3209560858772496	0.165439373330675	11.430749971423126	33.74299966257001
724	11862016	10	5.0	5.0	10.0	0.0	10	9.0	3.0	10.0	0.0	-0.008516331922714565	-2.3193597890504174	0.21647254258933285	11.503249971241877	21.394999786050004
728	11927552	10	6.0	4.898979485566356	10.0	0.0	10	7.0	4.58257569495584	10.0	0.0	-0.007543193641264278	-2.30137391861149	0.14122833085017017	11.102249972244376	31.552999684470006
732	11993088	10	6.0	4.898979485566356	10.0	0.0	10	9.0	3.0	10.0	0.0	-0.00769431160896185	-2.3431558333380043	0.1537314945050876	11.747499970631251	14.802999851970004
736	12058624	10	2.0	4.0	10.0	0.0	10	9.0	3.0	10.0	0.0	-0.0067351202080577505	-2.344111641003889	0.13935601593406247	13.097499967256251	9.925999900740003
740	12124160	10	4.0	4.898979485566356	10.0	0.0	10	7.0	4.58257569495584	10.0	0.0	-0.0074113698324113015	-2.3174091103245833	0.13861665624923009	13.445249966386873	13.830999861690001
744	12189696	10	7.0	4.58257569495584	10.0	0.0	10	10.0	0.0	10.0	10.0	-0.007535429820991596	-2.3035716561063655	0.14519509271913536	13.279249966801874	13.855999861440003
748	12255232	10	7.0	4.58257569495584	10.0	0.0	10	8.0	4.0	10.0	0.0	-0.007685085859629732	-2.261258117619047	0.15424721950300135	11.968249970079375	14.975999850240003
752	12320768	10	5.0	5.0	10.0	0.0	10	7.0	4.58257569495584	10.0	0.0	-0.0071787092424630255	-2.2975602495263847	0.16332462893960292	12.703749968240624	2.3099999769000004
756	12386304	10	6.0	4.898979485566356	10.0	0.0	10	6.0	4.898979485566356	10.0	0.0	-0.0074833919271831365	-2.32251382346597	0.140880532315227	11.977249970056874	21.33399978666
760	12451840	10	7.0	4.58257569495584	10.0	0.0	10	9.0	3.0	10.0	0.0	-0.007433082412852555	-2.2881602841218998	0.16478672602515254	11.541249971146875	5.295999947040001
764	12517376	10	5.0	5.0	10.0	0.0	10	8.0	4.0	10.0	0.0	-0.0065805752206685095	-2.2976256904592876	0.12685835336876206	12.7209999681975	25.81299974187
768	12582912	10	8.0	4.0	10.0	0.0	10	7.0	4.58257569495584	10.0	0.0	-0.00720406776403394	-2.325636160628139	0.15089511966778835	12.730749968173125	20.977999790220004
772	12648448	10	5.0	5.0	10.0	0.0	10	8.0	4.0	10.0	0.0	-0.0071940015154808735	-2.3219784967666097	0.1048809191452053	12.86799996783	14.836999851630003
776	12713984	10	6.0	4.898979485566356	10.0	0.0	10	9.0	3.0	10.0	0.0	-0.007109259972384363	-2.3490649980839913	0.11739819390873353	12.575999968560001	12.440999875590002
780	12779520	10	8.0	4.0	10.0	0.0	10	6.0	4.898979485566356	10.0	0.0	-0.006672564733194826	-2.226841486758489	0.195278619938988	14.014999964962499	5.152999948470001
784	12845056	10	6.0	4.898979485566356	10.0	0.0	10	9.0	3.0	10.0	0.0	-0.0062106538698165825	-2.3053863145493096	0.18106668060311554	12.622249968444377	15.135999848640001
788	12910592	10	3.0	4.58257569495584	10.0	0.0	10	9.0	3.0	10.0	0.0	-0.007188224366330706	-2.2304441752693265	0.14114447409989925	11.427499971431251	20.064999799350005
792	12976128	10	8.0	4.0	10.0	0.0	10	6.0	4.898979485566356	10.0	0.0	-0.006967649464545785	-2.264378212156457	0.1231182579909415	11.572249971069374	17.044999829550004
796	13041664	10	6.0	4.898979485566356	10.0	0.0	10	8.0	4.0	10.0	0.0	-0.0065880067067265605	-2.2926946975386078	0.21698595243574167	12.2129999694675	7.014999929850001
800	13107200	10	8.0	4.0	10.0	0.0	10	8.0	4.0	10.0	0.0	-0.006618606891220486	-2.3060950659296795	0.1399766288086249	12.54799996863	23.616999763830005
804	13172736	10	6.0	4.898979485566356	10.0	0.0	10	9.0	3.0	10.0	0.0	-0.007328377635677191	-2.306239234664215	0.1791160190291388	13.409999966475	15.395999846040004
808	13238272	10	7.0	4.58257569495584	10.0	0.0	10	8.0	4.0	10.0	0.0	-0.0077411239924732	-2.2917385545965967	0.12436871369005142	12.960999967597498	13.468999865310002
812	13303808	10	7.0	4.58257569495584	10.0	0.0	10	9.0	3.0	10.0	0.0	-0.007617774753387054	-2.3153642786117556	0.11234057910811923	13.27449996681375	4.249999957500001
816	13369344	10	6.0	4.898979485566356	10.0	0.0	10	7.0	4.58257569495584	10.0	0.0	-0.007232513130024904	-2.252060738468025	0.1941305982367634	11.795749970510627	15.886999841130002
820	13434880	10	3.0	4.58257569495584	10.0	0.0	10	7.0	4.58257569495584	10.0	0.0	-0.0071173961422132314	-2.3103533086754298	0.18874435605998705	11.006249972484376	34.310999656890004
824	13500416	10	5.0	5.0	10.0	0.0	10	7.0	4.58257569495584	10.0	0.0	-0.007496517065927102	-2.317961858964904	0.14338966527391422	10.295999974259999	22.163999778360004
828	13565952	10	8.0	4.0	10.0	0.0	10	6.0	4.898979485566356	10.0	0.0	-0.007254418945348455	-2.3114163202619853	0.1038906507202238	10.871249972821875	34.59599965404
832	13631488	10	7.0	4.58257569495584	10.0	0.0	10	10.0	0.0	10.0	10.0	-0.0065914409708466935	-2.375697339327027	0.14269056088201731	11.660999970847502	19.880999801190004
836	13697024	10	5.0	5.0	10.0	0.0	10	8.0	4.0	10.0	0.0	-0.008155716904850643	-2.36635438079821	0.09822559937742878	13.142999967142499	22.014999779850005
840	13762560	10	6.0	4.898979485566356	10.0	0.0	10	7.0	4.58257569495584	10.0	0.0	-0.006192057193970087	-2.308084221937239	0.16688670507290776	12.281749969295626	23.440999765590004
844	13828096	10	6.0	4.898979485566356	10.0	0.0	10	4.0	4.898979485566356	10.0	0.0	-0.007443198855811878	-2.285358202716075	0.10984273354620451	12.556999968607501	6.592999934070001
848	13893632	10	3.0	4.58257569495584	10.0	0.0	10	9.0	3.0	10.0	0.0	-0.0067262377311298775	-2.334422220543243	0.1573046987401996	11.096499972258751	17.891999821080002
852	13959168	10	7.0	4.58257569495584	10.0	0.0	10	7.0	4.58257569495584	10.0	0.0	-0.007421698318603352	-2.3191568724878815	0.12599680462781415	11.926249970184374	31.939999680600007
856	14024704	10	5.0	5.0	10.0	0.0	10	9.0	3.0	10.0	0.0	-0.006906574705264853	-2.3212266934480286	0.14267097171462065	11.2669999718325	21.284999787150003
860	14090240	10	2.0	4.0	10.0	0.0	10	9.0	3.0	10.0	0.0	-0.00713214406688755	-2.2944527737889775	0.11956151131226427	10.504749973738127	24.141999758580003
864	14155776	10	7.0	4.58257569495584	10.0	0.0	10	8.0	4.0	10.0	0.0	-0.006862062329565322	-2.282957955957069	0.10992412623037136	11.917999970204999	7.193999928060001
868	14221312	10	6.0	4.898979485566356	10.0	0.0	10	8.0	4.0	10.0	0.0	-0.007557232810056834	-2.297030451157827	0.15163050776630677	12.502749968743124	13.591999864080003
872	14286848	10	7.0	4.58257569495584	10.0	0.0	10	7.0	4.58257569495584	10.0	0.0	-0.0069899598037100885	-2.2971777392021053	0.09644561005760549	12.897749967755626	12.918999870810003
876	14352384	10	6.0	4.898979485566356	10.0	0.0	10	6.0	4.898979485566356	10.0	0.0	-0.006444255267762785	-2.2815293692159297	0.10517477010212503	13.962749965093126	11.953999880460003
880	14417920	10	9.0	3.0	10.0	0.0	10	7.0	4.58257569495584	10.0	0.0	-0.0053228929846746015	-2.3314938493127872	0.18389303483636915	14.880749962798124	27.156999728430005
884	14483456	10	9.0	3.0	10.0	0.0	10	9.0	3.0	10.0	0.0	-0.007579813642646693	-2.348034394039502	0.12727223184030953	11.873249970316875	15.531999844680003
888	14548992	10	9.0	3.0	10.0	0.0	10	9.0	3.0	10.0	0.0	-0.007046772593208742	-2.3175963409314377	0.10263192406174491	12.85349996786625	10.659999893400002
892	14614528	10	7.0	4.58257569495584	10.0	0.0	10	10.0	0.0	10.0	10.0	-0.007961096203648469	-2.3187229183881124	0.11448627315278002	13.948749965128126	9.716999902830002
896	14680064	10	6.0	4.898979485566356	10.0	0.0	10	8.0	4.0	10.0	0.0	-0.0067644346896109575	-2.311985234178673	0.09272868544216746	13.494249966264377	26.738999732610004
900	14745600	10	8.0	4.0	10.0	0.0	10	10.0	0.0	10.0	10.0	-0.005475177255635797	-2.332525491471506	0.09355897903631963	12.715249968211877	12.541999874580002
904	14811136	10	5.0	5.0	10.0	0.0	10	9.0	3.0	10.0	0.0	-0.0066308971671853335	-2.3184593789347923	0.09015076055494149	13.597749966005626	12.35699987643
908	14876672	10	7.0	4.58257569495584	10.0	0.0	10	9.0	3.0	10.0	0.0	-0.006835521074405834	-2.303878615059873	0.14439462620502622	13.309999966725002	13.461999865380001
912	14942208	10	6.0	4.898979485566356	10.0	0.0	10	8.0	4.0	10.0	0.0	-0.006356308883616289	-2.3159060103269016	0.10993327063449736	13.898249965254376	1.6919999830800003
916	15007744	10	6.0	4.898979485566356	10.0	0.0	10	6.0	4.898979485566356	10.0	0.0	-0.005220027705401787	-2.3134666579538736	0.10869396934705734	11.812999970467501	29.297999707020004
920	15073280	10	9.0	3.0	10.0	0.0	10	8.0	4.0	10.0	0.0	-0.008032026297235829	-2.3479635315674523	0.0775121377680889	11.950999970122501	1.2009999879900002
924	15138816	10	8.0	4.0	10.0	0.0	10	10.0	0.0	10.0	10.0	-0.006974923428546824	-2.356999285273602	0.10588504166287085	12.33049996917375	16.86499983135
928	15204352	10	6.0	4.898979485566356	10.0	0.0	10	5.0	5.0	10.0	0.0	-0.005544117571266741	-2.3132108348185243	0.10577185509090276	12.518749968703125	16.664999833350002
932	15269888	10	6.0	4.898979485566356	10.0	0.0	10	9.0	3.0	10.0	0.0	-0.006473936234450342	-2.282916858554501	0.09260407902189444	12.71349996821625	27.097999729020003
936	15335424	10	5.0	5.0	10.0	0.0	10	10.0	0.0	10.0	10.0	-0.0053740098198594155	-2.2145670103706774	0.1395248430247677	14.004749964988127	13.668999863310002
940	15400960	10	6.0	4.898979485566356	10.0	0.0	10	7.0	4.58257569495584	10.0	0.0	-0.005804981232966815	-2.238495821520961	0.1512455812226206	12.480999968797502	15.127999848720002
944	15466496	10	5.0	5.0	10.0	0.0	10	9.0	3.0	10.0	0.0	-0.005782471584708266	-2.2327933259466035	0.11094033614119968	11.857749970355625	18.039999819600002
948	15532032	10	6.0	4.898979485566356	10.0	0.0	10	9.0	3.0	10.0	0.0	-0.006969200794509076	-2.2230381565957242	0.1252376688513834	11.28149997179625	17.51399982486
952	15597568	10	8.0	4.0	10.0	0.0	10	8.0	4.0	10.0	0.0	-0.0062780556866354875	-2.31101807182796	0.15378592658427792	12.3599999691	17.7899998221
956	15663104	10	9.0	3.0	10.0	0.0	10	7.0	4.58257569495584	10.0	0.0	-0.005701400215318248	-2.280166513980336	0.12412434787903935	12.42799996893	12.400999875990001
960	15728640	10	8.0	4.0	10.0	0.0	10	9.0	3.0	10.0	0.0	-0.007090046587583212	-2.266325076185026	0.18160011834746384	13.40549996648625	3.6889999631100006
964	15794176	10	7.0	4.58257569495584	10.0	0.0	10	9.0	3.0	10.0	0.0	-0.006624235103943625	-2.2231549121607195	0.1159772070120351	12.791749968020625	13.145999868540002
968	15859712	10	6.0	4.898979485566356	10.0	0.0	10	9.0	3.0	10.0	0.0	-0.005671702687338504	-2.2076599521125453	0.15916083402205086	11.634249970914375	20.443999795560003
972	15925248	10	10.0	0.0	10.0	10.0	10	9.0	3.0	10.0	0.0	-0.00595761256831883	-2.2147896610376856	0.18402183240225306	13.444999966387499	13.911999860880004
976	15990784	10	6.0	4.898979485566356	10.0	0.0	10	9.0	3.0	10.0	0.0	-0.006737394454128979	-2.224999136990996	0.17544701305563554	12.443749968890625	21.720999782790003
980	16056320	10	7.0	4.58257569495584	10.0	0.0	10	9.0	3.0	10.0	0.0	-0.006511032138030358	-2.1715086298905817	0.1282575278370529	12.470749968823124	23.755999762440005
984	16121856	10	5.0	5.0	10.0	0.0	10	8.0	4.0	10.0	0.0	-0.006772416291421606	-2.209490192203043	0.13859262187918525	12.413999968965	2.9289999707100005
988	16187392	10	6.0	4.898979485566356	10.0	0.0	10	6.0	4.898979485566356	10.0	0.0	-0.006351836818132604	-2.1527707301321284	0.17912951288431078	13.841749965395627	17.48199982518
992	16252928	10	6.0	4.898979485566356	10.0	0.0	10	8.0	4.0	10.0	0.0	-0.0067620790959082916	-2.1706461134278685	0.14079192089157738	13.583749966040626	12.606999873930002
996	16318464	10	3.0	4.58257569495584	10.0	0.0	10	4.0	4.898979485566356	10.0	0.0	-0.005702684395158507	-2.2122264129599243	0.1494920008349663	12.561499968596252	26.307999736920003
1000	16384000	10	5.0	5.0	10.0	0.0	10	7.0	4.58257569495584	10.0	0.0	-0.007289353616668872	-2.149324618056046	0.1080969958065477	12.883749967790626	26.360999736390006
1004	16449536	10	5.0	5.0	10.0	0.0	10	9.0	3.0	10.0	0.0	-0.007343284086490671	-2.1908220124942814	0.19658735811525216	12.774499968063752	25.830999741690004
1008	16515072	10	6.0	4.898979485566356	10.0	0.0	10	9.0	3.0	10.0	0.0	-0.005986854164179304	-2.18760029203754	0.17863675026535347	12.16349996959125	17.147999828520003
1012	16580608	10	8.0	4.0	10.0	0.0	10	8.0	4.0	10.0	0.0	-0.006008843142485717	-2.1263981583486307	0.18452732325161586	13.119249967201876	19.608999803910006
1016	16646144	10	7.0	4.58257569495584	10.0	0.0	10	9.0	3.0	10.0	0.0	-0.0064041656944632585	-2.203532889255824	0.17968226831552528	12.098499969753751	18.972999810270004
1020	16711680	10	5.0	5.0	10.0	0.0	10	5.0	5.0	10.0	0.0	-0.006427392037885985	-2.1636745033394518	0.22654770708145672	11.851749970370626	19.947999800520005
1024	16777216	10	6.0	4.898979485566356	10.0	0.0	10	10.0	0.0	10.0	10.0	-0.0068451379028216935	-2.2523953390755445	0.1593472973743242	11.881249970296874	15.507999844920002
1028	16842752	10	6.0	4.898979485566356	10.0	0.0	10	8.0	4.0	10.0	0.0	-0.007503010335440796	-2.1700303477768657	0.20855181883245133	12.375999969060002	30.622999693770005
1032	16908288	10	4.0	4.898979485566356	10.0	0.0	10	9.0	3.0	10.0	0.0	-0.006509629184245358	-2.1881809530363006	0.15878381306824615	11.421249971446876	15.681999843180003
1036	16973824	10	6.0	4.898979485566356	10.0	0.0	10	8.0	4.0	10.0	0.0	-0.00670210732572049	-2.195570659905451	0.10532871081638383	12.308249969229376	14.663999853360002
1040	17039360	10	5.0	5.0	10.0	0.0	10	8.0	4.0	10.0	0.0	-0.006547209193665183	-2.2432899646607773	0.1389383972322506	12.036749969908128	17.356999826430002
1044	17104896	10	4.0	4.898979485566356	10.0	0.0	10	10.0	0.0	10.0	10.0	-0.006441080047136245	-2.2211907081475766	0.1473261513981861	12.24949996937625	17.849999821500003
1048	17170432	10	3.0	4.58257569495584	10.0	0.0	10	6.0	4.898979485566356	10.0	0.0	-0.006833235882869035	-2.2834713034436707	0.11610158500604417	11.896249970259376	21.485999785140002
1052	17235968	10	8.0	4.0	10.0	0.0	10	8.0	4.0	10.0	0.0	-0.0074911805269421315	-2.2073121714279518	0.18007168218480357	12.393749969015627	16.078999839210002
1056	17301504	10	6.0	4.898979485566356	10.0	0.0	10	7.0	4.58257569495584	10.0	0.0	-0.006974884483983698	-2.240465109313597	0.10248802209291939	12.84949996787625	32.307999676920005
1060	17367040	10	7.0	4.58257569495584	10.0	0.0	10	8.0	4.0	10.0	0.0	-0.006821039069005052	-2.2417993990231855	0.13527442373788898	12.105499969736249	18.233999817660006
1064	17432576	10	7.0	4.58257569495584	10.0	0.0	10	7.0	4.58257569495584	10.0	0.0	-0.006673662478747836	-2.2164472910439854	0.15420980129026365	12.48799996878	16.921999830780003
1068	17498112	10	6.0	4.898979485566356	10.0	0.0	10	6.0	4.898979485566356	10.0	0.0	-0.0061706335175524705	-2.2670458105825215	0.13502447080633703	14.443999963889999	19.663999803360003
1072	17563648	10	6.0	4.898979485566356	10.0	0.0	10	9.0	3.0	10.0	0.0	-0.007926249252485699	-2.229763773348125	0.14588877434952427	11.243749971890628	13.825999861740003
1076	17629184	10	3.0	4.58257569495584	10.0	0.0	10	8.0	4.0	10.0	0.0	-0.006250929392339517	-2.172501904042757	0.09900953677848537	12.962749967593124	14.814999851850002
1080	17694720	10	5.0	5.0	10.0	0.0	10	10.0	0.0	10.0	10.0	-0.006570063485845986	-2.2622839532919548	0.13106731122236112	12.11649996970875	18.692999813070003
1084	17760256	10	6.0	4.898979485566356	10.0	0.0	10	10.0	0.0	10.0	10.0	-0.007001930895541031	-2.245757296447471	0.13472160140666953	12.049999969875001	14.945999850540002
1088	17825792	10	6.0	4.898979485566356	10.0	0.0	10	7.0	4.58257569495584	10.0	0.0	-0.006919068153857438	-2.2182058416479866	0.16434709594114816	12.13999996965	14.536999854630004
1092	17891328	10	8.0	4.0	10.0	0.0	10	9.0	3.0	10.0	0.0	-0.00645173274514891	-2.2939309698933994	0.11504027944722488	12.775249968061875	15.905999840940003
1096	17956864	10	4.0	4.898979485566356	10.0	0.0	10	8.0	4.0	10.0	0.0	-0.007005971690763777	-2.2765833484741873	0.10816711875026583	12.113999969715	13.207999867920002
1100	18022400	10	4.0	4.898979485566356	10.0	0.0	10	10.0	0.0	10.0	10.0	-0.006149277885890455	-2.258876075111965	0.12139990152302661	12.932749967668125	12.268999877310002
1104	18087936	10	4.0	4.898979485566356	10.0	0.0	10	8.0	4.0	10.0	0.0	-0.005672930302671616	-2.321889901912741	0.10429473367675036	14.027749964930626	26.700999732990006
1108	18153472	10	4.0	4.898979485566356	10.0	0.0	10	9.0	3.0	10.0	0.0	-0.007649678098269332	-2.2811679788041133	0.17448459625910118	13.056749967358126	17.667999823320002
1112	18219008	10	6.0	4.898979485566356	10.0	0.0	10	9.0	3.0	10.0	0.0	-0.0073569926139414	-2.2285649202926137	0.1455936177947704	11.555249971111877	29.099999709000006
1116	18284544	10	7.0	4.58257569495584	10.0	0.0	10	9.0	3.0	10.0	0.0	-0.006726521985816599	-2.274056409559198	0.16611002129712535	12.117749969705624	16.90699983093
1120	18350080	10	6.0	4.898979485566356	10.0	0.0	10	9.0	3.0	10.0	0.0	-0.006244605602919172	-2.1900440477037004	0.1247238397157905	12.209249969476874	4.106999958930001
1124	18415616	10	5.0	5.0	10.0	0.0	10	9.0	3.0	10.0	0.0	-0.005573799959191351	-2.2340515601294664	0.10406267226676219	13.73199996567	14.999999850000002
1128	18481152	10	5.0	5.0	10.0	0.0	10	9.0	3.0	10.0	0.0	-0.006109342579869567	-2.2875941120188714	0.0952078463449309	12.904749967738125	5.526999944730001
1132	18546688	10	6.0	4.898979485566356	10.0	0.0	10	8.0	4.0	10.0	0.0	-0.006496924188397823	-2.297209053992351	0.13847897805693687	14.156249964609374	25.316999746830003
1136	18612224	10	7.0	4.58257569495584	10.0	0.0	10	10.0	0.0	10.0	10.0	-0.007586402347258423	-2.3254546471001287	0.08873394419834198	12.233499969416252	20.225999797740002
1140	18677760	10	1.0	3.0	10.0	0.0	10	8.0	4.0	10.0	0.0	-0.007929965040383128	-2.2387854578745823	0.12158631348763665	12.973749967565624	30.932999690670005
1144	18743296	10	7.0	4.58257569495584	10.0	0.0	10	8.0	4.0	10.0	0.0	-0.0069421137346018765	-2.2537345337506918	0.11986707658034415	11.18949997202625	32.27599967724001
1148	18808832	10	6.0	4.898979485566356	10.0	0.0	10	10.0	0.0	10.0	10.0	-0.0069373168558184125	-2.2213598090083138	0.1247708150055675	11.805749970485625	17.073999829260003
1152	18874368	10	4.0	4.898979485566356	10.0	0.0	10	8.0	4.0	10.0	0.0	-0.00734675241664435	-2.203095863033323	0.10277674683696088	11.3209999716975	22.114999778850002
1156	18939904	10	4.0	4.898979485566356	10.0	0.0	10	7.0	4.58257569495584	10.0	0.0	-0.0075922465225301255	-2.218869772819017	0.1110595500485458	11.803749970490625	18.918999810810003
1160	19005440	10	5.0	5.0	10.0	0.0	10	7.0	4.58257569495584	10.0	0.0	-0.006872202276293054	-2.2892754597067353	0.10608996993067428	10.022249974944375	34.00799965992001
1164	19070976	10	6.0	4.898979485566356	10.0	0.0	10	9.0	3.0	10.0	0.0	-0.005266924388158046	-2.2503297152757997	0.11146070318066824	12.160749969598127	18.276999817230003
1168	19136512	10	6.0	4.898979485566356	10.0	0.0	10	9.0	3.0	10.0	0.0	-0.006913973966106633	-2.2684332477670286	0.11059929871710918	10.961499972596249	20.767999792320005
1172	19202048	10	6.0	4.898979485566356	10.0	0.0	10	6.0	4.898979485566356	10.0	0.0	-0.006792197563501825	-2.2902465708651643	0.10121368356740981	11.553999971115001	16.45899983541
1176	19267584	10	5.0	5.0	10.0	0.0	10	8.0	4.0	10.0	0.0	-0.006155926474058663	-2.2774978873741496	0.08593602923867746	12.764749968088125	29.111999708880003
1180	19333120	10	5.0	5.0	10.0	0.0	10	8.0	4.0	10.0	0.0	-0.006172827327912283	-2.296251766144455	0.08495703389138391	12.172249969569375	13.707999862920003
1184	19398656	10	7.0	4.58257569495584	10.0	0.0	10	10.0	0.0	10.0	10.0	-0.006535492911933161	-2.2913762229280983	0.08344546027466045	13.192499967018751	13.558999864410001
1188	19464192	10	7.0	4.58257569495584	10.0	0.0	10	8.0	4.0	10.0	0.0	-0.00696345062339708	-2.2795572924226235	0.12531866362798028	12.412999968967501	5.601999943980001
1192	19529728	10	6.0	4.898979485566356	10.0	0.0	10	10.0	0.0	10.0	10.0	-0.005283781486827898	-2.2804388451187596	0.12738249794960566	11.911749970220624	19.843999801560006
1196	19595264	10	5.0	5.0	10.0	0.0	10	10.0	0.0	10.0	10.0	-0.007199068099461151	-2.2668702525519344	0.09441925036164253	11.006999972482502	18.535999814640004
1200	19660800	10	7.0	4.58257569495584	10.0	0.0	10	8.0	4.0	10.0	0.0	-0.006870301037039517	-2.343420934929723	0.13596067692599542	11.60549997098625	17.688999823110002
1204	19726336	10	4.0	4.898979485566356	10.0	0.0	10	8.0	4.0	10.0	0.0	-0.006880170713471061	-2.2318815884649457	0.1252632297367381	12.96649996758375	25.856999741430002
1208	19791872	10	7.0	4.58257569495584	10.0	0.0	10	9.0	3.0	10.0	0.0	-0.007759947452642549	-2.1928945106963895	0.17121793591806936	13.051499967371251	3.5129999648700005
1212	19857408	10	3.0	4.58257569495584	10.0	0.0	10	9.0	3.0	10.0	0.0	-0.006487909601907561	-2.2543128503000913	0.08823869771297461	11.97199997007	20.421999795780003
1216	19922944	10	6.0	4.898979485566356	10.0	0.0	10	7.0	4.58257569495584	10.0	0.0	-0.006005071961510315	-2.2194431247982127	0.10269513792103505	12.170499969573749	17.431999825680002
1220	19988480	10	6.0	4.898979485566356	10.0	0.0	10	9.0	3.0	10.0	0.0	-0.0065342768132282915	-2.2979618134687754	0.09208059569948131	11.58549997103625	16.613999833860003
1224	20054016	10	3.0	4.58257569495584	10.0	0.0	10	10.0	0.0	10.0	10.0	-0.0067610931066389044	-2.267097837986824	0.10849629655747198	12.355749969110626	14.286999857130002
1228	20119552	10	6.0	4.898979485566356	10.0	0.0	10	9.0	3.0	10.0	0.0	-0.006666558601776277	-2.2042853954125086	0.10751791710543848	12.92249996769375	25.096999749030005
1232	20185088	10	5.0	5.0	10.0	0.0	10	10.0	0.0	10.0	10.0	-0.005432478702197057	-2.2040604723184183	0.10691168456932107	12.605749968485625	14.470999855290003
1236	20250624	10	8.0	4.0	10.0	0.0	10	8.0	4.0	10.0	0.0	-0.005190358877436849	-2.3169183529983495	0.12714233692419966	12.429999968925	1.2669999873300002
1240	20316160	10	6.0	4.898979485566356	10.0	0.0	10	9.0	3.0	10.0	0.0	-0.006946011974412421	-2.2770638314497793	0.12953960674940102	12.850749967873124	11.65799988342
1244	20381696	10	5.0	5.0	10.0	0.0	10	8.0	4.0	10.0	0.0	-0.005644263313437066	-2.275922963779521	0.06948489162463531	11.700999970747501	16.110999838890002
1248	20447232	10	5.0	5.0	10.0	0.0	10	8.0	4.0	10.0	0.0	-0.006901499130626283	-2.2498005899430225	0.1074952596376124	12.553749968615625	19.337999806620005
1252	20512768	10	6.0	4.898979485566356	10.0	0.0	10	10.0	0.0	10.0	10.0	-0.006305006649755528	-2.258089273932797	0.09431984804286668	12.318249969204375	16.35399983646
1256	20578304	10	6.0	4.898979485566356	10.0	0.0	10	9.0	3.0	10.0	0.0	-0.007484984554269182	-2.3311128390387346	0.1362254405252295	11.953499970116248	6.144999938550001
1260	20643840	10	5.0	5.0	10.0	0.0	10	9.0	3.0	10.0	0.0	-0.00666271545854843	-2.303446488835877	0.09349570597013708	11.957249970106876	21.671999783280004
1264	20709376	10	6.0	4.898979485566356	10.0	0.0	10	8.0	4.0	10.0	0.0	-0.006504164991009379	-2.2946810993148734	0.09599004341453657	12.545999968635	25.830999741690004
1268	20774912	10	5.0	5.0	10.0	0.0	10	8.0	4.0	10.0	0.0	-0.006511887287391962	-2.252404682103612	0.14566529897697356	11.517249971206876	20.339999796600004
1272	20840448	10	2.0	4.0	10.0	0.0	10	6.0	4.898979485566356	10.0	0.0	-0.007458040080090673	-2.3448416886271293	0.1614576777430325	11.621999970945	21.286999787130004
1276	20905984	10	6.0	4.898979485566356	10.0	0.0	10	10.0	0.0	10.0	10.0	-0.006747456351659393	-2.3452953147431987	0.15281062928609712	10.153499974616249	19.621999803780003
1280	20971520	10	4.0	4.898979485566356	10.0	0.0	10	8.0	4.0	10.0	0.0	-0.008008334452596912	-2.245084705218261	0.17823483762026898	11.211749971970626	19.445999805540005
1284	21037056	10	6.0	4.898979485566356	10.0	0.0	10	8.0	4.0	10.0	0.0	-0.006332005152769955	-2.2650500185911775	0.10931184215419025	11.958999970102502	19.346999806530004
1288	21102592	10	6.0	4.898979485566356	10.0	0.0	10	6.0	4.898979485566356	10.0	0.0	-0.005820341222109511	-2.2663147745155885	0.15107849638421908	11.335249971661876	16.869999831300003
1292	21168128	10	9.0	3.0	10.0	0.0	10	7.0	4.58257569495584	10.0	0.0	-0.005595387991002837	-2.24269667989496	0.1518740637923403	11.9069999702325	26.061999739380006
1296	21233664	10	7.0	4.58257569495584	10.0	0.0	10	9.0	3.0	10.0	0.0	-0.005917906269425846	-2.2586588087312007	0.12520344911080744	12.000999969997501	1.1289999887100002
1300	21299200	10	6.0	4.898979485566356	10.0	0.0	10	9.0	3.0	10.0	0.0	-0.007191505151400941	-2.2367002266302354	0.10451672153312402	13.539999966149999	10.815999891840002
1304	21364736	10	6.0	4.898979485566356	10.0	0.0	10	10.0	0.0	10.0	10.0	-0.006035550533223371	-2.259542437655796	0.09490890705861892	13.633999965915	14.355999856440002
1308	21430272	10	6.0	4.898979485566356	10.0	0.0	10	9.0	3.0	10.0	0.0	-0.006346540980854523	-2.2469133533680377	0.09567932835947576	11.962249970094376	17.562999824370003
1312	21495808	10	7.0	4.58257569495584	10.0	0.0	10	8.0	4.0	10.0	0.0	-0.0058926572958854185	-2.2778577678016316	0.11164976891985055	11.6569999708575	13.434999865650003
1316	21561344	10	8.0	4.0	10.0	0.0	10	10.0	0.0	10.0	10.0	-0.006464035264125103	-2.322898437337504	0.024576684884340012	12.4249999689375	18.81299981187
1320	21626880	10	8.0	4.0	10.0	0.0	10	10.0	0.0	10.0	10.0	-0.00718981452929244	-2.2640060258533574	0.06744143265217865	12.943249967641876	14.992999850070003
1324	21692416	10	6.0	4.898979485566356	10.0	0.0	10	9.0	3.0	10.0	0.0	-0.004853075187788059	-2.239605220422308	0.07023470896573523	12.202999969492499	17.02299982977
1328	21757952	10	9.0	3.0	10.0	0.0	10	9.0	3.0	10.0	0.0	-0.006550910605483029	-2.2322373214025624	0.09244220578700972	12.266749969333125	28.193999718060002
1332	21823488	10	6.0	4.898979485566356	10.0	0.0	10	10.0	0.0	10.0	10.0	-0.0068481867121733195	-2.2782137242566662	0.08339378214542681	12.735249968161876	16.136999838630004
1336	21889024	10	7.0	4.58257569495584	10.0	0.0	10	8.0	4.0	10.0	0.0	-0.0048647684350509365	-2.351946698877593	0.053706931691687845	12.438249968904376	30.466999695330003
1340	21954560	10	7.0	4.58257569495584	10.0	0.0	10	9.0	3.0	10.0	0.0	-0.006017697081895171	-2.1659035258222503	0.13835555451334627	11.308749971728124	28.883999711160005
1344	22020096	10	5.0	5.0	10.0	0.0	10	8.0	4.0	10.0	0.0	-0.0059468454843701925	-2.2204151399604206	0.07987781683082303	13.4489999663775	15.169999848300002
1348	22085632	10	6.0	4.898979485566356	10.0	0.0	10	6.0	4.898979485566356	10.0	0.0	-0.004876043647019773	-2.2719926012175917	0.1040873182635053	12.003499969991251	28.323999716760007
1352	22151168	10	4.0	4.898979485566356	10.0	0.0	10	7.0	4.58257569495584	10.0	0.0	-0.005308104074531046	-2.3327405698651016	0.06912427229940449	12.811999967970001	30.290999697090005
1356	22216704	10	4.0	4.898979485566356	10.0	0.0	10	7.0	4.58257569495584	10.0	0.0	-0.005250758478782958	-2.2404126423250394	0.12442808494150291	11.080749972298126	16.932999830670003
1360	22282240	10	5.0	5.0	10.0	0.0	10	7.0	4.58257569495584	10.0	0.0	-0.0060470571242822934	-2.2178021592571797	0.11758447754485382	11.65749997085625	22.163999778360004
1364	22347776	10	7.0	4.58257569495584	10.0	0.0	10	10.0	0.0	10.0	10.0	-0.0062383350759338775	-2.26880924380034	0.11231662669446095	11.9249999701875	17.454999825450003
1368	22413312	10	5.0	5.0	10.0	0.0	10	9.0	3.0	10.0	0.0	-0.006367657853180113	-2.195295000841028	0.10912181151631437	12.008249969979376	12.242999877570002
1372	22478848	10	6.0	4.898979485566356	10.0	0.0	10	9.0	3.0	10.0	0.0	-0.0057104664611075644	-2.241330705349623	0.10353250280496361	13.39649996650875	13.658999863410003
1376	22544384	10	6.0	4.898979485566356	10.0	0.0	10	9.0	3.0	10.0	0.0	-0.005998301930333581	-2.2116356464903486	0.13898677067004261	13.460999966347503	12.560999874390001
1380	22609920	10	7.0	4.58257569495584	10.0	0.0	10	9.0	3.0	10.0	0.0	-0.0066014261870598195	-2.2018378896207813	0.12632969210626271	13.23349996691625	12.342999876570001
1384	22675456	10	3.0	4.58257569495584	10.0	0.0	10	8.0	4.0	10.0	0.0	-0.0056365866057795705	-2.221071690089607	0.07510691845472849	14.151249964621874	12.982999870170003
1388	22740992	10	7.0	4.58257569495584	10.0	0.0	10	9.0	3.0	10.0	0.0	-0.007019661244942369	-2.16512477623718	0.17254853045012253	13.377999966555	3.5999999640000007
1392	22806528	10	10.0	0.0	10.0	10.0	10	8.0	4.0	10.0	0.0	-0.005237189838893304	-2.1566471504905413	0.12005007374402069	12.48349996879125	5.398999946010001
1396	22872064	10	4.0	4.898979485566356	10.0	0.0	10	10.0	0.0	10.0	10.0	-0.005481295761188036	-2.1883202813769755	0.09606319166262527	12.665749968335628	11.697999883020003
1400	22937600	10	5.0	5.0	10.0	0.0	10	10.0	0.0	10.0	10.0	-0.0064038237159668105	-2.1844856289733845	0.09546508076382404	13.593249966016876	10.836999891630002
1404	23003136	10	6.0	4.898979485566356	10.0	0.0	10	9.0	3.0	10.0	0.0	-0.006535242849396584	-2.2423640512077716	0.10340605734274805	14.113249964716877	11.706999882930003
1408	23068672	10	4.0	4.898979485566356	10.0	0.0	10	8.0	4.0	10.0	0.0	-0.005372723207423995	-2.0728984398470724	0.1115887379545585	14.20749996448125	10.21299989787
1412	23134208	10	5.0	5.0	10.0	0.0	10	7.0	4.58257569495584	10.0	0.0	-0.0038439076351033516	-2.1103901711888207	0.08366849532565893	13.010749967473124	13.348999866510002
1416	23199744	10	5.0	5.0	10.0	0.0	10	9.0	3.0	10.0	0.0	-0.005788701382095501	-2.215581804283141	0.0789995691850757	12.850249967874374	15.136999848630003
1420	23265280	10	7.0	4.58257569495584	10.0	0.0	10	9.0	3.0	10.0	0.0	-0.006246911516383254	-2.247345027590144	0.15310285137923657	13.706499965733752	1.9969999800300005
1424	23330816	10	5.0	5.0	10.0	0.0	10	8.0	4.0	10.0	0.0	-0.005926098614498128	-2.1987943721507386	0.1158696103448733	11.981999970044999	17.680999823190003
1428	23396352	10	4.0	4.898979485566356	10.0	0.0	10	9.0	3.0	10.0	0.0	-0.006028360977606604	-2.1783653917626356	0.11580225002405332	11.070249972324374	33.433999665660004
1432	23461888	10	8.0	4.0	10.0	0.0	10	8.0	4.0	10.0	0.0	-0.005542361106592476	-2.2386149935575963	0.10083211251105068	12.445749968885625	27.237999727620004
1436	23527424	10	6.0	4.898979485566356	10.0	0.0	10	8.0	4.0	10.0	0.0	-0.005015348605192151	-2.19611280140253	0.10873205304798221	12.762499968093751	6.51199993488
1440	23592960	10	7.0	4.58257569495584	10.0	0.0	10	9.0	3.0	10.0	0.0	-0.006519361701599932	-2.144628196731328	0.20283727221561568	11.60249997099375	18.40899981591
1444	23658496	10	8.0	4.0	10.0	0.0	10	9.0	3.0	10.0	0.0	-0.006610471975281646	-2.1996453650487964	0.0928070485728045	11.493999971265	17.335999826640002
1448	23724032	10	6.0	4.898979485566356	10.0	0.0	10	10.0	0.0	10.0	10.0	-0.005305843344763745	-2.2627569633352085	0.05991683049900309	12.46049996884875	17.055999829440005
1452	23789568	10	4.0	4.898979485566356	10.0	0.0	10	9.0	3.0	10.0	0.0	-0.004645538535261283	-2.2690876769642716	0.13596534855644454	13.17349996706625	19.834999801650003
1456	23855104	10	5.0	5.0	10.0	0.0	10	8.0	4.0	10.0	0.0	-0.00510633331524801	-2.255862722559229	0.07562213260280758	13.26549996683625	31.194999688050004
1460	23920640	10	5.0	5.0	10.0	0.0	10	9.0	3.0	10.0	0.0	-0.005748110080586824	-2.2446468494977867	0.10294769948226755	12.821999967944999	15.862999841370002
1464	23986176	10	5.0	5.0	10.0	0.0	10	8.0	4.0	10.0	0.0	-0.004918326776020596	-2.282086399456566	0.1106199906868494	10.039999974899999	30.801999691980004
1468	24051712	10	4.0	4.898979485566356	10.0	0.0	10	7.0	4.58257569495584	10.0	0.0	-0.005931429489150097	-2.279509496948099	0.09244912056608721	10.751749973120626	31.122999688770005
1472	24117248	10	7.0	4.58257569495584	10.0	0.0	10	8.0	4.0	10.0	0.0	-0.005578327021213318	-2.313874862847102	0.07810778996559213	11.293749971765624	18.660999813390003
1476	24182784	10	6.0	4.898979485566356	10.0	0.0	10	7.0	4.58257569495584	10.0	0.0	-0.005427504219713568	-2.1808521074765137	0.14149035632223006	11.502249971244375	28.441999715580003
1480	24248320	10	7.0	4.58257569495584	10.0	0.0	10	6.0	4.898979485566356	10.0	0.0	-0.005328965411587275	-2.2633358510957877	0.07993915660715875	12.483749968790626	24.924999750750004
1484	24313856	10	7.0	4.58257569495584	10.0	0.0	10	10.0	0.0	10.0	10.0	-0.006048047439108482	-2.241147786145407	0.08429588791812304	12.641499968396252	14.202999857970001
1488	24379392	10	9.0	3.0	10.0	0.0	10	9.0	3.0	10.0	0.0	-0.005681546449840679	-2.298710639038645	0.07889863956518657	13.49649996625875	10.659999893400002
1492	24444928	10	8.0	4.0	10.0	0.0	10	7.0	4.58257569495584	10.0	0.0	-0.006802199446508524	-2.2767763880503797	0.16075937099011556	13.863249965341875	13.21599986784
1496	24510464	10	5.0	5.0	10.0	0.0	10	7.0	4.58257569495584	10.0	0.0	-0.006110261518764227	-2.2185784178648045	0.12905987083033182	12.998249967504377	14.146999858530002
1500	24576000	10	6.0	4.898979485566356	10.0	0.0	10	10.0	0.0	10.0	10.0	-0.006275766653393069	-2.2061325185186367	0.11744001277585626	12.316999969207503	15.846999841530002
1504	24641536	10	6.0	4.898979485566356	10.0	0.0	10	7.0	4.58257569495584	10.0	0.0	-0.006169456008101463	-2.2672066462658504	0.12057506338368533	11.742249970644375	31.456999685430006
1508	24707072	10	5.0	5.0	10.0	0.0	10	6.0	4.898979485566356	10.0	0.0	-0.007224716330261679	-2.227391570574483	0.12223976889981675	11.009249972476875	2.85599997144
1512	24772608	10	5.0	5.0	10.0	0.0	10	8.0	4.0	10.0	0.0	-0.006208664327116129	-2.207192269234418	0.08844855795469184	12.850249967874376	13.943999860560004
1516	24838144	10	6.0	4.898979485566356	10.0	0.0	10	7.0	4.58257569495584	10.0	0.0	-0.006376132506620456	-2.212331540652136	0.1357699017830327	13.346749966633125	10.735999892640002
1520	24903680	10	5.0	5.0	10.0	0.0	10	10.0	0.0	10.0	10.0	-0.006075415883337125	-2.195376048256753	0.131269281755187	13.358749966603126	13.304999866950002
1524	24969216	10	6.0	4.898979485566356	10.0	0.0	10	8.0	4.0	10.0	0.0	-0.006509645773428717	-2.276543800792383	0.08180034716615216	12.618499968453749	13.012999869870002
