iter	frame	n_test	mean_returns	std_returns	max_returns	min_returns	n_test_train	mean_returns_train	std_returns_train	max_returns_train	min_returns_train	actor_loss	entropy_loss	value_loss	training_time	evaluation_time
0	0	10	5.0	5.0	10.0	0.0	10	1.3	3.034798181098703	10.0	0.0	0	0	0	0.0	24.825999751740003
4	65536	10	6.0	4.898979485566356	10.0	0.0	10	2.0	4.0	10.0	0.0	0.008067724982910765	-2.503753627079191	0.3571835316655999	13.219249966951878	31.575999684240006
8	131072	10	2.0	4.0	10.0	0.0	10	4.0	4.898979485566356	10.0	0.0	-0.0029786194642464135	-2.49131443325556	0.17615666719802084	10.863499972841252	31.340999686590006
12	196608	10	2.0	4.0	10.0	0.0	10	1.0	3.0	10.0	0.0	-0.0036030399541420303	-2.525399518246643	0.23593432174400536	12.532249968669374	27.415999725840006
16	262144	10	3.3	4.473253849269008	10.0	0.0	10	3.0	4.58257569495584	10.0	0.0	-0.003591234409749347	-2.49961206539263	0.21480800938728029	12.478499968803751	23.086999769130003
20	327680	10	2.0	4.0	10.0	0.0	10	5.0	5.0	10.0	0.0	-0.0036781110389517715	-2.5378700591463694	0.28458309434494306	13.399749966500627	23.270999767290004
24	393216	10	7.0	4.58257569495584	10.0	0.0	10	4.0	4.898979485566356	10.0	0.0	-0.00417813701841454	-2.5763206826943685	0.32628647824454937	12.602249968494375	29.298999707010005
28	458752	10	4.0	4.898979485566356	10.0	0.0	10	4.0	4.898979485566356	10.0	0.0	-0.00447747584453632	-2.53816864116376	0.3108418841212052	11.488749971278125	32.90099967099001
32	524288	10	3.0	4.58257569495584	10.0	0.0	10	3.0	4.58257569495584	10.0	0.0	-0.005528235513975388	-2.566758567820843	0.3079166972378518	12.241999969395001	32.10199967898
36	589824	10	6.0	4.898979485566356	10.0	0.0	10	5.0	5.0	10.0	0.0	-0.004907489052831139	-2.5290296770481384	0.36907650883500726	11.30799997173	25.459999745400005
40	655360	10	5.0	5.0	10.0	0.0	10	2.0	4.0	10.0	0.0	-0.004455458808924691	-2.5131886549159614	0.30960743126028306	11.587999971030001	28.813999711860006
44	720896	10	5.0	5.0	10.0	0.0	10	5.0	5.0	10.0	0.0	-0.006615241342456714	-2.56683389319067	0.2830004477578652	11.753249970616876	27.887999721120007
48	786432	10	5.0	5.0	10.0	0.0	10	3.0	4.58257569495584	10.0	0.0	-0.0047486118511395	-2.536940966778976	0.31967915529159624	11.87749997030625	30.847999691520005
52	851968	10	6.0	4.898979485566356	10.0	0.0	10	4.0	4.898979485566356	10.0	0.0	-0.005948187467449381	-2.506800825136048	0.3041150648761404	11.032249972419377	20.239999797600003
56	917504	10	4.0	4.898979485566356	10.0	0.0	10	4.0	4.898979485566356	10.0	0.0	-0.004751160508739459	-2.486702806988607	0.3869287548183675	12.54049996864875	26.948999730510007
60	983040	10	3.0	4.58257569495584	10.0	0.0	10	2.0	4.0	10.0	0.0	-0.007127448735006518	-2.5105683751272636	0.3628088404667444	11.745999970635001	31.259999687400008
64	1048576	10	4.0	4.898979485566356	10.0	0.0	10	1.0	3.0	10.0	0.0	-0.004605455207158707	-2.4915414449957436	0.29824527908735143	12.209999969475	28.562999714370005
68	1114112	10	3.0	4.58257569495584	10.0	0.0	10	2.0	4.0	10.0	0.0	-0.006168794730268448	-2.564889743656965	0.26444076495594915	12.801499967996252	20.035999799640006
72	1179648	10	1.0	3.0	10.0	0.0	10	5.0	5.0	10.0	0.0	-0.007165216202198295	-2.5405651030278227	0.24906878341499292	11.91949997020125	12.960999870390003
76	1245184	10	4.0	4.898979485566356	10.0	0.0	10	3.0	4.58257569495584	10.0	0.0	-0.0055943331238807025	-2.5306210093047667	0.2614744510229254	12.666749968333125	27.307999726920006
80	1310720	10	3.0	4.58257569495584	10.0	0.0	10	2.0	4.0	10.0	0.0	-0.006111542152787809	-2.47314656748441	0.32550570877603513	12.527749968680624	24.951999750480006
84	1376256	10	5.0	5.0	10.0	0.0	10	4.0	4.898979485566356	10.0	0.0	-0.0057243915222695285	-2.4750933346554316	0.29164306086864966	12.222749969443127	22.044999779550004
88	1441792	10	4.0	4.898979485566356	10.0	0.0	10	3.0	4.58257569495584	10.0	0.0	-0.005903859124971086	-2.4502035103669537	0.3076923127586505	13.112249967219373	20.716999792830002
92	1507328	10	3.0	4.58257569495584	10.0	0.0	10	3.0	4.58257569495584	10.0	0.0	-0.006364192529209588	-2.377430314571369	0.3316970582085043	12.09949996975125	27.798999722010002
96	1572864	10	3.0	4.58257569495584	10.0	0.0	10	5.0	5.0	10.0	0.0	-0.006562195504176769	-2.4036583426077742	0.33649876617115293	11.803249970491876	23.113999768860005
100	1638400	10	3.0	4.58257569495584	10.0	0.0	10	4.0	4.898979485566356	10.0	0.0	-0.0073879935363528005	-2.4180086302225323	0.29897437877943145	11.62799997093	31.520999684790006
104	1703936	10	4.0	4.898979485566356	10.0	0.0	10	5.0	5.0	10.0	0.0	-0.006083707753808283	-2.403362201897292	0.33054338361108304	11.864249970339376	25.711999742880003
108	1769472	10	4.0	4.898979485566356	10.0	0.0	10	6.0	4.898979485566356	10.0	0.0	-0.007444575867170006	-2.3766825718192126	0.3691899785387393	11.26949997182625	20.505999794940003
112	1835008	10	7.0	4.58257569495584	10.0	0.0	10	4.0	4.898979485566356	10.0	0.0	-0.005309735065316268	-2.333606491243147	0.37312165271329417	11.34349997164125	24.763999752360004
116	1900544	10	3.0	4.58257569495584	10.0	0.0	10	2.0	4.0	10.0	0.0	-0.008467168682148956	-2.3213434341118626	0.32410536361586556	12.077749969805625	22.5599997744
120	1966080	10	3.0	4.58257569495584	10.0	0.0	10	2.0	4.0	10.0	0.0	-0.006241667459670188	-2.320129920797265	0.3182183291121149	11.983249970041875	27.691999723080006
124	2031616	10	5.0	5.0	10.0	0.0	10	5.3	4.775981574503821	10.0	0.0	-0.006245927236963906	-2.341298992191252	0.34913213314577024	10.952249972619375	24.267999757320005
128	2097152	10	3.0	4.58257569495584	10.0	0.0	10	4.0	4.898979485566356	10.0	0.0	-0.006400708719654095	-2.3136694652412277	0.3565359587099298	11.111749972220625	14.650999853490003
132	2162688	10	5.0	5.0	10.0	0.0	10	7.0	4.58257569495584	10.0	0.0	-0.006700257622074729	-2.271525330604924	0.3768082552507408	12.798999968002502	15.187999848120002
136	2228224	10	6.0	4.898979485566356	10.0	0.0	10	5.0	5.0	10.0	0.0	-0.006217723687424224	-2.268138132753142	0.38182700607673575	13.218499966953749	20.716999792830002
140	2293760	10	5.0	5.0	10.0	0.0	10	6.0	4.898979485566356	10.0	0.0	-0.0073519052716540505	-2.289780951797862	0.33378237296144203	13.258999966852501	26.726999732730004
144	2359296	10	5.0	5.0	10.0	0.0	10	5.0	5.0	10.0	0.0	-0.006945854599087221	-2.2782223917654263	0.36570243285263904	12.282999969292499	21.350999786490004
148	2424832	10	8.0	4.0	10.0	0.0	10	5.0	5.0	10.0	0.0	-0.007366696204513822	-2.3264186206023467	0.3111557149935493	13.011749967470625	23.212999767870006
152	2490368	10	6.0	4.898979485566356	10.0	0.0	10	5.0	5.0	10.0	0.0	-0.008023179575576328	-2.372080974033742	0.2393912593584736	13.163999967089998	14.635999853640001
156	2555904	10	5.0	5.0	10.0	0.0	10	5.0	5.0	10.0	0.0	-0.007703768937472888	-2.362684925151124	0.3269012660068491	12.92549996768625	18.787999812120002
160	2621440	10	6.0	4.898979485566356	10.0	0.0	10	4.0	4.898979485566356	10.0	0.0	-0.00794784754218476	-2.3743253422290422	0.28279588554833995	12.301249969246875	17.79299982207
164	2686976	10	5.0	5.0	10.0	0.0	10	6.0	4.898979485566356	10.0	0.0	-0.007665961266977318	-2.3578685469952814	0.2822678135413945	11.686749970783126	28.412999715870004
168	2752512	10	6.0	4.898979485566356	10.0	0.0	10	4.0	4.898979485566356	10.0	0.0	-0.00823927099226209	-2.3558022799620786	0.26303419142084206	11.012499972468751	29.20499970795
172	2818048	10	5.0	5.0	10.0	0.0	10	3.0	4.58257569495584	10.0	0.0	-0.007301310990894394	-2.342254864428835	0.2784107063296502	11.484249971289376	29.105999708940008
176	2883584	10	4.0	4.898979485566356	10.0	0.0	10	7.0	4.58257569495584	10.0	0.0	-0.007796052709127645	-2.3661451287586406	0.3126341177135387	12.63049996842375	26.672999733270004
180	2949120	10	7.0	4.58257569495584	10.0	0.0	10	5.0	5.0	10.0	0.0	-0.008372649860006633	-2.372811754297408	0.2823755172718473	10.955249972611876	32.31399967686001
184	3014656	10	4.0	4.898979485566356	10.0	0.0	10	7.0	4.58257569495584	10.0	0.0	-0.0087139040688289	-2.335205152387555	0.23042193596024166	11.20249997199375	24.671999753280005
188	3080192	10	1.0	3.0	10.0	0.0	10	4.0	4.898979485566356	10.0	0.0	-0.008962971065229898	-2.3628913037501103	0.2751379560703036	11.4969999712575	26.502999734970004
192	3145728	10	1.0	3.0	10.0	0.0	10	2.0	4.0	10.0	0.0	-0.008342006931687048	-2.3543442236911543	0.28291107214523814	11.270249971824375	30.757999692420004
196	3211264	10	6.0	4.898979485566356	10.0	0.0	10	6.0	4.898979485566356	10.0	0.0	-0.007945811806854738	-2.3446299803794894	0.28873620784627774	11.504749971238127	31.938999680610006
200	3276800	10	6.0	4.898979485566356	10.0	0.0	10	4.0	4.898979485566356	10.0	0.0	-0.008320676938074343	-2.3438596872033957	0.26159952252240903	10.859499972851252	33.61799966382001
204	3342336	10	5.0	5.0	10.0	0.0	10	4.0	4.898979485566356	10.0	0.0	-0.007821072785892192	-2.3832252619168166	0.25627860983026746	11.108999972227501	22.678999773210002
208	3407872	10	1.0	3.0	10.0	0.0	10	3.0	4.58257569495584	10.0	0.0	-0.008450037134357925	-2.3132846427534366	0.27490152322617617	11.049499972376251	30.355999696440005
212	3473408	10	5.0	5.0	10.0	0.0	10	3.0	4.58257569495584	10.0	0.0	-0.008071080239832492	-2.309807019688486	0.27250052551073456	10.65849997335375	31.810999681890006
216	3538944	10	5.0	5.0	10.0	0.0	10	4.0	4.898979485566356	10.0	0.0	-0.00898729675491631	-2.286833668510326	0.23974884469669114	10.647499973381251	27.885999721140003
220	3604480	10	6.0	4.898979485566356	10.0	0.0	10	6.0	4.898979485566356	10.0	0.0	-0.008273847807733888	-2.283462499340933	0.27090744562729524	10.915749972710625	22.185999778140005
224	3670016	10	4.0	4.898979485566356	10.0	0.0	10	4.0	4.898979485566356	10.0	0.0	-0.00788747617640483	-2.2751901395732452	0.25457669745341505	11.239499971901251	24.26599975734
228	3735552	10	8.0	4.0	10.0	0.0	10	6.0	4.898979485566356	10.0	0.0	-0.007192754954766796	-2.307106561718466	0.2637114808619994	12.334749969163125	17.372999826270004
232	3801088	10	5.0	5.0	10.0	0.0	10	3.0	4.58257569495584	10.0	0.0	-0.00768777427503619	-2.291303768515328	0.24975711570313677	11.157499972106251	23.95499976045
236	3866624	10	6.0	4.898979485566356	10.0	0.0	10	2.0	4.0	10.0	0.0	-0.007784438515144237	-2.2868637986582563	0.2572747481098004	12.638749968403125	24.91799975082
240	3932160	10	4.0	4.898979485566356	10.0	0.0	10	1.0	3.0	10.0	0.0	-0.008179328808543263	-2.3842162090043195	0.22424398608653376	12.656749968358126	27.568999724310004
244	3997696	10	5.0	5.0	10.0	0.0	10	4.0	4.898979485566356	10.0	0.0	-0.008320457768041132	-2.4033241045951774	0.19950579609195918	12.100749969748126	19.057999809420004
248	4063232	10	4.0	4.898979485566356	10.0	0.0	10	4.3	4.73392015141785	10.0	0.0	-0.008248250467406227	-2.4055816652851862	0.18118722362419082	13.535749966160626	14.406999855930003
252	4128768	10	5.0	5.0	10.0	0.0	10	3.0	4.58257569495584	10.0	0.0	-0.008625553577996554	-2.417165301488381	0.1923308105318076	13.849999965375	20.740999792590003
256	4194304	10	4.0	4.898979485566356	10.0	0.0	10	5.0	5.0	10.0	0.0	-0.008382225347643994	-2.37850185458918	0.25190105007200064	13.113749967215625	17.698999823010006
260	4259840	10	2.0	4.0	10.0	0.0	10	4.0	4.898979485566356	10.0	0.0	-0.007308048907206883	-2.3587731493042554	0.2142548085898496	13.319249966701875	25.714999742850004
264	4325376	10	3.0	4.58257569495584	10.0	0.0	10	5.0	5.0	10.0	0.0	-0.006880084762583774	-2.3377150592753018	0.2435726462609664	12.564499968588748	11.563999884360001
268	4390912	10	6.0	4.898979485566356	10.0	0.0	10	4.3	4.73392015141785	10.0	0.0	-0.0077158425766504345	-2.341496166839675	0.2718514627493861	12.438749968903124	20.123999798760003
272	4456448	10	4.0	4.898979485566356	10.0	0.0	10	6.0	4.898979485566356	10.0	0.0	-0.007329321480174762	-2.3973809006299738	0.18716154959586728	11.426249971434375	20.866999791330006
276	4521984	10	4.0	4.898979485566356	10.0	0.0	10	5.0	5.0	10.0	0.0	-0.009620669675221617	-2.3871593249337755	0.20090597167380994	12.521999968694999	26.486999735130002
280	4587520	10	6.0	4.898979485566356	10.0	0.0	10	3.0	4.58257569495584	10.0	0.0	-0.009185361956298321	-2.423885846878923	0.17993443775599946	13.187999967029999	25.525999744740005
284	4653056	10	4.3	4.73392015141785	10.0	0.0	10	3.0	4.58257569495584	10.0	0.0	-0.007832330728375634	-2.4205549977681895	0.21473238490768637	13.47049996632375	21.446999785530004
288	4718592	10	2.0	4.0	10.0	0.0	10	7.0	4.58257569495584	10.0	0.0	-0.008144596822361422	-2.42129204148661	0.17952715238859276	13.959999965100002	17.18199982818
292	4784128	10	4.0	4.898979485566356	10.0	0.0	10	3.0	4.58257569495584	10.0	0.0	-0.009065635545049817	-2.4371511213426253	0.17665521418387825	13.252249966869375	23.685999763140003
296	4849664	10	2.0	4.0	10.0	0.0	10	6.0	4.898979485566356	10.0	0.0	-0.008762107954980626	-2.4273345343723647	0.2068764002933427	12.495249968761875	23.09199976908
300	4915200	10	3.0	4.58257569495584	10.0	0.0	10	4.0	4.898979485566356	10.0	0.0	-0.008484908104669437	-2.4382351957205257	0.18967228101453323	13.077249967306875	25.36499974635
304	4980736	10	2.0	4.0	10.0	0.0	10	5.0	5.0	10.0	0.0	-0.008940393853641612	-2.468701412023244	0.18116768339003442	12.666749968333125	23.154999768450004
308	5046272	10	5.0	5.0	10.0	0.0	10	5.0	5.0	10.0	0.0	-0.00746244948866537	-2.422668424493039	0.2061242989515377	13.952249965119375	16.014999839850002
312	5111808	10	8.0	4.0	10.0	0.0	10	6.0	4.898979485566356	10.0	0.0	-0.008953662466993756	-2.4344032627788526	0.21568759668234339	13.44749996638125	17.69399982306
316	5177344	10	3.0	4.58257569495584	10.0	0.0	10	6.3	4.605431575867781	10.0	0.0	-0.008170168254216681	-2.4216705980361195	0.2393322689209423	12.882249967794374	21.884999781150004
320	5242880	10	2.0	4.0	10.0	0.0	10	4.0	4.898979485566356	10.0	0.0	-0.007767685595454483	-2.4094115170313466	0.2381192804066155	11.543249971141874	30.421999695780006
324	5308416	10	5.0	5.0	10.0	0.0	10	7.0	4.58257569495584	10.0	0.0	-0.007756680426408161	-2.4023733335217763	0.25955405409538124	11.577499971056248	22.442999775570005
328	5373952	10	5.0	5.0	10.0	0.0	10	6.6	4.476605857119878	10.0	0.0	-0.007820446356258167	-2.3990989647790153	0.23784450609863816	10.5389999736525	30.755999692440007
332	5439488	10	0.0	0.0	0.0	0.0	10	8.0	4.0	10.0	0.0	-0.007120943928249368	-2.3927333600810203	0.21776163156669937	10.987749972530628	24.211999757880005
336	5505024	10	4.0	4.898979485566356	10.0	0.0	10	6.0	4.898979485566356	10.0	0.0	-0.005459116167344067	-2.4049494437851733	0.23554283626407535	11.069749972325626	32.91899967081
340	5570560	10	4.0	4.898979485566356	10.0	0.0	10	6.0	4.898979485566356	10.0	0.0	-0.008064824120455932	-2.42801535352608	0.2012026866998795	11.347249971631873	25.359999746400003
344	5636096	10	5.0	5.0	10.0	0.0	10	6.0	4.898979485566356	10.0	0.0	-0.007553475609833987	-2.3691464138543377	0.24636383088222827	12.047249969881875	27.060999729390005
348	5701632	10	4.3	4.73392015141785	10.0	0.0	10	4.0	4.898979485566356	10.0	0.0	-0.007487203088332964	-2.345259440197628	0.20316668706381957	11.427749971430625	26.098999739010004
352	5767168	10	1.3	3.034798181098703	10.0	0.0	10	4.0	4.898979485566356	10.0	0.0	-0.007974003853105432	-2.337480865175423	0.23948732124630404	11.43449997141375	30.370999696290003
356	5832704	10	4.3	4.73392015141785	10.0	0.0	10	8.3	4.243819034784589	13.0	0.0	-0.007494974022066873	-2.3098227453805977	0.22577008292210726	10.967249972581875	25.322999746770005
360	5898240	10	6.0	4.898979485566356	10.0	0.0	10	4.0	4.898979485566356	10.0	0.0	-0.007958144555009494	-2.2706795878826598	0.21418638711426746	11.1329999721675	28.324999716750003
364	5963776	10	3.3	4.473253849269008	10.0	0.0	10	5.0	5.0	10.0	0.0	-0.007910292657859233	-2.328063549852257	0.1966650368596148	11.845749970385624	25.600999743990002
368	6029312	10	4.3	4.73392015141785	10.0	0.0	10	3.3	4.473253849269008	10.0	0.0	-0.00838074426826412	-2.2642631602908914	0.22322248820373755	12.063749969840625	27.293999727060005
372	6094848	10	6.0	4.898979485566356	10.0	0.0	10	5.0	5.0	10.0	0.0	-0.006841776089049497	-2.211832331883979	0.24158040990399166	11.3789999715525	23.485999765140004
376	6160384	10	4.0	4.898979485566356	10.0	0.0	10	5.6	4.521061822182927	10.0	0.0	-0.00785408088671264	-2.2641348314907033	0.22255389529756062	12.6209999684475	21.189999788100003
380	6225920	10	2.0	4.0	10.0	0.0	10	4.0	4.898979485566356	10.0	0.0	-0.006796878456244973	-2.2768837832026194	0.22387142787528572	11.383749971540624	26.396999736030004
384	6291456	10	6.3	4.605431575867781	10.0	0.0	10	5.0	5.0	10.0	0.0	-0.007900698138742076	-2.2572086028886975	0.2019511783906061	11.541999971144998	28.562999714370005
388	6356992	10	3.0	4.58257569495584	10.0	0.0	10	4.0	4.898979485566356	10.0	0.0	-0.008504116365983768	-2.2978187573542757	0.21924839663208537	11.133999972165	28.495999715040004
392	6422528	10	4.0	4.898979485566356	10.0	0.0	10	5.0	5.0	10.0	0.0	-0.008532149386479546	-2.3155687101256794	0.19426211130644394	12.714499968213751	19.501999804980002
396	6488064	10	6.0	4.898979485566356	10.0	0.0	10	4.3	4.73392015141785	10.0	0.0	-0.0064083406704709914	-2.2931760124956995	0.23618030995774733	11.866499970333749	26.709999732900005
400	6553600	10	4.0	4.898979485566356	10.0	0.0	10	7.0	4.58257569495584	10.0	0.0	-0.008069913889275145	-2.3351360283843112	0.21779644223144887	11.957249970106876	20.45899979541
404	6619136	10	5.0	5.0	10.0	0.0	10	4.6	4.5431266766402185	10.0	0.0	-0.008272138059558138	-2.3207757296727585	0.18962546730922292	12.41549996896125	23.597999764020003
408	6684672	10	6.0	4.898979485566356	10.0	0.0	10	5.3	4.775981574503821	10.0	0.0	-0.008543796409583705	-2.3817801324032266	0.19104053217790318	12.037749969905624	20.04299979957
412	6750208	10	4.0	4.898979485566356	10.0	0.0	10	4.3	4.73392015141785	10.0	0.0	-0.008910725549545622	-2.348868821813368	0.19600232641964918	11.963999970089999	28.865999711340006
416	6815744	10	4.0	4.898979485566356	10.0	0.0	10	5.0	5.0	10.0	0.0	-0.008405817938519789	-2.3297314815279937	0.21883762253031452	11.7469999706325	20.939999790600005
420	6881280	10	4.0	4.898979485566356	10.0	0.0	10	2.3	3.9509492530276824	10.0	0.0	-0.008301176459750342	-2.3372853569735264	0.21722105469154587	10.767749973080624	33.373999666260005
424	6946816	10	4.3	5.330103188494571	13.0	0.0	10	6.0	4.898979485566356	10.0	0.0	-0.006246853990237043	-2.3379655825643204	0.24573068318191493	10.361999974095	33.15099966849001
428	7012352	10	4.3	4.73392015141785	10.0	0.0	10	3.3	4.473253849269008	10.0	0.0	-0.00788817078539967	-2.3811942783497906	0.1918683637044143	11.608999970977498	31.403999685960006
432	7077888	10	5.0	5.0	10.0	0.0	10	6.0	4.898979485566356	10.0	0.0	-0.00809339162916001	-2.375999775778113	0.21358376630530168	12.019249969951876	13.009999869900001
436	7143424	10	4.3	4.73392015141785	10.0	0.0	10	3.3	4.473253849269008	10.0	0.0	-0.008896652346248668	-2.402426140753515	0.18098607804914038	11.884749970288125	18.570999814290005
440	7208960	10	4.0	4.898979485566356	10.0	0.0	10	5.0	5.0	10.0	0.0	-0.007226188283165387	-2.3911188515516844	0.222508591421364	11.880749970298126	26.630999733690004
444	7274496	10	6.0	4.898979485566356	10.0	0.0	10	6.0	4.898979485566356	10.0	0.0	-0.008279388038364905	-2.367681515466899	0.23964159017416015	12.68049996829875	28.762999712370007
448	7340032	10	6.0	4.898979485566356	10.0	0.0	10	5.6	5.141984052872976	13.0	0.0	-0.008320245951575751	-2.3829180993141064	0.22628269730262213	11.38149997154625	26.763999732360002
452	7405568	10	1.0	3.0	10.0	0.0	10	6.0	4.898979485566356	10.0	0.0	-0.008225384776225163	-2.3618440253062474	0.2158830027491977	10.636249973409374	26.848999731510006
456	7471104	10	4.0	4.898979485566356	10.0	0.0	10	4.0	4.898979485566356	10.0	0.0	-0.00860033179349707	-2.331999738768212	0.22877927820609087	11.697999970755001	33.6199996638
460	7536640	10	4.0	4.898979485566356	10.0	0.0	10	6.3	4.605431575867782	10.0	0.0	-0.006744172596785792	-2.3907236032181127	0.1997444362481984	10.268249974329375	28.809999711900005
464	7602176	10	3.0	4.58257569495584	10.0	0.0	10	3.0	4.58257569495584	10.0	0.0	-0.007595974053823145	-2.3814403312904515	0.1878124967332248	10.841999972895001	33.45499966545
468	7667712	10	2.0	4.0	10.0	0.0	10	4.0	4.898979485566356	10.0	0.0	-0.007664637709654455	-2.3584543762134493	0.21028273651359006	12.690749968273122	24.220999757790004
472	7733248	10	2.0	4.0	10.0	0.0	10	5.3	4.775981574503821	10.0	0.0	-0.008576247474003207	-2.3265032442967577	0.23043810604844173	12.11549996971125	24.005999759940003
476	7798784	10	4.9	4.968903299521937	13.0	0.0	10	8.0	4.0	10.0	0.0	-0.008103181490761856	-2.3680362400926085	0.20890935306434258	13.665249965836875	14.534999854650003
480	7864320	10	3.3	4.473253849269008	10.0	0.0	10	6.0	4.898979485566356	10.0	0.0	-0.009014693159437403	-2.3963483842697983	0.2042990107807792	12.493999968765	23.355999766440004
484	7929856	10	4.0	4.898979485566356	10.0	0.0	10	1.0	3.0	10.0	0.0	-0.008261628967120889	-2.389071379849799	0.18775691920487805	13.238749966903125	19.676999803230004
488	7995392	10	3.6	4.340506882842141	10.0	0.0	10	5.0	5.0	10.0	0.0	-0.008436810468114082	-2.3530763981275378	0.2108518602882977	13.61549996596125	24.488999755110004
492	8060928	10	1.3	3.034798181098703	10.0	0.0	10	1.3	3.0347981810987035	10.0	0.0	-0.008120404048656034	-2.376889561365808	0.19851315376454032	12.666249968334375	26.001999739980004
496	8126464	10	6.0	4.898979485566356	10.0	0.0	10	8.0	4.0	10.0	0.0	-0.006662685442797955	-2.3934043270836605	0.19252373454639057	13.375749966560626	19.164999808350004
500	8192000	10	3.0	4.58257569495584	10.0	0.0	10	5.3	4.775981574503821	10.0	0.0	-0.008534937645001694	-2.41068976347369	0.17017395637398555	11.634249970914373	28.087999719120006
504	8257536	10	6.0	4.898979485566356	10.0	0.0	10	4.3	4.73392015141785	10.0	0.0	-0.008313572939230494	-2.422882673388662	0.1789591026616442	11.061749972345625	28.448999715510006
508	8323072	10	3.3	5.1	13.0	0.0	10	5.0	5.0	10.0	0.0	-0.008369569714318226	-2.427232985442366	0.14260334147517575	11.334999971662501	21.956999780430003
512	8388608	10	3.6	4.340506882842141	10.0	0.0	10	4.0	4.898979485566356	10.0	0.0	-0.008624384811821281	-2.3753626940160246	0.1249323586492736	12.549249968626876	29.649999703500004
516	8454144	10	3.3	4.473253849269008	10.0	0.0	10	4.0	4.898979485566356	10.0	0.0	-0.00816348352151637	-2.3847677730023253	0.21433116182935807	11.93999997015	29.357999706420006
520	8519680	10	5.3	4.775981574503821	10.0	0.0	10	8.0	4.0	10.0	0.0	-0.008462736423429373	-2.414475455628657	0.19171752607936357	11.794999970512501	19.226999807730003
524	8585216	10	5.0	5.0	10.0	0.0	10	7.0	4.58257569495584	10.0	0.0	-0.008130842743778054	-2.457316815597148	0.130701302769949	11.848749970378126	28.914999710850005
528	8650752	10	5.0	5.0	10.0	0.0	10	4.3	4.73392015141785	10.0	0.0	-0.007974628548636228	-2.435963061694871	0.19456702872325793	12.140499969648749	26.567999734320004
532	8716288	10	4.3	4.73392015141785	10.0	0.0	10	4.0	4.898979485566356	10.0	0.0	-0.008158532033484258	-2.431028470143763	0.16874971727945437	11.201749971995625	33.59699966403001
536	8781824	10	5.0	5.0	10.0	0.0	10	6.6	4.2708313008125245	10.0	0.0	-0.00810541928671076	-2.4159927291141594	0.20318163618812446	10.88149997279625	33.92099966079
540	8847360	10	5.0	5.0	10.0	0.0	10	7.3	4.196427051671457	10.0	0.0	-0.008474502533344452	-2.425664568688125	0.17194451475277076	11.317249971706875	30.271999697280002
544	8912896	10	5.6	4.521061822182926	10.0	0.0	10	6.3	4.605431575867781	10.0	0.0	-0.008831215145912093	-2.4249346800106037	0.18714980903305203	12.404249968989374	21.700999782990003
548	8978432	10	5.0	5.0	10.0	0.0	10	7.0	4.58257569495584	10.0	0.0	-0.007987617409906753	-2.4390677211128127	0.18581556829550944	11.89599997026	19.116999808830005
552	9043968	10	2.6	4.1036569057366385	10.0	0.0	10	3.0	4.58257569495584	10.0	0.0	-0.007548029664699702	-2.45240721329336	0.18757247317491132	12.473249968816875	31.535999684640007
556	9109504	10	3.3	5.1	13.0	0.0	10	5.0	5.0	10.0	0.0	-0.007894131407522337	-2.4475198236538556	0.17365257657497246	10.95849997260375	32.9099996709
560	9175040	10	3.0	4.58257569495584	10.0	0.0	10	4.0	4.898979485566356	10.0	0.0	-0.0076883216707933	-2.4396654588423	0.16487467877091133	11.50799997123	31.259999687400008
564	9240576	10	4.0	4.898979485566356	10.0	0.0	10	4.0	4.898979485566356	10.0	0.0	-0.00841571432984237	-2.423814045633718	0.17984162385564767	12.120749969698124	26.372999736270007
568	9306112	10	6.3	4.605431575867781	10.0	0.0	10	4.6	5.161395160225576	13.0	0.0	-0.007788587596018824	-2.4308009045770884	0.17388728965435582	12.048249969879375	25.631999743680005
572	9371648	10	4.3	4.73392015141785	10.0	0.0	10	2.3	3.9509492530276824	10.0	0.0	-0.007633037638812101	-2.3785004588470815	0.18814733048182855	11.96949997007625	26.617999733820003
576	9437184	10	3.3	4.473253849269009	10.0	0.0	10	3.3	4.473253849269008	10.0	0.0	-0.007739417753734341	-2.3890880269303776	0.17736729690509703	12.94399996764	24.810999751890005
580	9502720	10	3.0	4.58257569495584	10.0	0.0	10	2.3	3.950949253027682	10.0	0.0	-0.008875276885176838	-2.395880048224105	0.17891344100235854	13.0469999673825	25.586999744130004
584	9568256	10	5.0	5.0	10.0	0.0	10	7.3	4.196427051671457	10.0	0.0	-0.0064587663187863605	-2.3334697234186708	0.22009787845926587	12.677249968306874	28.145999718540004
588	9633792	10	5.6	4.521061822182927	10.0	0.0	10	6.6	4.2708313008125245	10.0	0.0	-0.006987696207215487	-2.320484521246631	0.18322447770850112	12.344749969138126	17.540999824590003
592	9699328	10	5.9	4.887739763939975	13.0	0.0	10	5.0	5.0	10.0	0.0	-0.007653482555836879	-2.358571417384034	0.18479022994885674	12.485749968785624	17.420999825790002
596	9764864	10	3.0	4.58257569495584	10.0	0.0	10	5.6	4.521061822182927	10.0	0.0	-0.007548554578960445	-2.3917096527906367	0.20020252013977094	11.966999970082501	25.791999742080005
600	9830400	10	4.6	4.5431266766402185	10.0	0.0	10	4.3	4.73392015141785	10.0	0.0	-0.007877587135012097	-2.3987756244823037	0.21932881602595417	13.2649999668375	22.055999779440004
604	9895936	10	5.0	5.0	10.0	0.0	10	5.6	4.521061822182927	10.0	0.0	-0.008920404714728335	-2.3945574807613217	0.2042674788371533	13.449249966376875	19.545999804540003
608	9961472	10	3.0	4.58257569495584	10.0	0.0	10	8.6	3.7202150475476548	13.0	0.0	-0.008184436957644068	-2.340372579549346	0.21089677262096193	12.86049996784875	24.627999753720005
612	10027008	10	6.0	4.898979485566356	10.0	0.0	10	5.0	5.0	10.0	0.0	-0.00792242602052219	-2.348938310895061	0.21159412321603568	12.750249968124377	22.180999778190003
616	10092544	10	4.0	4.898979485566356	10.0	0.0	10	3.6	4.340506882842141	10.0	0.0	-0.007900201133842077	-2.351451501005324	0.1855457249525131	13.232499966918752	25.622999743770006
620	10158080	10	5.3	4.775981574503821	10.0	0.0	10	4.3	4.73392015141785	10.0	0.0	-0.008291866091031181	-2.370276301852324	0.16309542571979085	11.507249971231875	22.442999775570005
624	10223616	10	5.0	5.0	10.0	0.0	10	6.6	4.2708313008125245	10.0	0.0	-0.007886054340297164	-2.3425317876084324	0.18506098893716427	12.56949996857625	27.661999723380003
628	10289152	10	6.3	5.21632054229799	13.0	0.0	10	3.0	4.58257569495584	10.0	0.0	-0.008109521835411089	-2.3807543563349642	0.19787425002505518	11.691999970769999	18.67699981323
632	10354688	10	7.3	4.196427051671457	10.0	0.0	10	7.0	4.58257569495584	10.0	0.0	-0.00815751165803919	-2.351480588071971	0.22056730523891432	12.605749968485624	12.152999878470002
636	10420224	10	5.6	4.521061822182926	10.0	0.0	10	2.9	4.7	13.0	0.0	-0.007656956253221957	-2.28714100247639	0.21568332905186607	14.25149996437125	18.899999811
640	10485760	10	5.0	5.0	10.0	0.0	10	4.3	4.73392015141785	10.0	0.0	-0.008142149887499539	-2.302625961361877	0.18692972384929557	13.994249965014374	11.732999882670002
644	10551296	10	5.3	4.775981574503821	10.0	0.0	10	4.3	4.73392015141785	10.0	0.0	-0.008721183983350608	-2.3222658706272568	0.19440653933670618	13.275249966811876	16.262999837370003
648	10616832	10	2.3	3.9509492530276824	10.0	0.0	10	5.3	4.775981574503821	10.0	0.0	-0.008029298509197407	-2.364474194498923	0.15682290492808412	12.521499968696252	25.952999740470002
652	10682368	10	4.9	4.323193264243457	10.0	0.0	10	4.6	4.5431266766402185	10.0	0.0	-0.00858253629517126	-2.3567095967659166	0.18932546331748146	12.877749967805626	22.486999775130002
656	10747904	10	3.9	4.182104733265296	10.0	0.0	10	8.6	3.7202150475476548	13.0	0.0	-0.008709706314223199	-2.347445845359417	0.20635410101176518	12.514749968713124	19.169999808300005
660	10813440	10	5.0	5.0	10.0	0.0	10	5.0	5.0	10.0	0.0	-0.0086052928566894	-2.3658330090363067	0.18596153137820512	12.464249968839376	23.000999769990006
664	10878976	10	8.0	4.0	10.0	0.0	10	5.6	4.715930449020639	10.0	0.0	-0.00829845485870121	-2.342593006545664	0.19194051481646654	13.802999965492502	20.96099979039
668	10944512	10	2.3	3.9509492530276824	10.0	0.0	10	8.3	4.243819034784589	13.0	0.0	-0.007629108932141709	-2.3297601066586444	0.21397687818488764	13.449749966375627	15.305999846940002
672	11010048	10	2.5	3.170173496829472	10.0	0.0	10	5.0	5.0	10.0	0.0	-0.008342122427812885	-2.3376845367301264	0.20488995187333794	12.411749968970625	25.000999749990005
676	11075584	10	5.3	4.775981574503821	10.0	0.0	10	5.6	5.141984052872977	13.0	0.0	-0.00876790962410795	-2.3652095245838063	0.19311943919869756	12.195249969511877	26.031999739680003
680	11141120	10	5.0	5.0	10.0	0.0	10	3.3	4.473253849269008	10.0	0.0	-0.007464028854106005	-2.3906388528638316	0.20835685432891268	12.890999967772501	20.462999795370003
684	11206656	10	4.0	4.898979485566356	10.0	0.0	10	4.6	5.161395160225576	13.0	0.0	-0.008475645340115622	-2.3797535744810747	0.18565243511699928	11.56549997108625	27.726999722730003
688	11272192	10	4.3	5.330103188494571	13.0	0.0	10	4.6	4.5431266766402185	10.0	0.0	-0.008524508445004358	-2.387975727269652	0.15645222488402802	11.665999970835001	24.858999751410007
692	11337728	10	6.0	4.898979485566356	10.0	0.0	10	7.3	4.196427051671457	10.0	0.0	-0.008295289203533611	-2.3609473603491353	0.25478051119003126	11.329499971676249	29.173999708260006
696	11403264	10	7.3	4.859012245302536	13.0	0.0	10	7.3	4.196427051671457	10.0	0.0	-0.008917878465865166	-2.3710902529471842	0.18076819691786672	11.381999971545001	22.358999776410005
700	11468800	10	3.0	4.58257569495584	10.0	0.0	10	7.3	4.859012245302536	13.0	0.0	-0.008124871692782809	-2.3688791267589777	0.25480073020312405	11.255749971860624	28.654999713450007
704	11534336	10	6.3	4.605431575867782	10.0	0.0	10	5.6	5.141984052872976	13.0	0.0	-0.007317590361552506	-2.3386832249708682	0.19602118383913802	11.126749972183125	22.678999773210002
708	11599872	10	4.6	4.5431266766402185	10.0	0.0	10	3.9	4.846648326421054	13.0	0.0	-0.008639910533939154	-2.3835146747530205	0.1861839736617875	10.83199997292	30.720999692790006
712	11665408	10	4.3	4.73392015141785	10.0	0.0	10	4.6	4.5431266766402185	10.0	0.0	-0.007472231677769911	-2.3329261712783325	0.2130053854946442	11.148749972128124	20.592999794070003
716	11730944	10	4.3	4.73392015141785	10.0	0.0	10	6.0	4.898979485566356	10.0	0.0	-0.008712411711714727	-2.314691982922243	0.20263944020867516	11.94849997012875	21.906999780930004
720	11796480	10	4.3	4.73392015141785	10.0	0.0	10	3.9	4.846648326421054	13.0	0.0	-0.008144543641174567	-2.3265576012492604	0.19583361663678323	11.734499970663752	25.639999743600004
724	11862016	10	3.3	4.473253849269008	10.0	0.0	10	6.6	4.476605857119878	10.0	0.0	-0.008176696032384675	-2.3466192009587474	0.20077249436720954	12.039749969900624	25.516999744830002
728	11927552	10	7.0	4.58257569495584	10.0	0.0	10	3.6	4.340506882842141	10.0	0.0	-0.008112392375312569	-2.3382467972783414	0.2154741361512799	12.288499969278753	24.679999753200004
732	11993088	10	7.0	4.58257569495584	10.0	0.0	10	5.9	4.887739763939975	13.0	0.0	-0.007713078983624596	-2.346784735474906	0.202381338126986	11.8109999704725	25.935999740640003
736	12058624	10	4.0	4.898979485566356	10.0	0.0	10	8.0	4.0	10.0	0.0	-0.008737451422650894	-2.2925814089771164	0.17089373003463496	12.507999968730001	6.282999937170001
740	12124160	10	1.9	3.014962686336267	10.0	0.0	10	6.6	4.923413450036469	13.0	0.0	-0.007589184068332656	-2.321083339310305	0.18331890318495792	13.141749967145625	20.531999794680004
744	12189696	10	4.3	4.73392015141785	10.0	0.0	10	5.0	5.0	10.0	0.0	-0.00866079974276368	-2.3184827042191123	0.2057481687301653	14.31599996421	20.529999794700004
748	12255232	10	3.3	4.473253849269008	10.0	0.0	10	5.9	4.437341546466758	10.0	0.0	-0.008236285521334149	-2.342854276055429	0.19771869447506238	13.712249965719376	19.699999803
752	12320768	10	4.3	4.73392015141785	10.0	0.0	10	3.3	4.473253849269008	10.0	0.0	-0.008347169407938034	-2.343245101227654	0.17897986968046187	13.493749966265625	21.038999789610006
756	12386304	10	4.6	4.5431266766402185	10.0	0.0	10	6.0	4.898979485566356	10.0	0.0	-0.008386596568355158	-2.3625566211862044	0.21191571565310557	13.2609999668475	8.85699991143
760	12451840	10	6.0	4.898979485566356	10.0	0.0	10	5.0	5.0	10.0	0.0	-0.008439135392442747	-2.3618234070662107	0.20194611835983833	12.794499968013751	10.496999895030001
764	12517376	10	5.6	4.521061822182927	10.0	0.0	10	3.3	5.1	13.0	0.0	-0.009112423917901043	-2.3602448475882514	0.18083041275830422	11.523249971191875	26.994999730050004
768	12582912	10	4.6	4.5431266766402185	10.0	0.0	10	5.3	4.775981574503821	10.0	0.0	-0.007740314795634563	-2.352864858759725	0.18550487729961512	11.796499970508748	25.385999746140005
772	12648448	10	6.0	4.898979485566356	10.0	0.0	10	5.6	5.141984052872976	13.0	0.0	-0.007340932302964475	-2.4172442006533674	0.15340710344368128	11.572749971068124	25.784999742150003
776	12713984	10	2.3	3.9509492530276824	10.0	0.0	10	6.3	5.21632054229799	13.0	0.0	-0.008963117590889637	-2.389347466080843	0.16231276201877023	11.724249970689375	21.445999785540003
780	12779520	10	4.6	4.5431266766402185	10.0	0.0	10	5.3	4.775981574503821	10.0	0.0	-0.00712589014121221	-2.360335680099826	0.20901808551818912	12.16799996958	16.412999835870004
784	12845056	10	5.0	5.0	10.0	0.0	10	5.6	4.521061822182927	10.0	0.0	-0.007955701162326308	-2.377256154766407	0.19395340612310916	12.248249969379376	17.199999828000003
788	12910592	10	5.0	5.0	10.0	0.0	10	5.0	5.0	10.0	0.0	-0.008874731167740617	-2.3754226091016517	0.175605523226496	12.52449996868875	24.517999754820003
792	12976128	10	2.3	3.950949253027682	10.0	0.0	10	5.3	4.775981574503821	10.0	0.0	-0.008799798693561392	-2.3871912109352	0.1743649241798535	12.646749968383126	24.495999755040003
796	13041664	10	4.3	4.73392015141785	10.0	0.0	10	7.3	4.196427051671457	10.0	0.0	-0.00860862539322082	-2.369885628175238	0.1725023080570368	12.64549996838625	18.921999810780004
800	13107200	10	4.0	4.898979485566356	10.0	0.0	10	9.0	3.0	10.0	0.0	-0.008711532283695226	-2.3749374844143487	0.14673441406363127	12.878499967803752	22.70799977292
804	13172736	10	5.0	5.0	10.0	0.0	10	4.0	4.898979485566356	10.0	0.0	-0.008322961881015924	-2.3702193719659888	0.1677189362836762	12.7489999681275	13.900999860990002
808	13238272	10	2.3	3.9509492530276824	10.0	0.0	10	6.0	4.898979485566356	10.0	0.0	-0.008741290246991567	-2.3787249075875407	0.16260296011512462	12.392249969019376	12.472999875270002
812	13303808	10	4.0	4.898979485566356	10.0	0.0	10	4.2	4.214261501141095	10.0	0.0	-0.008693368106533848	-2.381264038135912	0.17336886219116146	10.50399997374	30.926999690730003
816	13369344	10	4.3	4.73392015141785	10.0	0.0	10	5.6	4.521061822182926	10.0	0.0	-0.008633980749750173	-2.3658875646709587	0.1824020995413251	11.40149997149625	31.040999689590006
820	13434880	10	2.6	3.878143885933063	10.0	0.0	10	5.0	5.0	10.0	0.0	-0.009371936019542719	-2.3913970760993597	0.1542177667370231	11.43949997140125	14.294999857050001
824	13500416	10	5.0	5.0	10.0	0.0	10	3.6	4.340506882842141	10.0	0.0	-0.00859664408352007	-2.387328924983412	0.18736110423912977	11.242249971894374	26.853999731460004
828	13565952	10	7.0	4.58257569495584	10.0	0.0	10	3.3	4.473253849269008	10.0	0.0	-0.007850814578372738	-2.397998466837954	0.15242795939521667	10.579249973551875	31.306999686930002
832	13631488	10	4.0	4.898979485566356	10.0	0.0	10	4.9	4.52658811910251	10.0	0.0	-0.009314723122709584	-2.404463449863467	0.15343028188947505	10.66349997334125	26.464999735350005
836	13697024	10	5.0	5.0	10.0	0.0	10	6.3	4.605431575867781	10.0	0.0	-0.008410457913702638	-2.389369812855578	0.1752120205794798	10.379499974051251	26.644999733550005
840	13762560	10	4.6	4.5431266766402185	10.0	0.0	10	6.5	4.272001872658765	13.0	0.0	-0.008560356637056333	-2.402405582118123	0.14714696349905979	10.584999973537501	31.535999684640007
844	13828096	10	6.3	4.605431575867782	10.0	0.0	10	6.0	4.898979485566356	10.0	0.0	-0.00901193756632696	-2.421771563337305	0.12662359263670697	10.509999973725	12.471999875280002
848	13893632	10	5.3	4.775981574503821	10.0	0.0	10	5.3	4.775981574503821	10.0	0.0	-0.009018419731516677	-2.3971602889385215	0.13914466958285332	11.550749971123127	27.942999720570008
852	13959168	10	4.0	4.898979485566356	10.0	0.0	10	5.0	5.0	10.0	0.0	-0.00788591091055739	-2.4076770541544126	0.15547983408838187	11.490749971273125	20.572999794270004
856	14024704	10	3.3	4.473253849269008	10.0	0.0	10	9.0	3.0	10.0	0.0	-0.008472920365447476	-2.418711291995028	0.16221621110897796	12.045249969886875	9.768999902310002
860	14090240	10	5.0	5.0	10.0	0.0	10	4.0	4.898979485566356	10.0	0.0	-0.007748917639321459	-2.401860820500201	0.16590233401529875	13.900749965248126	16.80699983193
864	14155776	10	3.3	4.473253849269008	10.0	0.0	10	5.3	4.775981574503821	10.0	0.0	-0.007068751319690877	-2.3696576081231466	0.16901608461616174	13.201749966995626	20.870999791290004
868	14221312	10	4.3	4.73392015141785	10.0	0.0	10	6.9	3.8845849199110063	10.0	0.0	-0.009122199721140117	-2.3943446574101195	0.15496306771660937	13.069249967326876	20.895999791040005
872	14286848	10	6.3	4.605431575867781	10.0	0.0	10	5.0	5.0	10.0	0.0	-0.008509531810303738	-2.4126536818812436	0.17279920500144927	13.835749965410626	26.722999732770003
876	14352384	10	6.0	4.898979485566356	10.0	0.0	10	4.3	4.73392015141785	10.0	0.0	-0.008584274831885966	-2.3903171318266363	0.15932890864292099	11.54149997114625	27.732999722670005
880	14417920	10	4.3	4.73392015141785	10.0	0.0	10	3.3	4.473253849269009	10.0	0.0	-0.008467263858950497	-2.4135437903274313	0.1299238336758082	11.45449997136375	29.301999706980006
884	14483456	10	6.3	5.21632054229799	13.0	0.0	10	5.3	4.775981574503821	10.0	0.0	-0.007666034352758885	-2.421757817016105	0.15702207640971744	11.49199997127	30.067999699320005
888	14548992	10	4.6	4.5431266766402185	10.0	0.0	10	4.6	4.5431266766402185	10.0	0.0	-0.007952170341398005	-2.411471319444119	0.13712869396867455	10.904749972738125	30.940999690590004
892	14614528	10	5.0	5.0	10.0	0.0	10	8.3	3.4655446902326914	10.0	0.0	-0.008492062591383166	-2.395375658818907	0.11295300534681083	10.872249972819377	25.658999743410003
896	14680064	10	5.9	4.887739763939975	13.0	0.0	10	5.0	5.0	10.0	0.0	-0.008513342765301433	-2.2981670620630377	0.16204768937566186	11.528749971178126	26.727999732720004
900	14745600	10	6.0	4.898979485566356	10.0	0.0	10	3.0	4.58257569495584	10.0	0.0	-0.008070823735648108	-2.3488312187330993	0.14571442476818533	11.30799997173	31.180999688190006
904	14811136	10	4.3	5.330103188494571	13.0	0.0	10	7.0	4.58257569495584	10.0	0.0	-0.008898079612646034	-2.3575336980350756	0.14048695935335642	11.40549997148625	24.480999755190005
908	14876672	10	6.6	4.2708313008125245	10.0	0.0	10	7.9	4.036087214122113	13.0	0.0	-0.007699370652624722	-2.352663663281307	0.15577839297792856	11.068749972328126	30.780999692190004
912	14942208	10	3.3	4.473253849269008	10.0	0.0	10	4.3	4.73392015141785	10.0	0.0	-0.007787264761441085	-2.3516590965324746	0.15251651257240023	11.049249972376876	16.18299983817
916	15007744	10	4.6	5.161395160225576	13.0	0.0	10	6.6	5.499090833947008	13.0	0.0	-0.008532094409343818	-2.3418610093538343	0.1760428617525007	11.882499970293749	26.703999732960003
920	15073280	10	4.0	4.898979485566356	10.0	0.0	10	6.0	4.898979485566356	10.0	0.0	-0.008667534587409396	-2.3983155685151796	0.1425458091007451	11.823749970440625	27.417999725820003
924	15138816	10	5.3	4.775981574503821	10.0	0.0	10	4.9	4.968903299521938	13.0	0.0	-0.00813713838979435	-2.394240836053039	0.15224941888169496	11.591749971020624	31.253999687460006
928	15204352	10	5.6	5.141984052872977	13.0	0.0	10	5.3	4.775981574503821	10.0	0.0	-0.008239151850881489	-2.3931799429149	0.18807729176459576	10.86049997284875	34.17599965824001
932	15269888	10	1.6	3.0397368307141326	10.0	0.0	10	4.9	5.146843692983109	13.0	0.0	-0.008509960808040583	-2.4003730239950642	0.1466116331520196	10.785749973035625	33.02599966974001
936	15335424	10	7.6	4.476605857119878	13.0	0.0	10	8.6	2.8000000000000003	10.0	3.0	-0.008464633588146647	-2.376333147039834	0.14210841485060635	10.8569999728575	23.344999766550004
940	15400960	10	3.3	4.473253849269008	10.0	0.0	10	5.3	4.775981574503821	10.0	0.0	-0.007971848138447025	-2.3863306415575494	0.17773012046713493	10.570249973574375	30.788999692110007
944	15466496	10	1.9	3.014962686336267	10.0	0.0	10	5.0	5.0	10.0	0.0	-0.008924362644069822	-2.340565472597454	0.1685778614889317	11.229749971925624	26.196999738030005
948	15532032	10	3.0	4.58257569495584	10.0	0.0	10	6.9	5.752390807307862	13.0	0.0	-0.008396450422004213	-2.36434334243544	0.1460656940319229	11.08799997228	28.110999718890007
952	15597568	10	2.9	4.011234224026316	10.0	0.0	10	8.2	4.28485705712571	13.0	0.0	-0.008243655477043981	-2.299302947778404	0.17127814305093406	11.49949997125125	28.351999716480005
956	15663104	10	4.9	4.323193264243457	10.0	0.0	10	9.6	2.3748684174075834	13.0	3.0	-0.008402530660870043	-2.33723424350711	0.17540274442209072	11.0229999724425	27.956999720430005
960	15728640	10	5.9	4.2296571965113205	10.0	0.0	10	5.6	4.521061822182926	10.0	0.0	-0.007559868118248671	-2.3769834858683296	0.16172610260413764	11.10849997222875	27.907999720920007
964	15794176	10	5.6	4.521061822182927	10.0	0.0	10	6.0	4.898979485566356	10.0	0.0	-0.008285593371557324	-2.313249028978187	0.20514694987211501	11.246249971884374	28.028999719710004
968	15859712	10	6.0	4.898979485566356	10.0	0.0	10	7.3	4.196427051671457	10.0	0.0	-0.008719385113182713	-2.376281117152004	0.12818157136036373	11.293249971766876	21.77199978228
972	15925248	10	0.6	1.2	3.0	0.0	10	9.0	3.0	10.0	0.0	-0.008573596995439746	-2.363977260641375	0.16802524106068537	11.7809999705475	17.490999825090004
976	15990784	10	5.3	4.775981574503821	10.0	0.0	10	8.6	3.7202150475476548	13.0	0.0	-0.007754321767102021	-2.394253439951881	0.14652412507398507	11.855999970360003	19.176999808230004
980	16056320	10	7.6	4.476605857119878	13.0	0.0	10	7.6	3.7469987990390385	10.0	0.0	-0.008100813193237197	-2.3901152384771684	0.15283926155688726	12.412999968967501	25.554999744450004
984	16121856	10	4.3	5.330103188494571	13.0	0.0	10	5.2	4.28485705712571	10.0	0.0	-0.008102283222862775	-2.374339776487184	0.15677920572068343	11.050749972373124	28.149999718500002
988	16187392	10	4.3	4.73392015141785	10.0	0.0	10	5.3	4.775981574503821	10.0	0.0	-0.007902450630743484	-2.4181606245502207	0.13918840511183445	11.13199997217	21.355999786440005
992	16252928	10	8.3	4.243819034784589	13.0	0.0	10	6.0	4.898979485566356	10.0	0.0	-0.00852822053792798	-2.4038756983955056	0.13299209956867472	11.62949997092625	17.814999821850005
996	16318464	10	5.0	5.0	10.0	0.0	10	6.0	4.898979485566356	10.0	0.0	-0.008131629102598403	-2.3909365606797657	0.13620437168028746	10.849749972875625	16.271999837280003
1000	16384000	10	5.0	5.0	10.0	0.0	10	6.6	4.923413450036469	13.0	0.0	-0.008271754757260425	-2.3655501229087053	0.1713832516510329	11.130749972173124	28.352999716470006
1004	16449536	10	4.9	4.968903299521937	13.0	0.0	10	5.2	5.344155686354955	13.0	0.0	-0.007977387349231318	-2.3766233968245913	0.18801506467067716	11.133749972165626	31.406999685930003
1008	16515072	10	4.0	4.898979485566356	10.0	0.0	10	4.3	4.73392015141785	10.0	0.0	-0.00877546543930438	-2.348186234388525	0.17117064234880253	10.428249973929375	31.558999684410008
1012	16580608	10	6.0	4.898979485566356	10.0	0.0	10	5.3	4.775981574503821	10.0	0.0	-0.0075042254458280895	-2.420158984508343	0.18955267172194912	10.40399997399	33.80899966191
1016	16646144	10	1.6	3.0397368307141326	10.0	0.0	10	3.3	4.473253849269008	10.0	0.0	-0.008056611874426916	-2.387409594903054	0.1300226651617548	10.005999974984999	22.578999774210004
1020	16711680	10	5.3	5.367494760127857	13.0	0.0	10	7.0	4.58257569495584	10.0	0.0	-0.0075591972191743715	-2.3662928340354323	0.16112681981049937	11.253749971865625	19.564999804350006
1024	16777216	10	5.3	4.775981574503821	10.0	0.0	10	5.0	5.0	10.0	0.0	-0.009093181161271667	-2.373034943889746	0.1752672365994472	11.4069999714825	22.898999771010004
1028	16842752	10	5.0	5.0	10.0	0.0	10	7.0	4.58257569495584	10.0	0.0	-0.008906098428554556	-2.3636089064202284	0.16051981658554898	11.861249970346876	24.244999757550005
1032	16908288	10	2.0	4.0	10.0	0.0	10	4.9	4.323193264243457	10.0	0.0	-0.00878941895673657	-2.381780666361503	0.13751138551280487	11.823999970440001	26.322999736770004
1036	16973824	10	5.0	5.0	10.0	0.0	10	6.3	4.605431575867781	10.0	0.0	-0.008211033066248003	-2.4003728849175596	0.14111958295189095	11.908249970229376	26.080999739190005
1040	17039360	10	2.0	4.0	10.0	0.0	10	5.2	4.935585071701226	13.0	0.0	-0.008813836630291791	-2.40164108797726	0.1321459098115747	11.834249970414374	28.967999710320004
1044	17104896	10	5.3	4.775981574503821	10.0	0.0	10	6.0	4.898979485566356	10.0	0.0	-0.007663363774362517	-2.402861557650607	0.12267571717464577	11.0089999724775	29.320999706790005
1048	17170432	10	4.3	4.73392015141785	10.0	0.0	10	5.0	5.0	10.0	0.0	-0.00857022063217764	-2.3734455751887222	0.1284572204130692	10.96849997257875	29.450999705490005
1052	17235968	10	4.0	4.898979485566356	10.0	0.0	10	6.6	4.923413450036469	13.0	0.0	-0.007146063041710971	-2.353097498171786	0.17528250245103766	11.314749971713125	25.545999744540005
1056	17301504	10	4.3	4.73392015141785	10.0	0.0	10	6.3	5.21632054229799	13.0	0.0	-0.008614577759556914	-2.3101787167367935	0.18077056853080276	11.586499971033751	30.726999692730004
1060	17367040	10	5.6	5.141984052872977	13.0	0.0	10	6.6	4.2708313008125245	10.0	0.0	-0.007903014883681723	-2.353013428303866	0.16671681448943262	10.86649997283375	26.372999736270007
1064	17432576	10	3.3	4.473253849269008	10.0	0.0	10	6.2	5.2115256883181535	13.0	0.0	-0.008948026391385757	-2.363957057150325	0.13688443328069808	10.908999972727502	34.40499965595001
1068	17498112	10	5.0	5.0	10.0	0.0	10	7.3	4.859012245302536	13.0	0.0	-0.008117883930999813	-2.426720407849093	0.16254950266500853	10.65449997336375	34.379999656200006
1072	17563648	10	5.0	5.0	10.0	0.0	10	4.0	4.898979485566356	10.0	0.0	-0.008631808148806803	-2.3981366726244855	0.13711536340539396	10.694749973263127	22.264999777350003
1076	17629184	10	8.3	3.4655446902326914	10.0	0.0	10	7.2	4.214261501141095	13.0	0.0	-0.008197275690443177	-2.3672492576159794	0.16931863895716334	10.70949997322625	26.234999737650003
1080	17694720	10	5.3	4.775981574503821	10.0	0.0	10	4.6	5.161395160225576	13.0	0.0	-0.007515856362387412	-2.3952627278852843	0.1365972561231397	11.192999972017498	27.056999729430004
1084	17760256	10	6.3	5.21632054229799	13.0	0.0	10	6.9	4.592385001282014	13.0	0.0	-0.007763381774970343	-2.39267044489494	0.14876888310539269	10.555749973610626	31.526999684730008
1088	17825792	10	6.0	4.898979485566356	10.0	0.0	10	5.8	3.919183588453085	10.0	0.0	-0.008290934661742617	-2.3593647080189015	0.18409275393567628	10.558999973602502	34.273999657260006
1092	17891328	10	8.0	4.0	10.0	0.0	10	5.6	5.141984052872976	13.0	0.0	-0.009006332755508824	-2.360883287839535	0.15666529922666395	11.0669999723325	25.469999745300004
1096	17956864	10	5.3	4.775981574503821	10.0	0.0	10	5.9	4.2296571965113205	10.0	0.0	-0.008278708064958801	-2.394288874913196	0.15634756456052837	10.492749973768124	25.36499974635
1100	18022400	10	3.3	4.473253849269008	10.0	0.0	10	4.3	4.73392015141785	10.0	0.0	-0.009124311561774116	-2.412402227269651	0.12166852471703501	11.063749972340624	35.616999643830006
1104	18087936	10	5.3	4.775981574503821	10.0	0.0	10	5.0	5.0	10.0	0.0	-0.009226754258279382	-2.348667487257445	0.1710908668868838	10.090249974774375	22.284999777150002
1108	18153472	10	5.3	4.775981574503821	10.0	0.0	10	5.6	4.521061822182927	10.0	0.0	-0.008871075839412976	-2.424573210125928	0.14470175776365093	10.369249974076874	33.96399966036
1112	18219008	10	6.0	4.898979485566356	10.0	0.0	10	6.3	4.605431575867781	10.0	0.0	-0.007580031074938694	-2.3878972354030714	0.1586057616542965	10.757999973105001	33.95899966041001
1116	18284544	10	2.9	3.7802116342871597	10.0	0.0	10	7.0	4.58257569495584	10.0	0.0	-0.007885617043118	-2.41296312187809	0.1381888135658054	10.012499974968751	35.207999647920005
1120	18350080	10	1.3	3.034798181098703	10.0	0.0	10	5.6	4.521061822182927	10.0	0.0	-0.00857524681882859	-2.386784227937189	0.147274781934477	10.29349997426625	29.776999702230007
1124	18415616	10	7.6	4.476605857119878	13.0	0.0	10	7.0	4.58257569495584	10.0	0.0	-0.008063215859762295	-2.3877133178210554	0.15334720388009684	11.949999970124999	18.127999818720003
1128	18481152	10	3.0	4.58257569495584	10.0	0.0	10	6.6	4.923413450036469	13.0	0.0	-0.008759517629184074	-2.3638485692462647	0.165472366053759	11.591999971019998	27.71099972289
1132	18546688	10	6.0	4.898979485566356	10.0	0.0	10	7.0	4.58257569495584	10.0	0.0	-0.00860081784565554	-2.397140341250739	0.14921608907168463	11.36249997159375	28.240999717590004
1136	18612224	10	3.0	4.58257569495584	10.0	0.0	10	6.6	5.499090833947008	13.0	0.0	-0.00953798678793427	-2.3861105414726316	0.17316902054532557	11.729749970675625	26.014999739850005
1140	18677760	10	5.3	4.775981574503821	10.0	0.0	10	4.0	4.898979485566356	10.0	0.0	-0.008075033413123019	-2.3861137129364387	0.19009264354787003	12.733999968165	20.305999796940004
1144	18743296	10	6.9	4.592385001282014	13.0	0.0	10	5.3	4.775981574503821	10.0	0.0	-0.008960447777681478	-2.3945699157803366	0.1513730354138984	12.801999967995	24.275999757240005
1148	18808832	10	4.3	4.73392015141785	10.0	0.0	10	7.0	4.58257569495584	10.0	0.0	-0.007437027820270988	-2.3451075352769073	0.18312973208990935	12.703749968240624	17.883999821160003
1152	18874368	10	4.0	4.898979485566356	10.0	0.0	10	8.3	4.243819034784589	13.0	0.0	-0.00974428872743128	-2.3842660558720343	0.1478639234013809	12.46849996882875	23.400999765990004
1156	18939904	10	4.3	4.73392015141785	10.0	0.0	10	5.3	4.775981574503821	10.0	0.0	-0.007799906042940459	-2.402671890703898	0.17072051109830402	12.50349996874125	23.144999768550004
1160	19005440	10	5.9	4.887739763939975	13.0	0.0	10	8.0	4.0	10.0	0.0	-0.008992264754521565	-2.388500864058283	0.1505129441151694	13.03199996742	16.98199983018
1164	19070976	10	3.6	4.340506882842142	10.0	0.0	10	5.0	5.0	10.0	0.0	-0.008027138444729005	-2.3896256335074	0.1294575161165748	12.297249969256875	24.054999759450002
1168	19136512	10	5.0	5.0	10.0	0.0	10	5.6	4.715930449020639	10.0	0.0	-0.008783212427861785	-2.4011796536527257	0.13790667327236575	12.638249968404375	23.643999763560004
1172	19202048	10	3.9	4.846648326421054	13.0	0.0	10	6.0	4.898979485566356	10.0	0.0	-0.009113448331502587	-2.4043888695516995	0.16007081797852152	12.747249968131877	20.204999797950002
1176	19267584	10	4.0	4.898979485566356	10.0	0.0	10	5.6	5.141984052872977	13.0	0.0	-0.008739808299347418	-2.387389195213381	0.17494256614126855	12.838999967902499	24.248999757510003
1180	19333120	10	3.3	4.473253849269008	10.0	0.0	10	6.6	4.476605857119878	10.0	0.0	-0.008749052857029966	-2.3740166522573096	0.14740256637662025	12.316249969209375	23.436999765630006
1184	19398656	10	3.9	4.182104733265297	10.0	0.0	10	7.3	4.196427051671457	10.0	0.0	-0.009055133144068252	-2.3307046763654626	0.18183675569450658	13.20249996699375	15.806999841930002
1188	19464192	10	5.0	5.0	10.0	0.0	10	8.0	4.0	10.0	0.0	-0.009308046978064576	-2.3348656691662186	0.11374070742534936	12.7449999681375	23.334999766650004
1192	19529728	10	4.0	4.898979485566356	10.0	0.0	10	2.6	3.8781438859330635	10.0	0.0	-0.008166704710430453	-2.3690449642654134	0.17138671981869022	13.397999966505	20.647999793520004
1196	19595264	10	9.0	3.0	10.0	0.0	10	7.3	4.196427051671457	10.0	0.0	-0.009566272603088706	-2.338158470645374	0.13957101283693304	13.474999966312502	16.524999834750002
1200	19660800	10	3.0	4.58257569495584	10.0	0.0	10	6.3	4.605431575867782	10.0	0.0	-0.00820026612357421	-2.3155830127568975	0.17710776462237426	12.375749969060625	20.44699979553
1204	19726336	10	3.9	4.182104733265297	10.0	0.0	10	3.3	5.1	13.0	0.0	-0.008195842155808328	-2.309278756139531	0.1950863260417369	11.407999971479999	28.085999719140002
1208	19791872	10	5.9	5.4671747731346585	13.0	0.0	10	7.6	4.476605857119878	13.0	0.0	-0.008899138616150071	-2.3137813878629427	0.1447122508198776	11.811249970471875	25.540999744590003
1212	19857408	10	5.0	5.0	10.0	0.0	10	8.3	3.4655446902326914	10.0	0.0	-0.008906292303721123	-2.2976212921332086	0.1524028240078632	12.243749969390626	19.974999800250004
1216	19922944	10	4.0	4.898979485566356	10.0	0.0	10	5.3	4.775981574503821	10.0	0.0	-0.008449786950555387	-2.2778310823054633	0.18378230772239865	11.387249971531874	19.3399998066
1220	19988480	10	4.0	4.898979485566356	10.0	0.0	10	6.6	4.923413450036469	13.0	0.0	-0.008942423911299376	-2.2982080402563168	0.16010876308700578	10.224749974438126	29.854999701450005
1224	20054016	10	5.6	5.141984052872977	13.0	0.0	10	5.0	5.0	10.0	0.0	-0.008070249080515799	-2.2617889913547375	0.1756347423081183	9.971749975070624	25.889999741100006
1228	20119552	10	6.3	4.605431575867781	10.0	0.0	10	6.3	4.605431575867781	10.0	0.0	-0.008527131849729539	-2.329139408723287	0.1749517073827783	10.793249973016875	23.095999769040002
1232	20185088	10	4.6	5.161395160225576	13.0	0.0	10	2.6	3.8781438859330635	10.0	0.0	-0.008318801518769056	-2.322676772630661	0.15717992580721127	11.681999970795001	19.426999805730002
1236	20250624	10	5.6	4.521061822182927	10.0	0.0	10	5.2	4.28485705712571	10.0	0.0	-0.008376327436999998	-2.2933531773681683	0.17975424880152086	12.173749969565625	15.385999846140002
1240	20316160	10	6.3	5.21632054229799	13.0	0.0	10	7.0	4.58257569495584	10.0	0.0	-0.008501181033679741	-2.23310085611129	0.15657308308018456	13.190999967022499	11.830999881690001
1244	20381696	10	5.9	4.887739763939975	13.0	0.0	10	5.0	5.0	10.0	0.0	-0.008888304560043253	-2.2825781129406435	0.180501037956971	13.619249965951877	20.8299997917
1248	20447232	10	3.6	4.340506882842142	10.0	0.0	10	2.6	3.8781438859330635	10.0	0.0	-0.008083046796316523	-2.259311089677705	0.14678916721627913	13.350749966623125	21.112999788870003
1252	20512768	10	7.6	4.476605857119878	13.0	0.0	10	6.9	4.592385001282014	13.0	0.0	-0.0074522052568498235	-2.2199138127438474	0.18300181206272131	13.822749965443125	15.511999844880004
1256	20578304	10	7.9	4.036087214122113	13.0	0.0	10	5.0	5.0	10.0	0.0	-0.007598615076067027	-2.286124214291853	0.15430132057462664	13.072749967318124	13.221999867780001
1260	20643840	10	4.0	4.898979485566356	10.0	0.0	10	5.9	5.629387178015028	16.0	0.0	-0.00834537507190439	-2.255295420451477	0.18532197485920546	12.142499969643751	25.232999747670004
1264	20709376	10	5.3	4.775981574503821	10.0	0.0	10	6.3	4.605431575867782	10.0	0.0	-0.008324575473773832	-2.2618252309787574	0.1804254592674037	12.211749969470624	10.006999899930001
1268	20774912	10	9.0	3.0	10.0	0.0	10	6.0	4.898979485566356	10.0	0.0	-0.007859051939794774	-2.3218735627894933	0.1571467001758734	10.86449997283875	21.572999784270003
1272	20840448	10	6.0	4.898979485566356	10.0	0.0	10	6.0	4.898979485566356	10.0	0.0	-0.007351024326597388	-2.2837037094042065	0.1607511840438038	11.738249970654376	26.698999733010005
1276	20905984	10	2.0	4.0	10.0	0.0	10	7.3	4.196427051671457	10.0	0.0	-0.008402530481396421	-2.2049060238091136	0.205509755739024	10.05449997486375	33.89899966101001
1280	20971520	10	2.6	3.878143885933063	10.0	0.0	10	7.3	4.859012245302536	13.0	0.0	-0.007618891198151131	-2.2774073628199063	0.15088973945608045	11.414249971464375	23.034999769650003
1284	21037056	10	8.0	4.0	10.0	0.0	10	8.3	4.243819034784589	13.0	0.0	-0.009094408300029555	-2.250561209781976	0.20547663286361018	10.190249974524376	22.108999778910004
1288	21102592	10	4.3	5.330103188494571	13.0	0.0	10	2.6	3.8781438859330635	10.0	0.0	-0.008146101472205985	-2.255612132214985	0.18804610945498637	10.668749973328124	33.860999661390004
1292	21168128	10	6.3	4.605431575867782	10.0	0.0	10	6.0	4.898979485566356	10.0	0.0	-0.008631018450321912	-2.299532346187906	0.1789272362179936	10.433999973915	25.639999743600004
1296	21233664	10	5.3	4.775981574503821	10.0	0.0	10	7.3	4.859012245302536	13.0	0.0	-0.00829185944565656	-2.291977156956661	0.17515078045465957	11.188999972027501	32.55399967446001
1300	21299200	10	4.0	4.898979485566356	10.0	0.0	10	6.3	4.605431575867781	10.0	0.0	-0.007917033594906791	-2.307200227934194	0.20172298775126318	11.049249972376874	28.452999715470003
1304	21364736	10	5.3	4.775981574503821	10.0	0.0	10	7.3	4.859012245302536	13.0	0.0	-0.008582728086988631	-2.299880785007119	0.16317910078454953	10.2109999744725	27.326999726730005
1308	21430272	10	5.3	4.775981574503821	10.0	0.0	10	7.3	4.196427051671457	10.0	0.0	-0.007992397148959399	-2.3316230448638513	0.20807790754058106	10.606749973483126	27.499999725000006
1312	21495808	10	5.6	4.521061822182927	10.0	0.0	10	5.9	5.4671747731346585	13.0	0.0	-0.008050695633220372	-2.3235153230591234	0.17030513556452315	11.223499971941251	30.733999692660007
1316	21561344	10	6.6	4.2708313008125245	10.0	0.0	10	5.3	4.775981574503821	10.0	0.0	-0.008058795154050741	-2.3476453594901474	0.13331102066216002	10.888249972779375	31.654999683450008
1320	21626880	10	4.0	4.898979485566356	10.0	0.0	10	5.9	5.068530358989674	13.0	0.0	-0.008884659830360533	-2.2694209240496495	0.1424476906974497	10.596999973507499	31.079999689200005
1324	21692416	10	5.6	4.521061822182926	10.0	0.0	10	4.0	4.898979485566356	10.0	0.0	-0.008276443394047792	-2.325963052368268	0.14524175620987542	11.3109999717225	29.605999703940007
1328	21757952	10	6.0	4.898979485566356	10.0	0.0	10	7.6	4.476605857119878	13.0	0.0	-0.008381654303811981	-2.348743552718278	0.14757764120601152	11.186749972033125	29.751999702480003
1332	21823488	10	2.6	3.8781438859330635	10.0	0.0	10	9.3	3.2264531609803355	13.0	0.0	-0.009380984014805022	-2.3780258518960533	0.128307676938346	10.838749972903125	28.687999713120004
1336	21889024	10	6.3	4.605431575867781	10.0	0.0	10	5.9	4.2296571965113205	10.0	0.0	-0.00783994679335174	-2.3368069998969316	0.1447808951143857	10.972999972567502	24.630999753690006
1340	21954560	10	4.3	4.73392015141785	10.0	0.0	10	4.0	4.898979485566356	10.0	0.0	-0.008068645840232916	-2.335791095847959	0.15811193259338116	10.7689999730775	17.200999827990003
1344	22020096	10	8.6	3.7202150475476548	13.0	0.0	10	8.9	3.9357337308308855	13.0	0.0	-0.008199513908397623	-2.3783441928531848	0.11225190939919852	11.2399999719	20.59499979405
1348	22085632	10	5.0	5.0	10.0	0.0	10	8.0	4.0	10.0	0.0	-0.008771028026781489	-2.3649330136696682	0.13382595256129137	12.008249969979376	13.226999867730003
1352	22151168	10	6.0	4.898979485566356	10.0	0.0	10	7.3	4.859012245302536	13.0	0.0	-0.00813939223650575	-2.2900591291585264	0.15943376951121505	12.553749968615627	16.911999830880003
1356	22216704	10	6.0	4.898979485566356	10.0	0.0	10	7.0	4.58257569495584	10.0	0.0	-0.00863008250266367	-2.314417257663921	0.14146634748594578	12.429249968926875	23.930999760690003
1360	22282240	10	3.6	4.983974317750845	13.0	0.0	10	4.0	4.898979485566356	10.0	0.0	-0.008226586386073105	-2.2824127050843552	0.13867425435951247	12.369999969075	23.843999761560006
1364	22347776	10	6.0	4.898979485566356	10.0	0.0	10	9.3	3.2264531609803355	13.0	0.0	-0.008547002196508181	-2.2870281063121434	0.151487882854159	12.628249968429376	18.958999810410003
1368	22413312	10	6.0	4.898979485566356	10.0	0.0	10	9.3	2.1	10.0	3.0	-0.008510175827139975	-2.3398274329847606	0.14095880764930882	12.214749969463124	26.349999736500006
1372	22478848	10	5.3	5.367494760127856	13.0	0.0	10	8.6	3.7202150475476548	13.0	0.0	-0.008835834108129355	-2.3360612116804185	0.15463975085818255	11.543249971141876	21.219999787800003
1376	22544384	10	2.2	3.249615361854384	10.0	0.0	10	7.0	4.58257569495584	10.0	0.0	-0.007583801476173971	-2.3690970140214582	0.11956943779869598	12.040499969898752	22.690999773090002
1380	22609920	10	7.0	4.58257569495584	10.0	0.0	10	4.3	4.73392015141785	10.0	0.0	-0.009055007956366875	-2.3445055854858565	0.15485925024003963	11.8809999702975	25.225999747740005
1384	22675456	10	6.6	4.2708313008125245	10.0	0.0	10	6.3	4.605431575867781	10.0	0.0	-0.00857831479183991	-2.315340928492167	0.1522731858457456	11.774999970562503	16.264999837350004
1388	22740992	10	5.0	5.0	10.0	0.0	10	5.3	5.367494760127856	13.0	0.0	-0.00870452756771833	-2.332575390493285	0.1524720302779348	12.009249969976876	26.040999739590003
1392	22806528	10	3.0	4.58257569495584	10.0	0.0	10	6.6	5.499090833947008	13.0	0.0	-0.007611254988473711	-2.2950375077717977	0.16767674558601559	12.173249969566875	25.873999741260004
1396	22872064	10	3.3	4.473253849269008	10.0	0.0	10	5.3	4.775981574503821	10.0	0.0	-0.00892533417358611	-2.3220779520834607	0.16107465565699844	12.088249969779376	16.764999832350004
1400	22937600	10	5.0	5.0	10.0	0.0	10	7.3	4.859012245302536	13.0	0.0	-0.008617958230097093	-2.3060750834725203	0.18016568499603197	12.294249969264374	15.595999844040003
1404	23003136	10	4.0	4.898979485566356	10.0	0.0	10	4.3	4.73392015141785	10.0	0.0	-0.00822583346270331	-2.276161759854681	0.1741131900162676	12.464499968838751	22.885999771140003
1408	23068672	10	7.0	4.58257569495584	10.0	0.0	10	6.0	4.898979485566356	10.0	0.0	-0.009126346004409003	-2.261374714238323	0.17156967829367478	12.922249967694375	15.539999844600002
1412	23134208	10	5.0	5.0	10.0	0.0	10	7.0	4.58257569495584	10.0	0.0	-0.008816578511860112	-2.3159966416728	0.1481076980941939	12.008999969977499	17.160999828390004
1416	23199744	10	6.3	5.21632054229799	13.0	0.0	10	6.3	5.21632054229799	13.0	0.0	-0.008805519507397077	-2.326993865029014	0.15929881233304372	10.610749973473125	31.089999689100004
1420	23265280	10	3.0	4.58257569495584	10.0	0.0	10	6.6	4.923413450036469	13.0	0.0	-0.009030149314911876	-2.339483082050768	0.1499713761575762	11.020999972447502	30.299999697000004
1424	23330816	10	4.6	4.5431266766402185	10.0	0.0	10	6.0	4.898979485566356	10.0	0.0	-0.008843624240690087	-2.3369020494371235	0.16112273316704237	11.363499971591251	21.02199978978
1428	23396352	10	4.0	4.898979485566356	10.0	0.0	10	3.9	4.182104733265296	10.0	0.0	-0.008126477141318828	-2.3256141317448433	0.15892195599050404	11.14049997214875	31.486999685130005
1432	23461888	10	5.3	4.775981574503821	10.0	0.0	10	4.5	4.5	13.0	0.0	-0.008558168848764106	-2.335448900615285	0.14372773187600477	10.6589999733525	31.897999681020003
1436	23527424	10	4.3	4.73392015141785	10.0	0.0	10	6.3	4.605431575867782	10.0	0.0	-0.00798525183844088	-2.404470773784193	0.1279164294501389	10.67649997330875	22.787999772120003
1440	23592960	10	3.6	4.543126676640219	10.0	0.0	10	5.3	4.775981574503821	10.0	0.0	-0.00894818481929949	-2.3839502282440908	0.15611226257483704	9.948249975129375	34.12599965874
1444	23658496	10	4.6	4.5431266766402185	10.0	0.0	10	5.2	4.749736834815167	13.0	0.0	-0.008526898536447388	-2.378926304231635	0.15885497565899576	10.876749972808124	30.995999690040005
1448	23724032	10	4.0	4.898979485566356	10.0	0.0	10	5.3	4.775981574503821	10.0	0.0	-0.008542773106778357	-2.38411377345523	0.15766916779400625	10.836249972909375	31.002999689970004
1452	23789568	10	7.3	4.859012245302536	13.0	0.0	10	6.0	4.898979485566356	10.0	0.0	-0.008587116582035828	-2.407048071173432	0.12484236324147316	10.709749973225627	29.734999702650004
1456	23855104	10	5.3	5.367494760127857	13.0	0.0	10	5.0	5.0	10.0	0.0	-0.007603120145294447	-2.4188875454131376	0.15422791566955846	10.440499973898751	30.386999696130005
1460	23920640	10	7.3	4.859012245302536	13.0	0.0	10	5.6	4.521061822182927	10.0	0.0	-0.007856326142943418	-2.395479301362053	0.14484005016318202	11.020249972449376	24.927999750720005
1464	23986176	10	3.6	4.340506882842142	10.0	0.0	10	6.3	4.605431575867781	10.0	0.0	-0.009265335587411286	-2.37876601989127	0.1568318343713184	10.978749972553127	30.783999692160005
1468	24051712	10	2.3	3.9509492530276824	10.0	0.0	10	3.3	4.473253849269008	10.0	0.0	-0.008167074770485309	-2.3716967575265064	0.12709799811161837	10.896249972759376	30.745999692540003
1472	24117248	10	3.0	4.58257569495584	10.0	0.0	10	5.6	5.141984052872977	13.0	0.0	-0.007662890022210392	-2.390558331955802	0.125076506739492	10.838749972903125	30.069999699300006
1476	24182784	10	5.9	4.887739763939975	13.0	0.0	10	4.9	4.323193264243458	10.0	0.0	-0.00791618648305303	-2.3801851617797407	0.1415394259624516	10.886499972783751	29.974999700250006
1480	24248320	10	4.5	4.5	13.0	0.0	10	5.6	5.141984052872977	13.0	0.0	-0.009170747657010892	-2.403142337747427	0.13138898359795198	11.073499972316249	29.346999706530006
1484	24313856	10	4.3	4.73392015141785	10.0	0.0	10	5.0	5.0	10.0	0.0	-0.008094584842552868	-2.413704844561124	0.1488382685774497	11.03949997240125	33.46699966533001
1488	24379392	10	7.3	4.196427051671457	10.0	0.0	10	5.0	5.0	10.0	0.0	-0.008057071266264032	-2.4269970007196173	0.13038825870996	12.055249969861874	21.797999782020003
1492	24444928	10	6.9	3.8845849199110063	10.0	0.0	10	6.3	4.605431575867781	10.0	0.0	-0.007216696118581955	-2.378628156831446	0.13725525721409196	12.309749969225626	28.918999710810006
1496	24510464	10	4.6	5.161395160225576	13.0	0.0	10	5.6	4.521061822182927	10.0	0.0	-0.007995469349302092	-2.3921089840423755	0.15836207209988884	11.109499972226251	34.038999659610006
1500	24576000	10	5.9	4.2296571965113205	10.0	0.0	10	7.3	4.196427051671457	10.0	0.0	-0.008479421426299113	-2.3776241091397283	0.1664186929334449	11.81199997047	30.524999694750004
1504	24641536	10	6.0	4.898979485566356	10.0	0.0	10	6.0	4.898979485566356	10.0	0.0	-0.007688848536223343	-2.392758716890316	0.13692280105441074	12.778749968053127	30.269999697300005
1508	24707072	10	4.0	4.898979485566356	10.0	0.0	10	3.9	4.182104733265297	10.0	0.0	-0.00819559045011799	-2.325440826273123	0.14742141192174626	13.722999965692502	24.932999750670003
1512	24772608	10	3.0	4.58257569495584	10.0	0.0	10	2.9	3.78021163428716	10.0	0.0	-0.0080747974392657	-2.3732417620729875	0.1317422841538348	13.042749967393126	26.77199973228
1516	24838144	10	6.3	5.21632054229799	13.0	0.0	10	6.3	4.605431575867781	10.0	0.0	-0.008308115693321376	-2.3544107722770393	0.15745966685847854	12.397999969005	26.866999731330004
1520	24903680	10	4.6	4.5431266766402185	10.0	0.0	10	6.0	4.898979485566356	10.0	0.0	-0.008194354643269265	-2.3819288733107213	0.10407219496247642	13.685999965785003	23.681999763180002
1524	24969216	10	3.0	4.58257569495584	10.0	0.0	10	6.3	4.605431575867781	10.0	0.0	-0.008637975237140688	-2.404095604765328	0.14962182215719025	12.72349996819125	29.842999701570005
