iter	frame	n_test	mean_returns	std_returns	max_returns	min_returns	n_test_train	mean_returns_train	std_returns_train	max_returns_train	min_returns_train	actor_loss	entropy_loss	value_loss	training_time	evaluation_time
0	0	10	0.4	0.8000000000000002	2.0	0.0	10	0.0	0.0	0.0	0.0	0	0	0	0.0	5.7699999423
4	65536	10	1.4	1.8	6.0	0.0	10	0.4	1.2000000000000002	4.0	0.0	0.00015784109683887018	-2.6356211426095513	0.08218642389321787	11.752749970618126	7.3549999264500014
8	131072	10	1.2	1.32664991614216	4.0	0.0	10	2.0	4.732863826479693	16.0	0.0	-0.003951043041719589	-2.5589903789079886	0.05903797887116364	13.532999966167502	7.619999923800001
12	196608	10	1.0	1.8439088914585775	6.0	0.0	10	1.8	2.2715633383201097	6.0	0.0	-0.0033926848454436916	-2.483951873818575	0.06625644314809641	10.357749974105625	13.41799986582
16	262144	10	1.4	2.009975124224178	6.0	0.0	10	1.0	1.3416407864998738	4.0	0.0	-0.005623107023611105	-2.3805094632013493	0.05563516107118748	12.87649996780875	3.7919999620800002
20	327680	10	0.8	1.32664991614216	4.0	0.0	10	2.4	2.65329983228432	6.0	0.0	-0.006595414456185557	-2.4225603761732337	0.04652499209139148	10.555249973611875	6.5949999340500005
24	393216	10	2.0	1.7888543819998317	6.0	0.0	10	1.0	2.04939015319192	6.0	0.0	-0.005335949537816784	-2.421772467341084	0.043411997258797706	11.687749970780624	6.369999936300001
28	458752	10	1.8	1.4000000000000001	4.0	0.0	10	1.8	2.08806130178211	6.0	0.0	-0.007184764762475525	-2.4344211590734446	0.0427491626424888	11.063249972341875	6.003999939960001
32	524288	10	1.2	1.6	4.0	0.0	10	1.6	1.4966629547095767	4.0	0.0	-0.0077233964637180965	-2.383910072098204	0.04301853176767173	11.63199997092	6.409999935900001
36	589824	10	2.2	3.1559467676119004	8.0	0.0	10	1.6	1.4966629547095767	4.0	0.0	-0.007931472360504135	-2.250933935010406	0.04824730384747525	11.56849997107875	23.300999766990003
40	655360	10	3.6	4.543126676640219	16.0	0.0	10	1.6	2.939387691339814	10.0	0.0	-0.008312344850960137	-2.093550409903601	0.05294141681158164	12.789999968024999	16.868999831310003
44	720896	10	0.8	1.32664991614216	4.0	0.0	10	1.8	1.886796226411321	6.0	0.0	-0.007576678582880859	-2.070119242899549	0.050682120912396	11.193249972016876	21.183999788160005
48	786432	10	1.6	1.7435595774162695	4.0	0.0	10	0.8	1.32664991614216	4.0	0.0	-0.008733891262636176	-2.1613264007105117	0.04924829179528945	10.3809999740475	16.189999838100004
52	851968	10	1.6	2.154065922853802	6.0	0.0	10	0.8	1.32664991614216	4.0	0.0	-0.008472544707755894	-2.2141698522049458	0.03716875358175121	12.73199996817	9.48199990518
56	917504	10	1.2	1.6	4.0	0.0	10	1.6	1.4966629547095767	4.0	0.0	-0.009555445511285983	-2.173222221207739	0.03931882470669435	9.739749975650625	23.324999766750004
60	983040	10	2.2	1.6613247725836149	4.0	0.0	10	2.0	2.0	6.0	0.0	-0.00919728150767085	-2.1221051511938183	0.04291447779337574	10.869749972825625	22.374999776250004
64	1048576	10	1.0	1.0	2.0	0.0	10	3.0	3.255764119219941	10.0	0.0	-0.00916483491796528	-2.1259659452011945	0.043882284580505	11.6069999709825	14.472999855270004
68	1114112	10	1.4	1.562049935181331	4.0	0.0	10	1.4	1.8	4.0	0.0	-0.01017748901980153	-2.1125004090651753	0.04819295030982206	11.0269999724325	22.557999774420004
72	1179648	10	1.8	1.886796226411321	6.0	0.0	10	2.2	3.026549190084311	8.0	0.0	-0.00801179385393794	-2.0822654041465705	0.04037242921735261	10.790749973023125	20.366999796330003
76	1245184	10	1.6	1.7435595774162693	6.0	0.0	10	3.6	2.939387691339814	10.0	0.0	-0.008333219481190925	-2.128712293780633	0.041978798802294534	12.234249969414375	12.31499987685
80	1310720	10	1.4	1.562049935181331	4.0	0.0	10	1.6	1.2000000000000002	4.0	0.0	-0.010151016963849584	-2.138461294050779	0.036699847042773404	12.29649996925875	12.951999870480002
84	1376256	10	1.8	2.08806130178211	6.0	0.0	10	1.6	1.4966629547095764	4.0	0.0	-0.009109508402880237	-2.217571976053189	0.041045020077913864	11.075749972310627	15.094999849050003
88	1441792	10	1.2	1.6	4.0	0.0	10	2.0	1.7888543819998317	4.0	0.0	-0.010638106727233138	-2.3009889719473557	0.03701411868292842	12.3729999690675	25.022999749770005
92	1507328	10	2.0	2.3664319132398464	6.0	0.0	10	0.8	1.32664991614216	4.0	0.0	-0.01004900397448703	-2.269240873318963	0.03921377866042841	12.277999969305	16.578999834210002
96	1572864	10	1.2	1.8330302779823358	4.0	0.0	10	2.0	2.9664793948382653	10.0	0.0	-0.010061354785206563	-2.326747392372313	0.036478459986473075	11.901749970245627	27.027999729720005
100	1638400	10	2.8	4.995998398718719	16.0	0.0	10	1.8	2.08806130178211	6.0	0.0	-0.010299010468000925	-2.2680616326751077	0.03817098416611302	11.43449997141375	20.087999799120006
104	1703936	10	1.8	2.4413111231467406	8.0	0.0	10	2.2	1.6613247725836149	6.0	0.0	-0.010706887055470099	-2.3269967111508016	0.03580852087291723	9.999499975001251	14.886999851130003
108	1769472	10	1.2	1.8330302779823362	6.0	0.0	10	1.6	1.9595917942265426	6.0	0.0	-0.010534797988045063	-2.3533804414205055	0.034749733746157314	11.752749970618124	6.244999937550001
112	1835008	10	1.2	1.32664991614216	4.0	0.0	10	1.6	1.9595917942265426	6.0	0.0	-0.010572677908799734	-2.3112688211179235	0.04005787305815108	10.33549997416125	4.67699995323
116	1900544	10	0.2	0.6000000000000001	2.0	0.0	10	2.6	2.8354893757515653	8.0	0.0	-0.010731951735067477	-2.31675438807117	0.0318015200285642	12.69749996825625	7.405999925940001
120	1966080	10	1.6	2.4979991993593593	8.0	0.0	10	1.2	1.32664991614216	4.0	0.0	-0.009505810600704786	-2.3460159423490388	0.044583678609548816	10.481749973795626	15.199999848000001
124	2031616	10	2.6	1.8	4.0	0.0	10	1.2	2.5612496949731396	8.0	0.0	-0.011675229450092478	-2.351956146213789	0.03736059549651539	12.823499967941249	17.62099982379
128	2097152	10	2.0	2.0	6.0	0.0	10	2.4	1.4966629547095767	6.0	0.0	-0.011447124366309798	-2.312402322647499	0.037843900825766746	10.338249974154376	16.688999833110003
132	2162688	10	1.6	1.9595917942265426	6.0	0.0	10	2.2	2.2715633383201097	8.0	0.0	-0.01136670815931042	-2.2953165344986504	0.03350384901704825	12.812749967968127	16.491999835080005
136	2228224	10	2.2	1.8867962264113207	6.0	0.0	10	2.6	1.8	6.0	0.0	-0.01126135832968752	-2.2659215552234655	0.03312312427097488	9.773249975566875	12.364999876350002
140	2293760	10	1.0	1.3416407864998738	4.0	0.0	10	3.8	2.4413111231467406	8.0	0.0	-0.010401446688903915	-2.260020829501767	0.0347185547543846	12.62049996844875	12.530999874690002
144	2359296	10	0.8	0.9797958971132713	2.0	0.0	10	2.4	1.9595917942265426	6.0	0.0	-0.010450577995291558	-2.20369097070786	0.04089625957384006	10.90949997272625	8.799999912000002
148	2424832	10	1.8	1.0770329614269007	4.0	0.0	10	3.0	2.04939015319192	8.0	0.0	-0.011627674860696897	-2.2041277336765135	0.03391954548846883	11.499249971251876	19.040999809590005
152	2490368	10	2.2	2.08806130178211	6.0	0.0	10	2.2	2.08806130178211	6.0	0.0	-0.011320096451560688	-2.186862431238781	0.030607913501166328	11.828249970429376	25.615999743840003
156	2555904	10	0.8	1.32664991614216	4.0	0.0	10	2.0	2.0	6.0	0.0	-0.011553908042221065	-2.2185905349923805	0.026263625726938057	12.311749969220624	8.40499991595
160	2621440	10	2.0	3.5777087639996634	12.0	0.0	10	4.6	2.009975124224178	8.0	0.0	-0.010703484279269199	-2.1835387495865812	0.027312044323060534	12.19449996951375	23.407999765920007
164	2686976	10	2.2	2.749545416973504	8.0	0.0	10	3.6	1.9595917942265424	6.0	0.0	-0.0107295872113395	-2.186373539041223	0.028647852980962448	9.59349997601625	23.026999769730004
168	2752512	10	1.8	2.4413111231467406	6.0	0.0	10	0.8	0.9797958971132712	2.0	0.0	-0.010838177927106405	-2.222573218014783	0.028510915209518532	10.43599997391	27.227999727720007
172	2818048	10	0.6	0.9165151389911679	2.0	0.0	10	3.2	2.227105745132009	8.0	0.0	-0.010087705605514774	-2.220029602216892	0.031515209117415434	11.678249970804375	7.327999926720001
176	2883584	10	2.6	2.2	6.0	0.0	10	4.8	2.227105745132009	8.0	0.0	-0.011190341866845309	-2.2369717257871593	0.02645999037695474	10.30649997423375	19.153999808460004
180	2949120	10	1.0	1.8439088914585775	6.0	0.0	10	2.2	1.4000000000000001	4.0	0.0	-0.011706719906208066	-2.1789808842256835	0.034220815128186526	11.628499970928749	7.677999923220002
184	3014656	10	0.6	1.2806248474865698	4.0	0.0	10	3.0	4.58257569495584	16.0	0.0	-0.012155187785484639	-2.1881400890852576	0.025945664283755568	10.11949997470125	20.54299979457
188	3080192	10	1.6	1.4966629547095767	4.0	0.0	10	2.4	1.9595917942265426	6.0	0.0	-0.011210958889371474	-2.2204900356801	0.023823478916351424	11.488749971278125	13.089999869100001
192	3145728	10	1.8	1.4000000000000001	4.0	0.0	10	2.0	2.3664319132398464	8.0	0.0	-0.010393359415935527	-2.1933854120671814	0.02880399984317986	11.4109999714725	25.061999749380004
196	3211264	10	2.6	2.835489375751565	8.0	0.0	10	2.4	2.1540659228538015	8.0	0.0	-0.011111747807014892	-2.198584695428075	0.026344409267933504	10.03949997490125	23.943999760560004
200	3276800	10	1.8	1.8867962264113207	6.0	0.0	10	2.6	2.973213749463701	10.0	0.0	-0.011380595541925885	-2.1579489482181495	0.030219523679266374	10.602749973493125	12.994999870050002
204	3342336	10	2.2	2.749545416973504	6.0	0.0	10	4.2	2.749545416973504	8.0	0.0	-0.010866194860459897	-2.2134579765477795	0.03209746948807496	12.1329999696675	17.831999821680004
208	3407872	10	2.6	2.5377155080899043	8.0	0.0	10	2.2	2.4413111231467406	8.0	0.0	-0.0109114746229203	-2.2757307189319254	0.03352223450822501	10.277749974305626	24.706999752930006
212	3473408	10	3.2	2.7129319932501077	8.0	0.0	10	2.0	2.0	6.0	0.0	-0.010468249181456222	-2.271054001909358	0.027999895757717636	9.68799997578	31.198999688010005
216	3538944	10	0.6	1.2806248474865698	4.0	0.0	10	2.2	1.6613247725836149	4.0	0.0	-0.010943328194189203	-2.2609163495529945	0.02982383995239088	11.8509999703725	2.5029999749700007
220	3604480	10	0.8	1.32664991614216	4.0	0.0	10	1.8	1.4000000000000001	4.0	0.0	-0.011696448651485943	-2.2974713516822383	0.027238020922790103	11.97199997007	6.854999931450002
224	3670016	10	1.6	2.154065922853802	6.0	0.0	10	3.8	1.661324772583615	6.0	0.0	-0.010387015913520689	-2.3419819347604367	0.02730060486847517	9.688249975779375	26.507999734920002
228	3735552	10	1.6	2.4979991993593593	8.0	0.0	10	2.2	1.886796226411321	6.0	0.0	-0.010307887645606337	-2.2975175775677834	0.029036407491737665	11.343249971641876	16.77499983225
232	3801088	10	1.4	1.5620499351813308	4.0	0.0	10	1.8	2.08806130178211	6.0	0.0	-0.011040945179716303	-2.3264102064133265	0.025103479514465562	10.36449997408875	19.349999806500005
236	3866624	10	1.6	2.3323807579381204	6.0	0.0	10	1.2	1.6	4.0	0.0	-0.012023511838642283	-2.2907143431502592	0.03241546463349312	10.551499973621251	15.240999847590002
240	3932160	10	2.4	3.0724582991474434	8.0	0.0	10	3.0	2.569046515733026	8.0	0.0	-0.010268306580495795	-2.304878001171664	0.029668366494602506	12.677499968306252	25.143999748560002
244	3997696	10	1.4	1.562049935181331	4.0	0.0	10	4.4	3.2	10.0	0.0	-0.010755915035983676	-2.2638213706638624	0.027654230048482855	10.25949997435125	27.829999721700002
248	4063232	10	0.8	0.9797958971132713	2.0	0.0	10	2.6	2.5377155080899043	8.0	0.0	-0.011074084030707724	-2.259949219488131	0.031828138042651194	11.489999971275001	14.678999853210003
252	4128768	10	1.0	1.3416407864998738	4.0	0.0	10	2.8	2.85657137141714	10.0	0.0	-0.01145619891639207	-2.29194956248966	0.026374990137185285	13.50749996623125	20.378999796210003
256	4194304	10	1.2	1.6	4.0	0.0	10	2.6	2.973213749463701	10.0	0.0	-0.011715131352191962	-2.291398423174748	0.021842679239396878	10.883249972791875	17.678999823210003
260	4259840	10	2.6	2.2	6.0	0.0	10	4.0	4.47213595499958	16.0	0.0	-0.010360640169419672	-2.280472156664605	0.03720732279277571	10.956999972607502	22.653999773460004
264	4325376	10	1.6	1.4966629547095767	4.0	0.0	10	3.2	2.85657137141714	8.0	0.0	-0.011281595520547753	-2.237426027422536	0.02942551934086607	11.8089999704775	13.700999862990002
268	4390912	10	1.2	1.6	4.0	0.0	10	2.0	1.7888543819998317	6.0	0.0	-0.011560926838388602	-2.2464206638579025	0.025116570465910024	12.198249969504376	17.189999828100003
272	4456448	10	1.0	1.3416407864998738	4.0	0.0	10	3.0	2.4083189157584592	6.0	0.0	-0.011561101087872167	-2.2295433975917254	0.028072293961290424	10.818749972953126	31.433999685660005
276	4521984	10	2.2	2.4413111231467406	8.0	0.0	10	2.2	1.8867962264113207	6.0	0.0	-0.01028380059884103	-2.2702640739698663	0.032073789990736117	10.026999974932501	22.644999773550005
280	4587520	10	2.0	2.5298221281347035	8.0	0.0	10	2.4	2.33238075793812	8.0	0.0	-0.011181201743407705	-2.2935535979862047	0.024856097537685706	10.518249973704375	17.967999820320003
284	4653056	10	1.2	2.4	8.0	0.0	10	2.8	2.039607805437114	6.0	0.0	-0.010210476387780758	-2.2756734736376782	0.03394129693465034	12.42849996892875	25.132999748670002
288	4718592	10	1.0	1.0	2.0	0.0	10	4.2	2.891366458960192	10.0	0.0	-0.010805527154627648	-2.303966469822736	0.020808868001298265	11.43849997140375	21.342999786570005
292	4784128	10	1.2	1.6	4.0	0.0	10	1.8	1.886796226411321	4.0	0.0	-0.01049801102768861	-2.277417463323668	0.027865711829516356	11.189999972025	31.044999689550007
296	4849664	10	1.6	1.7435595774162693	4.0	0.0	10	3.0	2.7202941017470885	8.0	0.0	-0.010053603426223951	-2.24423954612481	0.03075337886955616	10.359749974100625	32.83699967163001
300	4915200	10	2.2	1.8867962264113207	6.0	0.0	10	3.8	2.08806130178211	8.0	0.0	-0.011295200079414825	-2.2010368230632986	0.030552431510993683	10.3549999741125	28.300999716990002
304	4980736	10	1.6	1.9595917942265426	6.0	0.0	10	3.0	2.7202941017470885	8.0	0.0	-0.010901743603200335	-2.18017855263888	0.025078740414568833	11.677249970806876	13.927999860720004
308	5046272	10	1.4	2.009975124224178	6.0	0.0	10	2.0	2.3664319132398464	8.0	0.0	-0.011721518464271417	-2.2337862300532763	0.019556488985254097	11.39199997152	28.360999716390005
312	5111808	10	1.0	1.3416407864998738	4.0	0.0	10	2.6	2.009975124224178	6.0	0.0	-0.009466436928277398	-2.271792766711896	0.02546329304194262	9.916749975208125	21.955999780440003
316	5177344	10	1.8	2.891366458960192	8.0	0.0	10	2.6	2.537715508089904	6.0	0.0	-0.01020749566562782	-2.2498064932863815	0.02826245501343058	10.211749974470624	16.6499998335
320	5242880	10	1.6	1.4966629547095767	4.0	0.0	10	3.8	3.6276714294434105	12.0	0.0	-0.010833609591002217	-2.2310516285559108	0.023265726338045457	12.160749969598125	18.2199998178
324	5308416	10	1.6	1.9595917942265426	6.0	0.0	10	2.8	2.4	8.0	0.0	-0.01026758082433907	-2.2106727731905322	0.03464188075185943	9.852999975367497	8.985999910140002
328	5373952	10	2.4	1.9595917942265424	6.0	0.0	10	4.0	2.8284271247461903	10.0	0.0	-0.010864659820153043	-2.276276826621408	0.025238364747968006	11.297499971756249	24.685999753140003
332	5439488	10	1.8	1.661324772583615	4.0	0.0	10	3.6	3.440930106817051	10.0	0.0	-0.010819115849481803	-2.277090718111624	0.02558749315333995	11.632749970918125	14.944999850550003
336	5505024	10	1.6	1.7435595774162695	4.0	0.0	10	1.8	1.661324772583615	4.0	0.0	-0.010510281232924381	-2.228418069349064	0.029596465355350036	10.41749997395625	27.895999721040006
340	5570560	10	1.8	1.661324772583615	4.0	0.0	10	3.0	2.7202941017470885	10.0	0.0	-0.010632899637235387	-2.2435250851161768	0.025812248201913152	9.584999976037501	34.247999657520005
344	5636096	10	2.0	2.1908902300206643	6.0	0.0	10	3.2	2.7129319932501073	10.0	0.0	-0.010661797206417344	-2.2054376003829073	0.026874100029928776	9.74449997563875	30.54799969452
348	5701632	10	1.2	2.0396078054371136	6.0	0.0	10	3.8	2.0880613017821097	8.0	2.0	-0.009738757185506312	-2.227228762970823	0.02967216849289638	10.306249974234376	16.237999837620002
352	5767168	10	1.4	1.562049935181331	4.0	0.0	10	1.8	2.2715633383201097	6.0	0.0	-0.010830914821259443	-2.269393178087509	0.021048367069781863	11.57549997106125	17.180999828190004
356	5832704	10	3.0	2.7202941017470885	8.0	0.0	10	4.0	2.6832815729997477	8.0	0.0	-0.00976683889064714	-2.2777089225860085	0.02689048818342917	10.35449997411375	31.021999689780003
360	5898240	10	3.2	3.709447398198282	10.0	0.0	10	3.4	5.063595560468865	18.0	0.0	-0.01165148357904296	-2.270344629647272	0.02134970108717252	10.206749974483126	26.699999733000002
364	5963776	10	0.6	0.9165151389911679	2.0	0.0	10	4.6	5.370288632839021	18.0	0.0	-0.011001192759740666	-2.2870713345807623	0.024485359703123592	11.24749997188125	25.747999742520005
368	6029312	10	1.0	1.0	2.0	0.0	10	1.4	1.2806248474865698	4.0	0.0	-0.01129179161098975	-2.220721972254058	0.01958455298435207	12.48949996877625	13.729999862700003
372	6094848	10	2.6	2.009975124224178	6.0	0.0	10	2.8	2.4	8.0	0.0	-0.010375770899201267	-2.2121629687826214	0.02966195526029824	12.583249968541875	22.352999776470003
376	6160384	10	1.0	1.3416407864998738	4.0	0.0	10	3.6	2.939387691339814	8.0	0.0	-0.010775137347172158	-2.244619205360248	0.025418430952191037	11.977749970055626	24.795999752040004
380	6225920	10	2.0	2.0	6.0	0.0	10	2.2	3.5156791662493894	10.0	0.0	-0.011047443361714045	-2.2346621923304384	0.02381749831202383	11.46049997134875	29.368999706310003
384	6291456	10	2.0	2.5298221281347035	8.0	0.0	10	3.6	3.2	12.0	0.0	-0.01008446399298767	-2.255731214844653	0.020908386706292102	10.369249974076876	19.144999808550004
388	6356992	10	1.2	1.6	4.0	0.0	10	3.2	1.6	6.0	0.0	-0.010074960526416746	-2.223196342355888	0.02657107948436843	11.96249997009375	17.2899998271
392	6422528	10	2.6	2.5377155080899043	8.0	0.0	10	2.0	2.1908902300206643	6.0	0.0	-0.010267665783270803	-2.2263792030677667	0.02500949641623168	12.277999969304998	25.977999740220007
396	6488064	10	2.0	2.3664319132398464	8.0	0.0	10	4.6	4.983974317750845	18.0	0.0	-0.00949113327222187	-2.206318278877587	0.02994648467747855	10.855249972861877	28.068999719310003
400	6553600	10	1.8	2.441311123146741	8.0	0.0	10	3.0	3.492849839314596	10.0	0.0	-0.010444672617089732	-2.2526309885221663	0.026808233346791516	10.93349997266625	24.286999757130005
404	6619136	10	1.4	1.2806248474865698	4.0	0.0	10	3.8	2.2715633383201093	8.0	0.0	-0.010493129449482568	-2.2424724372872307	0.02969087984026018	9.546749976133126	31.005999689940005
408	6684672	10	1.0	1.3416407864998738	4.0	0.0	10	2.4	1.9595917942265422	6.0	0.0	-0.010051147649860908	-2.2596026457975937	0.027907929089272906	10.93199997267	14.703999852960003
412	6750208	10	2.6	1.8	6.0	0.0	10	3.4	2.537715508089904	8.0	0.0	-0.010354268454479187	-2.278740482788341	0.03138303011328901	12.068249969829374	11.426999885730002
416	6815744	10	2.8	2.227105745132009	6.0	0.0	10	3.8	3.2802438933713454	10.0	0.0	-0.010534953698388628	-2.257274903121896	0.026944198099573147	11.420249971449374	33.675999663240006
420	6881280	10	2.2	2.7495454169735045	8.0	0.0	10	3.6	1.9595917942265426	6.0	0.0	-0.011276504038240522	-2.2401402962854546	0.028900800347422092	9.647749975880625	26.540999734590006
424	6946816	10	2.2	2.749545416973504	8.0	0.0	10	1.4	1.2806248474865698	4.0	0.0	-0.01037898394753144	-2.2820878697044704	0.030840069809044333	10.776249973059375	24.180999758190005
428	7012352	10	1.8	2.08806130178211	6.0	0.0	10	4.4	2.3323807579381204	8.0	2.0	-0.0102398558872912	-2.297064768532053	0.025295450174874393	11.396749971508125	17.913999820860003
432	7077888	10	2.0	2.6832815729997477	8.0	0.0	10	3.0	2.8635642126552705	8.0	0.0	-0.00956831900982323	-2.2600483693311775	0.028726010832582024	9.885999975285	20.008999799910004
436	7143424	10	3.2	2.993325909419153	8.0	0.0	10	3.6	3.2	10.0	0.0	-0.010804824428089428	-2.2270956608319996	0.028044376432069845	12.551249968621875	21.320999786790004
440	7208960	10	3.4	3.4698703145794942	12.0	0.0	10	5.2	2.7129319932501073	10.0	0.0	-0.010527448111552923	-2.2720025700944295	0.031216791032200486	13.675249965811876	20.334999796650003
444	7274496	10	1.6	0.8	2.0	0.0	10	1.8	1.8867962264113207	6.0	0.0	-0.009968336697230948	-2.264908768000709	0.02823092328323277	11.879249970301874	25.326999746730007
448	7340032	10	1.6	1.9595917942265424	6.0	0.0	10	6.6	6.2	18.0	0.0	-0.010920899819589857	-2.2540957776344226	0.02906318493660788	10.890249972774376	31.200999687990006
452	7405568	10	1.8	2.08806130178211	6.0	0.0	10	3.2	2.4	8.0	0.0	-0.009966533452999866	-2.2785189397743144	0.030246034591257295	9.6609999758475	13.428999865710002
456	7471104	10	3.0	4.919349550499537	16.0	0.0	10	3.2	2.4	8.0	0.0	-0.009766024343554338	-2.260791328810591	0.03361726140563684	12.238499969403751	18.766999812330003
460	7536640	10	3.0	2.4083189157584592	8.0	0.0	10	2.2	1.8867962264113207	4.0	0.0	-0.010361671024669023	-2.278135562699159	0.019518028874788693	13.2809999667975	12.983999870160002
464	7602176	10	2.4	1.9595917942265424	6.0	0.0	10	3.2	2.85657137141714	8.0	0.0	-0.011150684182263119	-2.272975864272973	0.020845960697393633	12.334249969164375	24.84199975158
468	7667712	10	1.0	1.3416407864998738	4.0	0.0	10	4.4	4.963869458396342	18.0	0.0	-0.010138017387518813	-2.235693012441765	0.02659816539103635	11.467749971330626	14.458999855410003
472	7733248	10	2.8	2.227105745132009	8.0	0.0	10	2.8	1.6	4.0	0.0	-0.009675388971626052	-2.2598844466239547	0.030887861791108966	11.253749971865625	29.020999709790004
476	7798784	10	1.8	2.4413111231467406	8.0	0.0	10	4.0	4.381780460041329	16.0	0.0	-0.010075664039971047	-2.264889803789565	0.024142009019277145	10.67349997331625	29.768999702310005
480	7864320	10	0.8	0.9797958971132713	2.0	0.0	10	4.2	3.026549190084311	10.0	0.0	-0.009811280376691644	-2.2619073438275077	0.025427876348131588	11.016749972458125	30.845999691540005
484	7929856	10	2.6	2.3748684174075834	6.0	0.0	10	2.4	2.33238075793812	6.0	0.0	-0.010487126064131689	-2.2964947494459103	0.029704370193271233	10.391749974020625	14.860999851390003
488	7995392	10	1.8	1.661324772583615	4.0	0.0	10	3.6	2.4979991993593593	8.0	0.0	-0.009301823664768234	-2.272369973124787	0.03579139253139819	11.800249970499376	13.389999866100002
492	8060928	10	1.4	1.562049935181331	4.0	0.0	10	3.8	2.749545416973504	8.0	0.0	-0.010000020819935652	-2.2926390392180274	0.027474156568302214	11.347749971630625	25.995999740040002
496	8126464	10	3.4	3.903844259188627	10.0	0.0	10	3.2	1.6	6.0	0.0	-0.011009399457852	-2.276922017098712	0.023221117859072448	10.977249972556876	30.541999694580007
500	8192000	10	2.2	2.4413111231467406	6.0	0.0	10	2.6	2.009975124224178	6.0	0.0	-0.00988774439993073	-2.241692897940617	0.026866852972418993	9.8529999753675	29.316999706830003
504	8257536	10	1.6	2.3323807579381204	8.0	0.0	10	4.2	2.2715633383201097	8.0	0.0	-0.010938267508585231	-2.246683669352947	0.027114496602335905	10.360999974097501	18.130999818690004
508	8323072	10	4.4	5.122499389946279	18.0	0.0	10	4.4	2.4979991993593593	10.0	2.0	-0.011060313553328555	-2.2559998281433593	0.029772963779205408	11.703249970741876	22.841999771580003
512	8388608	10	1.2	1.32664991614216	4.0	0.0	10	3.4	2.3748684174075834	8.0	0.0	-0.010085458468448954	-2.2392082286528763	0.035195468125768736	11.903999970240001	27.330999726690003
516	8454144	10	0.4	0.8000000000000002	2.0	0.0	10	2.4	2.6532998322843198	8.0	0.0	-0.011402890533670261	-2.289602182567038	0.029822148554180233	10.264249974339375	9.566999904330002
520	8519680	10	3.2	2.7129319932501077	8.0	0.0	10	3.6	3.32264954516723	10.0	0.0	-0.010691016069760915	-2.198229565987486	0.03731091803249609	11.154249972114377	26.626999733730003
524	8585216	10	3.6	2.65329983228432	8.0	0.0	10	2.6	2.6907248094147422	8.0	0.0	-0.011078147759748868	-2.2126971009055594	0.0307220824729314	11.761749970595625	19.428999805710003
528	8650752	10	2.4	2.154065922853802	6.0	0.0	10	5.2	2.993325909419153	10.0	2.0	-0.010385933784598036	-2.232775429652012	0.026323426075564486	10.8399999729	32.91799967082
532	8716288	10	1.2	0.9797958971132713	2.0	0.0	10	3.2	1.8330302779823362	6.0	0.0	-0.010555313934787052	-2.2487638863565524	0.03192782309543863	10.445749973885626	27.211999727880006
536	8781824	10	2.0	2.6832815729997477	8.0	0.0	10	3.6	3.4409301068170506	12.0	0.0	-0.010227876275313892	-2.236187616751113	0.02690627381002895	9.727499975681251	30.910999690890005
540	8847360	10	1.8	1.8867962264113207	6.0	0.0	10	1.6	1.4966629547095764	4.0	0.0	-0.009801225992800125	-2.259606105350517	0.02607889151084217	10.859499972851252	26.311999736880004
544	8912896	10	1.6	2.3323807579381204	8.0	0.0	10	2.6	2.2	8.0	0.0	-0.010362931362408841	-2.258132497234362	0.026938606982107243	11.429249971426877	22.002999779970004
548	8978432	10	2.8	2.85657137141714	10.0	0.0	10	2.4	1.7435595774162695	4.0	0.0	-0.010582210283962916	-2.2751273833328836	0.03269236697474813	12.359499969101249	22.570999774290005
552	9043968	10	2.6	1.8	6.0	0.0	10	4.6	5.219195340279955	18.0	0.0	-0.010826171848833277	-2.288952335476861	0.033018651434350996	12.18549996953625	16.17299983827
556	9109504	10	3.8	3.4	12.0	0.0	10	3.4	3.693237062523877	12.0	0.0	-0.010736974789418673	-2.303247593103336	0.028225871537355382	10.536499973658751	27.890999721090004
560	9175040	10	1.4	2.009975124224178	6.0	0.0	10	3.8	5.617828762075256	20.0	0.0	-0.010049496043862448	-2.2991700368711494	0.028836389340871356	11.364249971589375	12.046999879530002
564	9240576	10	3.6	1.9595917942265424	8.0	0.0	10	3.2	1.8330302779823362	6.0	0.0	-0.01022529549072309	-2.24669700092516	0.026698755951300692	10.828999972927502	27.858999721410004
568	9306112	10	2.2	1.8867962264113207	6.0	0.0	10	5.2	3.4871191548325386	10.0	0.0	-0.010967843374065062	-2.257093143724726	0.02803147494656164	10.426249973934375	25.816999741830003
572	9371648	10	2.2	2.2715633383201097	8.0	0.0	10	3.2	2.7129319932501073	8.0	0.0	-0.01009238860707297	-2.242915997668915	0.03334441685624156	12.359249969101874	14.247999857520002
576	9437184	10	3.6	4.363484845854286	16.0	0.0	10	4.4	5.571355310873648	20.0	0.0	-0.009807369322707081	-2.258847052617016	0.03558477066319427	12.759499968101249	20.504999794950002
580	9502720	10	2.6	2.6907248094147422	8.0	0.0	10	3.6	2.8000000000000003	10.0	0.0	-0.00955522888056198	-2.2453647203888063	0.03312706791761157	12.73449996816375	12.915999870840002
584	9568256	10	3.4	3.6932370625238775	10.0	0.0	10	2.6	1.5620499351813308	6.0	0.0	-0.01059520920909548	-2.2895778191684886	0.029250621268738407	11.393249971516875	16.060999839390004
588	9633792	10	2.0	2.5298221281347035	6.0	0.0	10	2.4	1.9595917942265424	6.0	0.0	-0.010705132489820772	-2.231299211349121	0.036306537586983774	10.931999972669999	28.638999713610005
592	9699328	10	1.6	2.4979991993593593	6.0	0.0	10	6.8	6.079473661428265	20.0	0.0	-0.010373386571529326	-2.2682600515704907	0.027865158740322415	11.72549997068625	22.874999771250003
596	9764864	10	2.0	1.5491933384829668	4.0	0.0	10	5.4	4.565084884205332	18.0	2.0	-0.010442296291758506	-2.1888041444326314	0.039277940188944496	9.70399997574	30.997999690020006
600	9830400	10	2.8	2.5612496949731396	6.0	0.0	10	5.4	5.936328831862332	22.0	0.0	-0.009927396838547481	-2.250964998964438	0.03158115894049503	11.44549997138625	18.55099981449
604	9895936	10	1.6	2.154065922853802	6.0	0.0	10	4.4	3.4409301068170506	10.0	0.0	-0.010156536476191297	-2.1714843683166336	0.03658758992103339	11.46449997133875	30.883999691160007
608	9961472	10	3.4	3.1048349392520045	8.0	0.0	10	2.0	2.5298221281347035	8.0	0.0	-0.009818778728800163	-2.167671019606494	0.03504511372131631	9.095749977260624	33.631999663680006
612	10027008	10	0.8	0.9797958971132712	2.0	0.0	10	5.2	5.528109984434101	20.0	0.0	-0.010099194756103297	-2.185639348895171	0.03149766385382387	9.694749975763123	15.935999840640003
616	10092544	10	3.0	2.569046515733026	8.0	0.0	10	3.0	2.569046515733026	8.0	0.0	-0.01086942592891176	-2.192839224904839	0.0253309037044335	11.583999971039999	15.844999841550003
620	10158080	10	2.4	2.33238075793812	6.0	0.0	10	2.4	2.33238075793812	6.0	0.0	-0.009887318945585243	-2.2491378607989954	0.031225060148326867	9.221249976946874	33.01699966983001
624	10223616	10	3.4	1.562049935181331	6.0	2.0	10	6.0	2.5298221281347035	10.0	2.0	-0.009052271369270377	-2.23655851410377	0.03191256839061526	11.059249972351873	28.101999718980004
628	10289152	10	3.0	3.82099463490856	10.0	0.0	10	3.8	1.6613247725836149	6.0	0.0	-0.010173854256968082	-2.2080108992938925	0.03178646904085273	12.625999968435002	18.284999817150002
632	10354688	10	1.8	1.886796226411321	6.0	0.0	10	4.4	2.8000000000000003	8.0	0.0	-0.010829578075050746	-2.2242984819082072	0.03551041901052143	13.60749996598125	12.431999875680003
636	10420224	10	3.0	2.04939015319192	8.0	0.0	10	4.2	2.2715633383201093	8.0	0.0	-0.010115098131950459	-2.2543324627117474	0.035862146989432055	11.755749970610625	25.810999741890004
640	10485760	10	1.2	1.8330302779823358	6.0	0.0	10	3.4	2.8354893757515653	8.0	0.0	-0.010095959656770917	-2.2716845743475322	0.025949308626599873	10.662999973342501	7.717999922820002
644	10551296	10	2.4	2.33238075793812	6.0	0.0	10	4.2	5.4	18.0	0.0	-0.010344425469898147	-2.301220319925447	0.02736652859512012	13.076499967308749	24.977999750220004
648	10616832	10	2.6	4.8207883172775805	16.0	0.0	10	4.8	5.528109984434101	20.0	0.0	-0.010135974452628732	-2.2437800017642204	0.03536018168107764	12.494249968764377	25.329999746700004
652	10682368	10	2.2	2.08806130178211	6.0	0.0	10	5.2	5.1536394906900505	20.0	2.0	-0.01131545266135073	-2.284067801893252	0.023494360985425795	9.862249975344374	20.997999790020003
656	10747904	10	2.2	3.1559467676119	10.0	0.0	10	3.2	2.0396078054371136	8.0	0.0	-0.010989391025524453	-2.265459134938766	0.031201716004725058	12.239749969400624	23.431999765680004
660	10813440	10	2.4	3.1999999999999997	10.0	0.0	10	5.2	4.749736834815167	18.0	0.0	-0.009334144746630291	-2.2625027768440638	0.04043565261299785	12.375499969061249	10.081999899180003
664	10878976	10	2.6	2.3748684174075834	6.0	0.0	10	4.2	2.749545416973504	8.0	0.0	-0.010187169555289593	-2.25881048516745	0.03403075262161629	9.761249975596876	29.000999709990005
668	10944512	10	2.0	2.3664319132398464	6.0	0.0	10	3.8	3.026549190084311	10.0	0.0	-0.010481467726518711	-2.238624073331816	0.03732383887205155	13.97749996505625	28.273999717260004
672	11010048	10	3.2	1.8330302779823362	6.0	0.0	10	4.2	2.891366458960192	8.0	0.0	-0.010474977972505203	-2.2641601237283004	0.0278376639345379	13.75599996561	27.827999721720005
676	11075584	10	2.4	2.1540659228538015	6.0	0.0	10	3.2	1.6	6.0	2.0	-0.010889280576599191	-2.306524594384574	0.030167860635518202	13.916749965208126	26.981999730180004
680	11141120	10	2.6	2.6907248094147422	8.0	0.0	10	2.0	2.0	6.0	0.0	-0.010614637227370268	-2.2722568286078535	0.025837232550087838	13.280749966798124	27.861999721380002
684	11206656	10	3.4	2.5377155080899043	8.0	0.0	10	2.4	2.8000000000000003	8.0	0.0	-0.010111141973091991	-2.2829227718319673	0.03202723472744023	14.44249996389375	30.695999693040008
688	11272192	10	2.2	2.4413111231467406	6.0	0.0	10	4.8	3.4871191548325386	12.0	0.0	-0.009644516386193017	-2.2976121477872904	0.030972421175755986	13.603249965991877	19.666999803330004
692	11337728	10	1.2	1.6	4.0	0.0	10	6.2	5.8275209137333865	18.0	0.0	-0.009585292305536166	-2.247626709207216	0.03465425940645609	13.859749965350625	16.475999835240003
696	11403264	10	2.4	2.4979991993593593	6.0	0.0	10	3.6	2.65329983228432	8.0	0.0	-0.009900657265036642	-2.243086981043016	0.03187717580447712	12.327749969180624	33.08599966914
700	11468800	10	1.6	2.4979991993593593	6.0	0.0	10	3.6	3.2	12.0	0.0	-0.009644364900755506	-2.273272466919452	0.03851150932398242	12.4429999688925	27.182999728170003
704	11534336	10	2.8	3.5999999999999996	12.0	0.0	10	2.8	1.32664991614216	4.0	0.0	-0.009299177532376787	-2.2341079188046225	0.04291736452470823	12.935499967661249	23.813999761860003
708	11599872	10	5.4	5.730619512757761	20.0	0.0	10	2.8	2.85657137141714	8.0	0.0	-0.010069516784684958	-2.2658954558396376	0.047176822510600736	12.632999968417499	18.053999819460003
712	11665408	10	1.8	1.661324772583615	4.0	0.0	10	4.6	5.0635955604688645	18.0	0.0	-0.010026441616766212	-2.2516876630623073	0.04676860345350797	11.009249972476875	27.626999723730002
716	11730944	10	1.4	1.562049935181331	4.0	0.0	10	3.2	1.8330302779823362	6.0	0.0	-0.009516559928285198	-2.2602120511362944	0.03809938387315595	10.734249973164374	19.40299980597
720	11796480	10	2.4	1.4966629547095767	4.0	0.0	10	5.8	3.7363083384538807	16.0	2.0	-0.01020950016042117	-2.2591444226732964	0.03745610200565054	11.013999972465	21.732999782670003
724	11862016	10	2.4	2.33238075793812	8.0	0.0	10	6.0	4.6475800154489	18.0	0.0	-0.008930771123211468	-2.2462721737866214	0.04260032838930863	10.93199997267	17.339999826600003
728	11927552	10	5.4	6.452906321960672	22.0	0.0	10	5.8	6.289674077406555	16.0	0.0	-0.00868225045663979	-2.3134263155434724	0.038565206434441	11.07549997231125	27.877999721220004
732	11993088	10	3.6	5.122499389946279	18.0	0.0	10	4.4	4.882622246293481	18.0	0.0	-0.010798183666426294	-2.2917743397351997	0.03236836025852678	12.509999968724998	25.391999746080003
736	12058624	10	4.0	5.865151319446072	20.0	0.0	10	4.6	4.983974317750845	16.0	0.0	-0.010410478803176066	-2.257193080845789	0.028142423618292115	11.569999971075001	25.517999744820006
740	12124160	10	5.0	5.385164807134504	20.0	0.0	10	8.0	6.928203230275509	22.0	2.0	-0.00907909334057587	-2.304561686772455	0.03060239759769959	12.423249968941874	32.13099967869
744	12189696	10	2.8	1.8330302779823362	6.0	0.0	10	4.4	5.043808085167396	18.0	0.0	-0.008345746514391194	-2.256790766878285	0.04739357860420437	11.031499972421251	34.571999654280006
748	12255232	10	1.4	1.8000000000000003	4.0	0.0	10	4.0	2.8284271247461903	10.0	0.0	-0.009618944489889132	-2.2736440323408353	0.03869262587574525	10.384249974039374	30.378999696210006
752	12320768	10	2.6	2.009975124224178	6.0	0.0	10	4.2	2.749545416973504	8.0	0.0	-0.010233311753983149	-2.2903639696636175	0.034328551163891094	11.59049997102375	28.527999714720004
756	12386304	10	4.0	1.7888543819998317	8.0	2.0	10	8.0	5.366563145999495	20.0	2.0	-0.00937303236083591	-2.3097897989132017	0.03807695269731292	11.363749971590625	30.804999691950005
760	12451840	10	2.6	1.5620499351813308	6.0	0.0	10	5.6	5.122499389946279	18.0	0.0	-0.009162945213529878	-2.3198483112024726	0.039426393531191685	12.388499969028748	23.052999769470006
764	12517376	10	1.8	1.8867962264113207	6.0	0.0	10	4.2	4.935585071701227	16.0	0.0	-0.010432244122183422	-2.346829031660077	0.035576514100520096	13.814249965464377	9.602999903970002
768	12582912	10	1.6	2.154065922853802	6.0	0.0	10	7.6	6.1838499334961226	20.0	0.0	-0.009639477458127627	-2.362315075846804	0.03230312785456915	11.682249970794375	18.430999815690004
772	12648448	10	4.0	4.47213595499958	16.0	0.0	10	5.8	6.6	20.0	0.0	-0.00911640397342963	-2.360016911976073	0.0366826970091994	11.661249970846875	29.449999705500005
776	12713984	10	1.8	1.886796226411321	4.0	0.0	10	7.4	6.636264009214823	18.0	0.0	-0.009399792973990847	-2.341215329621738	0.044250322714650396	11.064249972339374	25.235999747640005
780	12779520	10	3.0	2.23606797749979	6.0	0.0	10	5.4	4.565084884205331	16.0	0.0	-0.009502714901444321	-2.311325981972257	0.04398913223148624	11.070499972323748	30.582999694170002
784	12845056	10	2.4	2.33238075793812	6.0	0.0	10	7.4	5.868560300448483	20.0	0.0	-0.009404880313852877	-2.2654071994249567	0.04541399731060539	12.236749969408127	27.559999724400004
788	12910592	10	3.6	5.3516352641038605	18.0	0.0	10	4.0	2.5298221281347035	8.0	0.0	-0.010534595124645524	-2.2682773766539035	0.04391182188340948	12.012249969969375	19.63599980364
792	12976128	10	4.6	4.476605857119878	16.0	0.0	10	2.8	2.85657137141714	8.0	0.0	-0.009468080436135033	-2.299546584247425	0.04283653045946311	13.22749996693125	28.215999717840006
796	13041664	10	2.2	1.6613247725836149	4.0	0.0	10	5.4	5.295280917949491	20.0	0.0	-0.009351788162890064	-2.273223685484762	0.040705995183699245	11.069249972326874	33.61499966385001
800	13107200	10	1.4	1.562049935181331	4.0	0.0	10	4.4	4.715930449020639	16.0	0.0	-0.00966295630395805	-2.3082430186450114	0.039484155399026756	12.131249969671877	19.076999809230006
804	13172736	10	3.2	2.2271057451320084	6.0	0.0	10	6.6	4.476605857119878	18.0	0.0	-0.009680378009662746	-2.2985384039670036	0.04739888186538454	10.5449999736375	29.520999704790004
808	13238272	10	4.0	6.06630035524124	16.0	0.0	10	4.8	3.4871191548325386	12.0	0.0	-0.008908194664684793	-2.324425329522556	0.03831045069177484	11.636249970909375	13.475999865240002
812	13303808	10	3.8	2.4413111231467406	8.0	0.0	10	6.6	4.737087712930805	18.0	0.0	-0.009782319676450794	-2.295603622753708	0.04677543815824661	11.658749970853124	25.942999740570006
816	13369344	10	3.8	3.1559467676119	10.0	0.0	10	4.4	5.782732917920384	20.0	0.0	-0.008813982343469596	-2.2899544112482477	0.046294913176126155	13.028749967428126	14.838999851610003
820	13434880	10	5.4	5.370288632839021	20.0	0.0	10	3.6	2.8000000000000003	8.0	0.0	-0.010363168790245023	-2.2560631382102114	0.04747491977459132	12.750749968123126	29.867999701320002
824	13500416	10	5.8	4.237924020083418	16.0	0.0	10	6.2	5.095095681142799	18.0	0.0	-0.009131248086263598	-2.2819861767299137	0.039910970930664515	11.70799997073	27.563999724360006
828	13565952	10	1.8	1.886796226411321	6.0	0.0	10	5.2	4.57820925690384	18.0	0.0	-0.010181047094041731	-2.289813178042467	0.04056806019860867	12.35749996910625	29.690999703090004
832	13631488	10	2.2	2.749545416973504	8.0	0.0	10	7.8	7.011419257183241	18.0	0.0	-0.009656592011706992	-2.308645332612515	0.04246150470905387	11.746749970633125	27.901999720980005
836	13697024	10	1.6	2.154065922853802	6.0	0.0	10	1.8	1.8867962264113207	6.0	0.0	-0.010170778411370625	-2.269849811754613	0.04689172614110191	11.649249970876875	7.897999921020001
840	13762560	10	2.6	2.3748684174075834	8.0	0.0	10	7.2	6.523802572120037	22.0	0.0	-0.009647515586852975	-2.305970427650413	0.0377809073891872	11.793249970516875	8.184999918150002
844	13828096	10	1.0	2.4083189157584592	8.0	0.0	10	6.2	6.095900261651268	18.0	0.0	-0.009537688894465001	-2.323104545232062	0.045509930656517976	11.809749970475625	27.604999723950005
848	13893632	10	1.8	1.4000000000000001	4.0	0.0	10	4.2	6.2257529665093525	22.0	0.0	-0.00947859548030561	-2.3281373726883303	0.042602794182239986	11.14249997214375	27.427999725720007
852	13959168	10	5.0	5.744562646538029	20.0	0.0	10	4.6	4.8207883172775805	18.0	0.0	-0.00955774457686129	-2.301673804480485	0.04220519262935292	11.881249970296874	24.484999755150003
856	14024704	10	3.6	3.0724582991474434	8.0	0.0	10	3.0	2.04939015319192	6.0	0.0	-0.008942792249377598	-2.3112195032414307	0.0593833101773865	12.924249967689375	25.391999746080003
860	14090240	10	2.4	1.9595917942265426	6.0	0.0	10	2.6	1.8	6.0	0.0	-0.009702640169861053	-2.3248440198662106	0.04350022476411851	12.251749969370625	27.345999726540004
864	14155776	10	2.2	4.686149805543993	16.0	0.0	10	6.4	5.351635264103861	16.0	0.0	-0.009129370988637423	-2.3229407044812262	0.04177530738089933	11.914999970212499	15.927999840720004
868	14221312	10	3.8	5.89576118919347	20.0	0.0	10	3.0	2.8635642126552705	8.0	0.0	-0.008527891294176344	-2.31637257561794	0.05233311823334542	11.129249972176874	9.713999902860001
872	14286848	10	3.8	5.249761899362675	18.0	0.0	10	6.0	5.932958789676531	18.0	0.0	-0.009280825314154187	-2.2243927739727054	0.059694318599058285	11.12349997219125	33.30099966699001
876	14352384	10	3.0	5.385164807134504	18.0	0.0	10	4.4	5.043808085167396	18.0	0.0	-0.00802427383958362	-2.309309253849438	0.048935752356915385	10.979749972550625	31.849999681500005
880	14417920	10	3.8	5.015974481593781	16.0	0.0	10	2.2	1.886796226411321	6.0	0.0	-0.00933823190061697	-2.311928689239002	0.044963508781484245	12.811749967970625	18.33699981663
884	14483456	10	2.8	2.85657137141714	8.0	0.0	10	5.2	4.915282290977803	16.0	0.0	-0.008552804813935314	-2.2904621782499825	0.0420821762289478	11.773999970564999	25.500999744990004
888	14548992	10	2.0	1.7888543819998317	6.0	0.0	10	4.8	2.4	8.0	2.0	-0.0090141242195698	-2.262898196540989	0.0649212151698197	11.665749970835625	25.668999743310003
892	14614528	10	5.4	7.213875518748574	22.0	0.0	10	4.2	4.6000000000000005	16.0	0.0	-0.00929087874004462	-2.257641034586498	0.04976979332147167	13.03549996741125	12.397999876020002
896	14680064	10	2.6	2.009975124224178	6.0	0.0	10	4.4	4.963869458396343	16.0	0.0	-0.008549057559946524	-2.266091353955252	0.059467300882887736	11.192249972019376	25.632999743670002
900	14745600	10	1.8	1.8867962264113207	6.0	0.0	10	5.8	6.4156059729381765	20.0	0.0	-0.008956364829198298	-2.307546066500779	0.0483223049812285	12.666249968334375	23.940999760590003
904	14811136	10	3.8	4.331281565541543	16.0	0.0	10	3.6	4.963869458396343	18.0	0.0	-0.00920802010806442	-2.277101951103636	0.04691240121121792	12.650249968374375	17.386999826130005
908	14876672	10	3.0	2.7202941017470885	6.0	0.0	10	5.2	5.455272678794342	18.0	0.0	-0.009323443930284607	-2.323509593562645	0.04718337543205292	11.803249970491876	24.196999758030003
912	14942208	10	4.0	5.215361924162119	18.0	0.0	10	7.0	6.276941930590086	20.0	2.0	-0.009405825509253245	-2.29512090212041	0.054731662573490006	12.548999968627502	13.855999861440003
916	15007744	10	1.8	2.08806130178211	6.0	0.0	10	6.6	6.135144660071187	18.0	0.0	-0.00965254455655771	-2.2861529834670615	0.05900119248318252	12.491249968771877	24.141999758580003
920	15073280	10	5.2	5.075431016179809	18.0	0.0	10	6.4	5.642694391866354	18.0	0.0	-0.008794297732486273	-2.2742312573011016	0.0554092291607235	11.803999970489999	26.533999734660004
924	15138816	10	3.0	2.4083189157584592	8.0	0.0	10	4.4	3.555277766926235	10.0	0.0	-0.008916383101355178	-2.2785623170545453	0.0504964212252312	12.463749968840625	29.854999701450005
928	15204352	10	3.2	2.7129319932501077	8.0	0.0	10	5.6	5.3516352641038605	16.0	0.0	-0.009045360625924039	-2.309703893718928	0.04497651988171922	11.854249970364375	27.995999720040004
932	15269888	10	2.8	2.227105745132009	6.0	0.0	10	4.4	3.4409301068170506	10.0	0.0	-0.009419603752504507	-2.2871531469227615	0.04842085476149887	10.916749972708125	27.843999721560007
936	15335424	10	4.8	4.308131845707603	16.0	0.0	10	6.0	4.6475800154489	18.0	0.0	-0.009136072161363962	-2.2464078513428043	0.05377609736191597	12.465499968836252	18.711999812880002
940	15400960	10	3.2	2.5612496949731396	8.0	0.0	10	4.8	6.823488843692792	20.0	0.0	-0.00942836523268259	-2.2958533662152907	0.04668722035420263	11.00849997247875	27.706999722930004
944	15466496	10	2.8	2.039607805437114	6.0	0.0	10	4.4	4.363484845854286	16.0	0.0	-0.00924403458970233	-2.226648660765607	0.06141664230711509	11.323999971690002	27.751999722480004
948	15532032	10	3.6	2.1540659228538015	6.0	0.0	10	5.2	5.3814496188294845	20.0	0.0	-0.008806392193029188	-2.290856055676725	0.05422701199051751	11.174249972064375	28.488999715110005
952	15597568	10	2.8	1.8330302779823362	6.0	0.0	10	6.0	6.260990336999411	18.0	0.0	-0.010228254004228074	-2.2560264093313993	0.05443166853525854	12.437749968905626	23.465999765340005
956	15663104	10	2.8	1.6	6.0	0.0	10	6.0	5.291502622129181	16.0	0.0	-0.009827620225109438	-2.292400762199982	0.04839907186377792	12.137749969655626	27.495999725040004
960	15728640	10	4.8	4.995998398718718	18.0	0.0	10	8.2	7.2910904534232746	20.0	0.0	-0.00966766661097251	-2.3365925448685787	0.04399735969032997	11.12799997218	23.873999761260002
964	15794176	10	5.4	6.327716807822551	18.0	0.0	10	4.6	6.003332407921453	16.0	0.0	-0.009527957715886628	-2.318233591573353	0.04544904746107441	10.980499972548749	19.14699980853
968	15859712	10	4.4	3.97994974842648	12.0	0.0	10	5.6	4.715930449020639	18.0	0.0	-0.008127144845035076	-2.308612540123785	0.05352285992727947	11.37149997157125	27.877999721220004
972	15925248	10	4.2	5.2497618993626745	18.0	0.0	10	6.0	5.513619500836088	20.0	0.0	-0.008029979753470773	-2.3424234536830375	0.049541388070482965	11.870749970323127	21.948999780510004
976	15990784	10	2.4	1.7435595774162693	4.0	0.0	10	3.2	4.664761515876241	16.0	0.0	-0.00853263402588958	-2.3458134380519624	0.05034007744649694	10.895249972761874	31.088999689110004
980	16056320	10	3.0	3.492849839314596	12.0	0.0	10	5.6	4.6303347611160905	16.0	0.0	-0.009021304879115724	-2.3608459629142753	0.048957043671537415	10.673749973315624	27.977999720220005
984	16121856	10	5.2	5.230678732248808	20.0	0.0	10	3.2	1.32664991614216	6.0	2.0	-0.009356921324307824	-2.3709046763692223	0.04958100259408459	10.187749974530625	34.203999657960004
988	16187392	10	3.0	1.61245154965971	6.0	0.0	10	3.4	3.1048349392520045	10.0	0.0	-0.009375019563103331	-2.3462989725211982	0.05500341256662704	10.6109999734725	30.884999691150007
992	16252928	10	2.2	4.686149805543993	16.0	0.0	10	4.8	4.4	16.0	0.0	-0.01011044602047031	-2.3531478740307237	0.04307386365968945	11.155999972110001	17.787999822120003
996	16318464	10	4.2	5.688585061331157	20.0	0.0	10	6.8	6.273754856543249	20.0	0.0	-0.00969196566580342	-2.308707455553526	0.057233819188797073	10.756249973109377	30.744999692550007
1000	16384000	10	4.2	5.758472019555188	20.0	0.0	10	6.4	5.043808085167397	20.0	0.0	-0.008563663397295248	-2.314943991360327	0.061799814103253005	11.019749972450626	28.973999710260006
1004	16449536	10	5.0	6.884765791223402	18.0	0.0	10	6.8	4.833218389437828	18.0	2.0	-0.008535507119652182	-2.3129295828516003	0.06182300977851439	12.43199996892	22.635999773640002
1008	16515072	10	3.0	2.569046515733026	8.0	0.0	10	4.6	4.903060268852505	16.0	0.0	-0.009264030931813643	-2.3381051816094236	0.05494337122858317	12.77049996807375	25.456999745430004
1012	16580608	10	2.6	2.973213749463701	10.0	0.0	10	4.0	6.260990336999411	22.0	0.0	-0.01041379946776998	-2.320886542157965	0.06208334571500876	12.741499968146252	22.270999777290005
1016	16646144	10	2.8	5.2306787322488075	18.0	0.0	10	6.2	5.546169849544819	18.0	2.0	-0.009611097612134972	-2.3569326000937396	0.051962949989849114	13.146249967134374	18.107999818920003
1020	16711680	10	9.8	7.345747068882784	20.0	2.0	10	5.0	4.404543109109048	16.0	0.0	-0.009713691857136048	-2.295540265499845	0.044830983422372864	12.89199996777	25.898999741010005
1024	16777216	10	1.6	1.4966629547095767	4.0	0.0	10	3.8	2.2715633383201093	8.0	0.0	-0.01073948622928278	-2.3183691648214073	0.03642359414379369	12.17199996957	26.315999736840002
1028	16842752	10	4.4	5.122499389946279	18.0	0.0	10	4.6	4.983974317750845	16.0	0.0	-0.009726596628951777	-2.3033805462305477	0.05458974329341287	11.500249971249374	30.405999695940004
1032	16908288	10	6.2	7.011419257183242	18.0	0.0	10	5.2	5.3814496188294845	18.0	0.0	-0.00926270329025324	-2.328485173241139	0.03618648921461087	11.17599997206	21.419999785800005
1036	16973824	10	3.6	5.276362383309168	18.0	0.0	10	6.8	6.523802572120036	22.0	0.0	-0.009043616081693665	-2.2935997344647827	0.06588080912763068	11.041249972396875	21.232999787670003
1040	17039360	10	4.8	6.209669878504008	18.0	0.0	10	10.0	7.26636084983398	22.0	2.0	-0.009138508410269433	-2.3197497027682825	0.04829721544210927	11.413999971465	26.290999737090004
1044	17104896	10	2.6	2.2	6.0	0.0	10	7.4	6.452906321960671	20.0	0.0	-0.008736513847603466	-2.270513191582679	0.06408941341517342	12.28549996928625	24.847999751520003
1048	17170432	10	2.2	2.749545416973504	8.0	0.0	10	5.6	7.08801805866774	22.0	0.0	-0.008930657373315458	-2.2919788482384567	0.05869613478590574	12.308749969228126	18.146999818530002
1052	17235968	10	5.4	5.9363288318623315	18.0	0.0	10	8.2	7.236021006050217	22.0	0.0	-0.00871843697587015	-2.229695302512446	0.056360335355031176	13.188499967028752	21.135999788640003
1056	17301504	10	2.8	1.6	4.0	0.0	10	6.4	5.276362383309168	20.0	0.0	-0.008192816721683196	-2.2887624748150563	0.04634145590537239	13.843999965390001	20.428999795710002
1060	17367040	10	3.8	1.8867962264113207	6.0	0.0	10	3.8	5.2497618993626745	18.0	0.0	-0.00831960789011082	-2.3118324575400218	0.04830543021168292	13.0469999673825	21.98499978015
1064	17432576	10	6.0	6.131883886702357	18.0	0.0	10	6.8	8.009993757800315	22.0	0.0	-0.009070135021491151	-2.2619760630158727	0.06134815063309389	12.674999968312502	13.009999869900001
1068	17498112	10	2.8	3.4871191548325386	8.0	0.0	10	6.0	6.81175454637056	20.0	0.0	-0.009693663622077195	-2.253343594336231	0.05142759147030107	13.21949996695125	20.632999793670002
1072	17563648	10	5.8	7.717512552629895	22.0	0.0	10	4.2	5.015974481593782	18.0	0.0	-0.008715745941118952	-2.295064553379362	0.05430569774681641	13.775249965561875	12.589999874100002
1076	17629184	10	2.4	2.1540659228538015	6.0	0.0	10	4.4	3.6660605559646715	12.0	0.0	-0.008017029956816673	-2.273197633287944	0.05445278831190388	12.645749968385626	21.650999783490004
1080	17694720	10	5.8	6.095900261651268	18.0	0.0	10	9.4	7.323933369440222	20.0	0.0	-0.009073871105672345	-2.2851852772239654	0.05951147424989418	13.539249966151877	22.674999773250004
1084	17760256	10	3.6	2.8000000000000003	8.0	0.0	10	8.4	7.418894796396564	20.0	0.0	-0.010034227505018336	-2.2958130387060507	0.052049245253061	12.969999967575	14.827999851720001
1088	17825792	10	5.4	4.386342439892262	16.0	0.0	10	7.0	6.526867548832288	18.0	0.0	-0.008830594317552771	-2.2982810981661155	0.05567068877670914	13.145499967136251	19.290999807090003
1092	17891328	10	6.0	7.26636084983398	22.0	0.0	10	9.6	7.144228439796701	20.0	2.0	-0.008556745327059592	-2.2432751901594554	0.07411633081893457	13.519499966201248	17.906999820930004
1096	17956864	10	6.2	4.331281565541543	16.0	0.0	10	5.0	6.276941930590086	18.0	0.0	-0.009532488655994003	-2.2592471040915454	0.05692127191179133	13.59749996600625	22.669999773300006
1100	18022400	10	8.6	8.296987405076615	22.0	0.0	10	8.6	6.135144660071187	18.0	2.0	-0.008600466270171001	-2.249426729742815	0.06775775159158566	12.528499968678751	28.123999718760004
1104	18087936	10	4.0	5.440588203494177	18.0	0.0	10	7.6	6.248199740725324	18.0	0.0	-0.009037397546276155	-2.236754953628241	0.06275931232886434	11.576749971058126	19.509999804900005
1108	18153472	10	2.4	1.9595917942265424	6.0	0.0	10	8.4	7.889233169326408	22.0	0.0	-0.009417655098260522	-2.252990009649353	0.06210415716567427	11.819499970451252	19.555999804440003
1112	18219008	10	3.4	4.737087712930804	16.0	0.0	10	8.0	7.58946638440411	18.0	0.0	-0.009907624563188852	-2.2645079416657974	0.04667662718079919	11.77199997057	22.326999776730005
1116	18284544	10	5.2	7.332121111929345	20.0	0.0	10	7.8	6.838128398911503	22.0	2.0	-0.0096621016602755	-2.2432600381620498	0.04599393337175467	11.374749971563126	27.239999727600004
1120	18350080	10	6.0	6.81175454637056	16.0	0.0	10	9.8	6.896375859826667	22.0	2.0	-0.00814631657376623	-2.2380163990113404	0.054052031360524125	12.389749969025624	26.422999735770002
1124	18415616	10	4.8	5.075431016179808	18.0	0.0	10	6.6	7.592101158440923	20.0	0.0	-0.007606242493962331	-2.2231135589548843	0.06322869739302246	11.263749971840625	30.645999693540006
1128	18481152	10	7.0	5.60357029044876	18.0	0.0	10	5.2	4.995998398718719	18.0	0.0	-0.00809638746832755	-2.283837951481861	0.05633797255378716	10.359749974100625	30.767999692320007
1132	18546688	10	4.2	6.289674077406556	22.0	0.0	10	6.6	6.514598989960933	20.0	0.0	-0.009069575876275156	-2.283738602956665	0.047502317131050194	10.9069999727325	22.528999774710005
1136	18612224	10	4.0	4.560701700396552	16.0	0.0	10	9.0	7.962411694957753	22.0	0.0	-0.009514416359625365	-2.245778456096364	0.054300102399593805	11.490499971273751	26.226999737730004
1140	18677760	10	4.8	6.273754856543248	18.0	0.0	10	5.0	6.212889826803627	18.0	0.0	-0.009171654850084645	-2.2020369616837296	0.06484332431674071	12.448499968878751	14.174999858250002
1144	18743296	10	2.8	2.7129319932501077	8.0	0.0	10	5.6	5.351635264103861	18.0	0.0	-0.009706469511203637	-2.210917018123635	0.05631718458021155	12.39949996900125	15.339999846600003
1148	18808832	10	4.2	2.2715633383201093	8.0	0.0	10	9.8	7.45385806143369	22.0	0.0	-0.009940723286061375	-2.187503402203941	0.06458226870072688	12.436499968908748	14.716999852830003
1152	18874368	10	6.8	3.7094473981982814	16.0	2.0	10	8.8	7.222188034107115	18.0	0.0	-0.00834697387627845	-2.2510651645699724	0.05216530380071955	11.851249970371876	13.444999865550002
1156	18939904	10	5.0	5.674504383644443	16.0	0.0	10	5.6	6.053098380168622	18.0	0.0	-0.008781822438620591	-2.2827046883708646	0.05505123386595021	11.0649999723375	19.325999806740004
1160	19005440	10	2.6	2.2	6.0	0.0	10	6.0	6.387487769068525	18.0	0.0	-0.010726904097680824	-2.233680893744808	0.05395762553885418	11.373249971566876	19.631999803680003
1164	19070976	10	2.4	3.4409301068170506	10.0	0.0	10	5.8	6.095900261651268	22.0	0.0	-0.008853700995725949	-2.278953323524231	0.060630553124055186	10.169749974575623	30.464999695350006
1168	19136512	10	5.4	4.476605857119878	18.0	2.0	10	5.0	5.385164807134504	20.0	0.0	-0.00917197031377889	-2.26714140153157	0.0659068760315842	11.028999972427501	30.778999692210004
1172	19202048	10	4.0	2.3664319132398464	8.0	2.0	10	5.6	5.571355310873647	16.0	0.0	-0.009252597467766716	-2.2720100082573915	0.060675815866838075	11.695249970761875	23.99899976001
1176	19267584	10	5.0	7.224956747275377	20.0	0.0	10	3.2	1.8330302779823358	6.0	0.0	-0.009011594178720054	-2.276766496162875	0.06593074062928474	12.516749968708126	15.284999847150003
1180	19333120	10	5.2	4.308131845707604	16.0	0.0	10	9.6	8.187795796183488	22.0	0.0	-0.008747130131873596	-2.3110105219062893	0.04688721502797903	12.268749969328127	24.936999750630005
1184	19398656	10	5.4	4.2	12.0	0.0	10	6.8	8.352245207128439	22.0	0.0	-0.008549782160438649	-2.31294949328648	0.0601913020107284	11.524749971188125	20.233999797660005
1188	19464192	10	7.4	7.748548251124207	22.0	0.0	10	8.2	6.352952069707436	18.0	0.0	-0.007337350380560536	-2.2296472735863966	0.05857888076930747	10.789249973026875	24.220999757790004
1192	19529728	10	5.6	4.882622246293481	16.0	0.0	10	12.4	7.418894796396563	22.0	2.0	-0.008731898972049063	-2.2384194009157863	0.05868988887105973	11.14649997213375	32.26999967730001
1196	19595264	10	3.8	1.8867962264113207	6.0	0.0	10	6.4	5.351635264103861	16.0	0.0	-0.007739049883742724	-2.272167404256012	0.055580309858033534	11.046749972383125	31.221999687780006
1200	19660800	10	6.0	6.511528238439882	20.0	0.0	10	7.8	7.4	22.0	0.0	-0.008551530781630607	-2.2963654694549325	0.059905001926204564	9.953749975115624	26.073999739260007
1204	19726336	10	5.2	6.079473661428265	18.0	0.0	10	5.8	7.011419257183242	20.0	0.0	-0.009424563240452015	-2.301986110467334	0.04990876861328054	10.321999974195	9.917999900820002
1208	19791872	10	4.2	5.4	18.0	0.0	10	6.0	4.560701700396552	16.0	2.0	-0.008917475875003819	-2.2471355892860596	0.059005266631394965	11.812749970468122	24.647999753520004
1212	19857408	10	6.0	6.0	18.0	0.0	10	3.6	1.7435595774162695	6.0	0.0	-0.00851996693535589	-2.299380915620816	0.06222794398327661	11.724749970688125	21.633999783660006
1216	19922944	10	3.0	4.753945729601885	16.0	0.0	10	7.6	4.715930449020639	20.0	4.0	-0.009092248696371803	-2.291150957107301	0.05924325393050948	11.670999970822502	16.99899983001
1220	19988480	10	7.6	7.200000000000001	20.0	0.0	10	9.0	7.113367697511496	18.0	0.0	-0.008490608737424023	-2.302926587321878	0.05471899953566471	12.497249968756876	21.498999785010003
1224	20054016	10	2.8	2.2271057451320084	6.0	0.0	10	10.6	7.102112361825881	20.0	2.0	-0.009468537773726783	-2.3017642495618684	0.06512817491409263	12.2269999694325	18.65599981344
1228	20119552	10	2.8	2.227105745132009	6.0	0.0	10	13.8	6.161168720299746	22.0	4.0	-0.008870645658120358	-2.263467624547738	0.05452697572196019	12.88649996778375	18.66499981335
1232	20185088	10	1.6	2.154065922853802	6.0	0.0	10	8.8	6.273754856543249	22.0	2.0	-0.009838219934748125	-2.252120276057569	0.05715173063204408	12.815749967960626	22.205999777940004
1236	20250624	10	4.0	3.0983866769659336	10.0	0.0	10	4.6	6.32771680782255	18.0	0.0	-0.009061821611760138	-2.2698051182051433	0.05234939668480755	12.142249969644375	23.835999761640004
1240	20316160	10	5.8	5.963220606350229	18.0	0.0	10	5.6	3.2	12.0	0.0	-0.009305679628839726	-2.298712591090761	0.058924365666144916	12.220749969448125	25.288999747110005
1244	20381696	10	4.4	5.499090833947008	18.0	0.0	10	5.4	4.983974317750844	18.0	0.0	-0.00912427262084897	-2.3046240059120877	0.047765448684485186	11.566749971083127	29.911999700880003
1248	20447232	10	3.2	2.5612496949731396	6.0	0.0	10	2.4	1.9595917942265424	6.0	0.0	-0.009751982503272678	-2.315482216335539	0.05470212732725621	10.3169999742075	21.37399978626
1252	20512768	10	7.6	7.144228439796701	22.0	0.0	10	5.6	4.363484845854286	16.0	0.0	-0.007881341741356055	-2.3153026598266986	0.0471425909150645	11.29449997176375	27.441999725580004
1256	20578304	10	3.4	3.104834939252004	10.0	0.0	10	5.4	7.4859869088851605	22.0	0.0	-0.008834110994019472	-2.273055741947544	0.062131111930482166	11.627749970930624	21.381999786180003
1260	20643840	10	8.8	7.277362159464101	16.0	0.0	10	6.4	6.6211781428987395	20.0	0.0	-0.01000221583567911	-2.2621862339603824	0.051650969015176344	11.44049997139875	16.136999838630004
1264	20709376	10	4.6	5.589275444992848	20.0	0.0	10	5.6	4.454211490264018	18.0	0.0	-0.009101088041422943	-2.2628089907395115	0.054261564465485766	11.33849997165375	25.804999741950002
1268	20774912	10	4.6	5.51724568965349	20.0	0.0	10	5.6	7.031358332498779	22.0	0.0	-0.00922115840173975	-2.2473939108494356	0.05759159812569477	11.483499971291252	25.182999748170005
1272	20840448	10	2.8	2.4	6.0	0.0	10	7.8	5.095095681142799	18.0	2.0	-0.008145635323429566	-2.279667506377855	0.0649400723176728	11.852999970367502	21.284999787150003
1276	20905984	10	4.8	4.308131845707603	16.0	0.0	10	5.8	4.770744176750625	18.0	0.0	-0.009256539278436768	-2.2480362303696833	0.05560524664084798	11.107999972230001	27.856999721430004
1280	20971520	10	4.4	5.642694391866353	20.0	0.0	10	6.8	6.99714227381436	22.0	0.0	-0.007255549493343706	-2.249427934253345	0.05774288907200864	12.2399999694	18.554999814450003
1284	21037056	10	4.2	4.853864439804639	16.0	0.0	10	7.0	6.884765791223402	18.0	0.0	-0.008565343394080315	-2.266469659668548	0.06656761179605611	11.02799997243	28.205999717940003
1288	21102592	10	5.6	6.248199740725324	18.0	0.0	10	5.4	4.476605857119878	18.0	2.0	-0.008798705386342524	-2.2936411770775855	0.05331375274717524	11.574749971063126	25.568999744310002
1292	21168128	10	7.4	7.748548251124206	20.0	0.0	10	11.4	9.593747964169166	22.0	0.0	-0.008269574763944122	-2.2549579066669447	0.06812847696000705	11.557249971106875	25.776999742230004
1296	21233664	10	4.2	3.2802438933713454	10.0	0.0	10	2.8	2.993325909419153	8.0	0.0	-0.008065826406657713	-2.2904312434393472	0.07258990192805816	11.149749972125626	27.654999723450004
1300	21299200	10	4.0	5.138093031466052	18.0	0.0	10	6.8	6.523802572120036	22.0	0.0	-0.009179845157888797	-2.3034410052085583	0.06495383726532418	11.90449997023875	18.92399981076
1304	21364736	10	7.4	8.901685233707155	22.0	0.0	10	3.6	2.4979991993593593	10.0	0.0	-0.008919895744516041	-2.2733230439440653	0.06325448001076012	12.786249968034374	21.522999784770004
1308	21430272	10	4.6	4.983974317750845	18.0	0.0	10	11.4	6.696267617113283	22.0	2.0	-0.00859492732859714	-2.280043090145707	0.06577255358855252	12.793249968016875	11.354999886450003
1312	21495808	10	4.6	5.800000000000001	20.0	0.0	10	11.8	7.291090453423274	22.0	2.0	-0.010099633668545051	-2.299420540291953	0.05933805073303774	13.074999967312502	21.708999782910002
1316	21561344	10	3.6	5.71314274283428	20.0	0.0	10	7.2	5.6000000000000005	18.0	2.0	-0.009419168856391357	-2.257849198841301	0.06722315784309173	12.61749996845625	20.436999795630005
1320	21626880	10	6.2	7.66550715869472	22.0	0.0	10	7.8	6.161168720299744	18.0	0.0	-0.009378101374986032	-2.267287716033317	0.05617698067990135	12.781749968045625	22.61199977388
1324	21692416	10	1.6	1.4966629547095767	4.0	0.0	10	7.0	6.942621983083913	18.0	0.0	-0.009597229193090369	-2.2631528027481744	0.050395490577006735	12.2789999693025	27.405999725940003
1328	21757952	10	6.0	4.6475800154489	16.0	0.0	10	8.8	6.273754856543249	20.0	0.0	-0.008676091222702149	-2.2988983911861407	0.06546788483486592	11.804249970489375	25.794999742050006
1332	21823488	10	9.8	7.717512552629895	22.0	0.0	10	5.4	6.003332407921454	18.0	0.0	-0.009343865096158416	-2.2617993153759173	0.06567111897839992	11.631999970919999	24.408999755910003
1336	21889024	10	7.0	6.276941930590086	20.0	0.0	10	6.8	4.833218389437829	18.0	2.0	-0.00850190788244277	-2.263701694471273	0.06319639315015164	12.56149996859625	22.716999772830004
1340	21954560	10	5.4	5.370288632839021	20.0	2.0	10	5.6	5.851495535331117	22.0	0.0	-0.008051421346934012	-2.2867932714623334	0.06891166608218012	13.061999967345	21.39399978606
1344	22020096	10	3.0	4.58257569495584	16.0	0.0	10	7.4	8.345058418010026	18.0	0.0	-0.009445047899969935	-2.2925375002221364	0.06419016055404561	12.628249968429374	21.847999781520002
1348	22085632	10	7.2	6.462197768561405	18.0	0.0	10	11.8	6.896375859826668	22.0	4.0	-0.008595920550168393	-2.2811670897014955	0.06846898292875091	12.684749968288127	21.845999781540005
1352	22151168	10	2.6	1.5620499351813308	6.0	0.0	10	6.4	5.122499389946279	16.0	0.0	-0.00919557679567043	-2.319410033282431	0.06242975002125279	12.360749969098125	23.589999764100003
1356	22216704	10	5.2	6.462197768561405	18.0	0.0	10	9.2	7.222188034107115	18.0	0.0	-0.008310772944588716	-2.321286774929956	0.0633807283139269	12.684249968289375	26.254999737450003
1360	22282240	10	4.8	4.66476151587624	16.0	0.0	10	9.6	6.974238309665077	22.0	0.0	-0.009643752017741897	-2.307242803035247	0.050634358150577145	11.791499970521249	29.363999706360005
1364	22347776	10	4.6	6.069596362197406	22.0	0.0	10	8.8	7.386474125047755	22.0	0.0	-0.009085612991499209	-2.3291644997952075	0.050418984256089414	11.077499972306251	31.072999689270006
1368	22413312	10	5.2	4.915282290977803	18.0	0.0	10	5.4	7.045565981523415	22.0	0.0	-0.008572865155369796	-2.28037277585356	0.07561670976368935	10.2329999744175	22.416999775830003
1372	22478848	10	7.4	7.539230729988305	22.0	0.0	10	6.8	7.858753081755399	20.0	0.0	-0.008540080832689045	-2.286223234991503	0.06009018595170138	11.751249970621874	26.425999735740003
1376	22544384	10	4.6	5.589275444992849	20.0	0.0	10	6.8	7.6	22.0	0.0	-0.008163370346421011	-2.303991523641754	0.06409428733664674	11.339249971651874	28.269999717300003
1380	22609920	10	4.0	5.059644256269407	16.0	0.0	10	9.8	7.011419257183242	18.0	0.0	-0.008940951044050328	-2.3200079249905836	0.07675447981625964	11.144749972138127	27.42299972577
1384	22675456	10	4.4	5.782732917920384	20.0	0.0	10	5.2	7.386474125047756	22.0	0.0	-0.008413318245435586	-2.334721155221449	0.06088602674180332	11.512499971218752	17.375999826240005
1388	22740992	10	4.0	4.979959839195493	16.0	0.0	10	11.6	6.6211781428987395	22.0	2.0	-0.00811074491175931	-2.330863346413365	0.05763803243347129	12.146749969633126	12.856999871430002
1392	22806528	10	6.6	7.592101158440923	20.0	0.0	10	7.0	6.340346993658944	22.0	0.0	-0.00829143473103343	-2.3407388227726575	0.05607418994766493	11.96649997008375	16.89699983103
1396	22872064	10	5.2	6.013318551349164	16.0	0.0	10	4.4	5.043808085167397	18.0	0.0	-0.00906868414946197	-2.3242699675324383	0.06078534828797101	11.641999970895	25.145999748540003
1400	22937600	10	5.2	4.833218389437829	18.0	0.0	10	8.4	7.364781055808788	22.0	0.0	-0.00794758279676572	-2.335174493248402	0.059694701411441516	11.990249970024374	22.507999774920002
1404	23003136	10	4.2	5.015974481593782	18.0	0.0	10	11.2	6.881860213634101	22.0	2.0	-0.008367898320140378	-2.3072051999549785	0.05628989527657387	11.11049997222375	25.818999741810003
1408	23068672	10	2.0	2.1908902300206643	6.0	0.0	10	10.6	8.052328855678958	22.0	0.0	-0.007893260919229424	-2.28495546158195	0.06225411441925633	11.43549997141125	24.687999753120003
1412	23134208	10	7.6	7.578918128598567	22.0	0.0	10	8.8	7.277362159464101	20.0	0.0	-0.008254141718123689	-2.3062723177255884	0.06869844214585566	11.98799997003	27.785999722140005
1416	23199744	10	4.2	3.280243893371345	8.0	0.0	10	9.2	6.462197768561405	22.0	0.0	-0.00835359535665391	-2.293836315233979	0.07168086617438367	11.796249970509376	24.951999750480006
1420	23265280	10	7.2	7.166589146867568	22.0	0.0	10	8.8	5.8787753826796285	20.0	2.0	-0.00913245662282319	-2.239046295250673	0.07619967760966209	11.689749970775626	25.706999742930005
1424	23330816	10	5.8	6.720119046564577	20.0	0.0	10	6.4	8.138795979750322	20.0	0.0	-0.00841294110829929	-2.230693484113708	0.06791441634676472	12.69649996825875	24.031999759680005
1428	23396352	10	7.2	7.652450587883598	20.0	0.0	10	7.4	6.7557383016218155	18.0	0.0	-0.007791846926715376	-2.2882889308135264	0.06433677901619801	11.903749970240625	28.971999710280006
1432	23461888	10	5.4	8.05232885567896	22.0	0.0	10	7.2	6.881860213634101	18.0	0.0	-0.008678646714851626	-2.296887290735199	0.04242743008017655	11.058749972353125	35.53899964461001
1436	23527424	10	4.8	4.66476151587624	16.0	0.0	10	11.6	7.631513611335566	22.0	4.0	-0.00856040109800799	-2.249399912619723	0.06719275031625413	10.47449997381375	28.847999711520004
1440	23592960	10	5.4	5.44426303552648	16.0	0.0	10	6.6	7.748548251124207	22.0	0.0	-0.008065355242321178	-2.265325781963729	0.05778904083979912	11.45199997137	20.193999798060002
1444	23658496	10	5.4	4.651881339845203	16.0	0.0	10	7.6	6.8	22.0	2.0	-0.00892358300338367	-2.2384076215478634	0.05772534369200175	11.32149997169625	27.750999722490004
1448	23724032	10	2.6	2.5377155080899043	8.0	0.0	10	6.8	7.547184905645283	20.0	0.0	-0.00792153397356687	-2.2612179912754833	0.07291987421162803	11.273249971816876	25.154999748450006
1452	23789568	10	3.2	3.1240998703626617	10.0	0.0	10	10.8	7.386474125047755	22.0	0.0	-0.009088174160108285	-2.2774270075174115	0.05760245525143786	10.48149997379625	29.849999701500007
1456	23855104	10	7.6	7.578918128598565	20.0	0.0	10	7.0	6.942621983083913	18.0	0.0	-0.008923390930229272	-2.2991827252099046	0.05242773732788493	11.364749971588125	27.997999720020005
1460	23920640	10	6.6	7.696752561957543	20.0	0.0	10	8.0	5.291502622129181	20.0	4.0	-0.008711625612403533	-2.282708666980903	0.05842808943874972	11.855749970360627	25.107999748920005
1464	23986176	10	2.0	1.5491933384829668	4.0	0.0	10	6.4	6.8	22.0	0.0	-0.009609735630479954	-2.29863396511373	0.056802625218698194	12.78649996803375	24.011999759880005
1468	24051712	10	3.8	5.173006862551025	18.0	0.0	10	5.8	5.963220606350229	18.0	0.0	-0.008598790983355828	-2.31336046979569	0.06107618721186687	12.869999967824999	18.818999811810002
1472	24117248	10	3.4	4.565084884205331	16.0	0.0	10	8.6	5.8	18.0	0.0	-0.00942282591518425	-2.314337598539714	0.06067642565029374	12.4349999689125	23.060999769390005
1476	24182784	10	2.4	2.1540659228538015	6.0	0.0	10	7.2	5.075431016179809	16.0	0.0	-0.009434798916954068	-2.2799259521175745	0.08749201023660678	13.590249966024377	32.72099967279
1480	24248320	10	3.4	4.651881339845203	16.0	0.0	10	12.0	5.366563145999495	20.0	4.0	-0.009397050789257627	-2.2607963629195473	0.06463048610318253	12.358249969104376	22.403999775960003
1484	24313856	10	6.0	7.483314773547883	22.0	0.0	10	9.0	6.708203932499369	22.0	2.0	-0.009572901597103061	-2.244574111962953	0.07165750080438818	9.34749997663125	30.498999695010003
1488	24379392	10	6.8	6.764613810115105	18.0	0.0	10	7.8	6.095900261651268	18.0	2.0	-0.009139093559757939	-2.2667347115897294	0.053957960368722274	10.84949997287625	31.068999689310004
1492	24444928	10	4.8	4.66476151587624	16.0	0.0	10	7.8	6.9541354602854835	20.0	0.0	-0.008940688144299202	-2.255609462423605	0.05588582630928848	11.863999970340002	28.746999712530005
1496	24510464	10	4.0	4.47213595499958	16.0	0.0	10	8.2	6.954135460285484	22.0	0.0	-0.007131383309736725	-2.2792426295687793	0.0510829762735278	11.04399997239	17.230999827690006
1500	24576000	10	4.6	4.476605857119878	16.0	0.0	10	11.2	6.64529909033446	22.0	4.0	-0.008164134768229154	-2.2138230922498936	0.06210428599863041	11.671999970820002	24.179999758200005
1504	24641536	10	7.0	7.05691150575094	20.0	0.0	10	7.0	4.58257569495584	18.0	0.0	-0.008507686714764465	-2.232808418339365	0.06618819183290964	11.694499970763752	24.56599975434
1508	24707072	10	9.0	6.4031242374328485	22.0	2.0	10	6.6	6.696267617113282	20.0	0.0	-0.0077394635364849635	-2.259522596759669	0.052643839186782525	11.862749970343128	23.566999764330003
1512	24772608	10	5.4	6.200000000000001	22.0	0.0	10	7.8	7.507329751649383	20.0	0.0	-0.008231064017664365	-2.2771559404941626	0.06705088707075188	11.873749970315627	23.084999769150006
1516	24838144	10	7.6	7.631513611335565	22.0	0.0	10	9.6	7.3647810558087885	20.0	2.0	-0.008979626057199803	-2.279734539251479	0.05582056063965264	12.002749969993124	20.802999791970006
1520	24903680	10	7.2	7.05407683541936	22.0	0.0	10	11.0	7.707139547199077	22.0	2.0	-0.008899387858928758	-2.260713403188136	0.060685952401141684	12.345999969135	22.023999779760004
1524	24969216	10	7.0	8.012490249604053	22.0	0.0	10	11.0	6.884765791223402	22.0	2.0	-0.008607313116057579	-2.294306427001381	0.06620952835548165	12.78549996803625	20.878999791210006
