iter	frame	n_test	mean_returns	std_returns	max_returns	min_returns	n_test_train	mean_returns_train	std_returns_train	max_returns_train	min_returns_train	actor_loss	entropy_loss	value_loss	training_time	evaluation_time
0	0	10	0.6	0.9165151389911681	2.0	0.0	10	0.0	0.0	0.0	0.0	0	0	0	0.0	3.882999961170001
4	65536	10	0.8	0.9797958971132712	2.0	0.0	10	1.2	1.6	4.0	0.0	0.005689676200455942	-2.619954558437345	0.26160371393965565	13.1129999672175	14.081999859180003
8	131072	10	1.4	1.2806248474865698	4.0	0.0	10	0.8	0.9797958971132712	2.0	0.0	-0.0042881807938485485	-2.551234629981203	0.09308723890960374	10.428749973928126	9.147999908520001
12	196608	10	2.8	1.6	4.0	0.0	10	1.8	1.886796226411321	6.0	0.0	-0.004809180218322453	-2.458321464302367	0.07155042633755494	10.981999972545001	19.409999805900004
16	262144	10	1.8	1.8867962264113207	6.0	0.0	10	0.8	0.9797958971132713	2.0	0.0	-0.006990107859746244	-2.3836348650356705	0.07028996097743964	11.062999972342501	16.340999836590004
20	327680	10	1.6	1.9595917942265426	6.0	0.0	10	1.8	1.886796226411321	6.0	0.0	-0.007346172525247879	-2.381831417232997	0.059112808428135086	12.115499969711252	14.607999853920003
24	393216	10	2.0	1.7888543819998317	6.0	0.0	10	0.6	0.9165151389911679	2.0	0.0	-0.006438054400795682	-2.3548636086315655	0.05859634077807836	10.9449999726375	17.779999822200004
28	458752	10	2.2	1.0770329614269007	4.0	0.0	10	2.6	2.2	6.0	0.0	-0.007272960447608368	-2.356137707584044	0.051692383280848124	10.867999972829999	27.437999725620003
32	524288	10	1.4	2.009975124224178	6.0	0.0	10	1.8	1.4000000000000001	4.0	0.0	-0.006711564166742368	-2.3745398792137813	0.04878233038933058	10.351249974121876	10.42099989579
36	589824	10	2.0	2.5298221281347035	8.0	0.0	10	2.2	1.0770329614269007	4.0	0.0	-0.007487234974004545	-2.2778670263897856	0.04451556802108357	12.408249968979376	26.693999733060004
40	655360	10	1.8	1.661324772583615	4.0	0.0	10	1.0	1.0	2.0	0.0	-0.0033826821814842084	-2.16714113928155	0.061317818543384826	11.222249971944374	16.657999833420003
44	720896	10	0.8	1.32664991614216	4.0	0.0	10	2.0	1.7888543819998317	4.0	0.0	-0.006450314254769087	-2.1277174065777587	0.04306471343479736	11.967999970080001	5.216999947830001
48	786432	10	1.8	2.4413111231467406	8.0	0.0	10	2.2	2.2715633383201097	6.0	0.0	-0.00575784204496862	-2.233122435476224	0.044035983810581256	11.552249971119377	16.753999832460003
52	851968	10	2.0	2.3664319132398464	6.0	0.0	10	1.4	1.562049935181331	4.0	0.0	-0.005919354001879317	-2.2517706078925577	0.03563067085747431	11.523749971190625	11.876999881230002
56	917504	10	1.6	1.4966629547095767	4.0	0.0	10	1.4	1.562049935181331	4.0	0.0	-0.006049307647093723	-2.192076615760867	0.03945503047799725	11.697499970756251	13.528999864710002
60	983040	10	2.2	2.08806130178211	6.0	0.0	10	1.0	1.8439088914585775	6.0	0.0	-0.006053714318695698	-2.2170154549355594	0.04796463700753504	11.501999971244999	10.948999890510002
64	1048576	10	1.6	2.4979991993593598	8.0	0.0	10	1.0	1.3416407864998738	4.0	0.0	-0.00719436676127711	-2.2854261371099507	0.04655028972289845	10.83149997292125	20.36199979638
68	1114112	10	0.8	1.32664991614216	4.0	0.0	10	3.2	5.74108003776293	20.0	0.0	-0.007886299387273626	-2.2118280850530394	0.04396425093997519	10.40549997398625	4.455999955440001
72	1179648	10	0.8	1.32664991614216	4.0	0.0	10	1.8	1.886796226411321	4.0	0.0	-0.007676832126090406	-2.192616308500456	0.04120939645564569	12.521749968695627	7.376999926230001
76	1245184	10	1.4	1.8000000000000003	4.0	0.0	10	2.0	2.5298221281347035	8.0	0.0	-0.009236716586755176	-2.21525988208027	0.04479381185489697	14.041249964896878	14.775999852240002
80	1310720	10	1.2	0.9797958971132712	2.0	0.0	10	2.0	2.3664319132398464	6.0	0.0	-0.008096102209558679	-2.322359457370125	0.03308831971802978	12.493249968766875	13.108999868910002
84	1376256	10	2.0	1.5491933384829668	4.0	0.0	10	1.4	1.2806248474865698	4.0	0.0	-0.008871014621930936	-2.288362358768828	0.03545799461056859	12.461499968846251	4.062999959370001
88	1441792	10	2.6	2.009975124224178	6.0	0.0	10	3.0	2.569046515733026	8.0	0.0	-0.008385148077989435	-2.3308010968124844	0.03415100683568071	10.269749974325626	22.298999777010003
92	1507328	10	2.6	2.8354893757515653	8.0	0.0	10	3.8	2.891366458960192	8.0	0.0	-0.008842771791921418	-2.2947750561032447	0.03276679513168996	10.665249973336875	20.589999794100002
96	1572864	10	2.2	2.4413111231467406	8.0	0.0	10	2.4	2.33238075793812	8.0	0.0	-0.008032372344205244	-2.2489555649600224	0.03855332848214347	10.239249974401876	19.95899980041
100	1638400	10	1.2	1.6	4.0	0.0	10	3.2	2.4	8.0	0.0	-0.009433146468157185	-2.175898042591254	0.04355132493978571	11.155749972110625	20.163999798360006
104	1703936	10	0.8	1.8330302779823362	6.0	0.0	10	2.2	1.6613247725836149	4.0	0.0	-0.00795055012630601	-2.178799338411824	0.04510729466483136	11.917249970206875	3.4049999659500005
108	1769472	10	2.2	1.6613247725836149	4.0	0.0	10	1.6	2.65329983228432	8.0	0.0	-0.007871287570892626	-2.1024176898395472	0.04258904747298902	13.3309999666725	8.267999917320003
112	1835008	10	0.6	1.2806248474865698	4.0	0.0	10	2.0	2.3664319132398464	6.0	0.0	-0.009133713430510906	-2.15480502920752	0.03832279657545841	11.912249970219376	13.936999860630001
116	1900544	10	1.6	1.2000000000000002	4.0	0.0	10	1.2	1.32664991614216	4.0	0.0	-0.009722218841688866	-2.1472032912322376	0.03422940844158161	11.409749971475625	6.026999939730001
120	1966080	10	1.4	1.562049935181331	4.0	0.0	10	2.4	2.6532998322843198	8.0	0.0	-0.008486018265431456	-2.2098312251451433	0.03676702240875085	11.494249971264376	23.094999769050002
124	2031616	10	1.2	1.8330302779823362	6.0	0.0	10	3.0	1.8439088914585775	6.0	0.0	-0.010152065693701471	-2.1772235555169	0.025443395791098042	10.960249972599375	15.399999846000004
128	2097152	10	1.6	2.3323807579381204	8.0	0.0	10	2.8	2.039607805437114	6.0	0.0	-0.009178235148540013	-2.188083946476939	0.0318994909142443	11.550999971122499	27.514999724850004
132	2162688	10	1.2	1.6	4.0	0.0	10	2.8	2.5612496949731396	8.0	0.0	-0.010137242938228418	-2.1844418170759523	0.03291221831892818	10.9709999725725	6.898999931010001
136	2228224	10	1.6	1.9595917942265426	6.0	0.0	10	1.2	1.3266499161421599	4.0	0.0	-0.009869853397385287	-2.260062160355861	0.026088813821551093	12.758499968103752	12.980999870190002
140	2293760	10	1.6	1.9595917942265426	4.0	0.0	10	2.6	2.3748684174075834	6.0	0.0	-0.008552912699409486	-2.28818986789392	0.02435714679438841	12.278249969304373	8.677999913220003
144	2359296	10	2.6	4.565084884205331	16.0	0.0	10	1.4	1.562049935181331	4.0	0.0	-0.009087407865953715	-2.2517678611118446	0.03114635883117995	10.461749973845626	6.803999931960002
148	2424832	10	2.2	1.8867962264113207	4.0	0.0	10	2.2	2.6	6.0	0.0	-0.009049364134289336	-2.247098852956667	0.04148166719391975	10.95599997261	8.493999915060002
152	2490368	10	2.4	1.9595917942265424	6.0	0.0	10	2.4	1.9595917942265426	6.0	0.0	-0.00871787531559814	-2.2691770615796836	0.034492432116818385	12.326249969184373	6.501999934980001
156	2555904	10	0.6	0.9165151389911679	2.0	0.0	10	1.8	1.4000000000000001	4.0	0.0	-0.00958195716663724	-2.2263841701214973	0.032006024942348575	11.164249972089374	10.920999890790002
160	2621440	10	2.0	2.3664319132398464	6.0	0.0	10	1.8	2.749545416973504	8.0	0.0	-0.009352515353623098	-2.2848319980108913	0.03315076439218485	10.362249974094375	10.003999899960002
164	2686976	10	1.6	1.7435595774162693	6.0	0.0	10	4.4	2.65329983228432	8.0	0.0	-0.008784280012145167	-2.295362656076067	0.030384948570996675	12.743249968141875	23.07199976928
168	2752512	10	2.0	2.5298221281347035	8.0	0.0	10	2.4	2.4979991993593593	6.0	0.0	-0.009391020560473792	-2.2902716917394077	0.030467696290704338	11.681999970795001	20.29899979701
172	2818048	10	1.8	1.8867962264113207	6.0	0.0	10	2.6	2.5377155080899043	8.0	0.0	-0.010004490487991303	-2.307271914937163	0.031887884170841485	10.24149997439625	28.168999718310005
176	2883584	10	2.0	2.0	6.0	0.0	10	3.0	2.23606797749979	6.0	0.0	-0.010333901810993756	-2.280225251874229	0.034648677990266996	10.579749973550626	15.256999847430002
180	2949120	10	1.0	1.3416407864998738	4.0	0.0	10	3.0	2.569046515733026	6.0	0.0	-0.009235962402219395	-2.220895645287754	0.03301948494865264	12.171749969570625	7.397999926020001
184	3014656	10	1.6	1.7435595774162693	4.0	0.0	10	2.0	1.5491933384829668	4.0	0.0	-0.009997728756256888	-2.3311216605261604	0.027284135670508244	12.673999968315	11.458999885410002
188	3080192	10	2.2	2.6	8.0	0.0	10	2.0	1.5491933384829668	4.0	0.0	-0.010434413267046925	-2.2992527258981323	0.025236120541900445	11.574749971063126	18.577999814220004
192	3145728	10	1.8	2.749545416973504	8.0	0.0	10	1.8	2.08806130178211	6.0	0.0	-0.00933744947930235	-2.2690585874140976	0.025810969292291524	10.125749974685625	16.461999835380002
196	3211264	10	1.2	1.32664991614216	4.0	0.0	10	2.4	1.9595917942265424	6.0	0.0	-0.010986128988171667	-2.3136553811603737	0.024873606605813465	10.821749972945625	30.283999697160002
200	3276800	10	1.2	1.6	4.0	0.0	10	1.2	1.32664991614216	4.0	0.0	-0.009818628960488648	-2.3320960847094274	0.0211635392796865	11.185749972035625	10.887999891120002
204	3342336	10	1.2	1.32664991614216	4.0	0.0	10	3.6	2.1540659228538015	6.0	0.0	-0.009773920160612065	-2.2783389163624235	0.023444575138741888	10.99049997252375	14.697999853020002
208	3407872	10	3.0	1.3416407864998738	6.0	2.0	10	3.8	3.280243893371345	10.0	0.0	-0.009976631887964096	-2.2896429471770063	0.025273926417659805	12.359249969101876	12.269999877300002
212	3473408	10	1.8	2.08806130178211	6.0	0.0	10	2.2	2.08806130178211	6.0	0.0	-0.00912212810085768	-2.278263148924814	0.02645979102541741	13.544249966139374	22.384999776150003
216	3538944	10	2.0	2.1908902300206643	6.0	0.0	10	3.2	2.4	8.0	0.0	-0.008994113643260075	-2.205238247681423	0.030741633184466762	12.476749968808125	22.91199977088
220	3604480	10	2.2	2.6	8.0	0.0	10	3.0	2.23606797749979	8.0	0.0	-0.009011071235031164	-2.2585959481827107	0.024658524603342627	12.28049996929875	10.669999893300002
224	3670016	10	3.0	2.569046515733026	8.0	0.0	10	2.0	2.3664319132398464	6.0	0.0	-0.009160885622760162	-2.206467449435229	0.024032349200977035	13.607249965981875	20.830999791690004
228	3735552	10	0.6	1.2806248474865698	4.0	0.0	10	3.2	3.370459909270543	12.0	0.0	-0.00946404712787267	-2.165510274244278	0.02999875339134102	12.695249968261875	9.741999902580002
232	3801088	10	1.0	1.0	2.0	0.0	10	2.2	2.6	6.0	0.0	-0.00825844346314092	-2.123419873195234	0.025322133827800332	13.417999966455	8.290999917090002
236	3866624	10	1.4	1.2806248474865698	4.0	0.0	10	3.4	5.219195340279955	18.0	0.0	-0.008292758817075878	-2.0239058557031333	0.02559764725665588	11.476749971308124	17.811999821880004
240	3932160	10	1.6	1.4966629547095764	4.0	0.0	10	3.4	2.690724809414742	10.0	0.0	-0.009660829193514341	-2.089236524980195	0.02097519353046451	10.411499973971251	30.403999695960003
244	3997696	10	3.2	5.946427498927402	20.0	0.0	10	1.8	1.886796226411321	4.0	0.0	-0.008869512260375042	-2.1483895801253365	0.026384820130544006	11.09849997225375	23.156999768430005
248	4063232	10	2.8	1.6	6.0	0.0	10	2.2	1.8867962264113207	6.0	0.0	-0.009759607532228565	-2.240267360970468	0.021543191190660404	11.429499971426251	20.187999798120003
252	4128768	10	2.4	2.4979991993593593	8.0	0.0	10	3.4	2.009975124224178	6.0	0.0	-0.009259587041263158	-2.1982484730775127	0.023224951716359393	10.115749974710624	31.206999687930004
256	4194304	10	1.0	1.8439088914585775	6.0	0.0	10	2.8	2.227105745132009	6.0	0.0	-0.00919940733633336	-2.2792026894897304	0.02651347518467144	11.477999971304998	3.6729999632700006
260	4259840	10	2.0	1.7888543819998317	6.0	0.0	10	2.2	2.4413111231467406	6.0	0.0	-0.008910654259712925	-2.259447055323004	0.03621593410315239	11.187749972030625	16.599999834000005
264	4325376	10	1.4	2.009975124224178	6.0	0.0	10	2.2	2.6	8.0	0.0	-0.008843371507877066	-2.3169549552172914	0.029681685571571338	11.856499970358751	26.483999735160005
268	4390912	10	1.6	1.4966629547095767	4.0	0.0	10	2.4	2.4979991993593593	8.0	0.0	-0.010063353160919558	-2.3002806576677144	0.03273586521049827	11.185249972036875	17.808999821910003
272	4456448	10	1.6	1.7435595774162695	6.0	0.0	10	3.0	2.569046515733026	8.0	0.0	-0.010201169290817203	-2.359755975258908	0.02748990958891061	12.357249969106876	25.273999747260007
276	4521984	10	1.2	1.8330302779823362	6.0	0.0	10	5.0	4.219004621945797	12.0	0.0	-0.009479667767282932	-2.372901816915654	0.019789368261384402	11.61249997096875	22.222999777770003
280	4587520	10	1.4	1.562049935181331	4.0	0.0	10	2.6	2.2	6.0	0.0	-0.009097156332207378	-2.342513469114273	0.04097998190321941	11.927749970180624	25.323999746760006
284	4653056	10	1.0	1.8439088914585775	6.0	0.0	10	4.8	4.833218389437828	16.0	0.0	-0.009789230912136931	-2.3286849506257172	0.02677519124420848	12.08649996978375	16.392999836070004
288	4718592	10	1.8	2.08806130178211	6.0	0.0	10	3.4	2.5377155080899043	8.0	0.0	-0.009695541464276368	-2.294557757436631	0.02710556364723943	11.67199997082	25.267999747320005
292	4784128	10	2.2	2.2715633383201097	6.0	0.0	10	3.4	2.1999999999999997	6.0	0.0	-0.00807107436085874	-2.29174559539526	0.019913983781455074	11.377749971555627	13.179999868200001
296	4849664	10	2.0	2.5298221281347035	8.0	0.0	10	4.6	2.3748684174075834	8.0	0.0	-0.008939270644662274	-2.3463786639312545	0.025288005395641782	9.692749975768125	32.93199967068001
300	4915200	10	1.0	1.3416407864998738	4.0	0.0	10	3.0	2.7202941017470885	6.0	0.0	-0.00916205821608914	-2.304532035945209	0.02984180206044476	10.131249974671876	31.543999684560006
304	4980736	10	3.6	3.2	10.0	0.0	10	3.4	1.5620499351813308	6.0	0.0	-0.010094450596483381	-2.3217167876725893	0.024019165233690448	11.053999972365	28.998999710010004
308	5046272	10	3.0	3.605551275463989	12.0	0.0	10	3.0	2.23606797749979	6.0	0.0	-0.010138148346267237	-2.3594030437395954	0.02377163124760413	11.67599997081	21.335999786640002
312	5111808	10	1.0	1.0	2.0	0.0	10	3.8	2.891366458960192	8.0	0.0	-0.010095142634639866	-2.3266236059427614	0.025699930573309625	10.468249973829375	12.319999876800003
316	5177344	10	1.0	1.3416407864998738	4.0	0.0	10	2.0	2.3664319132398464	6.0	0.0	-0.009870132788094345	-2.310583047328112	0.021761593484226	11.205999971985	16.40599983594
320	5242880	10	2.6	2.973213749463701	8.0	0.0	10	2.2	3.026549190084311	10.0	0.0	-0.009978627275683832	-2.2690650122980984	0.022339302345645976	11.71849997070375	25.193999748060005
324	5308416	10	1.2	1.3266499161421599	4.0	0.0	10	3.4	2.537715508089904	8.0	0.0	-0.00993888913962565	-2.322825530922844	0.02850277618751428	11.651249970871875	16.799999832000005
328	5373952	10	1.8	1.886796226411321	4.0	0.0	10	2.6	1.5620499351813308	6.0	0.0	-0.00993305254953976	-2.3292705687441013	0.02248425988129822	11.7349999706625	15.453999845460004
332	5439488	10	2.0	2.1908902300206643	6.0	0.0	10	3.6	2.4979991993593593	8.0	0.0	-0.010249698065453602	-2.342392412080747	0.024749958351547918	11.79049997052375	26.461999735380004
336	5505024	10	1.2	1.32664991614216	4.0	0.0	10	2.4	2.4979991993593593	8.0	0.0	-0.009436167885953714	-2.3345862997126585	0.01880779581841055	11.2549999718625	14.929999850700002
340	5570560	10	1.6	1.9595917942265424	6.0	0.0	10	3.0	4.919349550499537	16.0	0.0	-0.010165920831698112	-2.3344927700909084	0.0195585022136219	11.584249971039375	15.043999849560002
344	5636096	10	1.4	1.562049935181331	4.0	0.0	10	2.8	2.7129319932501073	8.0	0.0	-0.010234915742477008	-2.2844537220999177	0.022009982482643384	12.41149996897125	16.825999831740003
348	5701632	10	1.0	1.0	2.0	0.0	10	2.6	2.537715508089904	6.0	0.0	-0.009591281100166712	-2.2821657208211197	0.026902333966292772	12.033249969916874	28.616999713830005
352	5767168	10	1.6	1.7435595774162693	6.0	0.0	10	2.2	2.2715633383201093	6.0	0.0	-0.00886922062665464	-2.2431493250179178	0.028766804643393637	11.260749971848126	26.974999730250005
356	5832704	10	2.6	2.5377155080899043	8.0	0.0	10	3.4	2.973213749463701	8.0	0.0	-0.008402829268595818	-2.1966858876443514	0.029473681756484717	11.39049997152375	28.564999714350005
360	5898240	10	2.6	1.5620499351813308	6.0	0.0	10	3.4	2.3748684174075834	8.0	0.0	-0.009601485681651246	-2.2237471712299417	0.02615582444044561	11.702249970744376	19.631999803680003
364	5963776	10	2.6	2.5377155080899043	8.0	0.0	10	1.4	1.8	6.0	0.0	-0.008688170049637473	-2.2310315318565164	0.03077037073351293	10.5429999736425	20.938999790610005
368	6029312	10	1.2	1.8330302779823362	6.0	0.0	10	3.8	2.6	10.0	0.0	-0.009163411207085869	-2.2668538265052467	0.030139266122097438	9.793749975515624	34.31799965682001
372	6094848	10	2.0	1.5491933384829668	4.0	0.0	10	3.0	1.8439088914585775	6.0	0.0	-0.008997918993345089	-2.3229146075809246	0.01873682291672657	10.48749997378125	22.848999771510005
376	6160384	10	0.6	0.9165151389911681	2.0	0.0	10	3.4	2.537715508089904	8.0	0.0	-0.010092610135729109	-2.2590515313179504	0.028089839030856455	11.278499971803752	20.63899979361
380	6225920	10	1.0	1.61245154965971	4.0	0.0	10	3.8	4.935585071701226	18.0	0.0	-0.009057271742036374	-2.283841234704377	0.030300959747543148	10.531499973671252	31.671999683280006
384	6291456	10	1.4	1.8	4.0	0.0	10	2.0	1.5491933384829668	4.0	0.0	-0.010193125421361299	-2.2917751692331727	0.032963250372229566	10.081249974796876	10.487999895120002
388	6356992	10	3.4	2.009975124224178	6.0	0.0	10	3.8	2.08806130178211	8.0	2.0	-0.009559453859375752	-2.2898785842059937	0.02695886610997968	11.830249970424376	27.489999725100002
392	6422528	10	1.0	1.3416407864998738	4.0	0.0	10	3.2	1.6	6.0	0.0	-0.009435527491331709	-2.320366707699191	0.029693271961695387	11.868249970329376	16.354999836450002
396	6488064	10	0.8	1.32664991614216	4.0	0.0	10	4.8	4.214261501141095	16.0	0.0	-0.01062750086213431	-2.3058452156764413	0.024988755396835864	12.5449999686375	10.804999891950002
400	6553600	10	2.6	2.8354893757515653	8.0	0.0	10	2.6	1.2806248474865698	4.0	0.0	-0.00890267130457416	-2.3055021313411497	0.025353786804555814	13.368249966579375	20.427999795720005
404	6619136	10	3.6	3.2	10.0	0.0	10	4.2	1.8867962264113207	8.0	2.0	-0.009718728660621815	-2.2733974081889956	0.027642943350202266	12.966999967582499	15.846999841530002
408	6684672	10	1.0	1.3416407864998738	4.0	0.0	10	4.2	3.4	10.0	0.0	-0.009814796359517052	-2.240232291087602	0.0301910742581417	13.207749966980627	20.239999797600003
412	6750208	10	1.4	2.009975124224178	6.0	0.0	10	3.6	2.8000000000000003	8.0	0.0	-0.009952828190028786	-2.272375335059289	0.030645297895253058	13.597749966005626	11.565999884340002
416	6815744	10	2.2	1.8867962264113207	6.0	0.0	10	3.6	1.9595917942265424	6.0	0.0	-0.009367274861621937	-2.294300896187052	0.02565035592342204	13.041999967395	23.000999769990006
420	6881280	10	2.0	2.1908902300206643	6.0	0.0	10	2.4	2.33238075793812	8.0	0.0	-0.010224302692370036	-2.302907307702822	0.01977734100643664	13.151499967121248	20.282999797170003
424	6946816	10	2.6	2.2	6.0	0.0	10	4.4	2.1540659228538015	8.0	0.0	-0.008088465024902939	-2.269672244550792	0.029471008045788595	13.905749965235627	20.901999790980003
428	7012352	10	1.2	1.6	4.0	0.0	10	2.6	2.2	6.0	0.0	-0.010105880230951287	-2.2817346923159985	0.024468708198762703	13.048249967379375	14.412999855870003
432	7077888	10	2.0	2.5298221281347035	8.0	0.0	10	3.2	3.249615361854384	10.0	0.0	-0.009438082455974259	-2.2769257970266015	0.026004531495668715	13.58149996604625	13.392999866070003
436	7143424	10	2.2	3.026549190084311	10.0	0.0	10	3.2	2.5612496949731396	8.0	0.0	-0.008914136362041707	-2.2760736070685943	0.0326506893388133	12.669749968325625	21.791999782080005
440	7208960	10	1.0	1.3416407864998738	4.0	0.0	10	6.0	6.985699678629192	22.0	0.0	-0.008411358844602205	-2.2876515584787946	0.02394484000729566	12.864249967839376	12.590999874090002
444	7274496	10	1.6	1.7435595774162695	6.0	0.0	10	2.8	4.578209256903839	16.0	0.0	-0.008990215219125271	-2.2862851890526867	0.03037832007659808	11.648749970878125	24.883999751160005
448	7340032	10	1.6	2.8000000000000003	8.0	0.0	10	3.0	1.61245154965971	6.0	0.0	-0.009152549165220748	-2.2614680923649346	0.032323288980143174	12.409499968976252	17.423999825760003
452	7405568	10	1.8	1.8867962264113207	6.0	0.0	10	2.0	2.0	6.0	0.0	-0.010288391445545414	-2.27238592730137	0.024892305302712296	11.62799997093	17.177999828220003
456	7471104	10	3.2	2.227105745132009	8.0	0.0	10	5.6	4.5431266766402185	16.0	0.0	-0.009784683950370892	-2.26379488633337	0.025877396292073956	11.46649997133375	19.109999808900003
460	7536640	10	2.8	2.4	6.0	0.0	10	4.4	3.32264954516723	10.0	0.0	-0.00972627537602059	-2.2649241385484786	0.030106094468663778	11.141999972145001	30.312999696870005
464	7602176	10	1.2	2.4	8.0	0.0	10	4.4	5.043808085167396	18.0	0.0	-0.009428485984475142	-2.272441158455329	0.025302460773463018	11.007749972480624	17.688999823110002
468	7667712	10	1.6	1.9595917942265424	6.0	0.0	10	3.8	4.237924020083418	16.0	0.0	-0.00923859347701656	-2.2967826895506827	0.025423064524531188	10.76849997307875	28.443999715560004
472	7733248	10	1.0	1.3416407864998738	4.0	0.0	10	2.8	2.4	8.0	0.0	-0.009215967398884282	-2.2845140718027466	0.0270537858373865	10.99249997251875	28.108999718910006
476	7798784	10	2.0	2.5298221281347035	6.0	0.0	10	2.4	2.33238075793812	6.0	0.0	-0.009216916676096872	-2.280277977149581	0.02898668738090547	10.677749973305625	19.11599980884
480	7864320	10	1.0	1.8439088914585775	6.0	0.0	10	2.4	1.7435595774162693	6.0	0.0	-0.00947281996096995	-2.2840982698008365	0.025740342667982283	10.8489999728775	19.39199980608
484	7929856	10	0.6	1.2806248474865698	4.0	0.0	10	3.4	2.8354893757515645	8.0	0.0	-0.009186461753671379	-2.250653544827304	0.032944552771575014	11.017749972455626	13.789999862100002
488	7995392	10	1.8	1.661324772583615	4.0	0.0	10	2.8	2.5612496949731396	6.0	0.0	-0.008688344900600201	-2.2656395681325896	0.034072800807520454	12.490749968773125	23.371999766280005
492	8060928	10	1.2	1.6	4.0	0.0	10	3.2	2.85657137141714	8.0	0.0	-0.008540108425545635	-2.311318677919746	0.035157194279818234	12.258249969354376	12.632999873670002
496	8126464	10	2.8	2.5612496949731396	8.0	0.0	10	4.0	2.8284271247461903	10.0	0.0	-0.008149828694270805	-2.2536312562859946	0.024483920770940852	12.686499968283751	22.870999771290002
500	8192000	10	1.4	2.1999999999999997	6.0	0.0	10	4.4	2.939387691339814	10.0	0.0	-0.008616079451724707	-2.237832913562999	0.03205801014609731	12.211249969471877	16.852999831470004
504	8257536	10	1.0	1.8439088914585775	6.0	0.0	10	2.4	2.1540659228538015	6.0	0.0	-0.008377088208702739	-2.2589316936961152	0.036486251314716174	11.98249997004375	6.9739999302600015
508	8323072	10	1.8	1.661324772583615	4.0	0.0	10	3.0	2.569046515733026	8.0	0.0	-0.009115589611873748	-2.2716582911827157	0.026449593615601764	11.4969999712575	27.081999729180005
512	8388608	10	2.2	1.6613247725836149	4.0	0.0	10	2.8	2.039607805437114	6.0	0.0	-0.009430275916129108	-2.2570521928502427	0.022023407575165282	10.940749972648124	26.850999731490003
516	8454144	10	1.4	1.562049935181331	4.0	0.0	10	3.4	2.1999999999999997	8.0	0.0	-0.009511686092910716	-2.2371790456428275	0.023399094223944643	11.846749970383126	13.068999869310003
520	8519680	10	1.8	2.2715633383201097	8.0	0.0	10	3.0	2.7202941017470885	8.0	0.0	-0.009305324608189254	-2.2329516756195407	0.02964026649406626	12.61649996845875	20.257999797420002
524	8585216	10	1.2	1.8330302779823358	6.0	0.0	10	2.4	2.1540659228538015	6.0	0.0	-0.010231726617495468	-2.245049585664858	0.022497847780647676	13.421749966445624	5.187999948120001
528	8650752	10	1.4	1.7999999999999998	6.0	0.0	10	3.0	4.669047011971501	16.0	0.0	-0.009704719774364845	-2.20519571976738	0.025566075363172045	11.498249971254374	18.83299981167
532	8716288	10	1.4	1.7999999999999998	6.0	0.0	10	3.4	2.2	8.0	0.0	-0.008991384802633118	-2.2205315875680847	0.0232360289155671	10.298499974253751	19.067999809320003
536	8781824	10	1.2	2.0396078054371136	6.0	0.0	10	4.2	4.853864439804639	18.0	0.0	-0.007810152497561057	-2.243931072219915	0.03624651599103823	10.916749972708125	26.102999738970006
540	8847360	10	1.4	1.8	6.0	0.0	10	3.0	4.494441010848846	16.0	0.0	-0.008529656428760435	-2.259206562998995	0.02681178770059206	10.90549997273625	17.554999824450004
544	8912896	10	2.2	3.1559467676119	10.0	0.0	10	2.2	2.08806130178211	6.0	0.0	-0.008473814346594862	-2.2865046161018237	0.03577854764313893	11.382499971543751	30.299999697000004
548	8978432	10	1.4	2.009975124224178	6.0	0.0	10	3.6	3.0724582991474434	8.0	0.0	-0.009335681695663359	-2.2819391163793417	0.024516507786628363	10.557499973606252	28.670999713290005
552	9043968	10	1.0	1.0	2.0	0.0	10	4.0	2.3664319132398464	8.0	0.0	-0.009364164489180286	-2.274976707757961	0.029047810954586032	10.660499973348749	25.123999748760003
556	9109504	10	1.4	1.562049935181331	4.0	0.0	10	3.8	2.08806130178211	6.0	0.0	-0.009032857995072946	-2.3108622379677377	0.028225266177681948	12.362249969094375	22.699999773000002
560	9175040	10	1.0	2.4083189157584592	8.0	0.0	10	3.0	1.61245154965971	6.0	0.0	-0.009580280393101395	-2.290809802472384	0.02979665314274278	12.172249969569375	10.928999890710003
564	9240576	10	2.4	1.9595917942265424	6.0	0.0	10	2.4	1.9595917942265426	6.0	0.0	-0.009526248093827478	-2.263136379185014	0.03138790172585844	11.515749971210624	26.031999739680003
568	9306112	10	1.6	1.7435595774162693	4.0	0.0	10	3.2	2.227105745132009	8.0	0.0	-0.009174387008548274	-2.247360254093356	0.03213476967507891	12.887249967781875	13.591999864080003
572	9371648	10	2.0	2.3664319132398464	8.0	0.0	10	4.8	4.833218389437828	18.0	0.0	-0.00969598156633719	-2.3118418725903687	0.02808577235262716	11.348999971627501	26.318999736810003
576	9437184	10	1.8	2.2715633383201097	6.0	0.0	10	3.8	3.1559467676119	10.0	0.0	-0.009260428032823904	-2.3170640416513266	0.029643137907082652	11.824499970438751	25.108999748910005
580	9502720	10	1.4	1.562049935181331	4.0	0.0	10	4.4	2.3323807579381204	8.0	0.0	-0.009796754223205383	-2.2799198053885825	0.021660513193806612	11.599999971	19.089999809100004
584	9568256	10	1.2	2.039607805437114	6.0	0.0	10	3.8	3.280243893371345	8.0	0.0	-0.009356966221816938	-2.2274927916789355	0.027683356211275795	10.561249973596874	29.046999709530006
588	9633792	10	1.6	1.9595917942265426	6.0	0.0	10	2.6	2.2	8.0	0.0	-0.009014068111022663	-2.221195496387373	0.027404695785233284	10.43149997392125	29.901999700980006
592	9699328	10	2.0	2.0	6.0	0.0	10	2.4	2.65329983228432	6.0	0.0	-0.008758072238376295	-2.3118908005531433	0.023446601958598514	10.643749973390626	20.34199979658
596	9764864	10	1.6	1.4966629547095764	4.0	0.0	10	4.6	4.737087712930805	18.0	0.0	-0.008986251145843909	-2.2822198368715165	0.026789642828830482	10.51149997372125	28.861999711380005
600	9830400	10	3.2	2.9933259094191533	8.0	0.0	10	5.4	1.5620499351813308	8.0	2.0	-0.00883031795242942	-2.2634503466513354	0.034535935727075875	11.333499971666251	28.357999716420004
604	9895936	10	1.4	2.009975124224178	6.0	0.0	10	3.8	3.2802438933713454	10.0	0.0	-0.009878823743627939	-2.2913455538548377	0.02163262696090505	10.86749997283125	17.843999821560004
608	9961472	10	1.4	1.562049935181331	4.0	0.0	10	2.6	2.2	6.0	0.0	-0.009221636601927296	-2.2683399590473843	0.0244481812283386	9.99049997502375	18.76099981239
612	10027008	10	1.6	1.9595917942265424	4.0	0.0	10	5.4	4.1036569057366385	16.0	0.0	-0.010079208658540303	-2.2923186021642215	0.031098666946889526	10.245749974385625	34.694999653050004
616	10092544	10	2.8	4.749736834815167	16.0	0.0	10	3.4	3.104834939252005	10.0	0.0	-0.010656224846370166	-2.2902412287988767	0.025649038684055707	9.783749975540625	30.239999697600002
620	10158080	10	1.2	1.5999999999999999	4.0	0.0	10	1.8	2.2715633383201097	6.0	0.0	-0.00874869578455945	-2.2807818226623957	0.031050609935643503	9.824749975438124	20.85399979146
624	10223616	10	2.0	2.5298221281347035	8.0	0.0	10	3.0	1.8439088914585775	6.0	0.0	-0.00893674739591896	-2.2449151920920642	0.03241002871705374	10.836499972908749	22.020999779790003
628	10289152	10	3.0	2.8635642126552705	10.0	0.0	10	3.2	2.7129319932501077	8.0	0.0	-0.008512067111670837	-2.2968161774269356	0.03269511585093703	11.10849997222875	20.172999798270002
632	10354688	10	3.6	2.154065922853802	6.0	0.0	10	4.6	2.8354893757515653	10.0	0.0	-0.00838138425421984	-2.25559152887611	0.031092575573383227	11.88249997029375	26.726999732730004
636	10420224	10	3.4	2.973213749463701	8.0	0.0	10	2.6	2.009975124224178	6.0	0.0	-0.008708198920129957	-2.2614128984638784	0.028881672029479378	11.091999972270001	30.228999697710005
640	10485760	10	1.2	1.6	4.0	0.0	10	3.0	1.3416407864998738	4.0	0.0	-0.007871198833313572	-2.3036444557293705	0.033242867150140784	10.432249973919376	30.004999699950005
644	10551296	10	2.2	2.2715633383201097	6.0	0.0	10	3.2	1.32664991614216	6.0	2.0	-0.0088284876392107	-2.282712777217865	0.029191796237976866	10.285999974285	30.453999695460006
648	10616832	10	1.2	1.6	4.0	0.0	10	5.2	4.308131845707604	16.0	0.0	-0.008625806378718515	-2.3007563275682408	0.036500606662672144	10.612999973467499	16.102999838970003
652	10682368	10	2.0	1.7888543819998317	4.0	0.0	10	3.2	2.7129319932501077	8.0	0.0	-0.009349043443698274	-2.30479258771571	0.04195973557991927	11.510749971223126	7.113999928860001
656	10747904	10	2.0	2.0	6.0	0.0	10	2.6	2.6907248094147422	10.0	0.0	-0.009348122028552706	-2.3083584678748754	0.03426043640387682	12.138749969653126	20.171999798280005
660	10813440	10	3.0	4.669047011971501	16.0	0.0	10	4.2	4.237924020083418	16.0	0.0	-0.00849994942748388	-2.3279342971800747	0.03304513908268011	12.45049996887375	21.276999787230004
664	10878976	10	1.0	1.3416407864998738	4.0	0.0	10	3.4	2.537715508089904	10.0	0.0	-0.010270326685856205	-2.2968609330645764	0.030117010422949494	12.95549996761125	10.005999899940003
668	10944512	10	2.4	2.1540659228538015	6.0	0.0	10	3.6	1.7435595774162693	6.0	0.0	-0.010045517310132826	-2.3145398669017383	0.03693369232354285	11.67549997081125	22.946999770530002
672	11010048	10	3.2	5.230678732248808	18.0	0.0	10	4.6	5.0635955604688645	18.0	0.0	-0.009345851117295384	-2.3175293676624587	0.029091919439453124	11.461499971346251	20.231999797680004
676	11075584	10	4.4	5.043808085167396	18.0	0.0	10	2.0	2.1908902300206643	6.0	0.0	-0.009148439624325152	-2.3062354919892285	0.03531480644228878	10.650749973373125	20.619999793800005
680	11141120	10	0.8	1.8330302779823362	6.0	0.0	10	3.6	1.9595917942265426	8.0	2.0	-0.008554867535792123	-2.3346762009016584	0.03349416268019664	9.721249975696875	18.450999815490004
684	11206656	10	2.2	2.2715633383201097	6.0	0.0	10	4.2	4.770744176750625	16.0	0.0	-0.009463934629441373	-2.3111299547132456	0.030936199314774177	10.2509999743725	20.625999793740004
688	11272192	10	2.0	1.7888543819998317	6.0	0.0	10	3.2	5.1536394906900505	18.0	0.0	-0.00990889507999337	-2.2994489096193362	0.030291289747641708	11.5189999712025	19.45499980545
692	11337728	10	0.8	1.32664991614216	4.0	0.0	10	4.2	5.015974481593781	16.0	0.0	-0.008767752545884354	-2.3330997400039	0.031085899232287363	12.294249969264376	8.417999915820001
696	11403264	10	3.4	5.7306195127577615	20.0	0.0	10	2.6	2.009975124224178	6.0	0.0	-0.008662855989018215	-2.323529126501441	0.03415057289756864	12.938999967652501	20.173999798260002
700	11468800	10	3.0	2.23606797749979	6.0	0.0	10	4.4	4.363484845854286	16.0	0.0	-0.009090249500900916	-2.277373184523185	0.051750617406838686	12.888249967779377	20.215999797840006
704	11534336	10	1.8	1.8867962264113207	6.0	0.0	10	5.8	6.289674077406555	18.0	0.0	-0.008003029171125848	-2.3135835525963735	0.04696073873488313	13.082999967292501	20.852999791470005
708	11599872	10	1.8	2.08806130178211	6.0	0.0	10	3.6	2.65329983228432	8.0	0.0	-0.008919782018873225	-2.319337457176844	0.03746160697577831	12.442249968894375	16.16799983832
712	11665408	10	4.8	5.075431016179809	16.0	0.0	10	2.2	2.2715633383201093	8.0	0.0	-0.00830774063225832	-2.3365678412268487	0.04010915901326934	12.722749968193126	22.752999772470005
716	11730944	10	1.8	2.6	8.0	0.0	10	5.6	5.3516352641038605	16.0	2.0	-0.010090522859940672	-2.32306243703406	0.03266875740421259	12.310499969223752	14.596999854030003
720	11796480	10	4.6	6.199999999999998	22.0	0.0	10	5.6	5.4258639865002145	16.0	0.0	-0.009635881556183792	-2.3372536671707245	0.04240881901491121	10.467249973831874	18.74099981259
724	11862016	10	4.2	5.173006862551025	18.0	0.0	10	5.2	5.230678732248808	18.0	0.0	-0.008965948054816581	-2.3472616819082415	0.03387830569055935	10.75149997312125	28.552999714470005
728	11927552	10	1.4	1.2806248474865698	4.0	0.0	10	3.8	3.1559467676119	8.0	0.0	-0.008663720317000348	-2.3301500278270897	0.04005190785945108	10.715249973211876	20.216999797830002
732	11993088	10	1.6	1.4966629547095767	4.0	0.0	10	4.4	4.363484845854286	16.0	0.0	-0.008678662509742944	-2.258509181204615	0.049800360608935904	10.209999974475	29.986999700130003
736	12058624	10	3.0	4.58257569495584	16.0	0.0	10	5.6	5.986651818838307	18.0	0.0	-0.00829682218716978	-2.271133104723547	0.0534497387457531	10.718249973204376	22.932999770670005
740	12124160	10	3.0	3.3763886032268267	10.0	0.0	10	5.8	7.12460525222275	22.0	0.0	-0.008072857099015947	-2.286220498144897	0.04296450539587795	10.925249972686874	21.354999786450005
744	12189696	10	4.0	5.291502622129181	18.0	0.0	10	4.4	4.5431266766402185	16.0	0.0	-0.007912442072751007	-2.2839000222688073	0.04806408939460055	11.433499971416248	19.6599998034
748	12255232	10	2.2	2.6000000000000005	8.0	0.0	10	2.8	3.709447398198282	10.0	0.0	-0.00944773708541524	-2.2864952060185306	0.046726516404288876	11.727249970681875	27.771999722280004
752	12320768	10	2.4	1.7435595774162695	4.0	0.0	10	3.4	2.2	6.0	0.0	-0.00909168405295717	-2.2875458074213397	0.05153691931090847	10.89249997276875	34.04399965956
756	12386304	10	2.2	2.6	6.0	0.0	10	3.0	2.569046515733026	8.0	0.0	-0.008565866198313352	-2.3085896941601503	0.04878706292439555	9.690749975773125	25.312999746870002
760	12451840	10	3.4	3.693237062523877	10.0	0.0	10	3.0	4.669047011971501	16.0	0.0	-0.00897531120211961	-2.321380654728994	0.04325287097924908	10.64149997339625	32.90399967096001
764	12517376	10	3.0	3.255764119219941	8.0	0.0	10	4.6	2.2	8.0	0.0	-0.008243269954972866	-2.3114982046262638	0.04478097516421663	9.700249975749376	33.39999966600001
768	12582912	10	2.6	3.2310988842807027	8.0	0.0	10	4.2	2.6	8.0	0.0	-0.009741623113663325	-2.3110843894458464	0.03965819415145644	9.661249975846875	22.090999779090005
772	12648448	10	8.8	5.946427498927402	18.0	0.0	10	4.0	6.572670690061994	22.0	0.0	-0.008456254244900402	-2.2974616634439364	0.03852038275204434	11.264499971838752	17.012999829870004
776	12713984	10	1.0	1.61245154965971	4.0	0.0	10	3.4	2.3748684174075834	8.0	0.0	-0.008704412525127186	-2.312892526147242	0.044623136787373244	11.487999971279999	27.564999724350006
780	12779520	10	3.2	2.227105745132009	6.0	0.0	10	3.0	2.569046515733026	8.0	0.0	-0.009356033895160269	-2.347944147640268	0.04292212009060436	10.894999972762502	14.526999854730002
784	12845056	10	1.8	2.4413111231467406	8.0	0.0	10	2.4	1.4966629547095767	4.0	0.0	-0.009768638435053774	-2.318857441104303	0.0482973255321986	12.712249968219375	10.509999894900002
788	12910592	10	6.4	7.787168933572714	20.0	0.0	10	5.2	4.915282290977803	18.0	0.0	-0.008921985844588691	-2.2878173786005425	0.04963633848302836	12.181249969546874	17.251999827480002
792	12976128	10	1.2	2.0396078054371136	6.0	0.0	10	4.4	5.571355310873648	20.0	0.0	-0.00920365424245806	-2.254670140409053	0.05624750558632316	11.648249970879375	14.610999853890004
796	13041664	10	3.2	4.578209256903839	16.0	0.0	10	6.0	5.796550698475776	18.0	0.0	-0.007321194077874817	-2.304851198949733	0.04040524101162399	11.347999971630001	13.260999867390002
800	13107200	10	4.8	4.489988864128729	16.0	0.0	10	4.2	2.2715633383201093	6.0	0.0	-0.008640412710832357	-2.2215839125385384	0.04944683409091345	11.505999971235001	18.56099981439
804	13172736	10	1.8	2.2715633383201097	6.0	0.0	10	5.4	4.565084884205331	18.0	2.0	-0.008730738997655904	-2.253195399804647	0.04639357492853356	11.608249970979376	27.894999721050006
808	13238272	10	2.2	2.4413111231467406	8.0	0.0	10	8.4	6.1838499334961226	18.0	0.0	-0.0083648691231325	-2.326327105120884	0.04323824985511342	11.32849997167875	26.574999734250003
812	13303808	10	3.8	4.237924020083418	12.0	0.0	10	5.8	4.512205669071391	16.0	0.0	-0.007834735163156439	-2.2755212135726155	0.04409849099976414	11.74249997064375	30.240999697590006
816	13369344	10	2.6	3.2310988842807027	10.0	0.0	10	3.6	2.65329983228432	8.0	0.0	-0.009049298791339328	-2.3137819118871112	0.042089925317831636	10.813999972965	21.85699978143
820	13434880	10	2.4	2.1540659228538015	6.0	0.0	10	2.4	2.4979991993593593	8.0	0.0	-0.008608850482245549	-2.308610106267457	0.040893960487649546	11.337999971655	17.555999824440004
824	13500416	10	2.4	2.4979991993593593	8.0	0.0	10	5.4	5.219195340279955	18.0	0.0	-0.008804663047150442	-2.34863397702945	0.04319007199506207	12.078749969803125	14.870999851290003
828	13565952	10	3.2	2.4	8.0	0.0	10	3.0	5.0	16.0	0.0	-0.007213191021801796	-2.277050549548103	0.052288355940628466	12.086249969784374	22.723999772760003
832	13631488	10	2.8	2.4	8.0	0.0	10	2.8	2.039607805437114	6.0	0.0	-0.0076157618209081925	-2.2393301052502683	0.06584435789936106	12.616749968458125	23.477999765220005
836	13697024	10	2.6	2.3748684174075834	6.0	0.0	10	4.2	5.546169849544818	20.0	0.0	-0.00811434732083457	-2.2738822025672256	0.05482390988047053	11.95449997011375	22.647999773520002
840	13762560	10	4.0	4.381780460041329	16.0	0.0	10	9.2	5.15363949069005	18.0	2.0	-0.008410219269568876	-2.2254198563760994	0.056586642006416076	13.32399996669	9.020999909790003
844	13828096	10	3.8	5.095095681142799	18.0	0.0	10	6.4	6.560487786742691	20.0	0.0	-0.008597498712650704	-2.266145055256662	0.055694273900027104	11.895499970261248	24.260999757390003
848	13893632	10	3.2	2.4	8.0	0.0	10	4.6	4.386342439892262	16.0	0.0	-0.008682448959315399	-2.2164858055786136	0.05096236375250539	11.228749971928124	25.316999746830003
852	13959168	10	1.8	3.026549190084311	10.0	0.0	10	8.2	7.9724525711979	22.0	0.0	-0.008297822660445457	-2.1953788720267986	0.0601104963120167	11.800749970498124	16.173999838260002
856	14024704	10	1.6	3.0724582991474434	10.0	0.0	10	4.6	4.737087712930805	16.0	0.0	-0.008831495328487872	-2.2088849318706805	0.049113196432131134	12.796249968009375	25.444999745550003
860	14090240	10	2.6	4.737087712930804	16.0	0.0	10	3.4	2.0099751242241783	6.0	0.0	-0.008179275691627366	-2.2471277910117022	0.05469453341999636	10.317749974205626	19.278999807210003
864	14155776	10	2.4	3.1999999999999997	10.0	0.0	10	3.6	1.4966629547095767	6.0	2.0	-0.00876336278845851	-2.231740981107935	0.06123953381846702	10.36799997408	21.69699978303
868	14221312	10	3.6	6.248199740725324	16.0	0.0	10	4.2	4.686149805543993	16.0	0.0	-0.007928608139771844	-2.2311803174674942	0.06818001316926212	10.258749974353124	30.555999694440004
872	14286848	10	1.8	2.2715633383201097	8.0	0.0	10	8.2	7.6131465242697125	22.0	0.0	-0.008084532808795657	-2.259614300989173	0.05714683323348087	10.392249974019375	23.035999769640004
876	14352384	10	2.6	3.104834939252005	10.0	0.0	10	6.6	6.003332407921453	20.0	0.0	-0.008237242540165638	-2.244359671835762	0.0581642978686477	11.441999971395001	26.765999732340003
880	14417920	10	2.2	1.6613247725836149	4.0	0.0	10	8.2	6.896375859826668	20.0	0.0	-0.008963805314403259	-2.189148425827872	0.05990512455034354	11.1989999720025	26.649999733500003
884	14483456	10	2.0	2.1908902300206643	6.0	0.0	10	8.4	6.681317235396026	20.0	0.0	-0.007677023518942767	-2.1957070825196934	0.058870763822224684	11.108749972228125	17.919999820800005
888	14548992	10	2.8	2.85657137141714	8.0	0.0	10	2.4	1.9595917942265426	6.0	0.0	-0.00804393337519169	-2.206478575635586	0.06542414637609921	12.182749969543126	15.691999843080003
892	14614528	10	2.0	1.7888543819998317	4.0	0.0	10	3.0	2.569046515733026	8.0	0.0	-0.008629093707299963	-2.236787296598609	0.049738203849274236	13.003749967490625	11.618999883810002
896	14680064	10	4.0	5.656854249492381	20.0	0.0	10	4.0	5.215361924162119	18.0	0.0	-0.008492277449198832	-2.255638879799325	0.05642699876522839	13.033249967416875	5.484999945150001
900	14745600	10	6.8	6.881860213634101	20.0	0.0	10	7.4	6.814690014960329	18.0	0.0	-0.008064295137722222	-2.252335774167205	0.052878042755107414	11.850749970373124	32.908999670910006
904	14811136	10	3.6	2.4979991993593593	8.0	0.0	10	4.8	5.075431016179808	18.0	0.0	-0.008223489723960916	-2.2406985360036744	0.05603621298018761	11.747999970630001	24.951999750480006
908	14876672	10	1.8	2.749545416973504	8.0	0.0	10	6.6	5.44426303552648	18.0	0.0	-0.007479544557230246	-2.279082869252583	0.05703382690153476	10.235249974411875	21.951999780480005
912	14942208	10	4.0	6.6332495807108	18.0	0.0	10	5.8	5.688585061331157	20.0	0.0	-0.008402270392590254	-2.2407109312862596	0.061994823969962067	9.640249975899374	23.02799976972
916	15007744	10	3.2	2.85657137141714	8.0	0.0	10	5.8	5.3999999999999995	20.0	2.0	-0.009139663301193538	-2.198951882391595	0.06071450587816151	10.274749974313124	31.840999681590006
920	15073280	10	2.0	1.2649110640673518	4.0	0.0	10	6.4	7.031358332498779	22.0	0.0	-0.008350580422948272	-2.294671460747109	0.046989658570920696	10.088499974778752	23.046999769530004
924	15138816	10	4.2	4.331281565541543	16.0	0.0	10	6.0	6.324555320336759	20.0	0.0	-0.008442397934261927	-2.2048850007541985	0.07059141073106273	10.906249972734376	15.070999849290002
928	15204352	10	3.0	2.4083189157584592	6.0	0.0	10	2.6	2.973213749463701	8.0	0.0	-0.007833601099661	-2.2579138822985096	0.053949398759099834	12.525249968686875	22.064999779350003
932	15269888	10	3.2	1.8330302779823362	6.0	0.0	10	5.8	6.161168720299744	18.0	0.0	-0.007399969740756626	-2.2159852954423793	0.06929199579226146	12.323749969190626	22.490999775090003
936	15335424	10	3.0	4.8373546489791295	16.0	0.0	10	4.2	5.473572873361603	18.0	0.0	-0.00804007182318475	-2.226365523801792	0.04966365801584461	12.215249969461874	22.467999775320003
940	15400960	10	4.2	4.935585071701227	18.0	0.0	10	5.6	5.2	18.0	0.0	-0.009609830344045526	-2.214652341870245	0.056198816313763084	12.223249969441873	22.724999772750007
944	15466496	10	3.8	3.2802438933713454	8.0	0.0	10	7.0	5.813776741499453	18.0	2.0	-0.01004223176779897	-2.2238596129087718	0.05098132683830134	12.165999969585	22.548999774510005
948	15532032	10	5.0	5.674504383644443	20.0	0.0	10	10.4	5.71314274283428	20.0	4.0	-0.008658400676426934	-2.205575341749915	0.05502962557180943	12.074249969814375	22.633999773660005
952	15597568	10	5.4	6.696267617113284	22.0	0.0	10	3.4	2.2	8.0	0.0	-0.008456285030689724	-2.23102732972906	0.0592104018759393	12.293249969266878	22.724999772750007
956	15663104	10	4.8	4.995998398718719	18.0	0.0	10	8.4	6.118823416311342	18.0	2.0	-0.00869341590108675	-2.217789940305002	0.05857280773121436	12.328749969178125	22.678999773210002
960	15728640	10	1.4	2.5377155080899043	8.0	0.0	10	6.4	5.71314274283428	18.0	0.0	-0.008870394162220132	-2.17266641286232	0.06086367092547861	12.494749968763125	10.141999898580002
964	15794176	10	2.4	2.4979991993593593	6.0	0.0	10	7.2	6.881860213634102	22.0	0.0	-0.009045025766952116	-2.2382776908728474	0.053906855866285616	12.861749967845624	19.405999805940002
968	15859712	10	2.6	2.2	8.0	0.0	10	5.2	6.273754856543249	18.0	0.0	-0.008951912584635813	-2.226723174022149	0.06056202485681783	12.607749968480624	23.139999768600003
972	15925248	10	5.4	7.2691127381545	22.0	0.0	10	2.6	2.5377155080899043	8.0	0.0	-0.00799708559657187	-2.1975848026768032	0.06156900415797434	12.50249996874375	15.687999843120004
976	15990784	10	0.6	1.2806248474865698	4.0	0.0	10	7.0	6.767569726275452	18.0	0.0	-0.008504751401862992	-2.2465461937233133	0.06430526259461503	11.051749972370626	21.095999789040004
980	16056320	10	1.8	1.886796226411321	6.0	0.0	10	4.8	4.308131845707603	16.0	0.0	-0.008780445951131411	-2.2764421053342994	0.04926280160697492	10.17249997456875	31.955999680440005
984	16121856	10	5.6	4.17612260356422	16.0	0.0	10	7.6	6.248199740725323	18.0	0.0	-0.007295626585950607	-2.273653762799094	0.06537314072967333	10.313249974216875	25.038999749610007
988	16187392	10	2.4	2.6532998322843198	8.0	0.0	10	8.8	8.4	20.0	0.0	-0.009004025989545044	-2.277201995016354	0.05678169642138829	9.671499975821252	15.881999841180003
992	16252928	10	5.0	5.0	18.0	0.0	10	4.6	6.069596362197408	20.0	0.0	-0.009221800553505518	-2.2894525724251404	0.0546382140544139	10.854999972862501	29.430999705690006
996	16318464	10	4.0	4.381780460041329	16.0	0.0	10	5.2	5.1536394906900505	18.0	0.0	-0.007490702712380338	-2.3227797297203927	0.06365294179526518	10.6469999733825	29.905999700940004
1000	16384000	10	7.2	6.705221845696084	18.0	0.0	10	6.8	6.144916598294887	18.0	0.0	-0.008055715569823731	-2.346048367275793	0.04656938746241663	10.545749973635626	32.40799967592001
1004	16449536	10	2.2	2.2715633383201093	6.0	0.0	10	4.8	6.823488843692791	18.0	0.0	-0.008503061373957694	-2.3246890328886494	0.05341806762760997	10.01749997495625	29.416999705830005
1008	16515072	10	6.6	6.988562083862459	22.0	0.0	10	2.4	1.9595917942265424	6.0	0.0	-0.008106341148115061	-2.2345019154406542	0.05206748860112982	10.358499974103749	32.98399967016001
1012	16580608	10	4.2	5.617828762075256	20.0	0.0	10	5.2	4.4	16.0	0.0	-0.007609519495534607	-2.2194396553111817	0.05990739988780841	9.854249975364375	33.648999663510004
1016	16646144	10	4.6	7.323933369440223	20.0	0.0	10	4.8	4.66476151587624	16.0	0.0	-0.00819788325715709	-2.2717740856228144	0.06132243483775096	9.716999975707498	22.577999774220004
1020	16711680	10	3.0	5.310367218940701	18.0	0.0	10	4.4	5.122499389946279	18.0	0.0	-0.008504377582563368	-2.297540259618645	0.06010982531350431	11.03249997241875	17.630999823690004
1024	16777216	10	4.4	4.963869458396342	18.0	0.0	10	7.8	6.779380502671317	20.0	0.0	-0.008899950140082486	-2.2807137839603917	0.05142335884203053	12.242749969393126	23.065999769340003
1028	16842752	10	4.2	2.4413111231467406	10.0	0.0	10	6.8	6.881860213634101	18.0	0.0	-0.00870433105259181	-2.2808804708330155	0.05874595068714523	12.201249969496875	24.392999756070004
1032	16908288	10	2.4	2.8000000000000003	8.0	0.0	10	4.2	4.686149805543993	16.0	0.0	-0.007223809289983036	-2.2986953802495838	0.04893523805342616	12.0289999699275	5.244999947550001
1036	16973824	10	2.8	2.993325909419153	10.0	0.0	10	7.0	6.648308055437865	22.0	0.0	-0.008235846873252189	-2.242470452949265	0.06306928306316256	12.7509999681225	21.084999789150004
1040	17039360	10	4.8	5.878775382679627	16.0	0.0	10	3.4	2.009975124224178	6.0	0.0	-0.008939250466006493	-2.2511768388390014	0.05943786041812846	13.132999967167502	19.905999800940002
1044	17104896	10	2.2	2.08806130178211	6.0	0.0	10	5.0	4.669047011971501	18.0	0.0	-0.007782462180732171	-2.2688183682780436	0.049616988025249074	13.2789999668025	14.378999856210001
1048	17170432	10	3.0	2.7202941017470885	8.0	0.0	10	3.4	1.562049935181331	6.0	2.0	-0.007631028014468634	-2.2429259690292795	0.06320694759605802	12.686499968283751	23.350999766490002
1052	17235968	10	1.8	2.6	8.0	0.0	10	5.0	5.674504383644443	20.0	0.0	-0.008281677107987112	-2.252640289330277	0.05889512419397572	12.18549996953625	17.83399982166
1056	17301504	10	4.0	4.6475800154489	16.0	0.0	10	8.8	7.547184905645283	22.0	2.0	-0.007771200932538654	-2.2587452404331696	0.06140981986479035	11.09649997225875	28.133999718660004
1060	17367040	10	3.0	3.0	10.0	0.0	10	7.2	5.6000000000000005	18.0	0.0	-0.007191715865558746	-2.2811289054759403	0.06472598873180696	11.013249972466877	28.266999717330005
1064	17432576	10	3.2	3.249615361854384	10.0	0.0	10	4.0	3.0983866769659336	8.0	0.0	-0.007859421046699185	-2.278113166253887	0.06450779906112537	11.075249972311875	27.949999720500003
1068	17498112	10	1.6	1.9595917942265426	6.0	0.0	10	3.8	4.770744176750625	16.0	0.0	-0.008955637479606855	-2.2816299197681285	0.05120670651328373	10.97249997256875	24.439999755600006
1072	17563648	10	3.6	5.919459434779497	20.0	0.0	10	9.4	6.696267617113283	20.0	0.0	-0.007288475983385584	-2.289761895696224	0.0589018086065339	10.190249974524374	31.204999687950004
1076	17629184	10	1.4	1.562049935181331	4.0	0.0	10	5.4	4.565084884205331	16.0	0.0	-0.008877491737606068	-2.270978338779877	0.06646341364138404	10.890249972774374	16.994999830050002
1080	17694720	10	4.8	4.995998398718719	18.0	0.0	10	4.4	5.499090833947008	20.0	0.0	-0.009424010955251388	-2.2823959859814975	0.061065702265907615	9.950249975124375	34.88399965116
1084	17760256	10	3.8	5.095095681142799	16.0	0.0	10	6.2	7.345747068882783	22.0	0.0	-0.008588881895487212	-2.270311710498671	0.06444180740614015	10.043249974891875	33.09299966907001
1088	17825792	10	5.4	4.476605857119878	16.0	0.0	10	6.2	5.688585061331157	18.0	0.0	-0.007188256960195495	-2.281333880882248	0.06785035668165522	9.73649997565875	34.42899965571001
1092	17891328	10	8.0	6.511528238439882	20.0	2.0	10	7.6	8.039900496896713	22.0	0.0	-0.00829386896813662	-2.2532459221916694	0.08053184315344256	9.840499975398751	33.45899966541001
1096	17956864	10	3.6	2.33238075793812	6.0	0.0	10	6.4	6.053098380168622	18.0	2.0	-0.008417745978509533	-2.212750752536432	0.07598993623768972	10.0349999749125	33.587999664120005
1100	18022400	10	2.8	4.749736834815167	16.0	0.0	10	5.8	5.173006862551025	20.0	0.0	-0.008377710928811042	-2.2808489573606208	0.05321242166904883	9.706749975733125	33.072999669270004
1104	18087936	10	3.2	4.664761515876241	16.0	0.0	10	6.8	6.079473661428265	18.0	0.0	-0.0077902605775680926	-2.2512499489028643	0.06108542666910313	9.802749975493125	33.06899966931001
1108	18153472	10	5.4	8.052328855678958	22.0	0.0	10	7.2	6.0133185513491645	20.0	2.0	-0.008237063505527283	-2.2290146298868168	0.0665592574445116	9.942749975143125	23.669999763300005
1112	18219008	10	2.8	2.9933259094191533	8.0	0.0	10	7.6	6.974238309665077	18.0	0.0	-0.007762778013582261	-2.274193820617133	0.051446434376679805	9.759249975601875	34.288999657110004
1116	18284544	10	5.8	6.720119046564577	20.0	0.0	10	9.4	7.800000000000001	22.0	0.0	-0.007913451780429554	-2.296901310244354	0.05041062144503152	9.822749975443124	24.415999755840005
1120	18350080	10	3.4	2.835489375751565	8.0	0.0	10	11.8	8.316249154516717	22.0	2.0	-0.008657808225514964	-2.2748222621892564	0.06860857848139441	9.790749975523124	24.938999750610005
1124	18415616	10	6.0	7.211102550927978	22.0	0.0	10	6.2	6.289674077406556	18.0	0.0	-0.008176491092911898	-2.3086529471058848	0.057797697250298624	10.71599997321	32.797999672020005
1128	18481152	10	3.6	3.2	8.0	0.0	10	7.6	6.681317235396026	18.0	0.0	-0.008514145349507259	-2.2744466684872973	0.05986755709316326	10.3389999741525	32.117999678820006
1132	18546688	10	2.4	2.33238075793812	6.0	0.0	10	5.6	4.6303347611160905	16.0	0.0	-0.008907167890035003	-2.301734668273375	0.04788036426651416	9.989249975026876	34.23199965768001
1136	18612224	10	2.4	2.4979991993593593	8.0	0.0	10	7.2	6.584831053261731	22.0	0.0	-0.008935114569167102	-2.3196771837838135	0.05897672105121447	9.66799997583	34.27599965724001
1140	18677760	10	1.8	2.08806130178211	6.0	0.0	10	6.6	7.158212067269313	22.0	0.0	-0.008752710000709034	-2.342122581853877	0.04664068102040327	9.761249975596876	24.852999751470005
1144	18743296	10	3.8	2.2715633383201097	8.0	0.0	10	7.8	7.011419257183241	22.0	0.0	-0.00830183267109154	-2.283564314008306	0.05483937546194809	10.260749974348125	20.33099979669
1148	18808832	10	7.0	7.707139547199077	20.0	0.0	10	9.4	6.988562083862459	22.0	2.0	-0.007161849917350144	-2.3164350859891414	0.05779917529802949	11.700499970748751	15.185999848140002
1152	18874368	10	4.2	5.015974481593782	18.0	0.0	10	5.6	6.560487786742691	18.0	0.0	-0.008332275534829948	-2.2488352405669216	0.056316290083683836	12.825749967935627	11.002999889970003
1156	18939904	10	5.6	7.310266752998826	20.0	0.0	10	4.8	4.749736834815167	18.0	0.0	-0.00792313591387866	-2.271165258945873	0.06772992668045485	12.832249967919376	17.900999820990002
1160	19005440	10	7.6	5.782732917920384	18.0	0.0	10	8.8	7.4404300950953095	22.0	0.0	-0.008622235033131625	-2.2758839599901	0.06342736328291312	12.3509999691225	23.360999766390005
1164	19070976	10	1.2	1.6	4.0	0.0	10	5.4	5.063595560468865	18.0	0.0	-0.00669984396933249	-2.2317147376795488	0.06394808533090557	12.294499969263752	15.928999840710002
1168	19136512	10	1.2	2.0396078054371136	6.0	0.0	10	3.8	1.8867962264113207	6.0	0.0	-0.007531843113432865	-2.2312995143393985	0.07645901214155822	10.762749973093126	29.209999707900007
1172	19202048	10	7.6	6.560487786742691	18.0	0.0	10	3.8	2.2715633383201093	8.0	0.0	-0.008093625519668133	-2.2393276341410373	0.07578322864900384	11.045499972386251	28.145999718540004
1176	19267584	10	4.0	6.387487769068525	22.0	0.0	10	7.0	6.276941930590086	18.0	0.0	-0.008317709860767249	-2.2973616468500135	0.06176699577032105	11.149999972124998	27.696999723030004
1180	19333120	10	1.8	1.0770329614269007	4.0	0.0	10	6.2	6.896375859826668	20.0	0.0	-0.008314196824704674	-2.268964004776956	0.0648113546903099	10.903749972740625	27.955999720440005
1184	19398656	10	6.0	6.870225614927067	20.0	0.0	10	8.0	8.148619514985345	22.0	0.0	-0.007651790171733975	-2.2063997708446204	0.07394239608359493	11.278499971803752	24.24299975757
1188	19464192	10	4.2	4.853864439804639	16.0	0.0	10	6.2	6.779380502671317	22.0	0.0	-0.009279490966586184	-2.3108703938699637	0.05068578372647137	10.167749974580625	30.518999694810002
1192	19529728	10	4.2	5.015974481593782	18.0	0.0	10	3.6	6.3118935352238	22.0	0.0	-0.00882938956449114	-2.3329227961653225	0.045201664688789854	10.549749973625625	28.607999713920005
1196	19595264	10	3.0	4.494441010848846	16.0	0.0	10	6.0	6.06630035524124	18.0	0.0	-0.00802881731859128	-2.3083896336535092	0.05462231897800905	10.559749973600624	28.982999710170006
1200	19660800	10	7.4	6.26418390534633	18.0	0.0	10	2.6	1.8	6.0	0.0	-0.008666667877763804	-2.338438028846976	0.053618437546773694	10.731249973171874	23.633999763660004
1204	19726336	10	4.6	5.9363288318623315	16.0	0.0	10	5.4	4.2	16.0	0.0	-0.008547104307297326	-2.3002073961087124	0.05108419130024158	10.089999974775	20.669999793300004
1208	19791872	10	8.0	7.797435475847171	22.0	0.0	10	7.2	6.144916598294887	18.0	0.0	-0.008622319172305467	-2.2935983213379965	0.05753900366235931	10.147249974631874	30.715999692840008
1212	19857408	10	3.4	2.1999999999999997	6.0	0.0	10	7.0	7.334848328356899	22.0	0.0	-0.007301487782112486	-2.2769922164690892	0.05941595726338007	10.0509999748725	26.406999735930004
1216	19922944	10	4.2	4.142463035441596	16.0	0.0	10	5.2	5.74108003776293	22.0	2.0	-0.008024941542087207	-2.2920266461965078	0.06950327698969548	10.24399997439	30.223999697760004
1220	19988480	10	3.2	6.4	22.0	0.0	10	5.6	5.122499389946279	18.0	0.0	-0.007773963173449036	-2.308711275217845	0.06683731074524829	10.2049999744875	17.235999827640004
1224	20054016	10	2.6	2.0099751242241783	6.0	0.0	10	5.4	6.003332407921454	16.0	0.0	-0.00824101286864134	-2.316151795046661	0.05960968772570239	11.603249970991877	23.751999762480004
1228	20119552	10	4.6	6.931089380465383	20.0	0.0	10	7.0	5.674504383644443	18.0	0.0	-0.008552649610483461	-2.331359229739049	0.0462891878705993	11.810249970474375	17.506999824930006
1232	20185088	10	5.6	7.683749084919419	22.0	0.0	10	4.8	4.578209256903839	16.0	0.0	-0.007843476459828101	-2.279442543547335	0.0444977863179734	12.524999968687501	11.804999881950001
1236	20250624	10	8.4	7.255342858886822	20.0	0.0	10	4.0	3.8987177379235853	10.0	0.0	-0.008020295949865081	-2.3347088195435086	0.04581830386216004	12.507499968731251	21.035999789640005
1240	20316160	10	6.2	4.422668877499196	18.0	2.0	10	8.8	6.823488843692792	20.0	0.0	-0.00811669747697158	-2.2655299080038485	0.06361065971157694	12.4709999688225	21.682999783170004
1244	20381696	10	1.8	1.661324772583615	4.0	0.0	10	5.6	4.454211490264018	16.0	0.0	-0.009007239875823001	-2.240179292624295	0.06868343714219631	12.378249969054375	22.123999778760002
1248	20447232	10	4.2	5.8275209137333865	20.0	0.0	10	5.0	5.674504383644443	20.0	0.0	-0.00859816114736098	-2.326652779932849	0.050729658488177364	12.254749969363127	22.734999772650003
1252	20512768	10	4.6	4.903060268852506	18.0	0.0	10	5.2	2.5612496949731396	8.0	0.0	-0.007153436615997057	-2.3211765833264657	0.06724412459179653	12.074999969812499	22.976999770230005
1256	20578304	10	3.4	3.352610922848042	10.0	0.0	10	8.4	6.740919818541086	18.0	0.0	-0.007943328760202558	-2.3447456084232883	0.05423802377401563	12.103249969741874	23.13599976864
1260	20643840	10	5.8	6.660330322138685	20.0	0.0	10	10.4	6.916646586316233	20.0	2.0	-0.007567229628997034	-2.332535510018881	0.05751427138246018	12.09949996975125	23.258999767410003
1264	20709376	10	2.2	1.4	4.0	0.0	10	8.4	8.2365041127896	22.0	0.0	-0.007484673982443772	-2.336857778087221	0.05858341339986233	12.022499969943752	16.360999836390004
1268	20774912	10	5.0	4.919349550499537	18.0	0.0	10	10.8	7.332121111929345	22.0	4.0	-0.00816826745637124	-2.32262181218113	0.059399802658417794	10.6329999734175	29.141999708580006
1272	20840448	10	2.6	3.352610922848042	10.0	0.0	10	7.0	6.465291950097845	18.0	0.0	-0.009013565025847419	-2.3028988910302752	0.06281723275436772	10.679249973301875	27.985999720140004
1276	20905984	10	6.2	7.972452571197899	20.0	0.0	10	5.4	6.003332407921454	18.0	0.0	-0.007853133911127977	-2.303625349957195	0.06384137885290458	10.734749973163126	25.256999747430005
1280	20971520	10	4.0	3.0983866769659336	10.0	0.0	10	8.8	8.49470423263812	22.0	0.0	-0.009154425404283927	-2.2711382133383093	0.0629765930675183	10.415749973960626	20.9699997903
1284	21037056	10	5.6	6.118823416311342	22.0	0.0	10	8.8	5.741080037762929	18.0	4.0	-0.00829409710336227	-2.3073053928793086	0.07078334249905281	10.176249974559374	30.224999697750007
1288	21102592	10	5.0	7.280109889280518	22.0	0.0	10	4.8	5.741080037762929	18.0	0.0	-0.00775513933735521	-2.29865912820793	0.07376431560461992	10.1989999745025	20.240999797590003
1292	21168128	10	4.4	3.5552777669262356	12.0	0.0	10	7.4	6.755738301621815	22.0	0.0	-0.007909884811331171	-2.303464658318424	0.0660224785416221	10.812999972967502	16.715999832840005
1296	21233664	10	3.4	2.2	6.0	0.0	10	7.2	7.110555533852471	22.0	2.0	-0.008473541760118834	-2.282637970905153	0.0524070156916402	12.023999969940002	21.320999786790004
1300	21299200	10	3.8	4.770744176750625	16.0	0.0	10	10.2	6.779380502671318	20.0	2.0	-0.008231398723841179	-2.243783977890732	0.07600529537675804	11.937999970155	16.174999838250002
1304	21364736	10	3.4	4.476605857119878	16.0	0.0	10	8.8	6.523802572120037	20.0	2.0	-0.007226108693890372	-2.279707786700085	0.06634164045960314	11.845249970386876	24.231999757680004
1308	21430272	10	5.6	4.454211490264018	16.0	0.0	10	5.0	4.8373546489791295	18.0	0.0	-0.008558891048190218	-2.3153335052303667	0.05134060233296607	11.596749971008125	20.316999796830004
1312	21495808	10	6.6	5.517245689653488	16.0	0.0	10	8.6	6.390618123468182	22.0	4.0	-0.007805830016064627	-2.345249615365349	0.04560588249306418	11.471999971319999	24.430999755690006
1316	21561344	10	2.0	1.5491933384829668	4.0	0.0	10	7.8	6.660330322138685	22.0	0.0	-0.0084601431144902	-2.3081602327604807	0.05454444027092864	11.600999970997501	24.590999754090006
1320	21626880	10	4.2	5.325410782277739	18.0	0.0	10	7.2	8.255906976220118	22.0	0.0	-0.008178966647753055	-2.31067929641178	0.06000988495221486	11.670749970823126	24.40599975594
1324	21692416	10	1.2	1.3266499161421599	4.0	0.0	10	4.8	5.81033561853358	16.0	0.0	-0.008458829488849481	-2.309020456927897	0.05422331528018094	11.64649997088375	22.870999771290002
1328	21757952	10	2.8	2.9933259094191533	8.0	0.0	10	6.6	7.696752561957543	22.0	0.0	-0.007416864334861379	-2.322694244242159	0.05402328403259093	12.035499969911251	22.616999773830006
1332	21823488	10	3.0	3.3763886032268267	10.0	0.0	10	7.4	6.2641839053463295	20.0	0.0	-0.007856310880409665	-2.304939428725153	0.05093500099079964	11.894249970264376	23.753999762460005
1336	21889024	10	4.0	2.5298221281347035	8.0	0.0	10	10.8	9.21737489744233	22.0	0.0	-0.008176827289447363	-2.3336131470951464	0.04579994308983661	11.705749970735626	24.124999758750004
1340	21954560	10	2.8	2.5612496949731396	8.0	0.0	10	8.6	7.045565981523415	22.0	0.0	-0.008927546389693366	-2.2771490437400574	0.05789275750070016	11.488999971277499	24.846999751530007
1344	22020096	10	4.6	6.814690014960328	18.0	0.0	10	10.4	7.310266752998826	22.0	2.0	-0.008752763770035796	-2.2885930262605583	0.048481039038155364	11.552999971117499	19.40299980597
1348	22085632	10	4.0	4.560701700396552	16.0	0.0	10	9.2	7.652450587883597	22.0	0.0	-0.008525840408483582	-2.2763074683758733	0.0572037261385488	10.845999972885	27.732999722670005
1352	22151168	10	1.4	1.8000000000000003	4.0	0.0	10	9.8	7.717512552629895	20.0	0.0	-0.008538006585715375	-2.2332540127295517	0.059505181303258166	10.849499972876249	24.17099975829
1356	22216704	10	4.0	5.059644256269407	16.0	0.0	10	8.4	6.974238309665078	20.0	0.0	-0.007654794820873525	-2.202235743174035	0.06329714079349022	10.885499972786251	27.08299972917
1360	22282240	10	3.6	3.0724582991474434	8.0	0.0	10	7.2	6.337191807101945	18.0	2.0	-0.008480585649851519	-2.248003981773336	0.0664459357822638	11.143249972141874	21.92899978071
1364	22347776	10	3.0	4.494441010848846	16.0	0.0	10	4.8	4.749736834815167	18.0	0.0	-0.0075511129341992445	-2.2974809604476802	0.05153270315540597	11.068749972328126	27.572999724270005
1368	22413312	10	3.4	5.219195340279955	18.0	0.0	10	8.0	8.390470785361213	22.0	0.0	-0.008380624809166704	-2.3228659081026213	0.052441971468088336	11.113749972215626	15.949999840500002
1372	22478848	10	4.0	5.727128425310541	20.0	0.0	10	4.8	6.013318551349164	20.0	0.0	-0.0074172013911725015	-2.2971782880615423	0.03940228733289328	11.3069999717325	25.376999746230002
1376	22544384	10	6.2	6.954135460285484	22.0	0.0	10	8.2	7.56042326857432	22.0	0.0	-0.00796303718782047	-2.268753900887672	0.04984125401305533	11.395999971510001	25.259999747400006
1380	22609920	10	4.8	6.584831053261731	18.0	0.0	10	7.8	7.871467461661771	22.0	0.0	-0.007217299151161615	-2.2497500228525165	0.06393354098267463	11.550999971122499	22.17699977823
1384	22675456	10	4.8	7.166589146867567	20.0	0.0	10	8.0	6.928203230275509	20.0	0.0	-0.007512595768099554	-2.2822398391968903	0.06579340365029976	12.093999969765001	24.479999755200005
1388	22740992	10	4.0	6.0	20.0	0.0	10	5.4	4.983974317750845	18.0	0.0	-0.008746028971471146	-2.293951667606296	0.05151127270507182	11.236999971907501	15.124999848750003
1392	22806528	10	5.6	4.079215610874228	16.0	0.0	10	10.2	6.4156059729381765	18.0	0.0	-0.007899232258837657	-2.293490531304985	0.049627196251988366	11.336749971658124	24.537999754620003
1396	22872064	10	5.8	6.029925372672534	18.0	0.0	10	7.2	7.277362159464101	18.0	0.0	-0.008015553405507754	-2.2971229426653474	0.06446126937039519	11.11599997221	26.732999732670006
1400	22937600	10	6.0	6.6932802122726045	20.0	0.0	10	8.8	6.4621977685614045	18.0	2.0	-0.008344395550961321	-2.274624349933354	0.05579267992677759	10.883249972791875	27.234999727650003
1404	23003136	10	3.2	2.4000000000000004	6.0	0.0	10	7.6	7.255342858886822	22.0	0.0	-0.007787522825105718	-2.2232886401483127	0.07842346536110013	10.860749972848124	27.501999724980003
1408	23068672	10	3.8	2.08806130178211	8.0	0.0	10	7.0	6.148170459575759	20.0	0.0	-0.007490636564224356	-2.2868126131695607	0.08070449807694183	10.846499972883748	17.66499982335
1412	23134208	10	5.0	3.924283374069717	16.0	2.0	10	5.0	6.708203932499369	18.0	0.0	-0.00786448117205442	-2.285743223886015	0.06781811522544796	11.04749997238125	14.792999852070002
1416	23199744	10	4.4	3.7735924528226414	10.0	0.0	10	4.6	4.651881339845202	16.0	0.0	-0.00805943316579663	-2.277537395319524	0.07073723198109136	10.813249972966876	26.445999735540006
1420	23265280	10	2.4	2.4979991993593593	8.0	0.0	10	6.2	6.539113089708726	20.0	0.0	-0.008361703414607879	-2.3097766089020193	0.06988351418840108	11.196499972008748	27.655999723440004
1424	23330816	10	3.0	4.753945729601885	16.0	0.0	10	11.4	8.440379138403676	22.0	0.0	-0.008170477288389716	-2.269697050017123	0.07579817094360985	11.03349997241625	18.461999815380004
1428	23396352	10	5.0	3.1304951684997055	12.0	2.0	10	4.8	4.749736834815167	18.0	0.0	-0.007815820460053299	-2.3052521196586655	0.06574220225151024	11.030999972422501	26.051999739480003
1432	23461888	10	4.8	5.741080037762929	20.0	0.0	10	5.4	6.2641839053463295	18.0	0.0	-0.008168261165093222	-2.3596461238985986	0.05142695836497594	11.1649999720875	27.098999729010004
1436	23527424	10	6.2	5.827520913733386	18.0	0.0	10	5.6	6.6211781428987395	18.0	0.0	-0.008079430390724134	-2.3115863574123505	0.0658730227276362	11.370749971573126	19.00799980992
1440	23592960	10	4.2	5.688585061331157	20.0	0.0	10	3.4	4.565084884205331	16.0	0.0	-0.008023295766556115	-2.2800486507623585	0.07943882908775929	11.238249971904375	18.36899981631
1444	23658496	10	3.6	6.437390775772432	22.0	0.0	10	6.4	4.715930449020639	18.0	2.0	-0.008093168469476709	-2.3509770753517567	0.05835028450017822	12.000249969999377	15.942999840570002
1448	23724032	10	4.4	5.782732917920384	20.0	0.0	10	7.8	6.539113089708726	20.0	0.0	-0.007765153681651983	-2.3286999287762424	0.06310427933274014	11.17849997205375	16.727999832720005
1452	23789568	10	1.8	2.4413111231467406	6.0	0.0	10	7.4	6.390618123468183	22.0	0.0	-0.009011800370870201	-2.335721445337019	0.06097475485241048	11.610249970974376	25.558999744410006
1456	23855104	10	5.2	4.578209256903839	16.0	0.0	10	5.6	4.17612260356422	16.0	0.0	-0.008259376266372813	-2.3480895482041286	0.06005926278259836	11.386249971534376	24.875999751240006
1460	23920640	10	3.4	4.651881339845203	16.0	0.0	10	5.0	4.312771730569565	16.0	2.0	-0.008618694127726072	-2.3213671766286956	0.07053663619680076	11.57649997105875	25.686999743130006
1464	23986176	10	1.6	2.154065922853802	6.0	0.0	10	6.4	6.499230723708768	16.0	0.0	-0.008361267930354821	-2.2812611334133073	0.06995739127401454	11.432499971418752	17.031999829680004
1468	24051712	10	4.6	5.800000000000001	20.0	0.0	10	5.8	5.015974481593781	18.0	0.0	-0.008469917998533296	-2.3072365048111165	0.05674569044291951	11.492999971267503	24.494999755050006
1472	24117248	10	2.6	2.3748684174075834	6.0	0.0	10	7.0	6.465291950097845	20.0	0.0	-0.008423174546231718	-2.3031874942367208	0.06001188944943353	11.460249971349375	24.714999752850005
1476	24182784	10	2.8	2.4	8.0	0.0	10	9.0	7.758865896508329	22.0	0.0	-0.007772483025391737	-2.2571266465021402	0.062433914352534536	11.549999971125	28.065999719340002
1480	24248320	10	1.8	2.4413111231467406	6.0	0.0	10	3.8	4.331281565541543	16.0	0.0	-0.007536317698823204	-2.289597270150898	0.07526476591196697	10.865999972835002	14.701999852980002
1484	24313856	10	4.4	6.681317235396027	22.0	0.0	10	6.4	6.053098380168622	16.0	0.0	-0.007978936768043076	-2.2829316802428337	0.06155527739454851	12.29449996926375	14.641999853580002
1488	24379392	10	2.0	2.8284271247461903	8.0	0.0	10	3.4	4.651881339845203	16.0	0.0	-0.00781023623776989	-2.3108159549610745	0.07360735298143745	12.177999969555001	22.36799977632
1492	24444928	10	4.2	2.749545416973504	8.0	0.0	10	5.0	3.1304951684997055	10.0	0.0	-0.006919257051056338	-2.3294516153690608	0.0813208863364884	12.367249969081874	16.910999830890002
1496	24510464	10	2.2	2.891366458960192	10.0	0.0	10	8.2	8.316249154516717	22.0	0.0	-0.008388807627585152	-2.3109743940409784	0.09094644558134284	12.310749969223124	12.843999871560001
1500	24576000	10	3.4	5.219195340279955	18.0	0.0	10	10.0	7.483314773547883	22.0	0.0	-0.007992157617158808	-2.34121019368818	0.0946408458498753	10.577249973556874	22.333999776660004
1504	24641536	10	5.4	6.814690014960329	20.0	0.0	10	8.8	8.255906976220118	22.0	0.0	-0.008689022836738171	-2.3771753954397985	0.04482712130526655	10.075749974810625	26.456999735430006
1508	24707072	10	7.2	7.110555533852471	20.0	0.0	10	10.8	6.823488843692792	22.0	4.0	-0.007835862778940772	-2.3245838977458573	0.07795924964169698	10.042749974893125	33.12399966876001
1512	24772608	10	5.6	6.499230723708768	18.0	0.0	10	5.4	6.696267617113283	18.0	0.0	-0.008517595065336043	-2.294359013199229	0.09310593338644715	9.634249975914376	34.035999659640005
1516	24838144	10	3.6	5.425863986500215	18.0	0.0	10	9.4	6.814690014960328	18.0	2.0	-0.008175204798193293	-2.368448634695659	0.07429763107407522	9.637999975905	28.813999711860006
1520	24903680	10	6.0	7.211102550927978	20.0	0.0	10	13.0	7.707139547199077	22.0	0.0	-0.0071412780785207585	-2.3598831442520503	0.07326412149717926	9.929249975176875	23.634999763650004
1524	24969216	10	1.8	1.661324772583615	4.0	0.0	10	4.8	4.66476151587624	18.0	2.0	-0.007441092815328757	-2.359475016348154	0.07175676069871907	10.455249973861875	30.561999694380006
