iter	frame	n_test	mean_returns	std_returns	max_returns	min_returns	n_test_train	mean_returns_train	std_returns_train	max_returns_train	min_returns_train	actor_loss	entropy_loss	value_loss	training_time	evaluation_time
0	0	10	0.0	0.0	0.0	0.0	10	3.0	4.58257569495584	10.0	0.0	0	0	0	0.0	46.028999539710014
4	65536	10	4.0	4.898979485566356	10.0	0.0	10	2.0	4.0	10.0	0.0	0.003719825457277656	-2.6405677941671173	0.17952259860925443	11.488249971279377	14.445999855540002
8	131072	10	3.0	4.58257569495584	10.0	0.0	10	5.0	5.0	10.0	0.0	-0.003213085083460704	-2.6222668808947356	0.7671458310579845	13.02449996743875	20.3099997969
12	196608	10	5.0	5.0	10.0	0.0	10	5.0	5.0	10.0	0.0	-0.003089915655115059	-2.5460311122070043	1.3420592234624176	11.665249970836877	6.397999936020001
16	262144	10	4.0	4.898979485566356	10.0	0.0	10	6.0	4.898979485566356	10.0	0.0	-0.0025141249592513463	-2.5103071230021863	1.2894626606154342	11.166999972082502	4.896999951030001
20	327680	10	3.0	4.58257569495584	10.0	0.0	10	6.0	4.898979485566356	10.0	0.0	-0.004088307972959612	-2.475648981571604	1.298149189466118	13.092249967269375	5.659999943400001
24	393216	10	4.0	4.898979485566356	10.0	0.0	10	2.0	4.0	10.0	0.0	-0.005269595188471121	-2.442571490748602	1.2961530025940025	11.33349997166625	6.982999930170001
28	458752	10	6.0	4.898979485566356	10.0	0.0	10	3.0	4.58257569495584	10.0	0.0	-0.005420300856754571	-2.3890075184399824	1.2689356690813525	11.554249971114375	4.471999955280001
32	524288	10	4.0	4.898979485566356	10.0	0.0	10	5.0	5.0	10.0	0.0	-0.005935176170763555	-2.355464900287997	1.27680717767886	12.074749969813125	5.463999945360001
36	589824	10	4.0	4.898979485566356	10.0	0.0	10	6.0	4.898979485566356	10.0	0.0	-0.005951682844762829	-2.3726803831768097	1.171117554607192	11.541249971146874	3.9239999607600007
40	655360	10	5.0	5.0	10.0	0.0	10	4.0	4.898979485566356	10.0	0.0	-0.007690197527868703	-2.423738896594298	0.9226541828644799	12.978249967554376	23.706999762930003
44	720896	10	5.0	5.0	10.0	0.0	10	2.0	4.0	10.0	0.0	-0.00574212320559643	-2.3947916748612004	0.9495287133012559	12.341749969145624	16.519999834800004
48	786432	10	5.0	5.0	10.0	0.0	10	5.0	5.0	10.0	0.0	-0.007171842458027268	-2.419179466611475	0.8195015470574984	11.3409999716475	15.371999846280003
52	851968	10	3.0	4.58257569495584	10.0	0.0	10	6.0	4.898979485566356	10.0	0.0	-0.006589525412508572	-2.4200919317665046	0.7564146977371813	11.594749971013124	5.947999940520002
56	917504	10	5.0	5.0	10.0	0.0	10	5.0	5.0	10.0	0.0	-0.005661227851322357	-2.368760180723287	0.7684617060367473	11.497999971255	12.295999877040002
60	983040	10	3.0	4.58257569495584	10.0	0.0	10	5.0	5.0	10.0	0.0	-0.007405506436484904	-2.414862674719873	0.5946589021634514	10.9709999725725	8.70899991291
64	1048576	10	4.0	4.898979485566356	10.0	0.0	10	5.0	5.0	10.0	0.0	-0.007041065294464324	-2.4264257746394184	0.5167558087118608	12.249249969376875	7.873999921260001
68	1114112	10	6.0	4.898979485566356	10.0	0.0	10	2.0	4.0	10.0	0.0	-0.007580118485868142	-2.4673060946079928	0.43330860599087107	10.763749973090626	22.682999773170003
72	1179648	10	7.0	4.58257569495584	10.0	0.0	10	1.0	3.0	10.0	0.0	-0.007732347489867965	-2.4832743527885373	0.2996669403586066	11.50949997122625	21.882999781170003
76	1245184	10	3.0	4.58257569495584	10.0	0.0	10	5.0	5.0	10.0	0.0	-0.007974765296621594	-2.514240110652012	0.2170872430401412	12.09149996977125	28.460999715390003
80	1310720	10	6.0	4.898979485566356	10.0	0.0	10	3.0	4.58257569495584	10.0	0.0	-0.0072002347822872305	-2.5420624660784457	0.17380936216925558	12.003249969991876	34.73399965266001
84	1376256	10	2.0	4.0	10.0	0.0	10	6.0	4.898979485566356	10.0	0.0	-0.006750394376067737	-2.5449227663210485	0.24671617271913082	12.389499969026252	37.96499962035001
88	1441792	10	3.0	4.58257569495584	10.0	0.0	10	8.0	4.0	10.0	0.0	-0.00797402081093731	-2.52840034388987	0.24851647497980905	11.085999972285	41.222999587770005
92	1507328	10	5.0	5.0	10.0	0.0	10	4.0	4.898979485566356	10.0	0.0	-0.00785749888179155	-2.553798553578272	0.18856890978810897	11.995749970010625	18.82799981172
96	1572864	10	2.0	4.0	10.0	0.0	10	3.0	4.58257569495584	10.0	0.0	-0.007382767296034611	-2.501488705215553	0.3826590474917245	11.967249970081873	32.10099967899001
100	1638400	10	5.0	5.0	10.0	0.0	10	3.0	4.58257569495584	10.0	0.0	-0.008170319332200566	-2.461444357774554	0.39981627118644736	11.693999970764999	30.343999696560005
104	1703936	10	6.0	4.898979485566356	10.0	0.0	10	4.0	4.898979485566356	10.0	0.0	-0.0076878851242504305	-2.457464297356522	0.32679550905101795	11.2229999719425	31.886999681130007
108	1769472	10	3.0	4.58257569495584	10.0	0.0	10	4.0	4.898979485566356	10.0	0.0	-0.008286066487063159	-2.4435723098553943	0.27736045681155386	12.060249969849375	35.22199964778001
112	1835008	10	6.0	4.898979485566356	10.0	0.0	10	5.0	5.0	10.0	0.0	-0.008695024193309536	-2.478371562798941	0.2119925195751299	12.633499968416249	47.70699952293001
116	1900544	10	4.0	4.898979485566356	10.0	0.0	10	4.0	4.898979485566356	10.0	0.0	-0.00877525074883574	-2.498917209345072	0.21767567297659818	11.748249970629375	28.575999714240005
120	1966080	10	6.0	4.898979485566356	10.0	0.0	10	4.0	4.898979485566356	10.0	0.0	-0.008828283065961121	-2.472076818089469	0.3258307013942144	13.432499966418751	29.671999703280004
124	2031616	10	4.0	4.898979485566356	10.0	0.0	10	3.0	4.58257569495584	10.0	0.0	-0.009233616082937367	-2.451752558095172	0.24349223136849002	12.306749969233124	44.401999555980005
128	2097152	10	8.0	4.0	10.0	0.0	10	4.0	4.898979485566356	10.0	0.0	-0.009012448935179947	-2.5045560099059125	0.12134064639585862	12.222499969443751	22.479999775200003
132	2162688	10	5.0	5.0	10.0	0.0	10	4.0	4.898979485566356	10.0	0.0	-0.007732641300312353	-2.503188848234734	0.19651506893462825	13.38149996654625	42.37399957626001
136	2228224	10	4.0	4.898979485566356	10.0	0.0	10	4.0	4.898979485566356	10.0	0.0	-0.009283816166865442	-2.472035184245098	0.25790175513471864	12.177249969556875	36.235999637640006
140	2293760	10	2.0	4.0	10.0	0.0	10	6.0	4.898979485566356	10.0	0.0	-0.008843514094818417	-2.4774941575926697	0.22040441179835688	12.342749969143126	36.77699963223001
144	2359296	10	4.0	4.898979485566356	10.0	0.0	10	6.0	4.898979485566356	10.0	0.0	-0.009301348995845449	-2.486173577347701	0.1572291617273175	11.12449997218875	47.602999523970006
148	2424832	10	2.0	4.0	10.0	0.0	10	5.0	5.0	10.0	0.0	-0.007897306186740784	-2.4919161098586553	0.1793399227906712	12.343499969141249	30.369999696300006
152	2490368	10	2.0	4.0	10.0	0.0	10	5.0	5.0	10.0	0.0	-0.008304372841286942	-2.42733226442881	0.29974801649011085	10.568749973578125	47.11899952881001
156	2555904	10	5.0	5.0	10.0	0.0	10	5.0	5.0	10.0	0.0	-0.0095101105691757	-2.4756737274332905	0.14921717553707803	12.934749967663127	44.84299955157001
160	2621440	10	2.0	4.0	10.0	0.0	10	6.0	4.898979485566356	10.0	0.0	-0.008385346151383545	-2.5050951041155276	0.14574435223704088	12.513749968715626	42.43199957568001
164	2686976	10	7.0	4.58257569495584	10.0	0.0	10	7.0	4.58257569495584	10.0	0.0	-0.009369962571260507	-2.486895133792589	0.15873359359389103	12.942749967643127	29.071999709280004
168	2752512	10	3.0	4.58257569495584	10.0	0.0	10	2.0	4.0	10.0	0.0	-0.0073616670795886565	-2.4981759461145074	0.16293513532582918	12.951749967620627	36.56299963437001
172	2818048	10	4.0	4.898979485566356	10.0	0.0	10	6.0	4.898979485566356	10.0	0.0	-0.008686719160631056	-2.4988025449096973	0.18461526912887063	12.194249969514374	45.253999547460005
176	2883584	10	7.0	4.58257569495584	10.0	0.0	10	3.0	4.58257569495584	10.0	0.0	-0.00836836522561639	-2.5251020935527717	0.16502486439254968	12.469249968826876	25.829999741700004
180	2949120	10	5.0	5.0	10.0	0.0	10	3.0	4.58257569495584	10.0	0.0	-0.008219052500612922	-2.4814281634885105	0.23580570019808805	12.37749996905625	35.91699964083001
184	3014656	10	2.0	4.0	10.0	0.0	10	5.0	5.0	10.0	0.0	-0.007845581505930349	-2.451494460049214	0.1894289980600396	11.555499971111251	46.05099953949001
188	3080192	10	4.0	4.898979485566356	10.0	0.0	10	4.0	4.898979485566356	10.0	0.0	-0.007872245106317106	-2.462393608929514	0.2586946636168896	13.1889999670275	27.986999720130004
192	3145728	10	6.0	4.898979485566356	10.0	0.0	10	4.0	4.898979485566356	10.0	0.0	-0.007445405964196888	-2.447942199551378	0.28088306011810626	12.700499968248748	39.81299960187001
196	3211264	10	4.0	4.898979485566356	10.0	0.0	10	3.0	4.58257569495584	10.0	0.0	-0.008423083524001973	-2.4444414126313543	0.23553800751174692	12.914249967714374	37.979999620200005
200	3276800	10	4.0	4.898979485566356	10.0	0.0	10	4.0	4.898979485566356	10.0	0.0	-0.00850672525638617	-2.453459662440157	0.20709324331038662	12.705999968235	30.323999696760005
204	3342336	10	7.0	4.58257569495584	10.0	0.0	10	6.0	4.898979485566356	10.0	0.0	-0.008935866461776234	-2.4377772904876673	0.20591189252240813	12.850249967874374	38.44099961559001
208	3407872	10	3.0	4.58257569495584	10.0	0.0	10	3.0	4.58257569495584	10.0	0.0	-0.007679824258157541	-2.461793345453205	0.14022554098719983	13.179499967051251	41.43499958565001
212	3473408	10	1.0	3.0	10.0	0.0	10	2.0	4.0	10.0	0.0	-0.007907969012886448	-2.4591793440204226	0.1473743237091071	12.55549996861125	44.442999555570005
216	3538944	10	2.0	4.0	10.0	0.0	10	5.0	5.0	10.0	0.0	-0.008773466520319883	-2.4576269832673656	0.17165822425310842	12.2869999692825	43.14999956850001
220	3604480	10	6.0	4.898979485566356	10.0	0.0	10	3.0	4.58257569495584	10.0	0.0	-0.007962403032332118	-2.4330963465023747	0.21436554796623403	12.5269999686825	27.189999728100005
224	3670016	10	4.0	4.898979485566356	10.0	0.0	10	2.0	4.0	10.0	0.0	-0.009026620793186179	-2.4584705355189347	0.1614069406861566	13.575249966061875	45.911999540880004
228	3735552	10	4.0	4.898979485566356	10.0	0.0	10	2.0	4.0	10.0	0.0	-0.0087619364509584	-2.429616937781608	0.16996723667810623	11.544749971138126	47.304999526950006
232	3801088	10	6.0	4.898979485566356	10.0	0.0	10	4.0	4.898979485566356	10.0	0.0	-0.008663023828383121	-2.4134170758197055	0.2276413583270014	11.523749971190625	35.04699964953
236	3866624	10	2.0	4.0	10.0	0.0	10	2.0	4.0	10.0	0.0	-0.008442832949215717	-2.468939716360085	0.11960792683836886	12.179249969551876	44.061999559380006
240	3932160	10	7.0	4.58257569495584	10.0	0.0	10	5.0	5.0	10.0	0.0	-0.007786419600756624	-2.516534107164663	0.11459807670102369	12.994749967513124	43.569999564300005
244	3997696	10	6.0	4.898979485566356	10.0	0.0	10	4.0	4.898979485566356	10.0	0.0	-0.007612181367035031	-2.5201143594937987	0.17162177058011704	12.440999968897499	45.831999541680005
248	4063232	10	6.0	4.898979485566356	10.0	0.0	10	7.0	4.58257569495584	10.0	0.0	-0.008006531215641788	-2.494865024823342	0.17051663294520977	11.16149997209625	48.899999511000004
252	4128768	10	1.0	3.0	10.0	0.0	10	3.0	4.58257569495584	10.0	0.0	-0.008595852937119612	-2.4965669510148127	0.171402781640641	12.095499969761251	45.85299954147001
256	4194304	10	5.0	5.0	10.0	0.0	10	3.0	4.58257569495584	10.0	0.0	-0.00877256725076397	-2.481180009484121	0.12496428698707028	12.316249969209375	45.725999542740006
260	4259840	10	2.0	4.0	10.0	0.0	10	1.0	3.0	10.0	0.0	-0.008736308544332806	-2.487717576065802	0.15066429854663876	12.416249968959375	46.57099953429
264	4325376	10	4.0	4.898979485566356	10.0	0.0	10	3.0	4.58257569495584	10.0	0.0	-0.008007798449776764	-2.512057271834802	0.12438353813354663	12.395249969011877	47.31999952680001
268	4390912	10	3.0	4.58257569495584	10.0	0.0	10	4.0	4.898979485566356	10.0	0.0	-0.00920342528019856	-2.465708449226073	0.19675541930955517	11.6149999709625	46.29399953706
272	4456448	10	6.0	4.898979485566356	10.0	0.0	10	6.0	4.898979485566356	10.0	0.0	-0.009480144029640434	-2.499097635088315	0.1571449337673904	11.015999972459998	51.60599948394001
276	4521984	10	5.0	5.0	10.0	0.0	10	5.0	5.0	10.0	0.0	-0.00896397319742391	-2.501506104804772	0.12130555738207467	12.268749969328127	46.16199953838001
280	4587520	10	3.0	4.58257569495584	10.0	0.0	10	5.0	5.0	10.0	0.0	-0.008594146129643399	-2.495222081480778	0.15019389962144297	12.17849996955375	47.30999952690001
284	4653056	10	2.0	4.0	10.0	0.0	10	5.0	5.0	10.0	0.0	-0.008601758024283134	-2.496395925420755	0.14321242217034905	12.311749969220624	45.234999547650006
288	4718592	10	6.0	4.898979485566356	10.0	0.0	10	4.0	4.898979485566356	10.0	0.0	-0.008638793117834736	-2.4792508803208984	0.12760570783701494	12.501999968745	42.15499957845001
292	4784128	10	2.0	4.0	10.0	0.0	10	6.0	4.898979485566356	10.0	0.0	-0.008062551768559002	-2.456730144463373	0.1581196516277094	12.571249968571875	15.708999842910002
296	4849664	10	6.0	4.898979485566356	10.0	0.0	10	4.0	4.898979485566356	10.0	0.0	-0.008987848830326826	-2.45639924679441	0.20275798530999747	12.940249967649374	40.863999591360006
300	4915200	10	4.0	4.898979485566356	10.0	0.0	10	6.0	4.898979485566356	10.0	0.0	-0.007904081536642533	-2.455617243789146	0.17792928185944035	13.19599996701	38.73599961264
304	4980736	10	4.0	4.898979485566356	10.0	0.0	10	7.0	4.58257569495584	10.0	0.0	-0.007966646581815038	-2.467442189396689	0.1751740020517326	13.33349996666625	45.16099954839001
308	5046272	10	2.0	4.0	10.0	0.0	10	6.0	4.898979485566356	10.0	0.0	-0.008767282431711034	-2.478087410072638	0.1597453142194693	12.26799996933	43.37699956623001
312	5111808	10	4.0	4.898979485566356	10.0	0.0	10	1.0	3.0	10.0	0.0	-0.007715395050687526	-2.4681064508767925	0.16637728113189743	12.932249967669375	43.804999561950005
316	5177344	10	5.0	5.0	10.0	0.0	10	5.0	5.0	10.0	0.0	-0.007943754248502514	-2.47103346610158	0.150673748521582	11.689999970775	43.21899956781001
320	5242880	10	6.0	4.898979485566356	10.0	0.0	10	6.0	4.898979485566356	10.0	0.0	-0.009436781346193295	-2.4439285543995455	0.19892516256721435	12.00149996999625	41.308999586910005
324	5308416	10	4.0	4.898979485566356	10.0	0.0	10	6.0	4.898979485566356	10.0	0.0	-0.009291153412295165	-2.4286728498790016	0.12823720857096546	12.587249968531875	13.333999866660001
328	5373952	10	2.0	4.0	10.0	0.0	10	5.0	5.0	10.0	0.0	-0.008381139010792522	-2.44565968935048	0.15947567211975927	12.395749969010625	44.35899955641001
332	5439488	10	3.0	4.58257569495584	10.0	0.0	10	2.0	4.0	10.0	0.0	-0.008273377191519493	-2.4684208405426813	0.18269679771074934	11.916249970209375	38.874999611250004
336	5505024	10	2.0	4.0	10.0	0.0	10	2.0	4.0	10.0	0.0	-0.00859027387834079	-2.457351552687414	0.15987559351956926	12.559999968600001	42.36399957636
340	5570560	10	4.0	4.898979485566356	10.0	0.0	10	6.0	4.898979485566356	10.0	0.0	-0.00853116165340565	-2.489410588879353	0.15386944976584674	13.1289999671775	29.542999704570004
344	5636096	10	5.0	5.0	10.0	0.0	10	5.0	5.0	10.0	0.0	-0.009439813072809103	-2.4971626845381194	0.13090168962754206	12.8849999677875	39.135999608640006
348	5701632	10	7.0	4.58257569495584	10.0	0.0	10	1.0	3.0	10.0	0.0	-0.009341874920449649	-2.534952309960316	0.12078315887583788	12.572999968567501	35.34699964653001
352	5767168	10	3.0	4.58257569495584	10.0	0.0	10	6.0	4.898979485566356	10.0	0.0	-0.008883810128265864	-2.521463659639761	0.128682422981542	11.707999970729999	47.20099952799001
356	5832704	10	3.0	4.58257569495584	10.0	0.0	10	3.0	4.58257569495584	10.0	0.0	-0.007834067877807754	-2.5259064830692006	0.12747189098572592	11.73849997065375	50.93599949064001
360	5898240	10	3.0	4.58257569495584	10.0	0.0	10	3.0	4.58257569495584	10.0	0.0	-0.008946815589578029	-2.527895211910139	0.1270830533334855	11.90049997024875	45.16099954839001
364	5963776	10	5.0	5.0	10.0	0.0	10	5.0	5.0	10.0	0.0	-0.008850551352515737	-2.524468247826189	0.13011417249414475	12.885499967786249	30.610999693890005
368	6029312	10	5.0	5.0	10.0	0.0	10	5.0	5.0	10.0	0.0	-0.008063313019262285	-2.5254293801736725	0.10623515830820841	12.274749969313126	44.00299955997001
372	6094848	10	2.0	4.0	10.0	0.0	10	6.0	4.898979485566356	10.0	0.0	-0.009289689819466755	-2.511617993053434	0.14730918266207327	12.613499968466249	48.09099951909001
376	6160384	10	6.0	4.898979485566356	10.0	0.0	10	2.0	4.0	10.0	0.0	-0.008499395756213328	-2.478734949966357	0.170113503294351	11.492749971268124	32.03799967962
380	6225920	10	3.0	4.58257569495584	10.0	0.0	10	4.0	4.898979485566356	10.0	0.0	-0.008575801079451708	-2.445664206885848	0.17943081234575342	12.306999969232498	29.303999706960003
384	6291456	10	4.0	4.898979485566356	10.0	0.0	10	5.0	5.0	10.0	0.0	-0.009680261456097737	-2.4480345842672433	0.12947225437392676	12.221749969445625	47.31399952686001
388	6356992	10	3.0	4.58257569495584	10.0	0.0	10	5.0	5.0	10.0	0.0	-0.008715058210329373	-2.44781341129872	0.16816264393074248	12.269999969325	45.44199954558001
392	6422528	10	5.0	5.0	10.0	0.0	10	7.0	4.58257569495584	10.0	0.0	-0.009508044026228483	-2.406315011032104	0.1413958396925763	12.789249968026876	37.636999623630004
396	6488064	10	3.0	4.58257569495584	10.0	0.0	10	3.0	4.58257569495584	10.0	0.0	-0.007794070557587467	-2.4227661810775145	0.12156058369335129	13.490749966273125	44.07599955924001
400	6553600	10	4.0	4.898979485566356	10.0	0.0	10	5.0	5.0	10.0	0.0	-0.008069539259918906	-2.407591446983363	0.22653588401898342	11.392499971518749	47.877999521220005
404	6619136	10	5.0	5.0	10.0	0.0	10	4.0	4.898979485566356	10.0	0.0	-0.007653740330888526	-2.4012373012783246	0.23639659581106107	12.539499968651251	38.474999615250006
408	6684672	10	6.0	4.898979485566356	10.0	0.0	10	5.0	5.0	10.0	0.0	-0.008981018006098912	-2.3613986991369615	0.1920337074546653	12.233749969415626	37.018999629810004
412	6750208	10	6.0	4.898979485566356	10.0	0.0	10	2.0	4.0	10.0	0.0	-0.00798940227991954	-2.400728458909457	0.22374330629437048	11.790749970523127	36.67399963326
416	6815744	10	3.0	4.58257569495584	10.0	0.0	10	6.0	4.898979485566356	10.0	0.0	-0.008674125246828404	-2.397716194141488	0.1974213780474403	11.4989999712525	43.74499956255001
420	6881280	10	5.0	5.0	10.0	0.0	10	6.0	4.898979485566356	10.0	0.0	-0.00821986901221428	-2.385134967416426	0.1934164583015877	12.45149996887125	40.18899959811001
424	6946816	10	4.0	4.898979485566356	10.0	0.0	10	5.0	5.0	10.0	0.0	-0.008479043175941304	-2.3725409182421573	0.16332556926496233	12.012249969969375	30.084999699150007
428	7012352	10	3.0	4.58257569495584	10.0	0.0	10	2.0	4.0	10.0	0.0	-0.008444592010194192	-2.4472052551740324	0.14657285901122363	10.537249973656875	32.7899996721
432	7077888	10	4.0	4.898979485566356	10.0	0.0	10	4.0	4.898979485566356	10.0	0.0	-0.008115836195190367	-2.45592961683122	0.16032505173428724	11.18149997204625	41.888999581110006
436	7143424	10	5.0	5.0	10.0	0.0	10	4.0	4.898979485566356	10.0	0.0	-0.008464140508625782	-2.4496188856593157	0.2191079409254341	11.273249971816874	37.33399962666001
440	7208960	10	3.0	4.58257569495584	10.0	0.0	10	4.0	4.898979485566356	10.0	0.0	-0.008463701404583811	-2.40259525899894	0.2974018545821956	12.241749969395626	27.900999720990004
444	7274496	10	5.0	5.0	10.0	0.0	10	6.0	4.898979485566356	10.0	0.0	-0.0089295828841483	-2.3645743799726726	0.2935168331493661	12.577999968555002	42.99999957000001
448	7340032	10	4.0	4.898979485566356	10.0	0.0	10	7.0	4.58257569495584	10.0	0.0	-0.00844188729785534	-2.416900480535199	0.20884450235712135	11.105249972236876	14.171999858280003
452	7405568	10	6.0	4.898979485566356	10.0	0.0	10	6.0	4.898979485566356	10.0	0.0	-0.009257628629960012	-2.408086421338214	0.25484477260289345	12.758499968103752	41.86999958130001
456	7471104	10	2.0	4.0	10.0	0.0	10	1.0	3.0	10.0	0.0	-0.009848245966658143	-2.360700316481255	0.21516289117367418	12.31149996922125	31.803999681960004
460	7536640	10	6.0	4.898979485566356	10.0	0.0	10	6.0	4.898979485566356	10.0	0.0	-0.008569769266934433	-2.341902081921134	0.25263631667172826	12.383249969041875	32.36599967634
464	7602176	10	5.0	5.0	10.0	0.0	10	6.0	4.898979485566356	10.0	0.0	-0.007943864064530773	-2.405088752257633	0.1629899842494818	12.152749969618126	39.33199960668001
468	7667712	10	2.0	4.0	10.0	0.0	10	5.0	5.0	10.0	0.0	-0.007862725565943154	-2.402759139486206	0.19229633250443762	12.35549996911125	41.36199958638001
472	7733248	10	5.0	5.0	10.0	0.0	10	5.0	5.0	10.0	0.0	-0.007387851626075508	-2.458725899201814	0.13354951483358574	12.030499969923751	49.2599995074
476	7798784	10	4.0	4.898979485566356	10.0	0.0	10	3.0	4.58257569495584	10.0	0.0	-0.008844692360969016	-2.4317659509629115	0.1273764417917342	12.789249968026875	47.11799952882001
480	7864320	10	6.0	4.898979485566356	10.0	0.0	10	3.0	4.58257569495584	10.0	0.0	-0.009064640674261503	-2.41156436477813	0.1412655030385278	11.286749971783125	31.236999687630004
484	7929856	10	6.0	4.898979485566356	10.0	0.0	10	6.0	4.898979485566356	10.0	0.0	-0.007630123406785153	-2.418395595994008	0.15138814239737966	12.11249996971875	37.68899962311001
488	7995392	10	5.0	5.0	10.0	0.0	10	6.0	4.898979485566356	10.0	0.0	-0.008727369836379178	-2.3976119406507332	0.1439933945119641	11.6799999708	45.48699954513001
492	8060928	10	3.0	4.58257569495584	10.0	0.0	10	6.0	4.898979485566356	10.0	0.0	-0.009346177669549031	-2.3729944425336256	0.19046084270380806	11.781499970546252	45.43899954561001
496	8126464	10	4.0	4.898979485566356	10.0	0.0	10	4.0	4.898979485566356	10.0	0.0	-0.007514578558711343	-2.39818051432424	0.17553547682585197	12.90249996774375	39.35099960649001
500	8192000	10	6.0	4.898979485566356	10.0	0.0	10	5.0	5.0	10.0	0.0	-0.008326896036165907	-2.398076891649309	0.11852429755504858	12.00849996997875	32.94099967059001
504	8257536	10	4.0	4.898979485566356	10.0	0.0	10	6.0	4.898979485566356	10.0	0.0	-0.008889839744656599	-2.403064513949573	0.10875378509161009	12.72749996818125	41.77399958226001
508	8323072	10	5.0	5.0	10.0	0.0	10	3.0	4.58257569495584	10.0	0.0	-0.008124017398346225	-2.412353038536555	0.11580293077234892	12.906249967734375	41.845999581540006
512	8388608	10	8.0	4.0	10.0	0.0	10	5.0	5.0	10.0	0.0	-0.009078898715985667	-2.4041915657598794	0.25855347061320016	12.9489999676275	23.71099976289
516	8454144	10	5.0	5.0	10.0	0.0	10	7.0	4.58257569495584	10.0	0.0	-0.007872818965944715	-2.438679712260053	0.1610257888510726	11.681999970795	37.22799962772001
520	8519680	10	6.0	4.898979485566356	10.0	0.0	10	6.0	4.898979485566356	10.0	0.0	-0.009588611893288355	-2.4384184775196642	0.20199767358359594	12.085249969786876	27.659999723400006
524	8585216	10	6.0	4.898979485566356	10.0	0.0	10	6.0	4.898979485566356	10.0	0.0	-0.009974501007361683	-2.4050004852293108	0.23706876934209617	12.386749969033124	46.063999539360005
528	8650752	10	6.0	4.898979485566356	10.0	0.0	10	5.0	5.0	10.0	0.0	-0.007861917900693596	-2.3563704314360185	0.21042140889273156	12.779499968051251	22.690999773090002
532	8716288	10	9.0	3.0	10.0	0.0	10	2.0	4.0	10.0	0.0	-0.007993606029914316	-2.3035085695569313	0.23045782804572057	13.216999966957498	31.992999680070003
536	8781824	10	7.0	4.58257569495584	10.0	0.0	10	8.0	4.0	10.0	0.0	-0.008342705559435813	-2.3262115789016873	0.2629438494058235	12.537749968655625	29.479999705200004
540	8847360	10	4.0	4.898979485566356	10.0	0.0	10	4.0	4.898979485566356	10.0	0.0	-0.009151563447587113	-2.331672305619226	0.15707172816535317	12.113999969715001	45.44399954556001
544	8912896	10	3.0	4.58257569495584	10.0	0.0	10	6.0	4.898979485566356	10.0	0.0	-0.009022035028738188	-2.3510499941840513	0.14459001737071933	11.761999970595001	43.09299956907001
548	8978432	10	1.0	3.0	10.0	0.0	10	5.0	5.0	10.0	0.0	-0.007792219290823478	-2.4495373465052714	0.14255179044236974	12.3229999691925	28.662999713370006
552	9043968	10	6.0	4.898979485566356	10.0	0.0	10	4.0	4.898979485566356	10.0	0.0	-0.008395587995472334	-2.4238071687478278	0.1512300240028822	12.209249969476875	24.562999754370004
556	9109504	10	4.0	4.898979485566356	10.0	0.0	10	7.0	4.58257569495584	10.0	0.0	-0.00825527766002885	-2.4194628022574394	0.16921999583120742	12.09999996975	44.02899955971001
560	9175040	10	3.0	4.58257569495584	10.0	0.0	10	5.0	5.0	10.0	0.0	-0.008791159192387378	-2.4323000855693766	0.15518092168430794	12.482749968793126	40.860999591390005
564	9240576	10	2.0	4.0	10.0	0.0	10	5.0	5.0	10.0	0.0	-0.00861275486175166	-2.420489494747115	0.24817803452931506	12.605749968485625	39.70399960296001
568	9306112	10	4.0	4.898979485566356	10.0	0.0	10	6.0	4.898979485566356	10.0	0.0	-0.008560722035647679	-2.378332823267195	0.21442227544512965	12.544249968639376	21.742999782570003
572	9371648	10	4.0	4.898979485566356	10.0	0.0	10	7.0	4.58257569495584	10.0	0.0	-0.0091992240513231	-2.335601699605678	0.2674307250139195	11.929249970176876	39.16599960834
576	9437184	10	5.0	5.0	10.0	0.0	10	5.0	5.0	10.0	0.0	-0.008995838666096172	-2.298929840086837	0.31985389763882843	11.321999971695	27.538999724610004
580	9502720	10	2.0	4.0	10.0	0.0	10	6.0	4.898979485566356	10.0	0.0	-0.008176257243634202	-2.2650480615720077	0.32655159427176766	12.288249969279375	14.274999857250002
584	9568256	10	7.0	4.58257569495584	10.0	0.0	10	6.0	4.898979485566356	10.0	0.0	-0.007525992794827618	-2.3312183193917613	0.28233664417802773	13.008749967478124	24.950999750490006
588	9633792	10	2.0	4.0	10.0	0.0	10	4.0	4.898979485566356	10.0	0.0	-0.008876949707867699	-2.4233910612721132	0.14500438715372996	12.82149996794625	41.04199958958001
592	9699328	10	6.0	4.898979485566356	10.0	0.0	10	4.0	4.898979485566356	10.0	0.0	-0.009379418379096404	-2.410911830511885	0.14065824214766512	13.05849996735375	26.150999738490004
596	9764864	10	4.0	4.898979485566356	10.0	0.0	10	4.0	4.898979485566356	10.0	0.0	-0.008773643813579049	-2.42715325429588	0.17950891903283905	13.690249965774374	7.781999922180002
600	9830400	10	2.0	4.0	10.0	0.0	10	6.0	4.898979485566356	10.0	0.0	-0.008922291096476426	-2.3568324394552587	0.23454976560588245	12.4969999687575	46.20999953790001
604	9895936	10	5.0	5.0	10.0	0.0	10	6.0	4.898979485566356	10.0	0.0	-0.008461653300125847	-2.386146900305941	0.14658231558303508	12.14549996963625	36.102999638970005
608	9961472	10	4.0	4.898979485566356	10.0	0.0	10	6.0	4.898979485566356	10.0	0.0	-0.009039571510248917	-2.4556178572202816	0.12835388109303128	12.326249969184376	35.86399964136
612	10027008	10	4.0	4.898979485566356	10.0	0.0	10	7.0	4.58257569495584	10.0	0.0	-0.0086187826979581	-2.4984423565248837	0.11807159379757373	13.303999966740001	28.525999714740003
616	10092544	10	3.0	4.58257569495584	10.0	0.0	10	6.0	4.898979485566356	10.0	0.0	-0.00820709982180538	-2.4603565233369795	0.17141770934452666	12.895749967760626	31.702999682970006
620	10158080	10	2.0	4.0	10.0	0.0	10	2.0	4.0	10.0	0.0	-0.008639447850943878	-2.379340660820909	0.23254363453697763	12.9929999675175	33.63799966362
624	10223616	10	6.0	4.898979485566356	10.0	0.0	10	6.0	4.898979485566356	10.0	0.0	-0.008986322492065277	-2.3504425110951446	0.21660094628337792	13.029249967426876	10.033999899660003
628	10289152	10	2.0	4.0	10.0	0.0	10	6.0	4.898979485566356	10.0	0.0	-0.008012549582189393	-2.353047524644201	0.24450402378351677	12.455999968859999	31.371999686280006
632	10354688	10	8.0	4.0	10.0	0.0	10	5.0	5.0	10.0	0.0	-0.008156837961359189	-2.3715734454505863	0.23614156429990008	11.491749971270625	37.16599962834
636	10420224	10	6.0	4.898979485566356	10.0	0.0	10	9.0	3.0	10.0	0.0	-0.008858395038549823	-2.36024387404572	0.27049657528885834	11.85149997037125	27.167999728320005
640	10485760	10	4.0	4.898979485566356	10.0	0.0	10	5.0	5.0	10.0	0.0	-0.009378592325076636	-2.3754925402511273	0.22381623304290688	12.568249968579376	41.30299958697
644	10551296	10	3.0	4.58257569495584	10.0	0.0	10	4.0	4.898979485566356	10.0	0.0	-0.009424962813003611	-2.345531992369943	0.2781913632547652	13.509249966226877	28.526999714730007
648	10616832	10	3.0	4.58257569495584	10.0	0.0	10	6.0	4.898979485566356	10.0	0.0	-0.008324314080145931	-2.388438845425401	0.24537566115386333	12.063249969841875	50.67799949322001
652	10682368	10	5.0	5.0	10.0	0.0	10	4.0	4.898979485566356	10.0	0.0	-0.009375377195822585	-2.3607902623737385	0.19826722686286782	11.8949999702625	29.253999707460007
656	10747904	10	5.0	5.0	10.0	0.0	10	5.0	5.0	10.0	0.0	-0.009278543018448519	-2.3701485318456808	0.21475576956382017	12.15749996960625	25.243999747560004
660	10813440	10	8.0	4.0	10.0	0.0	10	7.0	4.58257569495584	10.0	0.0	-0.008356414812056984	-2.4001365922374798	0.19179528872036813	12.82449996793875	28.302999716970007
664	10878976	10	4.0	4.898979485566356	10.0	0.0	10	4.0	4.898979485566356	10.0	0.0	-0.007627870178530151	-2.3903081936134476	0.26095436960844887	11.462499971343751	15.527999844720004
668	10944512	10	4.0	4.898979485566356	10.0	0.0	10	8.0	4.0	10.0	0.0	-0.008800462845397664	-2.3712983302785466	0.31937354582449917	12.330249969174375	35.442999645570005
672	11010048	10	7.0	4.58257569495584	10.0	0.0	10	6.0	4.898979485566356	10.0	0.0	-0.009163892132119541	-2.390361817925525	0.2866168132063707	11.461999971345	15.043999849560002
676	11075584	10	4.0	4.898979485566356	10.0	0.0	10	6.0	4.898979485566356	10.0	0.0	-0.008683877782767692	-2.383338438719599	0.31434114460352947	12.399499969001251	24.332999756670002
680	11141120	10	6.0	4.898979485566356	10.0	0.0	10	7.0	4.58257569495584	10.0	0.0	-0.008644979499582891	-2.401018080361917	0.2506871573986744	13.2149999669625	29.052999709470004
684	11206656	10	5.0	5.0	10.0	0.0	10	5.0	5.0	10.0	0.0	-0.008685373651744075	-2.3905516438179535	0.2312006028128235	12.746249968134375	44.26999955730001
688	11272192	10	2.0	4.0	10.0	0.0	10	7.0	4.58257569495584	10.0	0.0	-0.008823161584880649	-2.421811066315626	0.19714837208820132	12.342999969142502	18.098999819010004
692	11337728	10	4.0	4.898979485566356	10.0	0.0	10	6.0	4.898979485566356	10.0	0.0	-0.010272688971014556	-2.415946009006768	0.20573464111454998	12.146749969633126	28.524999714750003
696	11403264	10	3.0	4.58257569495584	10.0	0.0	10	4.0	4.898979485566356	10.0	0.0	-0.0090645608715584	-2.360970904183819	0.2606478151593795	12.112249969719375	40.1899995981
700	11468800	10	5.0	5.0	10.0	0.0	10	4.0	4.898979485566356	10.0	0.0	-0.009488809085190245	-2.375265093893742	0.27284491944078615	11.732999970667501	18.397999816020004
704	11534336	10	6.0	4.898979485566356	10.0	0.0	10	6.0	4.898979485566356	10.0	0.0	-0.010082266665915012	-2.372296606253829	0.23719243314750846	12.6249999684375	26.800999731990004
708	11599872	10	3.0	4.58257569495584	10.0	0.0	10	4.0	4.898979485566356	10.0	0.0	-0.008957197406114066	-2.41085619205952	0.16935649225276378	13.250999966872499	33.27899966721001
712	11665408	10	4.0	4.898979485566356	10.0	0.0	10	4.0	4.898979485566356	10.0	0.0	-0.008601180496360229	-2.3765061644224375	0.24606814108709282	12.394999969012499	11.684999883150002
716	11730944	10	2.0	4.0	10.0	0.0	10	5.0	5.0	10.0	0.0	-0.008731606643474709	-2.386877365161695	0.21274875971445606	12.83849996790375	40.02899959971001
720	11796480	10	4.0	4.898979485566356	10.0	0.0	10	5.0	5.0	10.0	0.0	-0.009537706326446783	-2.4149894513157704	0.1674316203202491	12.654749968363125	40.34299959657001
724	11862016	10	4.0	4.898979485566356	10.0	0.0	10	6.0	4.898979485566356	10.0	0.0	-0.008776222885894492	-2.418975757803869	0.19028606605286105	11.801999970495	42.76699957233001
728	11927552	10	4.0	4.898979485566356	10.0	0.0	10	6.0	4.898979485566356	10.0	0.0	-0.008525558659151599	-2.3723271983377567	0.25771857190055275	11.257249971856874	51.85699948143001
732	11993088	10	6.0	4.898979485566356	10.0	0.0	10	6.0	4.898979485566356	10.0	0.0	-0.009441652014100894	-2.4239580305872654	0.2240580767159718	11.262749971843125	46.16599953834
736	12058624	10	8.0	4.0	10.0	0.0	10	4.0	4.898979485566356	10.0	0.0	-0.008667373581381347	-2.410997293638377	0.21722498083707917	12.982999967542499	42.780999572190005
740	12124160	10	6.0	4.898979485566356	10.0	0.0	10	6.0	4.898979485566356	10.0	0.0	-0.008153067098100602	-2.3875941755867425	0.23189771273862197	12.496499968758748	18.651999813480003
744	12189696	10	6.0	4.898979485566356	10.0	0.0	10	7.0	4.58257569495584	10.0	0.0	-0.008126350773699659	-2.364885829142753	0.21816360280749586	11.621749970945627	31.899999681000004
748	12255232	10	2.0	4.0	10.0	0.0	10	6.0	4.898979485566356	10.0	0.0	-0.009964816142678839	-2.375460477919295	0.19008315220668248	11.548749971128125	36.83899963161
752	12320768	10	7.0	4.58257569495584	10.0	0.0	10	5.0	5.0	10.0	0.0	-0.008790206953860041	-2.3569591713476723	0.22926017468890578	11.978999970052499	46.957999530420004
756	12386304	10	4.0	4.898979485566356	10.0	0.0	10	7.0	4.58257569495584	10.0	0.0	-0.009683494527863263	-2.360423323762905	0.19511005792597055	11.593999971015002	46.05399953946001
760	12451840	10	7.0	4.58257569495584	10.0	0.0	10	3.0	4.58257569495584	10.0	0.0	-0.00912073283109025	-2.335251522317659	0.2113721321582407	12.127249969681875	47.493999525060005
764	12517376	10	5.0	5.0	10.0	0.0	10	7.0	4.58257569495584	10.0	0.0	-0.008844139771390829	-2.3412767075046887	0.17203973697569003	12.039749969900623	28.276999717230005
768	12582912	10	5.0	5.0	10.0	0.0	10	5.0	5.0	10.0	0.0	-0.007707744234525198	-2.3470284290650447	0.296985294794151	11.682249970794375	23.074999769250002
772	12648448	10	6.0	4.898979485566356	10.0	0.0	10	7.0	4.58257569495584	10.0	0.0	-0.009790734602767748	-2.3063183275442967	0.31096999297404526	12.820499967948749	26.179999738200003
776	12713984	10	5.0	5.0	10.0	0.0	10	9.0	3.0	10.0	0.0	-0.00917607838250573	-2.3007234978266076	0.30054047747178475	12.785249968036876	20.759999792400006
780	12779520	10	5.0	5.0	10.0	0.0	10	8.0	4.0	10.0	0.0	-0.008875555328798745	-2.298284058530139	0.2462739773459	13.008749967478126	42.21499957785001
784	12845056	10	8.0	4.0	10.0	0.0	10	7.0	4.58257569495584	10.0	0.0	-0.00947701979164889	-2.3642246273677476	0.19616122208044529	13.273749966815625	24.880999751190004
788	12910592	10	3.0	4.58257569495584	10.0	0.0	10	4.0	4.898979485566356	10.0	0.0	-0.009571349890002636	-2.342577596261464	0.19224989109532648	12.130249969674376	44.655999553440004
792	12976128	10	1.0	3.0	10.0	0.0	10	9.0	3.0	10.0	0.0	-0.009456439973519321	-2.3447304390411943	0.19485641532720904	11.907249970231875	36.65399963346001
796	13041664	10	4.0	4.898979485566356	10.0	0.0	10	4.0	4.898979485566356	10.0	0.0	-0.009244184362864482	-2.3271914221405745	0.23232830189231893	11.78399997054	32.98499967015
800	13107200	10	5.0	5.0	10.0	0.0	10	4.0	4.898979485566356	10.0	0.0	-0.008860593233886757	-2.3431962055507283	0.20581308214643987	13.05649996735875	41.03599958964001
804	13172736	10	4.0	4.898979485566356	10.0	0.0	10	3.0	4.58257569495584	10.0	0.0	-0.00833670325335198	-2.366453175496915	0.14853256070060056	12.9369999676575	26.001999739980004
808	13238272	10	5.0	5.0	10.0	0.0	10	3.0	4.58257569495584	10.0	0.0	-0.008530854599505746	-2.3633462088825157	0.13918442937337402	12.474999968812499	25.831999741680004
812	13303808	10	3.0	4.58257569495584	10.0	0.0	10	3.0	4.58257569495584	10.0	0.0	-0.008318815735990233	-2.4055488752799827	0.16304656706293752	11.305749971735626	47.619999523800004
816	13369344	10	4.0	4.898979485566356	10.0	0.0	10	9.0	3.0	10.0	0.0	-0.008618299455531928	-2.39132013643707	0.1513852202175817	12.543499968641251	27.118999728810003
820	13434880	10	1.0	3.0	10.0	0.0	10	8.0	4.0	10.0	0.0	-0.008009908060329755	-2.350504937026433	0.19196054415019498	11.30349997174125	47.110999528890005
824	13500416	10	6.0	4.898979485566356	10.0	0.0	10	7.0	4.58257569495584	10.0	0.0	-0.008729006914715603	-2.338027136777679	0.2171145143382091	12.4589999688525	28.825999711740007
828	13565952	10	3.0	4.58257569495584	10.0	0.0	10	7.0	4.58257569495584	10.0	0.0	-0.009196837658491856	-2.384911529471401	0.18578237363064715	12.3949999690125	23.419999765800007
832	13631488	10	6.0	4.898979485566356	10.0	0.0	10	6.0	4.898979485566356	10.0	0.0	-0.009843028510846112	-2.3901392293466883	0.1978014225399832	12.496499968758751	27.037999729620005
836	13697024	10	7.0	4.58257569495584	10.0	0.0	10	5.0	5.0	10.0	0.0	-0.008624508583136242	-2.3747260841240405	0.15263097522121716	11.590249971024374	48.752999512470005
840	13762560	10	3.0	4.58257569495584	10.0	0.0	10	5.0	5.0	10.0	0.0	-0.008750135061137514	-2.4016340223433277	0.18439125376384968	12.463249968841875	26.529999734700006
844	13828096	10	4.0	4.898979485566356	10.0	0.0	10	4.0	4.898979485566356	10.0	0.0	-0.009442578112537847	-2.350984503580611	0.2014830298511912	12.399749969000624	21.328999786710003
848	13893632	10	1.0	3.0	10.0	0.0	10	5.0	5.0	10.0	0.0	-0.008727640892478789	-2.3681772621986057	0.2102822334441794	12.074749969813125	43.439999565600004
852	13959168	10	7.0	4.58257569495584	10.0	0.0	10	5.0	5.0	10.0	0.0	-0.008313212863002142	-2.3441455411456014	0.21791641536071876	12.4669999688325	29.960999700390005
856	14024704	10	5.0	5.0	10.0	0.0	10	5.0	5.0	10.0	0.0	-0.009161602328838276	-2.365564666442029	0.198946081158781	11.937999970155001	22.588999774110004
860	14090240	10	7.0	4.58257569495584	10.0	0.0	10	5.0	5.0	10.0	0.0	-0.008685927132627069	-2.3627575360260873	0.23330306678442794	11.453249971366876	26.363999736360004
864	14155776	10	6.0	4.898979485566356	10.0	0.0	10	5.0	5.0	10.0	0.0	-0.00924616977888431	-2.3378635567971635	0.24955717145659725	12.064249969839377	28.685999713140003
868	14221312	10	7.0	4.58257569495584	10.0	0.0	10	8.0	4.0	10.0	0.0	-0.009214121027627106	-2.4053409593778663	0.1827528288708001	12.660749968348126	24.95799975042
872	14286848	10	4.0	4.898979485566356	10.0	0.0	10	4.0	4.898979485566356	10.0	0.0	-0.008694731309337084	-2.364635497085303	0.1996275752885317	13.340499966648752	18.101999818980005
876	14352384	10	5.0	5.0	10.0	0.0	10	7.0	4.58257569495584	10.0	0.0	-0.009831249319971905	-2.364788787814015	0.22975410052975864	14.170999964572502	21.238999787610005
880	14417920	10	4.0	4.898979485566356	10.0	0.0	10	6.0	4.898979485566356	10.0	0.0	-0.0094357686711367	-2.3595383711184903	0.2150163000691224	12.810499967973751	15.618999843810002
884	14483456	10	3.0	4.58257569495584	10.0	0.0	10	6.0	4.898979485566356	10.0	0.0	-0.007615909887858286	-2.365928885590945	0.15118203458043178	12.45199996887	44.444999555550005
888	14548992	10	6.0	4.898979485566356	10.0	0.0	10	5.0	5.0	10.0	0.0	-0.007273965116686269	-2.4173615448142303	0.17098015839936476	12.66949996832625	21.87699978123
892	14614528	10	4.0	4.898979485566356	10.0	0.0	10	8.0	4.0	10.0	0.0	-0.009001315706247978	-2.354385832700257	0.17286420021888999	11.671999970820002	32.562999674370005
896	14680064	10	3.0	4.58257569495584	10.0	0.0	10	5.0	5.0	10.0	0.0	-0.008473807535085877	-2.3669655121880826	0.14268690082310456	11.648749970878125	35.332999646670004
900	14745600	10	5.0	5.0	10.0	0.0	10	6.0	4.898979485566356	10.0	0.0	-0.009189354475542302	-2.3674291692691614	0.16875792533574446	11.16399997209	46.33799953662001
904	14811136	10	6.0	4.898979485566356	10.0	0.0	10	5.0	5.0	10.0	0.0	-0.00860833808384456	-2.319813015318662	0.1884882664887712	11.718499970703752	38.89399961106
908	14876672	10	6.0	4.898979485566356	10.0	0.0	10	6.0	4.898979485566356	10.0	0.0	-0.008959005627100156	-2.312122970578627	0.25742198912228875	12.27599996931	32.841999671580005
912	14942208	10	6.0	4.898979485566356	10.0	0.0	10	5.0	5.0	10.0	0.0	-0.009007254299196311	-2.3851502907771853	0.19819184064663256	12.3369999691575	7.024999929750002
916	15007744	10	5.0	5.0	10.0	0.0	10	4.0	4.898979485566356	10.0	0.0	-0.009403616579453513	-2.3680437900142794	0.2280787066318931	12.600749968498125	33.392999666070004
920	15073280	10	4.0	4.898979485566356	10.0	0.0	10	4.0	4.898979485566356	10.0	0.0	-0.009046009192659105	-2.4038353013475136	0.20089704797373156	12.293749969265624	42.120999578790006
924	15138816	10	4.0	4.898979485566356	10.0	0.0	10	7.0	4.58257569495584	10.0	0.0	-0.009070599295495826	-2.4337752682415643	0.1618188336167803	11.758249970604375	39.25299960747001
928	15204352	10	5.0	5.0	10.0	0.0	10	3.0	4.58257569495584	10.0	0.0	-0.00805543408363888	-2.4106313608559238	0.18433670441562522	12.746999968132501	43.12899956871001
932	15269888	10	5.0	5.0	10.0	0.0	10	6.0	4.898979485566356	10.0	0.0	-0.009220211843309989	-2.3684517266866063	0.25852312455365245	12.342749969143124	26.62399973376
936	15335424	10	6.0	4.898979485566356	10.0	0.0	10	9.0	3.0	10.0	0.0	-0.009539467002687846	-2.3414639132762747	0.2152536910889586	12.041999969894999	5.9099999409000015
940	15400960	10	6.0	4.898979485566356	10.0	0.0	10	8.0	4.0	10.0	0.0	-0.008440100667060808	-2.3111118522859235	0.2538365581739776	12.2469999693825	22.165999778340005
944	15466496	10	7.0	4.58257569495584	10.0	0.0	10	5.0	5.0	10.0	0.0	-0.008301512926708898	-2.2825221640474203	0.30575986358566953	12.173249969566875	38.48299961517
948	15532032	10	4.0	4.898979485566356	10.0	0.0	10	3.0	4.58257569495584	10.0	0.0	-0.008918555719275781	-2.3570455136426745	0.21861161902442763	11.612749970968125	30.884999691150007
952	15597568	10	6.0	4.898979485566356	10.0	0.0	10	4.0	4.898979485566356	10.0	0.0	-0.009150911985020917	-2.3236640167796074	0.2041144805437297	11.605749970985626	45.300999546990006
956	15663104	10	5.0	5.0	10.0	0.0	10	1.0	3.0	10.0	0.0	-0.008909471146561897	-2.4051243337470334	0.17182604376920335	11.794249970514375	35.30999964690001
960	15728640	10	3.0	4.58257569495584	10.0	0.0	10	8.0	4.0	10.0	0.0	-0.008959873993238764	-2.3871909551319326	0.19058663427086228	11.8369999704075	36.15699963843
964	15794176	10	5.0	5.0	10.0	0.0	10	8.0	4.0	10.0	0.0	-0.007875825265513984	-2.3175129739016205	0.18446840863926417	11.774749970563127	44.207999557920004
968	15859712	10	9.0	3.0	10.0	0.0	10	8.0	4.0	10.0	0.0	-0.007628993343853743	-2.263466164233941	0.22125747316385255	12.161749969595627	21.220999787790003
972	15925248	10	6.0	4.898979485566356	10.0	0.0	10	5.0	5.0	10.0	0.0	-0.008344477172653828	-2.250570155445745	0.24952532720946805	11.532249971169374	31.549999684500005
976	15990784	10	6.0	4.898979485566356	10.0	0.0	10	4.0	4.898979485566356	10.0	0.0	-0.008987910748726116	-2.2964853741319935	0.20498208179486896	11.95549997011125	27.779999722200007
980	16056320	10	3.0	4.58257569495584	10.0	0.0	10	7.0	4.58257569495584	10.0	0.0	-0.00931215085583983	-2.3033505104566374	0.20669539612117052	13.6329999659175	30.968999690310007
984	16121856	10	4.0	4.898979485566356	10.0	0.0	10	5.0	5.0	10.0	0.0	-0.009301288830951944	-2.3149326143237565	0.1826180650196732	12.445749968885625	34.92499965075
988	16187392	10	5.0	5.0	10.0	0.0	10	6.0	4.898979485566356	10.0	0.0	-0.009307814564575849	-2.2953585408720514	0.19796596993182278	11.902749970243125	28.979999710200005
992	16252928	10	6.0	4.898979485566356	10.0	0.0	10	3.0	4.58257569495584	10.0	0.0	-0.009026656326537845	-2.282337898771643	0.20490904546070965	12.458249968854375	37.703999622960005
996	16318464	10	4.0	4.898979485566356	10.0	0.0	10	3.0	4.58257569495584	10.0	0.0	-0.008757460997303786	-2.3759361130504457	0.1164723639643187	11.622249970944374	41.08499958915001
1000	16384000	10	4.0	4.898979485566356	10.0	0.0	10	5.0	5.0	10.0	0.0	-0.008709527551220595	-2.3451947989603763	0.13848460891083264	11.905249970236875	39.430999605690005
1004	16449536	10	4.0	4.898979485566356	10.0	0.0	10	5.0	5.0	10.0	0.0	-0.008858443542508594	-2.3167422957788624	0.18664875981626752	11.617999970955001	35.72699964273
1008	16515072	10	5.0	5.0	10.0	0.0	10	5.0	5.0	10.0	0.0	-0.00904584625243899	-2.2754752534244447	0.1756024931684998	12.022749969943128	41.12499958875001
1012	16580608	10	4.0	4.898979485566356	10.0	0.0	10	5.0	5.0	10.0	0.0	-0.008276411532629403	-2.251682323479547	0.24646879217813994	11.840999970397501	15.129999848700002
1016	16646144	10	6.0	4.898979485566356	10.0	0.0	10	6.0	4.898979485566356	10.0	0.0	-0.00800464650008799	-2.2741819841280924	0.25394313050272277	11.17049997207375	32.80299967197
1020	16711680	10	6.0	4.898979485566356	10.0	0.0	10	8.0	4.0	10.0	0.0	-0.010077817308695038	-2.3541459662250177	0.18866141526546817	10.6709999733225	25.093999749060004
1024	16777216	10	4.0	4.898979485566356	10.0	0.0	10	8.0	4.0	10.0	0.0	-0.009558904768320518	-2.3777123513327822	0.17168531968643017	10.915249972711875	16.680999833190004
1028	16842752	10	3.0	4.58257569495584	10.0	0.0	10	7.0	4.58257569495584	10.0	0.0	-0.009117462557353448	-2.3585716831214087	0.21716275389838102	11.166499972083749	34.463999655360006
1032	16908288	10	2.0	4.0	10.0	0.0	10	7.0	4.58257569495584	10.0	0.0	-0.009516805875055084	-2.3856419098872412	0.19783892371804027	11.78049997054875	27.302999726970004
1036	16973824	10	7.0	4.58257569495584	10.0	0.0	10	6.0	4.898979485566356	10.0	0.0	-0.010180928818500086	-2.413872979329911	0.15611520345869673	11.667499970831251	22.781999772180004
1040	17039360	10	7.0	4.58257569495584	10.0	0.0	10	5.0	5.0	10.0	0.0	-0.008279045645138873	-2.3787938676780116	0.21382577606422576	11.5009999712475	19.054999809450003
1044	17104896	10	6.0	4.898979485566356	10.0	0.0	10	7.0	4.58257569495584	10.0	0.0	-0.00924266788837614	-2.4097888020151013	0.14185373495252238	12.109999969725	36.94199963058001
1048	17170432	10	4.0	4.898979485566356	10.0	0.0	10	5.0	5.0	10.0	0.0	-0.009102334980486819	-2.3370601060538903	0.1863158120734874	11.3909999715225	35.164999648350005
1052	17235968	10	7.0	4.58257569495584	10.0	0.0	10	6.0	4.898979485566356	10.0	0.0	-0.009268312015536573	-2.2749046184236397	0.21842219569618182	11.33249997166875	42.42699957573001
1056	17301504	10	6.0	4.898979485566356	10.0	0.0	10	6.0	4.898979485566356	10.0	0.0	-0.009072251097945142	-2.309760642307802	0.20095425391959984	11.605249970986875	42.270999577290006
1060	17367040	10	7.0	4.58257569495584	10.0	0.0	10	7.0	4.58257569495584	10.0	0.0	-0.008382729392032984	-2.326892765617378	0.18150855001344526	11.55149997112125	30.650999693490004
1064	17432576	10	7.0	4.58257569495584	10.0	0.0	10	8.0	4.0	10.0	0.0	-0.009025037241644598	-2.2414585349609117	0.2101898854379455	11.22649997193375	13.672999863270002
1068	17498112	10	6.0	4.898979485566356	10.0	0.0	10	8.0	4.0	10.0	0.0	-0.00975800253116394	-2.233456482257252	0.23612807564461247	11.598249971004375	22.774999772250002
1072	17563648	10	3.0	4.58257569495584	10.0	0.0	10	7.0	4.58257569495584	10.0	0.0	-0.009207086449907507	-2.237996026640464	0.24734578341152658	12.046249969884375	20.528999794710003
1076	17629184	10	3.0	4.58257569495584	10.0	0.0	10	7.0	4.58257569495584	10.0	0.0	-0.008588520736353834	-2.2688993262868014	0.19610024877954263	11.9599999701	43.81299956187001
1080	17694720	10	7.0	4.58257569495584	10.0	0.0	10	6.0	4.898979485566356	10.0	0.0	-0.009026206705099144	-2.2888454817334782	0.18428695324130465	11.693999970764999	30.192999698070007
1084	17760256	10	6.0	4.898979485566356	10.0	0.0	10	9.0	3.0	10.0	0.0	-0.008206948293924782	-2.282272298893021	0.17094998665235894	11.671249970821876	39.19199960808
1088	17825792	10	5.0	5.0	10.0	0.0	10	7.0	4.58257569495584	10.0	0.0	-0.00825494989269028	-2.340851957355483	0.125346599560523	11.090749972273125	46.69699953303001
1092	17891328	10	6.0	4.898979485566356	10.0	0.0	10	8.0	4.0	10.0	0.0	-0.008371642656470165	-2.271633234880171	0.17260573329158224	10.784749973038126	46.559999534400006
1096	17956864	10	4.0	4.898979485566356	10.0	0.0	10	5.0	5.0	10.0	0.0	-0.008506649483350925	-2.270097449185414	0.22786548514029042	11.54349997114125	44.167999558320005
1100	18022400	10	5.0	5.0	10.0	0.0	10	5.0	5.0	10.0	0.0	-0.00925645256842457	-2.2946556406809764	0.19141810672536824	11.817249970456874	40.878999591210004
1104	18087936	10	3.0	4.58257569495584	10.0	0.0	10	7.0	4.58257569495584	10.0	0.0	-0.008771317871828978	-2.2251364015208455	0.15723758779070024	12.14799996963	29.416999705830005
1108	18153472	10	6.0	4.898979485566356	10.0	0.0	10	6.0	4.898979485566356	10.0	0.0	-0.007656055293218559	-2.2102639449320605	0.2181552966518946	11.926499970183752	38.84899961151
1112	18219008	10	7.0	4.58257569495584	10.0	0.0	10	6.0	4.898979485566356	10.0	0.0	-0.008407527291368507	-2.2847655611837157	0.20818982736832867	11.98949997002625	26.851999731480003
1116	18284544	10	7.0	4.58257569495584	10.0	0.0	10	9.0	3.0	10.0	0.0	-0.008777846370316776	-2.3211839867200514	0.14289777848622806	11.62249997094375	38.496999615030006
1120	18350080	10	4.0	4.898979485566356	10.0	0.0	10	5.0	5.0	10.0	0.0	-0.008566691102731816	-2.309129672505329	0.17258981768727563	11.941499970146248	42.037999579620006
1124	18415616	10	7.0	4.58257569495584	10.0	0.0	10	9.0	3.0	10.0	0.0	-0.007709728785918728	-2.336309758082052	0.2188369339724911	11.752249970619376	15.932999840670002
1128	18481152	10	2.0	4.0	10.0	0.0	10	3.0	4.58257569495584	10.0	0.0	-0.009168577675412265	-2.3482001346883905	0.14984228584596304	11.397999971505	29.538999704610006
1132	18546688	10	5.0	5.0	10.0	0.0	10	8.0	4.0	10.0	0.0	-0.00921718859439746	-2.3629519216738406	0.22782236304244505	11.671249970821874	28.012999719870006
1136	18612224	10	3.0	4.58257569495584	10.0	0.0	10	5.0	5.0	10.0	0.0	-0.008667510449420013	-2.3340531883192623	0.22332139644618634	11.283499971791251	26.292999737070005
1140	18677760	10	4.0	4.898979485566356	10.0	0.0	10	5.0	5.0	10.0	0.0	-0.009721126855056307	-2.3991774119421123	0.1861248477168216	11.557749971105626	32.564999674350005
1144	18743296	10	6.0	4.898979485566356	10.0	0.0	10	8.0	4.0	10.0	0.0	-0.008760913104497307	-2.3942986823607875	0.1854425465184499	11.734249970664374	28.364999716350003
1148	18808832	10	5.0	5.0	10.0	0.0	10	6.0	4.898979485566356	10.0	0.0	-0.007837520343948516	-2.3574767557311063	0.15759758556482661	12.047249969881877	39.091999609080005
1152	18874368	10	7.0	4.58257569495584	10.0	0.0	10	7.0	4.58257569495584	10.0	0.0	-0.008125040592012208	-2.3913572279108046	0.12617843969342035	11.6709999708225	39.61399960386
1156	18939904	10	4.0	4.898979485566356	10.0	0.0	10	9.0	3.0	10.0	0.0	-0.00882840742420333	-2.37401153370844	0.16888554951279466	12.321499969196253	40.88899959111001
1160	19005440	10	3.0	4.58257569495584	10.0	0.0	10	5.0	5.0	10.0	0.0	-0.008384135897697959	-2.301412033298293	0.20640371341902214	12.375499969061249	29.799999702000004
1164	19070976	10	4.0	4.898979485566356	10.0	0.0	10	6.0	4.898979485566356	10.0	0.0	-0.009175246517421149	-2.2767893321924024	0.19040941452797167	10.239249974401876	32.801999671980006
1168	19136512	10	4.0	4.898979485566356	10.0	0.0	10	4.0	4.898979485566356	10.0	0.0	-0.008518412470667527	-2.30614373560566	0.18978795919453031	11.0409999723975	31.932999680670004
1172	19202048	10	5.0	5.0	10.0	0.0	10	7.0	4.58257569495584	10.0	0.0	-0.009011733097366107	-2.3617254865689623	0.17553782577660532	8.533999978665	24.505999754940003
1176	19267584	10	5.0	5.0	10.0	0.0	10	7.0	4.58257569495584	10.0	0.0	-0.008967502965763678	-2.342164608095493	0.163713940712644	9.1629999770925	27.223999727760006
1180	19333120	10	4.0	4.898979485566356	10.0	0.0	10	6.0	4.898979485566356	10.0	0.0	-0.00946066855635743	-2.376275996119608	0.2255402843543394	9.34799997663	14.224999857750001
1184	19398656	10	7.0	4.58257569495584	10.0	0.0	10	5.0	5.0	10.0	0.0	-0.008516042271692613	-2.400492960957974	0.22410340620353922	8.117999979705	5.4909999450900004
1188	19464192	10	5.0	5.0	10.0	0.0	10	5.0	5.0	10.0	0.0	-0.00954021011321614	-2.3582069722341736	0.2435554296766334	8.018749979953126	21.45799978542
1192	19529728	10	8.0	4.0	10.0	0.0	10	7.0	4.58257569495584	10.0	0.0	-0.009402238750762812	-2.37120080466207	0.16980393524065093	7.7254999806862505	5.460999945390001
1196	19595264	10	5.0	5.0	10.0	0.0	10	5.0	5.0	10.0	0.0	-0.008649907711826598	-2.3450182922225267	0.26575468803781627	7.312249981719375	21.183999788160005
1200	19660800	10	7.0	4.58257569495584	10.0	0.0	10	8.0	4.0	10.0	0.0	-0.009561872261569855	-2.3930778749277866	0.17647184484041786	7.869999980325	22.443999775560002
1204	19726336	10	3.0	4.58257569495584	10.0	0.0	10	9.0	3.0	10.0	0.0	-0.009035458052462805	-2.301912270246572	0.24259868804942733	7.495999981260001	9.116999908830003
1208	19791872	10	3.0	4.58257569495584	10.0	0.0	10	8.0	4.0	10.0	0.0	-0.009176074620835644	-2.3162105850946184	0.21847746270606017	7.292999981767499	23.093999769060005
1212	19857408	10	2.0	4.0	10.0	0.0	10	7.0	4.58257569495584	10.0	0.0	-0.008886631458440684	-2.3562167060901054	0.17718009571251403	7.2162499819593755	19.203999807960002
1216	19922944	10	8.0	4.0	10.0	0.0	10	7.0	4.58257569495584	10.0	0.0	-0.008759722920328138	-2.362591124824945	0.19044594775143295	7.364749981588124	16.89099983109
1220	19988480	10	3.0	4.58257569495584	10.0	0.0	10	6.0	4.898979485566356	10.0	0.0	-0.008353325777573693	-2.386878614375708	0.13640451328960254	7.5329999811674995	26.70799973292
1224	20054016	10	9.0	3.0	10.0	0.0	10	7.0	4.58257569495584	10.0	0.0	-0.008633202556979587	-2.3856385546424463	0.13549737134157822	7.148499982128749	14.307999856920002
1228	20119552	10	7.0	4.58257569495584	10.0	0.0	10	7.0	4.58257569495584	10.0	0.0	-0.009012546154100258	-2.363658964387727	0.18627820045609503	7.4862499812843755	24.569999754300003
1232	20185088	10	3.0	4.58257569495584	10.0	0.0	10	7.0	4.58257569495584	10.0	0.0	-0.009000041911624554	-2.335401211932416	0.18172633692591847	7.345999981635	12.807999871920002
1236	20250624	10	5.0	5.0	10.0	0.0	10	7.0	4.58257569495584	10.0	0.0	-0.008703026070788735	-2.2849678494139547	0.17058013385557966	7.6849999807875	14.828999851710003
1240	20316160	10	7.0	4.58257569495584	10.0	0.0	10	6.0	4.898979485566356	10.0	0.0	-0.00840137966379592	-2.2777180396131316	0.18362131441272386	7.09149998227125	12.242999877570002
1244	20381696	10	4.0	4.898979485566356	10.0	0.0	10	9.0	3.0	10.0	0.0	-0.00835914386853735	-2.3037476189518316	0.20343636207026058	7.373249981566874	8.93399991066
1248	20447232	10	6.0	4.898979485566356	10.0	0.0	10	6.0	4.898979485566356	10.0	0.0	-0.008497359048330305	-2.3211049112246576	0.16947015171347038	8.00649997998375	14.605999853940002
1252	20512768	10	5.0	5.0	10.0	0.0	10	7.0	4.58257569495584	10.0	0.0	-0.008535815326791367	-2.3385537611989027	0.1448993862766089	7.975999980059999	23.595999764040005
1256	20578304	10	4.0	4.898979485566356	10.0	0.0	10	5.0	5.0	10.0	0.0	-0.007573399820526841	-2.317867969231758	0.17838143477841747	7.584249981039375	25.656999743430003
1260	20643840	10	6.0	4.898979485566356	10.0	0.0	10	4.0	4.898979485566356	10.0	0.0	-0.008192157927377045	-2.29306528941746	0.20157245055535294	7.186249982034375	20.560999794390003
1264	20709376	10	4.0	4.898979485566356	10.0	0.0	10	6.0	4.898979485566356	10.0	0.0	-0.009372574418127019	-2.325278622166491	0.20081914245232202	7.09149998227125	20.653999793460002
1268	20774912	10	5.0	5.0	10.0	0.0	10	7.0	4.58257569495584	10.0	0.0	-0.008432712475375878	-2.3513132505153087	0.17432100316245963	6.9999999825	14.266999857330001
1272	20840448	10	4.0	4.898979485566356	10.0	0.0	10	6.0	4.898979485566356	10.0	0.0	-0.008787103141906838	-2.3206016046371727	0.18065438231434128	7.24549998188625	12.652999873470003
1276	20905984	10	4.0	4.898979485566356	10.0	0.0	10	5.0	5.0	10.0	0.0	-0.0075699913812055965	-2.306655054050813	0.1919520330260171	7.65849998085375	11.398999886010001
1280	20971520	10	6.0	4.898979485566356	10.0	0.0	10	5.0	5.0	10.0	0.0	-0.009067696663770634	-2.3219849961564165	0.1915519237318777	6.89649998275875	12.381999876180002
1284	21037056	10	4.0	4.898979485566356	10.0	0.0	10	4.0	4.898979485566356	10.0	0.0	-0.008483776707812465	-2.307621304947166	0.17735381546755938	6.1089999847275	21.541999784580003
1288	21102592	10	7.0	4.58257569495584	10.0	0.0	10	6.0	4.898979485566356	10.0	0.0	-0.008418337723653616	-2.3207390579150644	0.18852135583657234	5.968749985078125	16.83099983169
1292	21168128	10	5.0	5.0	10.0	0.0	10	8.0	4.0	10.0	0.0	-0.008180944655635371	-2.3097845015503977	0.20998677927365528	5.75549998561125	13.919999860800003
1296	21233664	10	5.0	5.0	10.0	0.0	10	8.0	4.0	10.0	0.0	-0.008729179881205308	-2.2665527088069264	0.18063315817135991	5.94349998514125	14.575999854240003
1300	21299200	10	5.0	5.0	10.0	0.0	10	6.0	4.898979485566356	10.0	0.0	-0.009189850036164713	-2.2972774155528475	0.179270786835454	6.13549998466125	17.305999826940003
1304	21364736	10	6.0	4.898979485566356	10.0	0.0	10	7.0	4.58257569495584	10.0	0.0	-0.008147942362241757	-2.315296806153877	0.18694031841968284	6.21249998446875	11.528999884710002
1308	21430272	10	4.0	4.898979485566356	10.0	0.0	10	8.0	4.0	10.0	0.0	-0.009038661577777123	-2.3167129603595287	0.13890914144099684	6.269249984326875	19.544999804550006
1312	21495808	10	7.0	4.58257569495584	10.0	0.0	10	7.0	4.58257569495584	10.0	0.0	-0.008685073901692954	-2.395897738385967	0.1702920389960394	6.413249983966875	18.78099981219
1316	21561344	10	5.0	5.0	10.0	0.0	10	7.0	4.58257569495584	10.0	0.0	-0.00855496233181855	-2.340186876311514	0.1482422665228006	6.2109999844725	17.462999825370005
1320	21626880	10	4.0	4.898979485566356	10.0	0.0	10	7.0	4.58257569495584	10.0	0.0	-0.008117194289058702	-2.350571125500922	0.11505254737144793	5.933249985166875	19.844999801550003
1324	21692416	10	6.0	4.898979485566356	10.0	0.0	10	7.0	4.58257569495584	10.0	0.0	-0.008299955447348765	-2.3396316491113818	0.12479241928337967	6.1427499846431255	14.320999856790001
1328	21757952	10	7.0	4.58257569495584	10.0	0.0	10	8.0	4.0	10.0	0.0	-0.008312785305904905	-2.3321997943077992	0.20085589275155338	6.379249984051875	13.726999862730002
1332	21823488	10	3.0	4.58257569495584	10.0	0.0	10	7.0	4.58257569495584	10.0	0.0	-0.007911039564012082	-2.303629122434504	0.1761546348581377	5.8237499854406245	20.85399979146
1336	21889024	10	6.0	4.898979485566356	10.0	0.0	10	6.0	4.898979485566356	10.0	0.0	-0.00788834648643678	-2.349752165132374	0.1679609664540867	5.532749986168125	23.356999766430004
1340	21954560	10	8.0	4.0	10.0	0.0	10	6.0	4.898979485566356	10.0	0.0	-0.007785052736934047	-2.296641121068775	0.15498580766469097	5.7527499856181255	17.52499982475
1344	22020096	10	4.0	4.898979485566356	10.0	0.0	10	6.0	4.898979485566356	10.0	0.0	-0.008730348771071861	-2.3244515034121904	0.13920038828418033	6.2139999844650005	19.353999806460003
1348	22085632	10	5.0	5.0	10.0	0.0	10	5.0	5.0	10.0	0.0	-0.008670486436137204	-2.3193269667593643	0.16259038865735248	5.9429999851424995	12.131999878680002
1352	22151168	10	5.0	5.0	10.0	0.0	10	9.0	3.0	10.0	0.0	-0.008902482187883873	-2.324750495211514	0.22800222161024036	5.569249986076875	4.338999956610001
1356	22216704	10	4.0	4.898979485566356	10.0	0.0	10	8.0	4.0	10.0	0.0	-0.00909844534813413	-2.288597672939323	0.2243933183838632	6.1587499846031255	6.086999939130001
1360	22282240	10	4.0	4.898979485566356	10.0	0.0	10	6.0	4.898979485566356	10.0	0.0	-0.009848169445411923	-2.267628282072367	0.2149091495442789	6.7459999831349995	10.988999890110003
1364	22347776	10	7.0	4.58257569495584	10.0	0.0	10	8.0	4.0	10.0	0.0	-0.008227799749017913	-2.2967893354685742	0.22179825601651545	6.8577499828556245	13.428999865710002
1368	22413312	10	3.0	4.58257569495584	10.0	0.0	10	7.0	4.58257569495584	10.0	0.0	-0.007943686121286061	-2.330181588486495	0.17528123352402986	6.136999984657501	19.565999804340002
1372	22478848	10	5.0	5.0	10.0	0.0	10	5.0	5.0	10.0	0.0	-0.00891775559434363	-2.352702381465138	0.1515076968195421	5.650749985873126	19.273999807260005
1376	22544384	10	5.0	5.0	10.0	0.0	10	8.0	4.0	10.0	0.0	-0.00842224169328078	-2.2660948606951856	0.18781772634231136	5.92399998519	9.526999904730001
1380	22609920	10	6.0	4.898979485566356	10.0	0.0	10	4.0	4.898979485566356	10.0	0.0	-0.009231945918396354	-2.233978467450291	0.23667336089865165	6.545249983636874	11.988999880110002
1384	22675456	10	2.0	4.0	10.0	0.0	10	8.0	4.0	10.0	0.0	-0.008754207210886936	-2.2941278390680186	0.24345184510831755	5.63649998590875	12.608999873910003
1388	22740992	10	6.0	4.898979485566356	10.0	0.0	10	3.0	4.58257569495584	10.0	0.0	-0.007297120000503954	-2.3522089071605135	0.12345623177121547	4.780749988048125	14.749999852500002
1392	22806528	10	2.0	4.0	10.0	0.0	10	4.0	4.898979485566356	10.0	0.0	-0.008488274583543124	-2.3612468190515092	0.16208677232750154	4.799249988001875	15.471999845280003
1396	22872064	10	4.0	4.898979485566356	10.0	0.0	10	9.0	3.0	10.0	0.0	-0.008504479441119317	-2.394364319492313	0.13828961064685064	4.65449998836375	17.164999828350002
1400	22937600	10	6.0	4.898979485566356	10.0	0.0	10	7.0	4.58257569495584	10.0	0.0	-0.007790248384275791	-2.3191625870831984	0.18232875028278075	4.834749987913125	12.762999872370003
1404	23003136	10	5.0	5.0	10.0	0.0	10	5.0	5.0	10.0	0.0	-0.007950630576569341	-2.3761580534287705	0.17156503425365696	4.65349998836625	10.168999898310002
1408	23068672	10	7.0	4.58257569495584	10.0	0.0	10	7.0	4.58257569495584	10.0	0.0	-0.008418516125283658	-2.2716644652305034	0.21284455213962158	5.237999986905001	6.844999931550001
1412	23134208	10	7.0	4.58257569495584	10.0	0.0	10	7.0	4.58257569495584	10.0	0.0	-0.007614593568900589	-2.27104182269361	0.21110263154195177	4.514749988713126	11.329999886700001
1416	23199744	10	6.0	4.898979485566356	10.0	0.0	10	8.0	4.0	10.0	0.0	-0.00987415397582398	-2.27976650720929	0.25458329160529375	4.714749988213126	6.754999932450001
1420	23265280	10	6.0	4.898979485566356	10.0	0.0	10	7.0	4.58257569495584	10.0	0.0	-0.008209623453749128	-2.295783901968866	0.19149844028233978	4.63349998841625	5.862999941370002
1424	23330816	10	6.0	4.898979485566356	10.0	0.0	10	8.0	4.0	10.0	0.0	-0.009890822464695258	-2.2962979820958926	0.17289441511717507	5.221749986945626	6.6109999338900005
1428	23396352	10	6.0	4.898979485566356	10.0	0.0	10	6.0	4.898979485566356	10.0	0.0	-0.008611376653498504	-2.2678503813964115	0.1802720972149045	5.14949998712625	13.873999861260003
1432	23461888	10	4.0	4.898979485566356	10.0	0.0	10	8.0	4.0	10.0	0.0	-0.009611475804285122	-2.3391194639153534	0.14818243036676143	4.9729999875675	13.697999863020003
1436	23527424	10	4.0	4.898979485566356	10.0	0.0	10	5.0	5.0	10.0	0.0	-0.008611926690428227	-2.3360200844755274	0.1524424766186776	5.040249987399375	15.032999849670002
1440	23592960	10	7.0	4.58257569495584	10.0	0.0	10	7.0	4.58257569495584	10.0	0.0	-0.007760408299671187	-2.3442559711676703	0.11523102020886257	4.809999987975001	12.294999877050001
1444	23658496	10	4.0	4.898979485566356	10.0	0.0	10	7.0	4.58257569495584	10.0	0.0	-0.00876561727545418	-2.3586283249186275	0.16949960129742986	5.0929999872675005	13.818999861810003
1448	23724032	10	5.0	5.0	10.0	0.0	10	8.0	4.0	10.0	0.0	-0.008479779330654118	-2.3706898959988503	0.13209690369531377	4.694749988263125	11.121999888780001
1452	23789568	10	7.0	4.58257569495584	10.0	0.0	10	6.0	4.898979485566356	10.0	0.0	-0.009113841538803931	-2.31957699334301	0.13575413705298317	4.903749987740626	13.736999862630002
1456	23855104	10	4.0	4.898979485566356	10.0	0.0	10	6.0	4.898979485566356	10.0	0.0	-0.010011235753020981	-2.316312484201905	0.14998307298703553	4.608749988478125	13.438999865610002
1460	23920640	10	3.0	4.58257569495584	10.0	0.0	10	7.0	4.58257569495584	10.0	0.0	-0.00875030479710204	-2.3680517546849367	0.13158095308450632	4.9009999877475	15.012999849870003
1464	23986176	10	5.0	5.0	10.0	0.0	10	5.0	5.0	10.0	0.0	-0.008225784723488578	-2.3322356465016276	0.13267838247290517	4.758749988103125	14.596999854030003
1468	24051712	10	6.0	4.898979485566356	10.0	0.0	10	6.0	4.898979485566356	10.0	0.0	-0.00810455900173574	-2.3502291885550424	0.12376039175114063	5.019999987449999	10.966999890330003
1472	24117248	10	5.0	5.0	10.0	0.0	10	5.0	5.0	10.0	0.0	-0.008152124880992217	-2.292377210914718	0.2063542254209391	5.374249986564375	13.210999867890003
1476	24182784	10	3.0	4.58257569495584	10.0	0.0	10	6.0	4.898979485566356	10.0	0.0	-0.008153913689723393	-2.3832189065715683	0.1285714066919121	5.420249986449375	15.964999840350002
1480	24248320	10	6.0	4.898979485566356	10.0	0.0	10	4.0	4.898979485566356	10.0	0.0	-0.008165601681319554	-2.3936816252758146	0.13834718789938785	4.835749987910624	14.603999853960001
1484	24313856	10	4.0	4.898979485566356	10.0	0.0	10	8.0	4.0	10.0	0.0	-0.00902821663867081	-2.3563483578492392	0.13132297595526257	4.589249988526875	15.183999848160001
1488	24379392	10	5.0	5.0	10.0	0.0	10	7.0	4.58257569495584	10.0	0.0	-0.00809497199140684	-2.38434736405808	0.19248787769594905	4.34449998913875	14.526999854730002
1492	24444928	10	7.0	4.58257569495584	10.0	0.0	10	6.0	4.898979485566356	10.0	0.0	-0.008025846368049417	-2.341573302700587	0.17644781733887702	4.644749988388125	14.133999858660003
1496	24510464	10	3.0	4.58257569495584	10.0	0.0	10	8.0	4.0	10.0	0.0	-0.009737816339915937	-2.3606103830064056	0.20296937675274124	3.7392499906518752	8.114999918850001
1500	24576000	10	6.0	4.898979485566356	10.0	0.0	10	6.0	4.898979485566356	10.0	0.0	-0.008126739633616329	-2.3866644946234823	0.17520427857252804	3.6597499908506252	7.422999925770001
1504	24641536	10	7.0	4.58257569495584	10.0	0.0	10	5.0	5.0	10.0	0.0	-0.008919701041102965	-2.3870177788036098	0.1482865101658563	3.8689999903274996	12.197999878020003
1508	24707072	10	7.0	4.58257569495584	10.0	0.0	10	6.0	4.898979485566356	10.0	0.0	-0.0099121378384838	-2.3588238207028898	0.19452799163905507	3.710249990724375	6.273999937260001
1512	24772608	10	7.0	4.58257569495584	10.0	0.0	10	6.0	4.898979485566356	10.0	0.0	-0.008343779498055513	-2.329615138228458	0.19033067842204607	3.77999999055	8.06199991938
1516	24838144	10	9.0	3.0	10.0	0.0	10	7.0	4.58257569495584	10.0	0.0	-0.008734410966098609	-2.3075832523485342	0.18470012650763767	3.6169999909575	5.74899994251
1520	24903680	10	6.0	4.898979485566356	10.0	0.0	10	6.0	4.898979485566356	10.0	0.0	-0.008019239417761313	-2.300124555586591	0.18259322897491723	3.559249991101875	6.702999932970001
1524	24969216	10	8.0	4.0	10.0	0.0	10	6.0	4.898979485566356	10.0	0.0	-0.00895777862901078	-2.3572543683179457	0.1545972424243036	2.9154999927112497	3.965999960340001
