iter	frame	n_test	mean_returns	std_returns	max_returns	min_returns	n_test_train	mean_returns_train	std_returns_train	max_returns_train	min_returns_train	actor_loss	entropy_loss	value_loss	training_time	evaluation_time
0	0	10	1.0	3.0	10.0	0.0	10	3.0	4.58257569495584	10.0	0.0	0	0	0	0.0	30.268999697310004
4	65536	10	1.0	3.0	10.0	0.0	10	6.0	4.898979485566356	10.0	0.0	-0.000651987706010301	-2.6706796856919515	0.35717356907518966	12.9829999675425	12.916999870830002
8	131072	10	5.0	5.0	10.0	0.0	10	3.0	4.58257569495584	10.0	0.0	-0.004007001232404098	-2.586690673956042	1.1919833743323995	12.567499968581249	3.1309999686900003
12	196608	10	1.0	3.0	10.0	0.0	10	4.0	4.898979485566356	10.0	0.0	-0.004920857966471645	-2.5026532384133118	1.6319658953238287	11.171749972070625	2.33599997664
16	262144	10	5.0	5.0	10.0	0.0	10	3.0	4.58257569495584	10.0	0.0	-0.004765410277699817	-2.4251625982380935	1.6548525155350327	11.636249970909375	1.7469999825300004
20	327680	10	3.0	4.58257569495584	10.0	0.0	10	4.0	4.898979485566356	10.0	0.0	-0.004843289461355458	-2.4181267889802065	1.383198751613459	13.428749966428125	4.065999959340001
24	393216	10	5.0	5.0	10.0	0.0	10	3.0	4.58257569495584	10.0	0.0	-0.006242133695758099	-2.414530378825285	1.2462691874497325	10.022749974943126	20.79799979202
28	458752	10	3.0	4.58257569495584	10.0	0.0	10	3.0	4.58257569495584	10.0	0.0	-0.005264766430079374	-2.3900066164626574	1.1685947420720895	10.27349997431625	17.580999824190002
32	524288	10	6.0	4.898979485566356	10.0	0.0	10	3.0	4.58257569495584	10.0	0.0	-0.005589825059384066	-2.3729226636401624	1.1778282459840135	11.663499970841249	2.7489999725100005
36	589824	10	5.0	5.0	10.0	0.0	10	4.0	4.898979485566356	10.0	0.0	-0.006219488765619644	-2.349397529913632	1.1926925634343792	13.4089999664775	5.246999947530001
40	655360	10	2.0	4.0	10.0	0.0	10	6.0	4.898979485566356	10.0	0.0	-0.005856384511688933	-2.2958402879628177	1.1363927335846826	11.165499972086252	2.39199997608
44	720896	10	4.0	4.898979485566356	10.0	0.0	10	4.0	4.898979485566356	10.0	0.0	-0.00720173224227301	-2.2715377929427345	1.0799951012052638	11.691249970771876	1.15199998848
48	786432	10	0.0	0.0	0.0	0.0	10	3.0	4.58257569495584	10.0	0.0	-0.006623886267857127	-2.225969818499277	1.0281417368771548	12.97149996757125	2.9429999705700007
52	851968	10	5.0	5.0	10.0	0.0	10	4.0	4.898979485566356	10.0	0.0	-0.006570726161875522	-2.2374988071773263	0.903981433466286	12.26049996934875	6.960999930390002
56	917504	10	2.0	4.0	10.0	0.0	10	4.0	4.898979485566356	10.0	0.0	-0.006333661582728312	-2.2402273190668174	0.8266796034210089	12.546749968633124	7.402999925970001
60	983040	10	7.0	4.58257569495584	10.0	0.0	10	4.0	4.898979485566356	10.0	0.0	-0.006289572565898476	-2.2276299096807004	0.8054850684260713	13.402249966494374	3.828999961710001
64	1048576	10	8.0	4.0	10.0	0.0	10	5.0	5.0	10.0	0.0	-0.005863761790650104	-2.223237226175146	0.7163300327210499	11.295249971761875	2.6309999736900003
68	1114112	10	5.0	5.0	10.0	0.0	10	5.0	5.0	10.0	0.0	-0.007715648606896418	-2.2836224558557516	0.5069621406588367	11.677749970805625	7.624999923750001
72	1179648	10	4.0	4.898979485566356	10.0	0.0	10	5.0	5.0	10.0	0.0	-0.007880290258766869	-2.3128225378766487	0.4463422996458387	13.014249967464377	10.74499989255
76	1245184	10	5.0	5.0	10.0	0.0	10	0.0	0.0	0.0	0.0	-0.0061262717735780904	-2.2857122443718967	0.45855874656579554	12.668999968327501	27.229999727700005
80	1310720	10	4.0	4.898979485566356	10.0	0.0	10	5.0	5.0	10.0	0.0	-0.008250039572026345	-2.291484159489195	0.2914228813108723	13.005249967486876	14.146999858530002
84	1376256	10	6.0	4.898979485566356	10.0	0.0	10	6.0	4.898979485566356	10.0	0.0	-0.0074792601339838385	-2.311157472190914	0.2614007020717761	11.76549997058625	19.366999806330004
88	1441792	10	4.0	4.898979485566356	10.0	0.0	10	6.0	4.898979485566356	10.0	0.0	-0.007607540402321946	-2.267250085634253	0.2814097233444373	12.244499969388748	30.110999698890005
92	1507328	10	2.0	4.0	10.0	0.0	10	1.0	3.0	10.0	0.0	-0.007903600406669388	-2.386971691995569	0.18600717635129463	10.592749973518124	33.76699966233001
96	1572864	10	7.0	4.58257569495584	10.0	0.0	10	3.0	4.58257569495584	10.0	0.0	-0.006773535066917438	-2.401365038999119	0.28735125993179184	10.980999972547501	20.371999796280004
100	1638400	10	5.0	5.0	10.0	0.0	10	5.0	5.0	10.0	0.0	-0.0083910821792466	-2.36681562885823	0.3017734732785391	11.002749972493126	30.021999699780004
104	1703936	10	4.0	4.898979485566356	10.0	0.0	10	4.0	4.898979485566356	10.0	0.0	-0.007699461359562969	-2.3792397104208853	0.27973287999820495	11.87449997031375	28.472999715270003
108	1769472	10	4.0	4.898979485566356	10.0	0.0	10	4.0	4.898979485566356	10.0	0.0	-0.007923139372383845	-2.3679321405805194	0.30469023045082977	12.17149996957125	20.615999793840004
112	1835008	10	6.0	4.898979485566356	10.0	0.0	10	2.0	4.0	10.0	0.0	-0.008235455712920253	-2.3413626872047684	0.2719705087470331	11.861249970346876	14.924999850750003
116	1900544	10	6.0	4.898979485566356	10.0	0.0	10	7.0	4.58257569495584	10.0	0.0	-0.007573125364129705	-2.4358536921387732	0.2194585851165037	11.904749970238125	28.705999712940002
120	1966080	10	2.0	4.0	10.0	0.0	10	3.0	4.58257569495584	10.0	0.0	-0.007567425956161318	-2.399630079416812	0.2088682896550482	11.260249971849374	30.763999692360006
124	2031616	10	5.0	5.0	10.0	0.0	10	3.0	4.58257569495584	10.0	0.0	-0.007683773909884583	-2.4173050048416127	0.1957521543168514	10.6709999733225	22.218999777810005
128	2097152	10	3.0	4.58257569495584	10.0	0.0	10	5.0	5.0	10.0	0.0	-0.006994500452370238	-2.3832023141285807	0.23588793039348258	11.774999970562499	26.349999736500006
132	2162688	10	3.0	4.58257569495584	10.0	0.0	10	4.0	4.898979485566356	10.0	0.0	-0.008258532307434018	-2.459612607699723	0.21684006133651998	11.720249970699374	8.693999913060003
136	2228224	10	4.0	4.898979485566356	10.0	0.0	10	4.0	4.898979485566356	10.0	0.0	-0.007999047260228067	-2.4882711020500317	0.1807271187626316	12.98399996754	21.840999781590003
140	2293760	10	3.0	4.58257569495584	10.0	0.0	10	7.0	4.58257569495584	10.0	0.0	-0.0057501279607168635	-2.4464774675602396	0.23303900788594192	13.041999967395	20.621999793780002
144	2359296	10	3.0	4.58257569495584	10.0	0.0	10	4.0	4.898979485566356	10.0	0.0	-0.007160011707292093	-2.4220989592333875	0.2356449177553662	13.133999967165002	21.24899978751
148	2424832	10	4.0	4.898979485566356	10.0	0.0	10	5.0	5.0	10.0	0.0	-0.005975596088303306	-2.454485373936721	0.22128260661095064	12.677249968306876	21.25799978742
152	2490368	10	2.0	4.0	10.0	0.0	10	4.0	4.898979485566356	10.0	0.0	-0.006816155082457039	-2.4639015071010997	0.1664978571373139	12.896749967758126	20.529999794700004
156	2555904	10	7.0	4.58257569495584	10.0	0.0	10	6.0	4.898979485566356	10.0	0.0	-0.00686979750560554	-2.4383725695255576	0.2407314550501679	12.989749967525626	9.436999905630001
160	2621440	10	2.0	4.0	10.0	0.0	10	5.0	5.0	10.0	0.0	-0.007510913896542742	-2.4155964948204223	0.22195447715170818	12.44049996889875	16.290999837090002
164	2686976	10	2.0	4.0	10.0	0.0	10	5.0	5.0	10.0	0.0	-0.008031757225047327	-2.4589175753217574	0.17436818124772724	11.050749972373126	28.461999715380003
168	2752512	10	4.0	4.898979485566356	10.0	0.0	10	5.0	5.0	10.0	0.0	-0.008374954849424097	-2.393075977513261	0.11704694005062355	11.201999971995	28.438999715610006
172	2818048	10	1.0	3.0	10.0	0.0	10	4.0	4.898979485566356	10.0	0.0	-0.00825907908837271	-2.3764239994196235	0.155256903985796	11.663749970840625	25.764999742350003
176	2883584	10	3.0	4.58257569495584	10.0	0.0	10	2.0	4.0	10.0	0.0	-0.007309269708605689	-2.419800974176591	0.1355756937850603	11.851249970371876	24.943999750560003
180	2949120	10	3.0	4.58257569495584	10.0	0.0	10	4.0	4.898979485566356	10.0	0.0	-0.005858362188515178	-2.3848497964441084	0.1706302217030109	11.94349997014125	24.407999755920006
184	3014656	10	4.0	4.898979485566356	10.0	0.0	10	4.0	4.898979485566356	10.0	0.0	-0.007212639613354063	-2.279255069554848	0.2779395566032389	11.734749970663126	21.505999784940002
188	3080192	10	5.0	5.0	10.0	0.0	10	6.0	4.898979485566356	10.0	0.0	-0.006652995926352877	-2.254716922604616	0.25624430037228346	11.70049997074875	26.363999736360004
192	3145728	10	6.0	4.898979485566356	10.0	0.0	10	6.0	4.898979485566356	10.0	0.0	-0.006046067293307286	-2.2466792809609757	0.32430029610519073	11.71149997072125	21.346999786530006
196	3211264	10	7.0	4.58257569495584	10.0	0.0	10	3.0	4.58257569495584	10.0	0.0	-0.007853072288617629	-2.2810300735243327	0.19267283610855218	11.9489999701275	25.994999740050005
200	3276800	10	4.0	4.898979485566356	10.0	0.0	10	3.0	4.58257569495584	10.0	0.0	-0.008451808482003489	-2.3170728035341077	0.23718857203933494	12.604999968487501	25.052999749470004
204	3342336	10	5.0	5.0	10.0	0.0	10	2.0	4.0	10.0	0.0	-0.007637771818243491	-2.3657478116471897	0.1904154765066092	12.180999969547502	24.795999752040004
208	3407872	10	5.0	5.0	10.0	0.0	10	7.0	4.58257569495584	10.0	0.0	-0.007415370973665054	-2.4183975654308125	0.20845027126063148	12.291749969270626	20.74599979254
212	3473408	10	5.0	5.0	10.0	0.0	10	4.0	4.898979485566356	10.0	0.0	-0.00704353874776639	-2.4697737368355446	0.15546677818765056	11.916249970209375	25.162999748370005
216	3538944	10	4.0	4.898979485566356	10.0	0.0	10	3.0	4.58257569495584	10.0	0.0	-0.0076491190646180195	-2.4821545404590437	0.1359101761146126	12.210249969474374	28.347999716520004
220	3604480	10	5.0	5.0	10.0	0.0	10	6.0	4.898979485566356	10.0	0.0	-0.0067230720323065325	-2.4846932438407947	0.1596965041466103	11.684999970787501	22.113999778860006
224	3670016	10	2.0	4.0	10.0	0.0	10	4.0	4.898979485566356	10.0	0.0	-0.006809448065923877	-2.4539312916424736	0.1492424951322757	10.821999972945	31.878999681210008
228	3735552	10	4.0	4.898979485566356	10.0	0.0	10	1.0	3.0	10.0	0.0	-0.007204652564276481	-2.4280332547877252	0.14961567612669036	12.078999969802501	25.479999745200004
232	3801088	10	4.0	4.898979485566356	10.0	0.0	10	3.0	4.58257569495584	10.0	0.0	-0.0077256671469954135	-2.335256245985757	0.16904409926486455	11.720249970699376	27.996999720030004
236	3866624	10	4.0	4.898979485566356	10.0	0.0	10	5.0	5.0	10.0	0.0	-0.00676466775551055	-2.3396729228443576	0.1886017209809012	11.281249971796875	17.08899982911
240	3932160	10	6.0	4.898979485566356	10.0	0.0	10	5.0	5.0	10.0	0.0	-0.00736758500154141	-2.353596744192846	0.151697575254086	12.02449996993875	31.151999688480007
244	3997696	10	4.0	4.898979485566356	10.0	0.0	10	6.0	4.898979485566356	10.0	0.0	-0.008103710079381194	-2.3380284008928536	0.1792629731942742	11.594249971014374	21.542999784570004
248	4063232	10	5.0	5.0	10.0	0.0	10	8.0	4.0	10.0	0.0	-0.007356562602421127	-2.349903203302219	0.08983565606017166	11.188499972028751	31.172999688270004
252	4128768	10	3.0	4.58257569495584	10.0	0.0	10	7.0	4.58257569495584	10.0	0.0	-0.006770242679120129	-2.3064660651069375	0.2164864018333949	10.837499972906251	28.867999711320003
256	4194304	10	3.0	4.58257569495584	10.0	0.0	10	6.0	4.898979485566356	10.0	0.0	-0.007700114411925902	-2.3500651242867883	0.212206204244493	11.430749971423126	27.564999724350006
260	4259840	10	5.0	5.0	10.0	0.0	10	2.0	4.0	10.0	0.0	-0.007146162358532394	-2.3379351643272734	0.2316644741757047	11.457999971355001	15.785999842140003
264	4325376	10	4.0	4.898979485566356	10.0	0.0	10	4.0	4.898979485566356	10.0	0.0	-0.007857920816998872	-2.3254994747600493	0.20792695893292354	12.55949996860125	24.247999757520006
268	4390912	10	4.0	4.898979485566356	10.0	0.0	10	3.0	4.58257569495584	10.0	0.0	-0.0064923952516041114	-2.348204234991245	0.15989655813399317	12.114749969713126	26.713999732860003
272	4456448	10	6.0	4.898979485566356	10.0	0.0	10	6.0	4.898979485566356	10.0	0.0	-0.007986133718458096	-2.3672763851799297	0.11946288867540499	11.418999971452498	30.994999690050005
276	4521984	10	5.0	5.0	10.0	0.0	10	6.0	4.898979485566356	10.0	0.0	-0.006648207155411513	-2.393969937909617	0.15004578995662832	11.701249970746876	28.240999717590004
280	4587520	10	4.0	4.898979485566356	10.0	0.0	10	4.0	4.898979485566356	10.0	0.0	-0.007423005097567958	-2.419952953603118	0.18061904646126997	11.838749970403127	25.480999745190005
284	4653056	10	4.0	4.898979485566356	10.0	0.0	10	6.0	4.898979485566356	10.0	0.0	-0.006765067672457474	-2.40781550084305	0.22895492673018805	12.428749968928127	12.351999876480003
288	4718592	10	4.0	4.898979485566356	10.0	0.0	10	6.0	4.898979485566356	10.0	0.0	-0.00785836340379922	-2.4047076525766133	0.1472903042878265	13.3249999666875	12.294999877050001
292	4784128	10	7.0	4.58257569495584	10.0	0.0	10	6.0	4.898979485566356	10.0	0.0	-0.007414635917621838	-2.4024814712485485	0.23087841456213656	13.489749966275625	12.577999874220001
296	4849664	10	5.0	5.0	10.0	0.0	10	2.0	4.0	10.0	0.0	-0.006954357597233108	-2.377770629774205	0.2585858943758014	13.495749966260627	11.876999881230002
300	4915200	10	5.0	5.0	10.0	0.0	10	6.0	4.898979485566356	10.0	0.0	-0.006946495648545412	-2.33004691924222	0.3645498056826732	12.497499968756252	14.19699985803
304	4980736	10	5.0	5.0	10.0	0.0	10	8.0	4.0	10.0	0.0	-0.007700241914594461	-2.397110419719065	0.2658239351308607	12.715999968210001	17.24599982754
308	5046272	10	3.0	4.58257569495584	10.0	0.0	10	8.0	4.0	10.0	0.0	-0.008013161291348507	-2.454915595295611	0.18957578664378227	11.507249971231875	22.340999776590003
312	5111808	10	3.0	4.58257569495584	10.0	0.0	10	3.0	4.58257569495584	10.0	0.0	-0.007373022867937424	-2.454503836475438	0.19717783424501556	12.26399996934	21.098999789010005
316	5177344	10	4.0	4.898979485566356	10.0	0.0	10	7.0	4.58257569495584	10.0	0.0	-0.006847595351442331	-2.4234866398035275	0.3238470467091025	10.49749997375625	21.166999788330006
320	5242880	10	5.0	5.0	10.0	0.0	10	5.0	5.0	10.0	0.0	-0.007743623882967255	-2.3809192799035137	0.28099118511680354	11.384249971539376	3.5129999648700005
324	5308416	10	5.0	5.0	10.0	0.0	10	5.0	5.0	10.0	0.0	-0.00755494650772384	-2.410785401609749	0.23655807690093425	13.623999965940001	11.31199988688
328	5373952	10	3.0	4.58257569495584	10.0	0.0	10	5.0	5.0	10.0	0.0	-0.007526894298102518	-2.398646053918683	0.14583049418127392	14.004499964988751	11.32799988672
332	5439488	10	3.0	4.58257569495584	10.0	0.0	10	7.0	4.58257569495584	10.0	0.0	-0.00855683872125152	-2.3793450119599773	0.13124777577071156	13.97949996505125	23.136999768630005
336	5505024	10	6.0	4.898979485566356	10.0	0.0	10	3.0	4.58257569495584	10.0	0.0	-0.008219804238001626	-2.3695709578708133	0.10066165343275403	12.602999968492501	25.531999744680004
340	5570560	10	5.0	5.0	10.0	0.0	10	3.0	4.58257569495584	10.0	0.0	-0.0077354175292512475	-2.3765783754495753	0.10030924508389762	11.554249971114375	20.415999795840005
344	5636096	10	5.0	5.0	10.0	0.0	10	4.0	4.898979485566356	10.0	0.0	-0.006690330257000587	-2.3928022357315784	0.11549014596928156	10.941999972645	29.162999708370005
348	5701632	10	3.0	4.58257569495584	10.0	0.0	10	8.0	4.0	10.0	0.0	-0.007155593646391133	-2.396278395999205	0.13523322668380514	11.6669999708325	29.861999701380004
352	5767168	10	4.0	4.898979485566356	10.0	0.0	10	6.0	4.898979485566356	10.0	0.0	-0.006643033338367929	-2.4426593455114647	0.11583766122694168	10.358499974103749	30.676999693230005
356	5832704	10	4.0	4.898979485566356	10.0	0.0	10	4.0	4.898979485566356	10.0	0.0	-0.006283631115924121	-2.4707398958414037	0.12765662879129422	11.932249970169375	29.043999709560005
360	5898240	10	5.0	5.0	10.0	0.0	10	5.0	5.0	10.0	0.0	-0.006678714060916175	-2.5264551537584086	0.11107166513885387	10.926249972684374	30.759999692400008
364	5963776	10	4.0	4.898979485566356	10.0	0.0	10	5.0	5.0	10.0	0.0	-0.006721707467686561	-2.502386753497129	0.16327908625677617	11.566249971084375	29.190999708090004
368	6029312	10	4.0	4.898979485566356	10.0	0.0	10	2.0	4.0	10.0	0.0	-0.006018294726628218	-2.53028252446123	0.15178492640426675	11.961749970095628	28.062999719370005
372	6094848	10	5.0	5.0	10.0	0.0	10	4.0	4.898979485566356	10.0	0.0	-0.006379802757937164	-2.497123780089773	0.2380071497895252	12.580749968548126	21.08599978914
376	6160384	10	4.0	4.898979485566356	10.0	0.0	10	5.0	5.0	10.0	0.0	-0.0074259268699123126	-2.438618629916799	0.28497280705235245	12.9999999675	7.905999920940001
380	6225920	10	5.0	5.0	10.0	0.0	10	3.0	4.58257569495584	10.0	0.0	-0.007901566113191632	-2.384151552865906	0.2817298539931163	11.92249997019375	28.928999710710002
384	6291456	10	2.0	4.0	10.0	0.0	10	5.0	5.0	10.0	0.0	-0.007211103168787389	-2.4538923698094393	0.17167209575958436	13.140749967148125	21.002999789970005
388	6356992	10	7.0	4.58257569495584	10.0	0.0	10	5.0	5.0	10.0	0.0	-0.007386843660988809	-2.4743649038081803	0.14388979775884456	11.911249970221876	25.593999744060007
392	6422528	10	6.0	4.898979485566356	10.0	0.0	10	3.0	4.58257569495584	10.0	0.0	-0.008425807562496905	-2.4656848855231743	0.1769806018380495	12.79249996801875	23.244999767550006
396	6488064	10	3.0	4.58257569495584	10.0	0.0	10	5.0	5.0	10.0	0.0	-0.007700445580774657	-2.448297669235147	0.17622401338408047	13.031749967420625	21.885999781140004
400	6553600	10	4.0	4.898979485566356	10.0	0.0	10	4.0	4.898979485566356	10.0	0.0	-0.008027309550998882	-2.5039644362901052	0.11092833703935724	13.164249967089376	20.593999794060004
404	6619136	10	6.0	4.898979485566356	10.0	0.0	10	2.0	4.0	10.0	0.0	-0.007094276950605619	-2.497121641773142	0.16077216899210395	13.447249966381875	21.186999788130006
408	6684672	10	3.0	4.58257569495584	10.0	0.0	10	5.0	5.0	10.0	0.0	-0.0066481525881547324	-2.4812616281110254	0.18234929168870476	12.575999968560001	21.954999780450002
412	6750208	10	4.0	4.898979485566356	10.0	0.0	10	6.0	4.898979485566356	10.0	0.0	-0.00765488278962639	-2.451170665267086	0.20586465281463018	12.850249967874374	25.101999748980003
416	6815744	10	1.0	3.0	10.0	0.0	10	2.0	4.0	10.0	0.0	-0.007396595777347874	-2.478335750341542	0.14734893368263974	12.049749969875625	28.234999717650005
420	6881280	10	4.0	4.898979485566356	10.0	0.0	10	4.0	4.898979485566356	10.0	0.0	-0.008421729334897559	-2.5038747635855767	0.162335788891815	11.702999970742502	28.435999715640005
424	6946816	10	7.0	4.58257569495584	10.0	0.0	10	5.0	5.0	10.0	0.0	-0.007345077838022386	-2.4904914570240706	0.19433979536710627	12.030749969923125	24.8299997517
428	7012352	10	6.0	4.898979485566356	10.0	0.0	10	4.0	4.898979485566356	10.0	0.0	-0.006736573570889756	-2.502074087398885	0.14098289747185197	13.504999966237499	19.08299980917
432	7077888	10	2.0	4.0	10.0	0.0	10	8.0	4.0	10.0	0.0	-0.0065050971648709386	-2.491223066785709	0.18558326202529438	13.32749996668125	17.099999829000005
436	7143424	10	6.0	4.898979485566356	10.0	0.0	10	7.0	4.58257569495584	10.0	0.0	-0.007724068682166043	-2.4614031188109546	0.18642556013460143	13.710249965724376	17.382999826170003
440	7208960	10	4.0	4.898979485566356	10.0	0.0	10	1.0	3.0	10.0	0.0	-0.00769793788802872	-2.465754260362632	0.18575803421365406	13.615999965960002	17.872999821270003
444	7274496	10	3.0	4.58257569495584	10.0	0.0	10	4.0	4.898979485566356	10.0	0.0	-0.008129885698268054	-2.467244590065172	0.18102245124033928	13.703749965740625	21.729999782700006
448	7340032	10	3.0	4.58257569495584	10.0	0.0	10	4.0	4.898979485566356	10.0	0.0	-0.00844509054061997	-2.4674986374788124	0.11570385411573456	13.381249966546875	20.609999793900002
452	7405568	10	6.0	4.898979485566356	10.0	0.0	10	3.0	4.58257569495584	10.0	0.0	-0.008020157493242336	-2.462704968692627	0.11515319229766757	13.662249965844376	24.129999758700002
456	7471104	10	6.0	4.898979485566356	10.0	0.0	10	6.0	4.898979485566356	10.0	0.0	-0.006831994716064868	-2.4811357729035954	0.13232397814455113	12.760999968097499	23.164999768350004
460	7536640	10	4.0	4.898979485566356	10.0	0.0	10	6.0	4.898979485566356	10.0	0.0	-0.0070513958821954645	-2.4428107562103394	0.1643324506608332	13.23349996691625	21.443999785560003
464	7602176	10	5.0	5.0	10.0	0.0	10	4.0	4.898979485566356	10.0	0.0	-0.006781666909976846	-2.4470221348041403	0.1912798524324525	12.821249967946875	18.500999814990003
468	7667712	10	4.0	4.898979485566356	10.0	0.0	10	2.0	4.0	10.0	0.0	-0.00798646125781666	-2.4769512412352093	0.13285610117186508	13.041999967394998	24.844999751550002
472	7733248	10	5.0	5.0	10.0	0.0	10	3.0	4.58257569495584	10.0	0.0	-0.006990811350260014	-2.4874527004750284	0.11542810288918165	12.85349996786625	20.954999790450003
476	7798784	10	5.0	5.0	10.0	0.0	10	6.0	4.898979485566356	10.0	0.0	-0.0072558668997186335	-2.461263201874413	0.131425018602641	13.730499965673749	23.364999766350003
480	7864320	10	6.0	4.898979485566356	10.0	0.0	10	6.0	4.898979485566356	10.0	0.0	-0.007220405730404032	-2.437165605271304	0.13414244689978325	12.50799996873	17.8299998217
484	7929856	10	7.0	4.58257569495584	10.0	0.0	10	5.0	5.0	10.0	0.0	-0.008305536462147526	-2.435388746107251	0.18893874457931847	13.101249967246874	17.662999823370004
488	7995392	10	5.0	5.0	10.0	0.0	10	4.0	4.898979485566356	10.0	0.0	-0.007223747286697574	-2.3745377756665262	0.24980000574644065	13.616749965958126	5.255999947440001
492	8060928	10	2.0	4.0	10.0	0.0	10	5.0	5.0	10.0	0.0	-0.008386256026860339	-2.4092402406010756	0.22455015745158413	12.854749967863125	22.217999777820005
496	8126464	10	5.0	5.0	10.0	0.0	10	3.0	4.58257569495584	10.0	0.0	-0.007249835648662754	-2.391373862573749	0.20684642327036515	13.02249996744375	12.043999879560003
500	8192000	10	4.0	4.898979485566356	10.0	0.0	10	5.0	5.0	10.0	0.0	-0.008391587324730509	-2.403069525706788	0.18077840413567325	11.807749970480623	20.068999799310003
504	8257536	10	4.0	4.898979485566356	10.0	0.0	10	4.0	4.898979485566356	10.0	0.0	-0.007606218939262217	-2.4162113440500117	0.16996701059955124	11.388999971527502	28.727999712720006
508	8323072	10	7.0	4.58257569495584	10.0	0.0	10	2.0	4.0	10.0	0.0	-0.006717296617259597	-2.4220281737506704	0.23535780839033021	11.334749971663125	21.673999783260005
512	8388608	10	4.0	4.898979485566356	10.0	0.0	10	4.0	4.898979485566356	10.0	0.0	-0.007479985871950671	-2.4023225180785834	0.23369612899347658	10.285999974285001	32.06099967939001
516	8454144	10	6.0	4.898979485566356	10.0	0.0	10	6.0	4.898979485566356	10.0	0.0	-0.007548200087029562	-2.3443654276472086	0.27576138557477226	10.445999973885002	14.417999855820002
520	8519680	10	5.0	5.0	10.0	0.0	10	8.0	4.0	10.0	0.0	-0.007307623891844171	-2.4057550651309274	0.23519643300556922	10.725249973186875	7.153999928460001
524	8585216	10	5.0	5.0	10.0	0.0	10	3.0	4.58257569495584	10.0	0.0	-0.008630401592210126	-2.4334828900742833	0.1476560507281543	12.738249968154376	25.776999742230004
528	8650752	10	7.0	4.58257569495584	10.0	0.0	10	4.0	4.898979485566356	10.0	0.0	-0.007377018884491698	-2.479092838605293	0.13129053892131465	11.649749970875625	27.42299972577
532	8716288	10	8.0	4.0	10.0	0.0	10	4.0	4.898979485566356	10.0	0.0	-0.008566601773374876	-2.4519061170447856	0.1732932161359279	11.226249971934376	14.237999857620002
536	8781824	10	4.0	4.898979485566356	10.0	0.0	10	4.0	4.898979485566356	10.0	0.0	-0.007134053523122553	-2.4196972993475954	0.2562557180766062	12.552249968619376	17.250999827490006
540	8847360	10	3.0	4.58257569495584	10.0	0.0	10	8.0	4.0	10.0	0.0	-0.00832821041850622	-2.4176600870951908	0.1890230586089735	11.73949997065125	3.5199999648000007
544	8912896	10	5.0	5.0	10.0	0.0	10	4.0	4.898979485566356	10.0	0.0	-0.007689606353887293	-2.437384369218768	0.17417271650755073	12.073249969816873	9.79599990204
548	8978432	10	5.0	5.0	10.0	0.0	10	2.0	4.0	10.0	0.0	-0.007971004674273348	-2.4664341804796215	0.14833730449907054	10.8269999729325	29.706999702930005
552	9043968	10	4.0	4.898979485566356	10.0	0.0	10	6.0	4.898979485566356	10.0	0.0	-0.007338418811280322	-2.4451592884894273	0.13038172571493037	11.683499970791251	27.058999729410004
556	9109504	10	3.0	4.58257569495584	10.0	0.0	10	7.0	4.58257569495584	10.0	0.0	-0.0069213067222705085	-2.4519927151430543	0.18282822478831218	11.511749971220626	16.397999836020002
560	9175040	10	6.0	4.898979485566356	10.0	0.0	10	5.0	5.0	10.0	0.0	-0.008424884806149818	-2.4801712654431016	0.1329685279495341	11.063749972340624	28.075999719240006
564	9240576	10	6.0	4.898979485566356	10.0	0.0	10	7.0	4.58257569495584	10.0	0.0	-0.00791930024609093	-2.4567219438576635	0.15352164339227187	11.05349997236625	13.790999862090002
568	9306112	10	3.0	4.58257569495584	10.0	0.0	10	3.0	4.58257569495584	10.0	0.0	-0.0072182714349521785	-2.3973391475763126	0.16295747697828974	11.492749971268124	27.01899972981
572	9371648	10	2.0	4.0	10.0	0.0	10	7.0	4.58257569495584	10.0	0.0	-0.007385631425817433	-2.4195607202711606	0.1367832148926032	11.472999971317499	10.17099989829
576	9437184	10	3.0	4.58257569495584	10.0	0.0	10	3.0	4.58257569495584	10.0	0.0	-0.006761320385726875	-2.3848632248738695	0.19031592340088777	11.881499970296248	26.160999738390007
580	9502720	10	3.0	4.58257569495584	10.0	0.0	10	4.0	4.898979485566356	10.0	0.0	-0.006927338063063199	-2.3647374458631267	0.22644070401602084	12.382749969043125	25.374999746250005
584	9568256	10	2.0	4.0	10.0	0.0	10	6.0	4.898979485566356	10.0	0.0	-0.008001944197303767	-2.380379167447884	0.1711321258351137	12.163249969591876	27.121999728780004
588	9633792	10	5.0	5.0	10.0	0.0	10	4.0	4.898979485566356	10.0	0.0	-0.007375560147152335	-2.417327821002925	0.15247054644824296	12.98049996754875	26.142999738570005
592	9699328	10	6.0	4.898979485566356	10.0	0.0	10	6.0	4.898979485566356	10.0	0.0	-0.006926004463706171	-2.46072504892148	0.13153820091574858	12.179249969551877	22.94399977056
596	9764864	10	4.0	4.898979485566356	10.0	0.0	10	7.0	4.58257569495584	10.0	0.0	-0.006735919937662873	-2.384635294228745	0.28619104046497806	12.1049999697375	17.608999823910004
600	9830400	10	3.0	4.58257569495584	10.0	0.0	10	5.0	5.0	10.0	0.0	-0.006750468150639959	-2.2754571708653377	0.3794504433164613	11.830249970424374	28.347999716520004
604	9895936	10	6.0	4.898979485566356	10.0	0.0	10	6.0	4.898979485566356	10.0	0.0	-0.006298369351448217	-2.2446088838225955	0.4120176288180518	11.842749970393124	24.264999757350004
608	9961472	10	4.0	4.898979485566356	10.0	0.0	10	6.0	4.898979485566356	10.0	0.0	-0.007541776054315858	-2.2251015526718705	0.3601775178310599	12.641749968395628	8.59699991403
612	10027008	10	5.0	5.0	10.0	0.0	10	7.0	4.58257569495584	10.0	0.0	-0.007348619158157523	-2.26314303752054	0.42413103855453593	11.287749971780624	6.359999936400001
616	10092544	10	4.0	4.898979485566356	10.0	0.0	10	2.0	4.0	10.0	0.0	-0.00857077199454431	-2.3105771489518068	0.3354800875570102	10.964749972588125	20.737999792620002
620	10158080	10	4.0	4.898979485566356	10.0	0.0	10	5.0	5.0	10.0	0.0	-0.007534408436613738	-2.2669903559111444	0.328082406393536	11.427499971431251	5.964999940350001
624	10223616	10	5.0	5.0	10.0	0.0	10	4.0	4.898979485566356	10.0	0.0	-0.008390591934923884	-2.3066781881035636	0.27829440602617334	12.180999969547502	25.301999746980005
628	10289152	10	6.0	4.898979485566356	10.0	0.0	10	7.0	4.58257569495584	10.0	0.0	-0.006279723465875062	-2.381812564780562	0.24839291812127243	13.012749967468126	23.80699976193
632	10354688	10	5.0	5.0	10.0	0.0	10	4.0	4.898979485566356	10.0	0.0	-0.008929758014022736	-2.429693924630908	0.2041252064306	12.010749969973126	23.736999762630003
636	10420224	10	5.0	5.0	10.0	0.0	10	3.0	4.58257569495584	10.0	0.0	-0.008768229303006973	-2.443364508195514	0.12896534449940125	13.04249996739375	21.367999786320002
640	10485760	10	6.0	4.898979485566356	10.0	0.0	10	4.0	4.898979485566356	10.0	0.0	-0.007582473931626337	-2.457561460378076	0.18254013505104608	12.78949996802625	28.122999718770007
644	10551296	10	2.0	4.0	10.0	0.0	10	3.0	4.58257569495584	10.0	0.0	-0.008150037711917826	-2.438106427336083	0.16562496946641103	11.907999970230001	27.752999722470005
648	10616832	10	8.0	4.0	10.0	0.0	10	8.0	4.0	10.0	0.0	-0.008100220163886595	-2.414021007465195	0.18897188778860852	11.369749971575626	10.865999891340001
652	10682368	10	7.0	4.58257569495584	10.0	0.0	10	5.0	5.0	10.0	0.0	-0.0070449829453171214	-2.3746672146032233	0.25135350799053274	10.78549997303625	16.194999838050002
656	10747904	10	7.0	4.58257569495584	10.0	0.0	10	7.0	4.58257569495584	10.0	0.0	-0.007201138495027925	-2.291583426058004	0.2977531638928039	10.66149997334625	16.462999835370002
660	10813440	10	5.0	5.0	10.0	0.0	10	8.0	4.0	10.0	0.0	-0.00818109978390233	-2.35000565375247	0.25016179197035093	12.041999969895	15.535999844640003
664	10878976	10	4.0	4.898979485566356	10.0	0.0	10	5.0	5.0	10.0	0.0	-0.008283181049638466	-2.424011130875174	0.15408351821772073	12.723749968190626	26.317999736820006
668	10944512	10	5.0	5.0	10.0	0.0	10	5.0	5.0	10.0	0.0	-0.007300064265258611	-2.428276508793609	0.1907420384033265	12.207749969480624	28.172999718270002
672	11010048	10	6.0	4.898979485566356	10.0	0.0	10	7.0	4.58257569495584	10.0	0.0	-0.0077273158644387005	-2.3678630463795973	0.23905167990047096	11.093999972265	29.283999707160003
676	11075584	10	3.0	4.58257569495584	10.0	0.0	10	5.0	5.0	10.0	0.0	-0.006348640485102388	-2.3687717241561574	0.2132495930196237	10.942499972643748	10.703999892960002
680	11141120	10	2.0	4.0	10.0	0.0	10	3.0	4.58257569495584	10.0	0.0	-0.007528669883993391	-2.2956884997678593	0.3330089584577396	11.683499970791251	27.946999720530005
684	11206656	10	4.0	4.898979485566356	10.0	0.0	10	5.0	5.0	10.0	0.0	-0.008436202388445157	-2.377692612261256	0.22866267599887943	11.022749972443126	4.290999957090001
688	11272192	10	7.0	4.58257569495584	10.0	0.0	10	7.0	4.58257569495584	10.0	0.0	-0.008377550806811842	-2.3115493106420995	0.30320417955463796	12.049749969875625	27.266999727330003
692	11337728	10	5.0	5.0	10.0	0.0	10	4.0	4.898979485566356	10.0	0.0	-0.007164138649852981	-2.334798484797456	0.22658520934605678	11.3929999715175	27.526999724730004
696	11403264	10	5.0	5.0	10.0	0.0	10	6.0	4.898979485566356	10.0	0.0	-0.008108541754219285	-2.2954945065173504	0.2796838452437749	11.690249970774374	22.327999776720002
700	11468800	10	4.0	4.898979485566356	10.0	0.0	10	6.0	4.898979485566356	10.0	0.0	-0.007125268376679673	-2.3134293131603987	0.23850343979273347	11.504249971239375	24.432999755670004
704	11534336	10	3.0	4.58257569495584	10.0	0.0	10	2.0	4.0	10.0	0.0	-0.007244686806343677	-2.3147479069801977	0.2146520393987418	10.475249973811874	31.277999687220003
708	11599872	10	6.0	4.898979485566356	10.0	0.0	10	5.0	5.0	10.0	0.0	-0.008971878355598553	-2.343765496963499	0.17300976764471193	12.155749969610625	26.245999737540004
712	11665408	10	5.0	5.0	10.0	0.0	10	4.0	4.898979485566356	10.0	0.0	-0.007911857396199746	-2.3894653814528843	0.19933852799643856	11.90449997023875	23.816999761830004
716	11730944	10	5.0	5.0	10.0	0.0	10	4.0	4.898979485566356	10.0	0.0	-0.0077589984155365605	-2.3733091600250606	0.2270598027929078	14.369749964075625	26.290999737090004
720	11796480	10	5.0	5.0	10.0	0.0	10	6.0	4.898979485566356	10.0	0.0	-0.008538589809500433	-2.386780450492827	0.1756612498440649	12.949249967626875	23.355999766440004
724	11862016	10	4.0	4.898979485566356	10.0	0.0	10	4.0	4.898979485566356	10.0	0.0	-0.007172186783020047	-2.38431549047429	0.167199803110801	12.675999968309998	30.851999691480007
728	11927552	10	6.0	4.898979485566356	10.0	0.0	10	6.0	4.898979485566356	10.0	0.0	-0.00776930836986457	-2.299529286482808	0.19534996056756979	12.335999969160001	6.367999936320001
732	11993088	10	5.0	5.0	10.0	0.0	10	7.0	4.58257569495584	10.0	0.0	-0.007748762549859609	-2.2384622889412245	0.2613312994478617	11.96649997008375	23.651999763480006
736	12058624	10	4.0	4.898979485566356	10.0	0.0	10	5.0	5.0	10.0	0.0	-0.007839961267656754	-2.2331431952772913	0.31605244766112117	13.305749966735627	16.792999832070002
740	12124160	10	5.0	5.0	10.0	0.0	10	4.0	4.898979485566356	10.0	0.0	-0.007938061096645015	-2.2481060174746004	0.32703400803427696	11.686499970783752	22.95499977045
744	12189696	10	5.0	5.0	10.0	0.0	10	6.0	4.898979485566356	10.0	0.0	-0.006915834071946464	-2.2990828278252717	0.2571575686378132	11.288749971778124	9.32799990672
748	12255232	10	5.0	5.0	10.0	0.0	10	8.0	4.0	10.0	0.0	-0.007598213756072943	-2.240032116338725	0.33937939128718125	12.160249969599375	3.9639999603600007
752	12320768	10	5.0	5.0	10.0	0.0	10	4.0	4.898979485566356	10.0	0.0	-0.0072889271558159155	-2.274282460174485	0.2851882877773005	11.207249971981874	21.219999787800003
756	12386304	10	4.0	4.898979485566356	10.0	0.0	10	4.0	4.898979485566356	10.0	0.0	-0.007016817143445538	-2.2877557076614212	0.28188698363348047	12.311249969221876	17.50499982495
760	12451840	10	6.0	4.898979485566356	10.0	0.0	10	8.0	4.0	10.0	0.0	-0.007041076573411284	-2.2877249168953444	0.2633002103652963	11.977999970055	24.167999758320004
764	12517376	10	4.0	4.898979485566356	10.0	0.0	10	2.0	4.0	10.0	0.0	-0.009031843720518335	-2.2889162423809264	0.22659704583509718	13.046749967383125	13.39199986608
768	12582912	10	3.0	4.58257569495584	10.0	0.0	10	6.0	4.898979485566356	10.0	0.0	-0.008520998998414206	-2.2740974995111856	0.2362635414801299	12.875499967811251	16.248999837510002
772	12648448	10	2.0	4.0	10.0	0.0	10	6.0	4.898979485566356	10.0	0.0	-0.008565375631423181	-2.296340611834537	0.19277551783724228	13.139499967151252	14.865999851340002
776	12713984	10	5.0	5.0	10.0	0.0	10	7.0	4.58257569495584	10.0	0.0	-0.008028751056445295	-2.323469062404202	0.20891228952442004	13.242999966892501	22.832999771670003
780	12779520	10	7.0	4.58257569495584	10.0	0.0	10	3.0	4.58257569495584	10.0	0.0	-0.009389589035215903	-2.2801565898069818	0.21596317115163266	12.465249968836876	15.401999845980002
784	12845056	10	6.0	4.898979485566356	10.0	0.0	10	5.0	5.0	10.0	0.0	-0.007207402551261582	-2.3089115443407424	0.24155337345443295	11.734249970664374	6.64499993355
788	12910592	10	5.0	5.0	10.0	0.0	10	8.0	4.0	10.0	0.0	-0.0072957070410645765	-2.2715188063798486	0.27526167932514023	11.3249999716875	19.149999808500002
792	12976128	10	5.0	5.0	10.0	0.0	10	5.0	5.0	10.0	0.0	-0.007632398103965754	-2.300822913407029	0.23132992052236526	11.927249970181876	4.959999950400001
796	13041664	10	6.0	4.898979485566356	10.0	0.0	10	4.0	4.898979485566356	10.0	0.0	-0.0077349092890600345	-2.2364069444591754	0.3222728990613989	12.638999968402501	25.1499997485
800	13107200	10	5.0	5.0	10.0	0.0	10	8.0	4.0	10.0	0.0	-0.007769995438542006	-2.243050118053753	0.26841170974384243	12.79649996800875	10.095999899040002
804	13172736	10	8.0	4.0	10.0	0.0	10	5.0	5.0	10.0	0.0	-0.006527424927528407	-2.225098428395074	0.2534824041385655	10.990249972524374	29.678999703210003
808	13238272	10	5.0	5.0	10.0	0.0	10	10.0	0.0	10.0	10.0	-0.008354625462479625	-2.27075670139183	0.24042612746337003	10.680749973298127	17.031999829680004
812	13303808	10	8.0	4.0	10.0	0.0	10	7.0	4.58257569495584	10.0	0.0	-0.007997965134943394	-2.2022059954892415	0.28443537571919436	10.75249997311875	9.702999902970001
816	13369344	10	6.0	4.898979485566356	10.0	0.0	10	7.0	4.58257569495584	10.0	0.0	-0.007672444598745571	-2.2309483411571063	0.2829533998249274	11.493749971265624	18.84899981151
820	13434880	10	5.0	5.0	10.0	0.0	10	6.0	4.898979485566356	10.0	0.0	-0.008200644721965326	-2.2688733436287354	0.27765193842563635	12.285249969286873	25.459999745400005
824	13500416	10	4.0	4.898979485566356	10.0	0.0	10	8.0	4.0	10.0	0.0	-0.007558335329850698	-2.3142698330256652	0.21286150500444556	12.826499967933751	20.215999797840006
828	13565952	10	7.0	4.58257569495584	10.0	0.0	10	8.0	4.0	10.0	0.0	-0.008274273878110453	-2.2988146292755522	0.2242072965561004	11.886249970284375	25.470999745290005
832	13631488	10	6.0	4.898979485566356	10.0	0.0	10	3.0	4.58257569495584	10.0	0.0	-0.007846659797998019	-2.321842518703676	0.20884674855195068	12.773249968066875	20.857999791420003
836	13697024	10	6.0	4.898979485566356	10.0	0.0	10	4.0	4.898979485566356	10.0	0.0	-0.008052832669282927	-2.270933692417418	0.2147746599676502	12.4049999689875	23.490999765090002
840	13762560	10	6.0	4.898979485566356	10.0	0.0	10	6.0	4.898979485566356	10.0	0.0	-0.008157023899668658	-2.2033428621977196	0.2412937601466462	11.644749970888125	21.80099978199
844	13828096	10	3.0	4.58257569495584	10.0	0.0	10	9.0	3.0	10.0	0.0	-0.00836762828873813	-2.2093569634043493	0.2508225561789665	11.145249972136876	11.303999886960002
848	13893632	10	5.0	5.0	10.0	0.0	10	8.0	4.0	10.0	0.0	-0.0080833725251743	-2.1508843374992046	0.2841521751150036	11.410249971474375	30.886999691130004
852	13959168	10	6.0	4.898979485566356	10.0	0.0	10	7.0	4.58257569495584	10.0	0.0	-0.007285814645455385	-2.159212124619474	0.26552952450728134	10.549499973626249	22.166999778330005
856	14024704	10	5.0	5.0	10.0	0.0	10	5.0	5.0	10.0	0.0	-0.007951305438615221	-2.1615730397635127	0.24646858247534023	11.686249970784374	21.048999789510003
860	14090240	10	7.0	4.58257569495584	10.0	0.0	10	8.0	4.0	10.0	0.0	-0.006947877561473653	-2.1621214124294967	0.2843650260954421	11.6669999708325	8.758999912410001
864	14155776	10	6.0	4.898979485566356	10.0	0.0	10	7.0	4.58257569495584	10.0	0.0	-0.008312902441546522	-2.210738936829753	0.28979178747868845	12.3889999690275	15.864999841350002
868	14221312	10	6.0	4.898979485566356	10.0	0.0	10	7.0	4.58257569495584	10.0	0.0	-0.007475875786570913	-2.2459149060294017	0.2678115488682368	11.60799997098	19.901999800980004
872	14286848	10	5.0	5.0	10.0	0.0	10	5.0	5.0	10.0	0.0	-0.007682098860750693	-2.18880392339874	0.25357489471476347	10.999749972500625	21.769999782300005
876	14352384	10	8.0	4.0	10.0	0.0	10	4.0	4.898979485566356	10.0	0.0	-0.0064138844675339	-2.2481366617125924	0.22201673668669644	11.15849997210375	19.160999808390006
880	14417920	10	7.0	4.58257569495584	10.0	0.0	10	7.0	4.58257569495584	10.0	0.0	-0.007789132972697696	-2.193414437045657	0.2567245907193228	11.79749997050625	24.987999750120004
884	14483456	10	7.0	4.58257569495584	10.0	0.0	10	7.0	4.58257569495584	10.0	0.0	-0.008561528153543586	-2.209468985367139	0.3001435664169765	11.68799997078	7.106999928930001
888	14548992	10	5.0	5.0	10.0	0.0	10	6.0	4.898979485566356	10.0	0.0	-0.007084036667209736	-2.1810824943297074	0.3075821563901977	14.022249964944377	7.075999929240001
892	14614528	10	5.0	5.0	10.0	0.0	10	6.0	4.898979485566356	10.0	0.0	-0.008410614836705806	-2.2407142741134205	0.25374281217494915	11.172749972068125	28.314999716850007
896	14680064	10	5.0	5.0	10.0	0.0	10	5.0	5.0	10.0	0.0	-0.007286749093053698	-2.2038430022884508	0.27721920047792936	12.027249969931876	20.208999797910003
900	14745600	10	7.0	4.58257569495584	10.0	0.0	10	5.0	5.0	10.0	0.0	-0.007268138071444108	-2.208329242734551	0.28133634366268884	11.312249971719377	23.136999768630005
904	14811136	10	3.0	4.58257569495584	10.0	0.0	10	9.0	3.0	10.0	0.0	-0.008109578860728885	-2.1978989290888444	0.29559666893159786	11.84749997038125	23.288999767110006
908	14876672	10	5.0	5.0	10.0	0.0	10	6.0	4.898979485566356	10.0	0.0	-0.008344498624602193	-2.2816995156414768	0.17219682400804642	10.563249973591875	34.10199965898
912	14942208	10	6.0	4.898979485566356	10.0	0.0	10	8.0	4.0	10.0	0.0	-0.008108697775003709	-2.2712335186817683	0.2027424845322876	11.18949997202625	21.249999787500002
916	15007744	10	4.0	4.898979485566356	10.0	0.0	10	6.0	4.898979485566356	10.0	0.0	-0.007518721971614949	-2.3281494475959494	0.1663425898316579	11.526499971183751	32.46699967533
920	15073280	10	6.0	4.898979485566356	10.0	0.0	10	6.0	4.898979485566356	10.0	0.0	-0.007229434854257605	-2.3135060516570123	0.18300543785672432	10.981249972546875	29.333999706660006
924	15138816	10	7.0	4.58257569495584	10.0	0.0	10	4.0	4.898979485566356	10.0	0.0	-0.008056175246635853	-2.308881995338098	0.21438816917068734	12.3769999690575	19.199999808
928	15204352	10	7.0	4.58257569495584	10.0	0.0	10	7.0	4.58257569495584	10.0	0.0	-0.009108863214614822	-2.3311987218812664	0.19612934531463616	11.769499970576248	20.31899979681
932	15269888	10	7.0	4.58257569495584	10.0	0.0	10	9.0	3.0	10.0	0.0	-0.008825745592720672	-2.291257641970857	0.2594735667149645	11.059249972351873	7.502999924970001
936	15335424	10	6.0	4.898979485566356	10.0	0.0	10	7.0	4.58257569495584	10.0	0.0	-0.007867852957526527	-2.215458715724639	0.33937355220507986	10.839749972900623	16.6099998339
940	15400960	10	5.0	5.0	10.0	0.0	10	4.0	4.898979485566356	10.0	0.0	-0.0070564231287109066	-2.1911404006384236	0.3338860920282597	12.4469999688825	18.441999815580004
944	15466496	10	4.0	4.898979485566356	10.0	0.0	10	8.0	4.0	10.0	0.0	-0.007865634763007433	-2.2390546821208974	0.280747057530345	12.105999969735	15.180999848190002
948	15532032	10	5.0	5.0	10.0	0.0	10	6.0	4.898979485566356	10.0	0.0	-0.008072606050587114	-2.2839848843817974	0.24045452736917783	12.501999968744999	17.77199982228
952	15597568	10	6.0	4.898979485566356	10.0	0.0	10	6.0	4.898979485566356	10.0	0.0	-0.007002784513313557	-2.2969067019811784	0.26805167595857654	11.754249970614374	16.593999834060003
956	15663104	10	9.0	3.0	10.0	0.0	10	10.0	0.0	10.0	10.0	-0.008223934773672916	-2.227271971371227	0.26976426470698234	11.43349997141625	4.212999957870001
960	15728640	10	6.0	4.898979485566356	10.0	0.0	10	5.0	5.0	10.0	0.0	-0.008706264652879494	-2.2859879630409643	0.22855973862214263	10.855999972860001	11.4399998856
964	15794176	10	5.0	5.0	10.0	0.0	10	6.0	4.898979485566356	10.0	0.0	-0.008127605102711148	-2.238523634538326	0.2742779555755256	12.249249969376875	16.636999833630004
968	15859712	10	4.0	4.898979485566356	10.0	0.0	10	7.0	4.58257569495584	10.0	0.0	-0.008019165695333454	-2.2649247172102385	0.21963313825003283	12.663749968340625	24.670999753290005
972	15925248	10	7.0	4.58257569495584	10.0	0.0	10	7.0	4.58257569495584	10.0	0.0	-0.008577285442713784	-2.274480854234599	0.18712593069834352	11.833249970416874	27.555999724440007
976	15990784	10	6.0	4.898979485566356	10.0	0.0	10	6.0	4.898979485566356	10.0	0.0	-0.00802549853604507	-2.2961453271500583	0.17813907391088282	12.100749969748124	27.722999722770002
980	16056320	10	6.0	4.898979485566356	10.0	0.0	10	6.0	4.898979485566356	10.0	0.0	-0.008330037656420191	-2.3267871735056427	0.1499339153368307	13.60549996598625	13.374999866250002
984	16121856	10	6.0	4.898979485566356	10.0	0.0	10	6.0	4.898979485566356	10.0	0.0	-0.007777789176339736	-2.334264839445784	0.1828413016438014	11.660999970847499	25.693999743060004
988	16187392	10	8.0	4.0	10.0	0.0	10	8.0	4.0	10.0	0.0	-0.008708093862577976	-2.255795739356143	0.1724842310082552	12.589499968526251	17.15399982846
992	16252928	10	5.0	5.0	10.0	0.0	10	6.0	4.898979485566356	10.0	0.0	-0.00810145005538178	-2.2772921892615243	0.21727561847527024	11.478249971304376	19.270999807290004
996	16318464	10	8.0	4.0	10.0	0.0	10	7.0	4.58257569495584	10.0	0.0	-0.008518128434259534	-2.3018944583918937	0.22264946575751254	10.860249972849376	5.897999941020001
1000	16384000	10	6.0	4.898979485566356	10.0	0.0	10	8.0	4.0	10.0	0.0	-0.007578274003934628	-2.249156594042141	0.3182814580367265	12.16349996959125	17.84199982158
1004	16449536	10	5.0	5.0	10.0	0.0	10	7.0	4.58257569495584	10.0	0.0	-0.007429485989465091	-2.2713120179989295	0.2656424997563365	12.714249968214375	10.492999895070001
1008	16515072	10	4.0	4.898979485566356	10.0	0.0	10	6.0	4.898979485566356	10.0	0.0	-0.007651710282932039	-2.26803253815788	0.24157473395856124	10.79449997301375	28.999999710000004
1012	16580608	10	4.0	4.898979485566356	10.0	0.0	10	6.0	4.898979485566356	10.0	0.0	-0.008183770479926678	-2.2623755780485992	0.27159596775002387	11.708499970728749	29.440999705590002
1016	16646144	10	4.0	4.898979485566356	10.0	0.0	10	7.0	4.58257569495584	10.0	0.0	-0.008143874325833708	-2.2997099754798986	0.2487551828897656	12.403999968990002	22.985999770140005
1020	16711680	10	6.0	4.898979485566356	10.0	0.0	10	6.0	4.898979485566356	10.0	0.0	-0.008160708882374213	-2.3071643161357205	0.30212777911953087	11.726749970683125	20.29799979702
1024	16777216	10	6.0	4.898979485566356	10.0	0.0	10	9.0	3.0	10.0	0.0	-0.008621138017599696	-2.3310875716364063	0.1749426711478888	11.147499972131252	8.923999910760001
1028	16842752	10	6.0	4.898979485566356	10.0	0.0	10	2.0	4.0	10.0	0.0	-0.009334108017596258	-2.3388487793552417	0.1935817076002076	10.39949997400125	20.038999799610004
1032	16908288	10	7.0	4.58257569495584	10.0	0.0	10	8.0	4.0	10.0	0.0	-0.00807173836960118	-2.282379691561734	0.17553802112151531	11.853249970366875	17.01899982981
1036	16973824	10	4.0	4.898979485566356	10.0	0.0	10	6.0	4.898979485566356	10.0	0.0	-0.009274476274735604	-2.2584285882743065	0.20181014324609306	11.657749970855626	17.738999822610005
1040	17039360	10	4.0	4.898979485566356	10.0	0.0	10	7.0	4.58257569495584	10.0	0.0	-0.007689520618853415	-2.2544971553122983	0.24975643366457137	12.502749968743126	17.317999826820003
1044	17104896	10	5.0	5.0	10.0	0.0	10	7.0	4.58257569495584	10.0	0.0	-0.007086532119369647	-2.327047057207417	0.2160867882356958	13.107249967231876	12.901999870980001
1048	17170432	10	6.0	4.898979485566356	10.0	0.0	10	5.0	5.0	10.0	0.0	-0.008835708867070956	-2.321626581009785	0.2200467846282337	12.4389999689025	11.786999882130003
1052	17235968	10	7.0	4.58257569495584	10.0	0.0	10	4.0	4.898979485566356	10.0	0.0	-0.008507985824531314	-2.3185778183310024	0.22052016619158463	11.655999970859998	25.20499974795
1056	17301504	10	3.0	4.58257569495584	10.0	0.0	10	8.0	4.0	10.0	0.0	-0.00857687232596709	-2.2931887753402607	0.24315379324630246	11.59149997102125	28.367999716320004
1060	17367040	10	8.0	4.0	10.0	0.0	10	7.0	4.58257569495584	10.0	0.0	-0.008524372076581447	-2.2791268549968957	0.20162639485434486	11.231749971920623	22.077999779220004
1064	17432576	10	8.0	4.0	10.0	0.0	10	5.0	5.0	10.0	0.0	-0.00821916198315979	-2.233444640801158	0.27748903722405743	11.257999971855002	18.932999810670005
1068	17498112	10	5.0	5.0	10.0	0.0	10	6.0	4.898979485566356	10.0	0.0	-0.007943453521047755	-2.2020334822625913	0.3008939682503034	12.37549996906125	10.899999891000002
1072	17563648	10	4.0	4.898979485566356	10.0	0.0	10	6.0	4.898979485566356	10.0	0.0	-0.007688612392593681	-2.3461290322283808	0.18391268450092807	13.241999966895001	22.589999774100004
1076	17629184	10	4.0	4.898979485566356	10.0	0.0	10	4.0	4.898979485566356	10.0	0.0	-0.008743204954042648	-2.3223310954933223	0.20225743768802956	12.66049996834875	25.000999749990005
1080	17694720	10	4.0	4.898979485566356	10.0	0.0	10	8.0	4.0	10.0	0.0	-0.006551527354455451	-2.289816935618614	0.2267263312587897	12.93649996765875	17.130999828690005
1084	17760256	10	5.0	5.0	10.0	0.0	10	10.0	0.0	10.0	10.0	-0.008478021025162577	-2.231322521732279	0.20571700706487298	11.61449997096375	16.397999836020002
1088	17825792	10	6.0	4.898979485566356	10.0	0.0	10	9.0	3.0	10.0	0.0	-0.008468762393352685	-2.2516433147230726	0.21663743751971315	12.313249969216875	16.621999833780002
1092	17891328	10	6.0	4.898979485566356	10.0	0.0	10	9.0	3.0	10.0	0.0	-0.007731857834897817	-2.2665625013533566	0.20652758483175834	11.768749970578126	24.892999751070004
1096	17956864	10	3.0	4.58257569495584	10.0	0.0	10	5.0	5.0	10.0	0.0	-0.008496011082594969	-2.319267533477949	0.1410470016464195	12.021249969946874	28.210999717890004
1100	18022400	10	5.0	5.0	10.0	0.0	10	6.0	4.898979485566356	10.0	0.0	-0.006879560018095374	-2.2646600278839797	0.21695238566870578	12.23549996941125	25.807999741920003
1104	18087936	10	5.0	5.0	10.0	0.0	10	5.0	5.0	10.0	0.0	-0.008424646489434147	-2.266947467885706	0.2541584637682632	12.4729999688175	12.24499987755
1108	18153472	10	6.0	4.898979485566356	10.0	0.0	10	8.0	4.0	10.0	0.0	-0.008007561270535802	-2.226466918753125	0.2355579008723795	11.667999970830001	6.175999938240001
1112	18219008	10	5.0	5.0	10.0	0.0	10	9.0	3.0	10.0	0.0	-0.008322275793380105	-2.222057002054652	0.2689872844795829	10.538249973654375	28.784999712150004
1116	18284544	10	7.0	4.58257569495584	10.0	0.0	10	7.0	4.58257569495584	10.0	0.0	-0.008545603778070093	-2.3019087535725307	0.264894634612872	11.078749972303125	30.817999691820006
1120	18350080	10	4.0	4.898979485566356	10.0	0.0	10	6.0	4.898979485566356	10.0	0.0	-0.008451776551463503	-2.3581731764005895	0.16261507995905833	11.992249970019376	29.291999707080006
1124	18415616	10	4.0	4.898979485566356	10.0	0.0	10	5.0	5.0	10.0	0.0	-0.007902619015805213	-2.313947836316988	0.21198877682253356	12.066749969833126	24.795999752040004
1128	18481152	10	5.0	5.0	10.0	0.0	10	9.0	3.0	10.0	0.0	-0.008714193828990217	-2.3227888790333644	0.21322808102035662	12.296499969258749	23.258999767410003
1132	18546688	10	5.0	5.0	10.0	0.0	10	6.0	4.898979485566356	10.0	0.0	-0.007974154401157072	-2.2584409264357737	0.2642479937558786	12.501249968746878	16.971999830280005
1136	18612224	10	6.0	4.898979485566356	10.0	0.0	10	6.0	4.898979485566356	10.0	0.0	-0.008431668894476661	-2.1961427378353653	0.27677577777676576	11.340749971648124	22.717999772820004
1140	18677760	10	7.0	4.58257569495584	10.0	0.0	10	6.0	4.898979485566356	10.0	0.0	-0.008967322182470176	-2.250829465452813	0.23695449233691246	11.161999972095	17.951999820480005
1144	18743296	10	8.0	4.0	10.0	0.0	10	7.0	4.58257569495584	10.0	0.0	-0.008383167200954498	-2.2387431485109035	0.2274474107112988	11.606249970984374	25.765999742340004
1148	18808832	10	6.0	4.898979485566356	10.0	0.0	10	6.0	4.898979485566356	10.0	0.0	-0.00867122341545855	-2.2224143468012043	0.30236829131175513	10.476249973809376	30.953999690460005
1152	18874368	10	5.0	5.0	10.0	0.0	10	8.0	4.0	10.0	0.0	-0.008776201638885602	-2.2532074970640084	0.21864089693459254	11.7369999706575	9.468999905310001
1156	18939904	10	5.0	5.0	10.0	0.0	10	7.0	4.58257569495584	10.0	0.0	-0.008532736190035748	-2.1910138103070413	0.2610422569676019	9.907249975231876	21.323999786760005
1160	19005440	10	8.0	4.0	10.0	0.0	10	7.0	4.58257569495584	10.0	0.0	-0.008884512032620872	-2.2024363649577476	0.23579168208591683	11.318999971702501	19.746999802530002
1164	19070976	10	9.0	3.0	10.0	0.0	10	6.0	4.898979485566356	10.0	0.0	-0.009258691186556684	-2.2227995144992296	0.236167717079556	11.78649997053375	17.637999823620003
1168	19136512	10	5.0	5.0	10.0	0.0	10	7.0	4.58257569495584	10.0	0.0	-0.007345996197265756	-2.1688308887407994	0.29111283036641733	12.239999969400001	11.035999889640001
1172	19202048	10	5.0	5.0	10.0	0.0	10	7.0	4.58257569495584	10.0	0.0	-0.008942396312379489	-2.1589955660438664	0.28236910131302123	13.85199996537	17.488999825110003
1176	19267584	10	7.0	4.58257569495584	10.0	0.0	10	4.0	4.898979485566356	10.0	0.0	-0.009295505863461005	-2.228121923671528	0.27953244587599124	12.931749967670626	9.776999902230001
1180	19333120	10	7.0	4.58257569495584	10.0	0.0	10	7.0	4.58257569495584	10.0	0.0	-0.008168612152437854	-2.2341691079395316	0.2216050356085231	13.028499967428749	16.68199983318
1184	19398656	10	7.0	4.58257569495584	10.0	0.0	10	8.0	4.0	10.0	0.0	-0.008028679082672584	-2.2313571967343737	0.2190523889308479	12.616249968459375	19.776999802230005
1188	19464192	10	6.0	4.898979485566356	10.0	0.0	10	6.0	4.898979485566356	10.0	0.0	-0.008624158330663328	-2.259969385726278	0.24729886493242662	13.218249966954376	20.345999796540003
1192	19529728	10	7.0	4.58257569495584	10.0	0.0	10	8.0	4.0	10.0	0.0	-0.009003730065434968	-2.260785450302501	0.2397086700795737	13.900249965249374	16.119999838800002
1196	19595264	10	8.0	4.0	10.0	0.0	10	6.0	4.898979485566356	10.0	0.0	-0.007587414151625424	-2.277924937269233	0.22252310018531157	12.81349996796625	22.824999771750004
1200	19660800	10	7.0	4.58257569495584	10.0	0.0	10	8.0	4.0	10.0	0.0	-0.008542361173587434	-2.1940181352396215	0.293384748325235	12.511249968721875	4.936999950630001
1204	19726336	10	6.0	4.898979485566356	10.0	0.0	10	8.0	4.0	10.0	0.0	-0.008859354948361806	-2.1677123554276414	0.3223446188158787	12.763249968091875	11.495999885040002
1208	19791872	10	3.0	4.58257569495584	10.0	0.0	10	3.0	4.58257569495584	10.0	0.0	-0.007650049199998787	-2.1270911716192544	0.3074053378145061	10.999249972501875	29.175999708240003
1212	19857408	10	4.0	4.898979485566356	10.0	0.0	10	8.0	4.0	10.0	0.0	-0.008527215758498055	-2.172005675506839	0.2403887655956481	11.996749970008125	19.5599998044
1216	19922944	10	5.0	5.0	10.0	0.0	10	7.0	4.58257569495584	10.0	0.0	-0.007820416318679819	-2.142630457654922	0.24607128864695382	12.764749968088125	6.164999938350001
1220	19988480	10	7.0	4.58257569495584	10.0	0.0	10	6.0	4.898979485566356	10.0	0.0	-0.007761840773228884	-2.1828528988074374	0.23303006920709213	10.586249973534375	21.323999786760005
1224	20054016	10	4.0	4.898979485566356	10.0	0.0	10	5.0	5.0	10.0	0.0	-0.00785247275698624	-2.250295161966522	0.29266860146752144	11.2289999719275	6.8219999317800015
1228	20119552	10	5.0	5.0	10.0	0.0	10	8.0	4.0	10.0	0.0	-0.00884205597836077	-2.2619910088805484	0.23191933284891791	11.192749972018126	19.129999808700003
1232	20185088	10	4.0	4.898979485566356	10.0	0.0	10	7.0	4.58257569495584	10.0	0.0	-0.008104665113088915	-2.3537183476022827	0.17086196533797562	12.398999969002501	20.267999797320005
1236	20250624	10	8.0	4.0	10.0	0.0	10	8.0	4.0	10.0	0.0	-0.009034677470752803	-2.3528590050869034	0.18412420733776505	11.325749971685624	21.126999788730004
1240	20316160	10	6.0	4.898979485566356	10.0	0.0	10	9.0	3.0	10.0	0.0	-0.008456980110196492	-2.263482029003557	0.25617722450260105	10.723749973190627	6.905999930940001
1244	20381696	10	4.0	4.898979485566356	10.0	0.0	10	5.0	5.0	10.0	0.0	-0.008990286174263916	-2.187025479744547	0.3119125348811781	12.17049996957375	25.227999747720006
1248	20447232	10	6.0	4.898979485566356	10.0	0.0	10	6.0	4.898979485566356	10.0	0.0	-0.008560165606789192	-2.237030133371979	0.27564219273859936	12.042249969894376	15.221999847780001
1252	20512768	10	5.0	5.0	10.0	0.0	10	8.0	4.0	10.0	0.0	-0.008060210269598892	-2.2468049772226864	0.23289016942240762	12.52449996868875	28.560999714390004
1256	20578304	10	4.0	4.898979485566356	10.0	0.0	10	7.0	4.58257569495584	10.0	0.0	-0.008490852927050147	-2.2183629992280283	0.28178872910186875	11.036749972408126	23.785999762140005
1260	20643840	10	7.0	4.58257569495584	10.0	0.0	10	7.0	4.58257569495584	10.0	0.0	-0.0079845121015316	-2.248581093812206	0.18449777292959788	12.049999969875	16.813999831860002
1264	20709376	10	3.0	4.58257569495584	10.0	0.0	10	5.0	5.0	10.0	0.0	-0.008472139436916827	-2.2326411304532394	0.24611007435167181	11.736499970658752	24.08599975914
1268	20774912	10	2.0	4.0	10.0	0.0	10	6.0	4.898979485566356	10.0	0.0	-0.00838131995415709	-2.2556198187306333	0.1554568466413261	12.0629999698425	22.5599997744
1272	20840448	10	7.0	4.58257569495584	10.0	0.0	10	5.0	5.0	10.0	0.0	-0.008043316119327555	-2.2900627774594917	0.16097664660649535	12.070249969824374	26.650999733490004
1276	20905984	10	8.0	4.0	10.0	0.0	10	5.0	5.0	10.0	0.0	-0.007905668614598238	-2.172626308870498	0.19675531950281927	11.587999971030001	23.668999763310005
1280	20971520	10	8.0	4.0	10.0	0.0	10	7.0	4.58257569495584	10.0	0.0	-0.008292266981743766	-2.1366803345838714	0.25618122608526295	12.96799996758	8.44899991551
1284	21037056	10	5.0	5.0	10.0	0.0	10	6.0	4.898979485566356	10.0	0.0	-0.007609366142601309	-2.073035284660882	0.26288471057756196	11.840749970398125	25.660999743390004
1288	21102592	10	5.0	5.0	10.0	0.0	10	6.0	4.898979485566356	10.0	0.0	-0.008412523773922499	-2.1066584907761223	0.32399471938960417	13.3209999666975	10.82199989178
1292	21168128	10	4.0	4.898979485566356	10.0	0.0	10	4.0	4.898979485566356	10.0	0.0	-0.00861956402181578	-2.161275659773125	0.25868793030989623	12.278499969303752	24.691999753080005
1296	21233664	10	7.0	4.58257569495584	10.0	0.0	10	6.0	4.898979485566356	10.0	0.0	-0.00819001647480822	-2.2167305844699925	0.2541730926728229	13.853249965366874	10.857999891420002
1300	21299200	10	6.0	4.898979485566356	10.0	0.0	10	7.0	4.58257569495584	10.0	0.0	-0.008121991407948767	-2.1747643448630565	0.22837284701670543	13.46849996632875	10.014999899850002
1304	21364736	10	8.0	4.0	10.0	0.0	10	8.0	4.0	10.0	0.0	-0.009117569898343458	-2.200362197825586	0.2731205327151827	12.97599996756	12.590999874090002
1308	21430272	10	6.0	4.898979485566356	10.0	0.0	10	7.0	4.58257569495584	10.0	0.0	-0.00830031587888638	-2.2387817450019187	0.23592908398584628	11.583999971039999	28.442999715570007
1312	21495808	10	8.0	4.0	10.0	0.0	10	7.0	4.58257569495584	10.0	0.0	-0.008925766380020265	-2.262315203510502	0.21626103550736941	11.984499970038751	11.41799988582
1316	21561344	10	7.0	4.58257569495584	10.0	0.0	10	6.0	4.898979485566356	10.0	0.0	-0.007833381585232464	-2.2506601261734973	0.20544972749770385	10.57449997356375	30.615999693840006
1320	21626880	10	4.0	4.898979485566356	10.0	0.0	10	9.0	3.0	10.0	0.0	-0.008724441505971695	-2.241300031309309	0.2092548702470293	10.688249973279376	20.884999791150005
1324	21692416	10	4.0	4.898979485566356	10.0	0.0	10	7.0	4.58257569495584	10.0	0.0	-0.008092424751405956	-2.2725749261793524	0.20281844615065348	11.1189999722025	23.715999762840006
1328	21757952	10	8.0	4.0	10.0	0.0	10	8.0	4.0	10.0	0.0	-0.008482262387007574	-2.2273601067726254	0.19565933475095393	11.2929999717675	19.839999801600005
1332	21823488	10	6.0	4.898979485566356	10.0	0.0	10	9.0	3.0	10.0	0.0	-0.007950086674484547	-2.158662326409069	0.2706612207023989	12.867999967829999	10.721999892780001
1336	21889024	10	4.0	4.898979485566356	10.0	0.0	10	10.0	0.0	10.0	10.0	-0.008513464589085074	-2.071392786783773	0.27717621807847015	10.372249974069376	11.973999880260003
1340	21954560	10	6.0	4.898979485566356	10.0	0.0	10	9.0	3.0	10.0	0.0	-0.008801864784186576	-2.141252885039124	0.22872165044870651	11.736749970658124	12.483999875160002
1344	22020096	10	3.0	4.58257569495584	10.0	0.0	10	8.0	4.0	10.0	0.0	-0.009349376757741865	-2.207568603027383	0.2460015470216223	13.066749967333124	5.062999949370001
1348	22085632	10	6.0	4.898979485566356	10.0	0.0	10	5.0	5.0	10.0	0.0	-0.008215988817991276	-2.1808539105170177	0.26578463999269447	12.357249969106876	24.238999757610003
1352	22151168	10	6.0	4.898979485566356	10.0	0.0	10	6.0	4.898979485566356	10.0	0.0	-0.008544509402498117	-2.2865727193755263	0.2162620162676506	12.80249996799375	24.430999755690006
1356	22216704	10	3.0	4.58257569495584	10.0	0.0	10	8.0	4.0	10.0	0.0	-0.008519114400488388	-2.2008205500932805	0.261717802352018	13.203249966991876	3.9049999609500006
1360	22282240	10	8.0	4.0	10.0	0.0	10	8.0	4.0	10.0	0.0	-0.008331088013661263	-2.101647662400828	0.27388881795980596	11.151499972121249	9.210999907890002
1364	22347776	10	6.0	4.898979485566356	10.0	0.0	10	8.0	4.0	10.0	0.0	-0.008891388615346217	-2.031803818828811	0.2691255151013833	11.757249970606875	21.717999782820005
1368	22413312	10	5.0	5.0	10.0	0.0	10	7.0	4.58257569495584	10.0	0.0	-0.00849479723943696	-2.166266786329796	0.23343687284789716	10.864749972838124	29.929999700700005
1372	22478848	10	6.0	4.898979485566356	10.0	0.0	10	8.0	4.0	10.0	0.0	-0.007430199125473337	-2.146127405042412	0.28821148642751454	10.909249972726876	5.66399994336
1376	22544384	10	5.0	5.0	10.0	0.0	10	6.0	4.898979485566356	10.0	0.0	-0.00842203648702289	-2.167616483840057	0.26275144080067525	12.770249968074374	23.28399976716
1380	22609920	10	5.0	5.0	10.0	0.0	10	7.0	4.58257569495584	10.0	0.0	-0.008557770793249672	-2.181217488916002	0.22605739096929248	12.1049999697375	9.714999902850002
1384	22675456	10	4.0	4.898979485566356	10.0	0.0	10	7.0	4.58257569495584	10.0	0.0	-0.00851419159064321	-2.17392074294095	0.20341849635409318	11.702249970744376	10.062999899370002
1388	22740992	10	4.0	4.898979485566356	10.0	0.0	10	7.0	4.58257569495584	10.0	0.0	-0.007879490078052375	-2.123539497233759	0.2661918848475692	11.087749972280625	5.260999947390001
1392	22806528	10	4.0	4.898979485566356	10.0	0.0	10	6.0	4.898979485566356	10.0	0.0	-0.009000781483612127	-2.222211653756086	0.2579631308445837	12.127499969681251	16.697999833020003
1396	22872064	10	3.0	4.58257569495584	10.0	0.0	10	9.0	3.0	10.0	0.0	-0.008733290178800496	-2.325408557808561	0.13504895946777273	12.50849996872875	17.38599982614
1400	22937600	10	6.0	4.898979485566356	10.0	0.0	10	5.0	5.0	10.0	0.0	-0.008079333334300208	-2.294101215660022	0.17235406183704968	10.646749973383127	20.679999793200004
1404	23003136	10	4.0	4.898979485566356	10.0	0.0	10	6.0	4.898979485566356	10.0	0.0	-0.008535082204940217	-2.1999226408892087	0.24910363909366684	11.332749971668125	20.097999799020002
1408	23068672	10	6.0	4.898979485566356	10.0	0.0	10	5.0	5.0	10.0	0.0	-0.008453141865507108	-2.2433378793445913	0.21997844347922363	12.221249969446877	14.257999857420002
1412	23134208	10	5.0	5.0	10.0	0.0	10	5.0	5.0	10.0	0.0	-0.008914195955772539	-2.19919694192151	0.22097835082121564	13.860249965349373	20.58599979414
1416	23199744	10	5.0	5.0	10.0	0.0	10	7.0	4.58257569495584	10.0	0.0	-0.00810479488100561	-2.15625015872111	0.2102238555840715	12.948499967628749	24.404999755950005
1420	23265280	10	7.0	4.58257569495584	10.0	0.0	10	5.0	5.0	10.0	0.0	-0.007676774273738762	-2.228100386526551	0.2112809597915367	12.642999968392498	13.326999866730002
1424	23330816	10	6.0	4.898979485566356	10.0	0.0	10	9.0	3.0	10.0	0.0	-0.008633299906867136	-2.2178722717041164	0.20028828656698092	12.969749967575625	15.787999842120003
1428	23396352	10	7.0	4.58257569495584	10.0	0.0	10	9.0	3.0	10.0	0.0	-0.007203436366133524	-2.2193305713606737	0.21285899734080344	13.349749966625625	22.818999771810002
1432	23461888	10	4.0	4.898979485566356	10.0	0.0	10	6.0	4.898979485566356	10.0	0.0	-0.0080914077495799	-2.2295493133527184	0.14984285899739744	12.83749996790625	20.19099979809
1436	23527424	10	3.0	4.58257569495584	10.0	0.0	10	8.0	4.0	10.0	0.0	-0.008344800702959749	-2.1672459267305806	0.21220479344601303	12.535249968661876	11.000999889990002
1440	23592960	10	8.0	4.0	10.0	0.0	10	7.0	4.58257569495584	10.0	0.0	-0.0076487476900401535	-2.0482174590579953	0.24885965850095465	14.07449996481375	11.101999888980002
1444	23658496	10	6.0	4.898979485566356	10.0	0.0	10	7.0	4.58257569495584	10.0	0.0	-0.007792868883468566	-2.121692525622769	0.26690277563111303	12.069999969825	16.453999835460003
1448	23724032	10	6.0	4.898979485566356	10.0	0.0	10	9.0	3.0	10.0	0.0	-0.007612216392282323	-2.111314356107128	0.19574408308736954	11.836749970408123	10.997999890020001
1452	23789568	10	9.0	3.0	10.0	0.0	10	9.0	3.0	10.0	0.0	-0.008082245812821371	-2.200549803444997	0.19361565399760794	11.790999970522499	10.879999891200002
1456	23855104	10	3.0	4.58257569495584	10.0	0.0	10	9.0	3.0	10.0	0.0	-0.0076522455872602545	-2.178269604614965	0.25542283521167136	10.5189999737025	17.540999824590003
1460	23920640	10	4.0	4.898979485566356	10.0	0.0	10	5.0	5.0	10.0	0.0	-0.008676733161039826	-2.2968255825431747	0.18704829463959888	11.88649997028375	13.769999862300002
1464	23986176	10	9.0	3.0	10.0	0.0	10	6.0	4.898979485566356	10.0	0.0	-0.008343393365410286	-2.258114620807985	0.2726781922108507	12.114999969712498	10.761999892380002
1468	24051712	10	7.0	4.58257569495584	10.0	0.0	10	6.0	4.898979485566356	10.0	0.0	-0.00856285426715289	-2.251687322819127	0.22365794685512558	12.464749968838127	13.569999864300003
1472	24117248	10	5.0	5.0	10.0	0.0	10	7.0	4.58257569495584	10.0	0.0	-0.007334764895701116	-2.319700625793896	0.20048455239979193	12.775249968061877	20.977999790220004
1476	24182784	10	6.0	4.898979485566356	10.0	0.0	10	5.0	5.0	10.0	0.0	-0.008090034693917393	-2.342689941082747	0.15474543447236097	11.55949997110125	26.365999736340004
1480	24248320	10	8.0	4.0	10.0	0.0	10	7.0	4.58257569495584	10.0	0.0	-0.007882371587672616	-2.3417074802065434	0.20862392962599713	12.226249969434376	10.469999895300003
1484	24313856	10	7.0	4.58257569495584	10.0	0.0	10	10.0	0.0	10.0	10.0	-0.007921387253881595	-2.248917105062985	0.2219526436879998	11.218249971954375	10.333999896660002
1488	24379392	10	6.0	4.898979485566356	10.0	0.0	10	4.0	4.898979485566356	10.0	0.0	-0.00768875114146739	-2.2203192062846644	0.24117469722997245	11.417999971455002	10.997999890020001
1492	24444928	10	3.0	4.58257569495584	10.0	0.0	10	7.0	4.58257569495584	10.0	0.0	-0.008020221893955832	-2.2787136880169903	0.22796907692635623	11.701249970746877	27.739999722600004
1496	24510464	10	4.0	4.898979485566356	10.0	0.0	10	4.0	4.898979485566356	10.0	0.0	-0.0072612593908176525	-2.290460417429435	0.18311051292921052	11.726749970683127	23.003999769960004
1500	24576000	10	9.0	3.0	10.0	0.0	10	7.0	4.58257569495584	10.0	0.0	-0.007642735408618432	-2.2406665456941215	0.2411219907362923	11.75049997062375	20.269999797300002
1504	24641536	10	7.0	4.58257569495584	10.0	0.0	10	7.0	4.58257569495584	10.0	0.0	-0.007639462792023277	-2.184949238867453	0.30644678367834954	12.059249969851876	19.846999801530004
1508	24707072	10	8.0	4.0	10.0	0.0	10	9.0	3.0	10.0	0.0	-0.00801395388566453	-2.1931523504555535	0.23119058659375497	12.038749969903126	11.762999882370002
1512	24772608	10	7.0	4.58257569495584	10.0	0.0	10	6.0	4.898979485566356	10.0	0.0	-0.007902211668892906	-2.198257612456377	0.22156398205572597	12.3369999691575	13.067999869320001
1516	24838144	10	8.0	4.0	10.0	0.0	10	8.0	4.0	10.0	0.0	-0.00825460947488674	-2.162517336282376	0.2503627475555962	12.553749968615625	11.16799988832
1520	24903680	10	6.0	4.898979485566356	10.0	0.0	10	6.0	4.898979485566356	10.0	0.0	-0.008283865445614139	-2.1817040714335754	0.21031168768475175	12.86449996783875	13.363999866360002
1524	24969216	10	6.0	4.898979485566356	10.0	0.0	10	8.0	4.0	10.0	0.0	-0.007898387099365856	-2.120842208244019	0.23323329768508047	11.771749970570625	17.60099982399
