iter	frame	n_test	mean_returns	std_returns	max_returns	min_returns	n_test_train	mean_returns_train	std_returns_train	max_returns_train	min_returns_train	actor_loss	entropy_loss	value_loss	training_time	evaluation_time
0	0	10	0.0	0.0	0.0	0.0	10	2.0	4.0	10.0	0.0	0	0	0	0.0	9.293999907060002
4	65536	10	4.0	4.898979485566356	10.0	0.0	10	5.0	5.0	10.0	0.0	0.0008493272967547373	-2.640474818371858	0.9245605703721967	13.942749965143125	4.326999956730001
8	131072	10	1.0	3.0	10.0	0.0	10	2.0	4.0	10.0	0.0	-0.0008052704590601058	-2.606329271919237	1.319263613334959	11.604249970989375	7.228999927710001
12	196608	10	3.0	4.58257569495584	10.0	0.0	10	3.0	4.58257569495584	10.0	0.0	-0.0025355898636701198	-2.5962583842155955	0.8806717978493916	10.203749974490625	7.888999921110002
16	262144	10	2.0	4.0	10.0	0.0	10	5.0	5.0	10.0	0.0	-0.0025898766613894394	-2.5712309427364537	0.7916664098496116	12.487249968781875	8.77399991226
20	327680	10	2.0	4.0	10.0	0.0	10	6.0	4.898979485566356	10.0	0.0	-0.001157485387497306	-2.556704851221949	0.3124055657210369	11.673499970816248	4.370999956290001
24	393216	10	5.0	5.0	10.0	0.0	10	6.0	4.898979485566356	10.0	0.0	-0.0030271255621482506	-2.5686838549680053	0.09423172034428177	11.04149997239625	9.470999905290002
28	458752	10	5.0	5.0	10.0	0.0	10	1.0	3.0	10.0	0.0	-0.001989398881449975	-2.581733176836655	0.08710450585994328	11.609249970976874	13.0399998696
32	524288	10	5.0	5.0	10.0	0.0	10	4.0	4.898979485566356	10.0	0.0	-0.0019085759338680927	-2.594756980466763	0.06669841187524755	11.568999971077499	11.557999884420001
36	589824	10	2.0	4.0	10.0	0.0	10	2.0	4.0	10.0	0.0	-0.0021640677160444078	-2.589676059512747	0.06329666529510827	10.906749972733124	5.77599994224
40	655360	10	5.0	5.0	10.0	0.0	10	6.0	4.898979485566356	10.0	0.0	-0.0019744181479599	-2.526098511849959	0.15280773073860948	10.921999972695001	4.55199995448
44	720896	10	5.0	5.0	10.0	0.0	10	4.0	4.898979485566356	10.0	0.0	-0.0015580091517115068	-2.522189189727633	0.23209307192890669	12.232249969419376	3.5389999646100008
48	786432	10	3.0	4.58257569495584	10.0	0.0	10	6.0	4.898979485566356	10.0	0.0	-0.0013828558644566188	-2.508530686037701	0.2279701904001043	10.883249972791875	3.2359999676400006
52	851968	10	4.0	4.898979485566356	10.0	0.0	10	2.0	4.0	10.0	0.0	-0.0006393876124943163	-2.4477053878141835	0.2685825017311544	12.087999969780002	2.8789999712100003
56	917504	10	0.0	0.0	0.0	0.0	10	5.0	5.0	10.0	0.0	-0.0014506527657739325	-2.387990558892092	0.3463720621490779	11.52449997118875	6.371999936280001
60	983040	10	2.0	4.0	10.0	0.0	10	3.0	4.58257569495584	10.0	0.0	-0.001694892650574923	-2.4155621948308843	0.3439989539746732	10.542749973643126	6.772999932270001
64	1048576	10	2.0	4.0	10.0	0.0	10	5.0	5.0	10.0	0.0	-0.000720025127445782	-2.412104752905242	0.2817137590316039	11.803999970489999	4.950999950490001
68	1114112	10	2.0	4.0	10.0	0.0	10	3.0	4.58257569495584	10.0	0.0	-0.0016674360496311761	-2.4120068001221444	0.2590598210732992	12.261249969346876	6.313999936860001
72	1179648	10	5.0	5.0	10.0	0.0	10	3.0	4.58257569495584	10.0	0.0	-8.008592581745162e-05	-2.2865483584605037	0.29309973459121214	10.206249974484374	3.1279999687200006
76	1245184	10	5.0	5.0	10.0	0.0	10	2.0	4.0	10.0	0.0	-0.0002767528094121215	-2.1586652743554584	0.36043500011757573	13.605249965986875	3.0229999697700007
80	1310720	10	4.0	4.898979485566356	10.0	0.0	10	5.0	5.0	10.0	0.0	-6.473512863454051e-06	-2.1188148853955924	0.2846004992116565	12.122999969692499	6.534999934650001
84	1376256	10	4.0	4.898979485566356	10.0	0.0	10	1.0	3.0	10.0	0.0	-0.0006773063444195575	-2.0815371570803074	0.29170234746675966	12.276249969309374	6.8059999319400015
88	1441792	10	3.0	4.58257569495584	10.0	0.0	10	4.0	4.898979485566356	10.0	0.0	0.00026720141853371697	-2.14890665786929	0.20546744094263034	11.19949997200125	7.830999921690002
92	1507328	10	4.0	4.898979485566356	10.0	0.0	10	1.0	3.0	10.0	0.0	-0.00023233592944360679	-2.219213289287983	0.19772358841997104	12.8849999677875	12.254999877450002
96	1572864	10	5.0	5.0	10.0	0.0	10	3.0	4.58257569495584	10.0	0.0	-0.0007630456747507255	-2.296180938441781	0.1619006293501938	11.678249970804375	13.978999860210001
100	1638400	10	4.0	4.898979485566356	10.0	0.0	10	4.0	4.898979485566356	10.0	0.0	-0.00033012953823544143	-2.295198132355343	0.14056844348175856	11.13649997215875	13.762999862370002
104	1703936	10	2.0	4.0	10.0	0.0	10	4.0	4.898979485566356	10.0	0.0	-0.0004903723613798954	-2.3696749481077206	0.11491240878013328	12.714999968212501	9.569999904300001
108	1769472	10	2.0	4.0	10.0	0.0	10	4.0	4.898979485566356	10.0	0.0	0.00016161517970869965	-2.3576693731077314	0.14275589940824204	13.435249966411876	10.790999892090003
112	1835008	10	3.0	4.58257569495584	10.0	0.0	10	3.0	4.58257569495584	10.0	0.0	-0.00013595323494073054	-2.357095256202261	0.10299492207214256	12.117999969705	7.611999923880001
116	1900544	10	3.0	4.58257569495584	10.0	0.0	10	0.0	0.0	0.0	0.0	-0.000514694661682719	-2.2456891733055535	0.11002352607532162	11.345249971636875	11.316999886830002
120	1966080	10	2.0	4.0	10.0	0.0	10	4.0	4.898979485566356	10.0	0.0	-0.000729229470910601	-2.053515139753295	0.21054247609319587	12.910249967724376	7.150999928490001
124	2031616	10	4.0	4.898979485566356	10.0	0.0	10	2.0	4.0	10.0	0.0	-0.0005393836472087269	-2.029380934722427	0.20488604311249267	12.423249968941876	8.540999914590001
128	2097152	10	3.0	4.58257569495584	10.0	0.0	10	4.0	4.898979485566356	10.0	0.0	-0.000882243659876277	-2.0685109481544304	0.18401414875818262	11.31199997172	7.364999926350001
132	2162688	10	3.0	4.58257569495584	10.0	0.0	10	3.0	4.58257569495584	10.0	0.0	-0.0006080756635101554	-1.9138033723327745	0.1820640907588444	12.9349999676625	3.8119999618800002
136	2228224	10	2.0	4.0	10.0	0.0	10	3.0	4.58257569495584	10.0	0.0	0.00022011820326478236	-2.0772164660515267	0.17781516030751637	12.258749969353126	7.871999921280001
140	2293760	10	5.0	5.0	10.0	0.0	10	3.0	4.58257569495584	10.0	0.0	-0.0004377461748692414	-2.016807709920925	0.20988245150992493	11.06249997234375	8.601999913980002
144	2359296	10	4.0	4.898979485566356	10.0	0.0	10	2.0	4.0	10.0	0.0	-0.00039421113004953743	-2.107905819792519	0.1449995790069135	11.7469999706325	3.5489999645100005
148	2424832	10	4.0	4.898979485566356	10.0	0.0	10	3.0	4.58257569495584	10.0	0.0	7.03679300616149e-05	-2.1267094709247334	0.13096922712278056	12.33249996916875	9.072999909270003
152	2490368	10	3.0	4.58257569495584	10.0	0.0	10	5.0	5.0	10.0	0.0	-0.0006498408280024148	-2.2526250230906357	0.10900396014359603	11.689249970776876	10.329999896700002
156	2555904	10	4.0	4.898979485566356	10.0	0.0	10	6.0	4.898979485566356	10.0	0.0	-0.00043398464181363544	-2.274897801142394	0.08107550573311607	10.86799997283	10.047999899520002
160	2621440	10	3.0	4.58257569495584	10.0	0.0	10	3.0	4.58257569495584	10.0	0.0	-0.000782474117456375	-2.3488490330713043	0.12833137358754224	12.35749996910625	5.7699999423
164	2686976	10	2.0	4.0	10.0	0.0	10	2.0	4.0	10.0	0.0	-0.00025588614514226055	-2.3184364460477176	0.13964096789035457	12.051499969871251	9.51399990486
168	2752512	10	4.0	4.898979485566356	10.0	0.0	10	7.0	4.58257569495584	10.0	0.0	-0.0012480377031567748	-2.31735932554504	0.17478168920811046	11.079749972300625	8.150999918490001
172	2818048	10	1.0	3.0	10.0	0.0	10	5.0	5.0	10.0	0.0	-0.0018392708902465623	-2.337845846767087	0.13347956156519913	12.818999967952502	4.71699995283
176	2883584	10	6.0	4.898979485566356	10.0	0.0	10	2.0	4.0	10.0	0.0	-0.0016472885495004434	-2.3010578475979133	0.1706619483706651	12.502249968744376	7.102999928970001
180	2949120	10	4.0	4.898979485566356	10.0	0.0	10	7.0	4.58257569495584	10.0	0.0	-0.0019840151263507315	-2.325635204470296	0.1290263444982177	12.153749969615626	6.224999937750001
184	3014656	10	4.0	4.898979485566356	10.0	0.0	10	3.0	4.58257569495584	10.0	0.0	-0.0011752734413058167	-2.40527159943957	0.09105950313603055	12.12399996969	5.440999945590001
188	3080192	10	3.0	4.58257569495584	10.0	0.0	10	4.0	4.898979485566356	10.0	0.0	-0.0008059040615756789	-2.422899248446962	0.10740983209540422	12.190499969523751	8.014999919850002
192	3145728	10	6.0	4.898979485566356	10.0	0.0	10	5.0	5.0	10.0	0.0	-0.0022455004482946155	-2.4298855833661634	0.12338078563989457	13.256499966858751	9.402999905970002
196	3211264	10	3.0	4.58257569495584	10.0	0.0	10	4.0	4.898979485566356	10.0	0.0	-0.002475564052519804	-2.463823817413697	0.07638121037530424	12.4399999689	15.055999849440001
200	3276800	10	4.0	4.898979485566356	10.0	0.0	10	6.0	4.898979485566356	10.0	0.0	-0.0012691891144531564	-2.4080781437431718	0.0901058290671062	11.75349997061625	14.804999851950003
204	3342336	10	5.0	5.0	10.0	0.0	10	5.0	5.0	10.0	0.0	-0.0011661144901152286	-2.404918794580128	0.1246064366875803	11.28549997178625	6.248999937510001
208	3407872	10	5.0	5.0	10.0	0.0	10	4.0	4.898979485566356	10.0	0.0	-0.0020548419377197694	-2.4673096982054745	0.06891349310424069	12.236249969409375	9.379999906200002
212	3473408	10	5.0	5.0	10.0	0.0	10	4.0	4.898979485566356	10.0	0.0	-0.002482907440070412	-2.4650564936215877	0.04436675945688442	13.56649996608375	7.618999923810001
216	3538944	10	4.0	4.898979485566356	10.0	0.0	10	5.0	5.0	10.0	0.0	-0.0019887133140451267	-2.428551410382338	0.06881879958150543	12.1869999695325	5.423999945760001
220	3604480	10	7.0	4.58257569495584	10.0	0.0	10	2.0	4.0	10.0	0.0	-0.0025557569967598124	-2.3873233966526097	0.057442159812812255	11.63949997090125	12.051999879480002
224	3670016	10	4.0	4.898979485566356	10.0	0.0	10	4.0	4.898979485566356	10.0	0.0	-0.0017975360677102105	-2.4805249792733766	0.04044574724748689	13.105249967236874	11.033999889660002
228	3735552	10	5.0	5.0	10.0	0.0	10	9.0	3.0	10.0	0.0	-0.0018566703824526643	-2.5028208143885533	0.06467004312731646	12.890999967772501	10.165999898340003
232	3801088	10	4.0	4.898979485566356	10.0	0.0	10	4.0	4.898979485566356	10.0	0.0	-0.002308483844052659	-2.5380013706623226	0.056047282704561524	12.00349996999125	15.288999847110002
236	3866624	10	1.0	3.0	10.0	0.0	10	3.0	4.58257569495584	10.0	0.0	-0.0016431595429929119	-2.498102994996364	0.0484476425382289	11.25949997185125	17.44199982558
240	3932160	10	3.0	4.58257569495584	10.0	0.0	10	6.0	4.898979485566356	10.0	0.0	-0.0022062334535324357	-2.522214909131851	0.04736218162474157	11.683749970790625	11.710999882890002
244	3997696	10	4.0	4.898979485566356	10.0	0.0	10	6.0	4.898979485566356	10.0	0.0	-0.0020912007880062046	-2.4762084506356223	0.056376503929832074	13.396249966509375	4.275999957240001
248	4063232	10	2.0	4.0	10.0	0.0	10	3.0	4.58257569495584	10.0	0.0	-0.0020802962048295784	-2.4163528703119623	0.0804317653638657	11.481749971295626	9.86199990138
252	4128768	10	7.0	4.58257569495584	10.0	0.0	10	5.0	5.0	10.0	0.0	-0.0024430077122695936	-2.4480802960627277	0.11614601243008792	11.527249971181876	5.645999943540001
256	4194304	10	5.0	5.0	10.0	0.0	10	5.0	5.0	10.0	0.0	-0.002471229621475653	-2.4148931947815218	0.10143186622406825	12.5349999686625	6.267999937320001
260	4259840	10	5.0	5.0	10.0	0.0	10	2.0	4.0	10.0	0.0	-0.00329915999187094	-2.399474106479085	0.06761457677226275	11.9309999701725	10.880999891190003
264	4325376	10	4.0	4.898979485566356	10.0	0.0	10	5.0	5.0	10.0	0.0	-0.002672560209576269	-2.3887315464511745	0.060486694238600015	11.58649997103375	4.188999958110001
268	4390912	10	6.0	4.898979485566356	10.0	0.0	10	5.0	5.0	10.0	0.0	-0.002704505243270353	-2.3856531081098775	0.08914184863332626	13.081499967296251	3.836999961630001
272	4456448	10	4.0	4.898979485566356	10.0	0.0	10	2.0	4.0	10.0	0.0	-0.0008968619075833704	-2.3840573651095363	0.09759015920719571	12.053249969866874	12.225999877740003
276	4521984	10	6.0	4.898979485566356	10.0	0.0	10	6.0	4.898979485566356	10.0	0.0	-0.0033298552658549154	-2.3514908351038177	0.1235258160030319	10.461249973846876	5.362999946370001
280	4587520	10	5.0	5.0	10.0	0.0	10	5.0	5.0	10.0	0.0	-0.0034578983391874846	-2.2952069687439303	0.1276540821673244	12.786999968032502	4.057999959420001
284	4653056	10	5.0	5.0	10.0	0.0	10	5.0	5.0	10.0	0.0	-0.0010946264542701976	-2.3669263420023614	0.13501028340688534	12.084249969789374	3.6419999635800004
288	4718592	10	4.0	4.898979485566356	10.0	0.0	10	4.0	4.898979485566356	10.0	0.0	-0.0027301033718267545	-2.385770896822049	0.06587641828608716	10.976999972557499	3.9959999600400007
292	4784128	10	5.0	5.0	10.0	0.0	10	4.0	4.898979485566356	10.0	0.0	-0.002296464809724342	-2.424936542655753	0.1046337207747905	12.589749968525625	7.691999923080002
296	4849664	10	5.0	5.0	10.0	0.0	10	6.0	4.898979485566356	10.0	0.0	-0.002234433138325965	-2.413861624645082	0.10304084089287407	11.520249971199377	9.100999908990003
300	4915200	10	2.0	4.0	10.0	0.0	10	5.0	5.0	10.0	0.0	-0.002450523560630853	-2.4172767845258414	0.07520328471041779	11.58049997104875	4.114999958850001
304	4980736	10	2.0	4.0	10.0	0.0	10	5.0	5.0	10.0	0.0	-0.0016124386770406908	-2.364041591437769	0.09680272627117993	12.768749968078126	2.8139999718600004
308	5046272	10	5.0	5.0	10.0	0.0	10	7.0	4.58257569495584	10.0	0.0	-0.003326943716231008	-2.3226152432525713	0.12590973341767728	12.919749967700627	2.3549999764500003
312	5111808	10	6.0	4.898979485566356	10.0	0.0	10	4.0	4.898979485566356	10.0	0.0	-0.0028873801805602557	-2.32405564413101	0.08110207066181632	11.255249971861875	3.4609999653900005
316	5177344	10	5.0	5.0	10.0	0.0	10	3.0	4.58257569495584	10.0	0.0	-0.0018558392789183133	-2.367616335304317	0.058970503987965724	11.781499970546252	4.283999957160001
320	5242880	10	5.0	5.0	10.0	0.0	10	8.0	4.0	10.0	0.0	-0.0029355519870148633	-2.391738903770057	0.03700949008006732	12.601749968495625	5.005999949940001
324	5308416	10	5.0	5.0	10.0	0.0	10	3.0	4.58257569495584	10.0	0.0	-0.0022914618382288182	-2.3466455561458432	0.06871161190804767	10.8409999728975	6.984999930150002
328	5373952	10	5.0	5.0	10.0	0.0	10	5.0	5.0	10.0	0.0	-0.002115969001434665	-2.352485798054262	0.04795390933320449	12.091749969770627	2.7709999722900003
332	5439488	10	2.0	4.0	10.0	0.0	10	2.0	4.0	10.0	0.0	-0.0032783594333139756	-2.3397364713297892	0.09334471538505476	12.814749967963124	2.3819999761800004
336	5505024	10	6.0	4.898979485566356	10.0	0.0	10	5.0	5.0	10.0	0.0	-0.0025870515258887873	-2.4263583568191307	0.05105451466517412	12.04549996988625	3.8849999611500006
340	5570560	10	4.0	4.898979485566356	10.0	0.0	10	6.0	4.898979485566356	10.0	0.0	-0.0018424919178769185	-2.40393094941768	0.0614713360200399	12.221999969445	3.0909999690900007
344	5636096	10	3.0	4.58257569495584	10.0	0.0	10	5.0	5.0	10.0	0.0	-0.0013485755381942705	-2.3800844175124465	0.03335652917198446	13.984249965039377	3.3869999661300008
348	5701632	10	3.0	4.58257569495584	10.0	0.0	10	5.0	5.0	10.0	0.0	-0.0001743299847597581	-2.4423884250163006	0.07587752245003038	11.498749971253124	5.536999944630001
352	5767168	10	8.0	4.0	10.0	0.0	10	4.0	4.898979485566356	10.0	0.0	-0.0031562077756205733	-2.3745240690817564	0.06431989281854834	11.522249971194377	4.5579999544200005
356	5832704	10	6.0	4.898979485566356	10.0	0.0	10	2.0	4.0	10.0	0.0	-0.0002239632909923017	-2.4192069443527138	0.07677759801712436	13.275499966811251	3.2369999676300005
360	5898240	10	6.0	4.898979485566356	10.0	0.0	10	2.0	4.0	10.0	0.0	-0.001760218086139258	-2.3683823518471487	0.04736099875776044	11.830999970422502	5.057999949420001
364	5963776	10	4.0	4.898979485566356	10.0	0.0	10	3.0	4.58257569495584	10.0	0.0	-0.0033131009158331613	-2.400527958818561	0.024345011134948167	11.682499970793751	12.661999873380003
368	6029312	10	6.0	4.898979485566356	10.0	0.0	10	5.0	5.0	10.0	0.0	-0.0025673901809925917	-2.435570475702099	0.0672427833320688	12.226499969433752	5.734999942650001
372	6094848	10	4.0	4.898979485566356	10.0	0.0	10	5.0	5.0	10.0	0.0	-0.002395693719389736	-2.4432633789815554	0.0424634038892114	12.288749969278125	7.836999921630001
376	6160384	10	4.0	4.898979485566356	10.0	0.0	10	8.0	4.0	10.0	0.0	-0.002641175919383537	-2.4239319510716517	0.08947517748106491	11.30149997174625	8.248999917510002
380	6225920	10	4.0	4.898979485566356	10.0	0.0	10	5.0	5.0	10.0	0.0	-0.0027623128016939142	-2.4701960878977984	0.08240197578673265	12.115749969710624	9.988999900110002
384	6291456	10	7.0	4.58257569495584	10.0	0.0	10	5.0	5.0	10.0	0.0	-0.0027198373691333685	-2.5139063867294764	0.055346494728832435	13.081749967295627	6.086999939130001
388	6356992	10	4.0	4.898979485566356	10.0	0.0	10	3.0	4.58257569495584	10.0	0.0	-0.002731453494883523	-2.5490114338524306	0.0424965981902758	12.21549996946125	15.963999840360003
392	6422528	10	4.0	4.898979485566356	10.0	0.0	10	5.0	5.0	10.0	0.0	0.001739878241218376	-2.562287687988405	0.0339374256716653	11.33749997165625	8.82099991179
396	6488064	10	5.0	5.0	10.0	0.0	10	5.0	5.0	10.0	0.0	-0.0028781872191184633	-2.5394045459565757	0.0070379887515875945	11.69349997076625	12.55499987445
400	6553600	10	8.0	4.0	10.0	0.0	10	2.0	4.0	10.0	0.0	-0.00212276314392227	-2.527110116913928	0.03132350727696191	13.268249966829375	6.689999933100001
404	6619136	10	3.0	4.58257569495584	10.0	0.0	10	1.0	3.0	10.0	0.0	-0.00315009946368495	-2.5502008966928638	0.01797505060974309	12.6799999683	13.703999862960003
408	6684672	10	3.0	4.58257569495584	10.0	0.0	10	3.0	4.58257569495584	10.0	0.0	-0.002747944757191912	-2.544966590636115	0.03970060266824747	12.231249969421874	15.569999844300003
412	6750208	10	7.0	4.58257569495584	10.0	0.0	10	3.0	4.58257569495584	10.0	0.0	-0.002422385548066715	-2.5450637313059277	0.027490080299853458	11.384999971537502	11.799999882000003
416	6815744	10	6.0	4.898979485566356	10.0	0.0	10	6.0	4.898979485566356	10.0	0.0	-0.0036908738980648875	-2.551167569788784	0.021928865208024124	11.64349997089125	13.260999867390002
420	6881280	10	5.0	5.0	10.0	0.0	10	3.0	4.58257569495584	10.0	0.0	-0.0030672490899166407	-2.552677181593907	0.024021023786719657	12.264999969337499	12.819999871800002
424	6946816	10	5.0	5.0	10.0	0.0	10	5.0	5.0	10.0	0.0	-0.00301633717965269	-2.557690495979594	0.010094963784325771	13.09649996725875	12.830999871690002
428	7012352	10	4.0	4.898979485566356	10.0	0.0	10	3.0	4.58257569495584	10.0	0.0	-0.0022931809772405265	-2.549626643193416	0.02751132103929412	12.13649996965875	14.852999851470003
432	7077888	10	2.0	4.0	10.0	0.0	10	2.0	4.0	10.0	0.0	-0.001657745892901828	-2.5278552916993053	0.03200244366993018	11.563249971091878	13.582999864170002
436	7143424	10	4.0	4.898979485566356	10.0	0.0	10	4.0	4.898979485566356	10.0	0.0	-0.003351981258931806	-2.5476967366862837	0.006496411141223946	12.049749969875627	14.140999858590002
440	7208960	10	5.0	5.0	10.0	0.0	10	4.0	4.898979485566356	10.0	0.0	-0.002576259364745906	-2.559295646579701	0.051854945097809454	12.747749968130625	11.222999887770003
444	7274496	10	5.0	5.0	10.0	0.0	10	3.0	4.58257569495584	10.0	0.0	-0.003554497609844682	-2.5557361316998914	0.002500227979647791	13.290999966772501	11.636999883630002
448	7340032	10	5.0	5.0	10.0	0.0	10	6.0	4.898979485566356	10.0	0.0	-0.002424517115034463	-2.561198283961851	0.04990388422412954	13.01199996747	13.581999864180004
452	7405568	10	5.0	5.0	10.0	0.0	10	4.0	4.898979485566356	10.0	0.0	-0.002549699182395346	-2.4927317050483007	0.07301829082247152	11.815749970460624	11.913999880860002
456	7471104	10	3.0	4.58257569495584	10.0	0.0	10	8.0	4.0	10.0	0.0	-0.0027669071444959316	-2.491092323997408	0.033561212984589306	11.453249971366876	4.6699999533000005
460	7536640	10	1.0	3.0	10.0	0.0	10	6.0	4.898979485566356	10.0	0.0	-0.003496758797093972	-2.4528732545602296	0.06990717468336397	12.535249968661876	6.371999936280001
464	7602176	10	3.0	4.58257569495584	10.0	0.0	10	5.0	5.0	10.0	0.0	-0.0016865726839934412	-2.41548873707326	0.029364313238423617	12.132749969668126	7.806999921930002
468	7667712	10	5.0	5.0	10.0	0.0	10	7.0	4.58257569495584	10.0	0.0	0.005621664979743827	-2.3873298463718795	0.04322158861309592	11.586499971033751	7.302999926970001
472	7733248	10	7.0	4.58257569495584	10.0	0.0	10	5.0	5.0	10.0	0.0	-0.0031786544565292757	-2.3956412918853744	0.06509966469991678	12.408249968979375	4.766999952330001
476	7798784	10	6.0	4.898979485566356	10.0	0.0	10	4.0	4.898979485566356	10.0	0.0	-0.0023078022565966253	-2.374620236209038	0.05990692339019495	11.566249971084375	3.933999960660001
480	7864320	10	5.0	5.0	10.0	0.0	10	6.0	4.898979485566356	10.0	0.0	-0.003080934928506212	-2.383940482884671	0.06416494960829765	11.1589999721025	11.553999884460001
484	7929856	10	2.0	4.0	10.0	0.0	10	3.0	4.58257569495584	10.0	0.0	-0.0034288148474606313	-2.336970463151684	0.03110820342326748	12.496499968758751	2.9709999702900007
488	7995392	10	4.0	4.898979485566356	10.0	0.0	10	3.0	4.58257569495584	10.0	0.0	-0.0030358395194091804	-2.3048047793490922	0.0744197590364	11.69999997075	8.363999916360003
492	8060928	10	6.0	4.898979485566356	10.0	0.0	10	5.0	5.0	10.0	0.0	-0.003472211197976308	-2.3243481489581606	0.05155211613063839	11.613249970966876	4.04399995956
496	8126464	10	6.0	4.898979485566356	10.0	0.0	10	4.0	4.898979485566356	10.0	0.0	-0.0023298636064280993	-2.3459632220407403	0.095248169158753	12.3289999691775	3.2859999671400004
500	8192000	10	4.0	4.898979485566356	10.0	0.0	10	6.0	4.898979485566356	10.0	0.0	-0.002990132178023668	-2.383038922896107	0.07428711399748715	11.965749970085625	9.575999904240001
504	8257536	10	7.0	4.58257569495584	10.0	0.0	10	6.0	4.898979485566356	10.0	0.0	-0.002719422462501101	-2.404918173698411	0.05392569716467771	11.350249971624374	4.37899995621
508	8323072	10	3.0	4.58257569495584	10.0	0.0	10	5.0	5.0	10.0	0.0	-0.003061047471100583	-2.4080613749697766	0.09172627994378461	12.614249968464376	4.8899999511
512	8388608	10	3.0	4.58257569495584	10.0	0.0	10	5.0	5.0	10.0	0.0	-0.003102393932123361	-2.394151431569412	0.04755027048900406	11.558749971103126	5.536999944630001
516	8454144	10	4.0	4.898979485566356	10.0	0.0	10	6.0	4.898979485566356	10.0	0.0	-0.0019673731389424015	-2.372923575094522	0.04739184768784261	11.945999970135	4.03099995969
520	8519680	10	2.0	4.0	10.0	0.0	10	3.0	4.58257569495584	10.0	0.0	-0.0018141424514326186	-2.3738370460779317	0.07930018148567877	12.189749969525625	6.6189999338100005
524	8585216	10	4.0	4.898979485566356	10.0	0.0	10	2.0	4.0	10.0	0.0	-0.003017453927581667	-2.42420621191045	0.05692222494582337	12.089999969775	3.6299999637000004
528	8650752	10	4.0	4.898979485566356	10.0	0.0	10	5.0	5.0	10.0	0.0	-0.0016760252448342488	-2.4379200560295238	0.025570584975022334	11.09949997225125	12.38299987617
532	8716288	10	4.0	4.898979485566356	10.0	0.0	10	1.0	3.0	10.0	0.0	-0.0024097979146281427	-2.4845256157114886	0.03479179787610993	11.841999970395	9.572999904270002
536	8781824	10	4.0	4.898979485566356	10.0	0.0	10	4.0	4.898979485566356	10.0	0.0	-0.0023433752404025112	-2.5125664767985922	0.039915881120361214	12.8589999678525	8.37299991627
540	8847360	10	5.0	5.0	10.0	0.0	10	5.0	5.0	10.0	0.0	-0.00233160255423441	-2.546767132712356	0.048016097847570494	11.96849997007875	8.623999913760002
544	8912896	10	4.0	4.898979485566356	10.0	0.0	10	5.0	5.0	10.0	0.0	-0.0029260780717457863	-2.484594039360157	0.04680254656217547	11.118499972203749	7.7549999224500015
548	8978432	10	5.0	5.0	10.0	0.0	10	4.0	4.898979485566356	10.0	0.0	-0.0023410877908935338	-2.4490750951003983	0.07462102238010035	12.444249968889375	2.9489999705100005
552	9043968	10	2.0	4.0	10.0	0.0	10	7.0	4.58257569495584	10.0	0.0	-0.0030771035377689	-2.4399221263767834	0.06075414669222331	12.059749969850627	3.5789999642100008
556	9109504	10	4.0	4.898979485566356	10.0	0.0	10	5.0	5.0	10.0	0.0	-0.0024623305286859093	-2.433924158160671	0.06502505826746151	11.630249970924375	5.073999949260001
560	9175040	10	3.0	4.58257569495584	10.0	0.0	10	5.0	5.0	10.0	0.0	-0.0036670148737478854	-2.449941972636287	0.0902010091622309	13.50449996623875	8.502999914970001
564	9240576	10	4.0	4.898979485566356	10.0	0.0	10	6.0	4.898979485566356	10.0	0.0	-0.004168707183322004	-2.4782528750500443	0.04400011026424232	11.885749970285627	8.847999911520002
568	9306112	10	5.0	5.0	10.0	0.0	10	3.0	4.58257569495584	10.0	0.0	-0.0034051976371695923	-2.4046398150402855	0.02897013173728614	11.272499971818752	8.34699991653
572	9371648	10	5.0	5.0	10.0	0.0	10	3.0	4.58257569495584	10.0	0.0	-0.002001247649881521	-2.4086875913018293	0.06008459818602662	12.3609999690975	4.189999958100001
576	9437184	10	3.0	4.58257569495584	10.0	0.0	10	4.0	4.898979485566356	10.0	0.0	-0.002930093260448371	-2.4236537314910307	0.045506118045027265	12.01149996997125	4.68799995312
580	9502720	10	3.0	4.58257569495584	10.0	0.0	10	1.0	3.0	10.0	0.0	-0.002719943993441555	-2.372255635511131	0.05068974783795151	11.109999972225001	6.914999930850001
584	9568256	10	6.0	4.898979485566356	10.0	0.0	10	5.0	5.0	10.0	0.0	-0.0005585979499931961	-2.4126207925349656	0.04294450194515605	12.4529999688675	5.868999941310001
588	9633792	10	3.0	4.58257569495584	10.0	0.0	10	2.0	4.0	10.0	0.0	-0.0028422464720350067	-2.379908424864658	0.035950562199907374	11.439749971400623	3.2389999676100003
592	9699328	10	3.0	4.58257569495584	10.0	0.0	10	5.0	5.0	10.0	0.0	-0.00359821568622879	-2.3385376753953957	0.08435868129497205	11.363749971590625	4.476999955230001
596	9764864	10	4.0	4.898979485566356	10.0	0.0	10	6.0	4.898979485566356	10.0	0.0	-0.0021018791677239277	-2.279056392372671	0.09604890680414666	13.323499966691251	2.1909999780900002
600	9830400	10	5.0	5.0	10.0	0.0	10	5.0	5.0	10.0	0.0	-0.003292785588464117	-2.3499500153001045	0.07619744817863913	11.86649997033375	3.9959999600400007
604	9895936	10	4.0	4.898979485566356	10.0	0.0	10	5.0	5.0	10.0	0.0	-0.0038689694006797046	-2.3587154991951294	0.04749891491509803	11.933749970165625	3.0019999699800004
608	9961472	10	6.0	4.898979485566356	10.0	0.0	10	6.0	4.898979485566356	10.0	0.0	-0.003277775401897623	-2.4135666015216897	0.09482604344745839	12.537749968655625	1.5219999847800003
612	10027008	10	4.0	4.898979485566356	10.0	0.0	10	5.0	5.0	10.0	0.0	-0.0021301187708462435	-2.300931552806228	0.10626110289846381	11.596249971009374	6.064999939350002
616	10092544	10	2.0	4.0	10.0	0.0	10	4.0	4.898979485566356	10.0	0.0	-0.004150604040531065	-2.338980182761689	0.1294443046073633	12.1929999695175	7.0699999293000015
620	10158080	10	4.0	4.898979485566356	10.0	0.0	10	5.0	5.0	10.0	0.0	-0.0031327753989061073	-2.3180883425046312	0.09350450758934799	12.683499968291251	5.318999946810001
624	10223616	10	3.0	4.58257569495584	10.0	0.0	10	3.0	4.58257569495584	10.0	0.0	-0.003309524568025413	-2.2744773847475686	0.18848738747548127	11.109999972225	3.872999961270001
628	10289152	10	4.0	4.898979485566356	10.0	0.0	10	6.0	4.898979485566356	10.0	0.0	-0.0036665424009516404	-2.225237513350116	0.23024170237988967	12.66849996832875	4.319999956800001
632	10354688	10	4.0	4.898979485566356	10.0	0.0	10	6.0	4.898979485566356	10.0	0.0	-0.0018216915606214482	-2.216599317657523	0.2672592485045153	13.293999966765	5.160999948390001
636	10420224	10	3.0	4.58257569495584	10.0	0.0	10	8.0	4.0	10.0	0.0	-0.003883295071217226	-2.2412542301068576	0.27926789407503266	11.63449997091375	3.6689999633100006
640	10485760	10	6.0	4.898979485566356	10.0	0.0	10	4.0	4.898979485566356	10.0	0.0	-0.003130012464354433	-2.2782066561392074	0.3295501010770044	12.079999969800001	2.9629999703700007
644	10551296	10	3.0	4.58257569495584	10.0	0.0	10	5.0	5.0	10.0	0.0	-0.003039351649615033	-2.349436434361978	0.2181981254607392	13.094749967263127	3.1119999688800006
648	10616832	10	7.0	4.58257569495584	10.0	0.0	10	2.0	4.0	10.0	0.0	-0.0026381890053906697	-2.3104436916686417	0.2532484722059915	10.941999972645	7.172999928270001
652	10682368	10	5.0	5.0	10.0	0.0	10	2.0	4.0	10.0	0.0	-0.003871321740816657	-2.331756248827276	0.2381308350153567	12.01999996995	7.793999922060001
656	10747904	10	1.0	3.0	10.0	0.0	10	5.0	5.0	10.0	0.0	-0.002904082247975919	-2.311379725493624	0.27284125623865974	13.012249967469373	6.018999939810001
660	10813440	10	6.0	4.898979485566356	10.0	0.0	10	5.0	5.0	10.0	0.0	-0.004428751096832242	-2.298898684242311	0.2579715481380122	11.411499971471251	5.354999946450001
664	10878976	10	8.0	4.0	10.0	0.0	10	8.0	4.0	10.0	0.0	-0.003859398061550843	-2.2696821190536087	0.28328620577384556	12.014499969963751	6.083999939160001
668	10944512	10	2.0	4.0	10.0	0.0	10	6.0	4.898979485566356	10.0	0.0	-0.002549421146227064	-2.2133846553841328	0.36024796182883306	13.068749967328126	5.075999949240001
672	11010048	10	8.0	4.0	10.0	0.0	10	6.0	4.898979485566356	10.0	0.0	-0.0018486403421668642	-2.1684670495714937	0.49517830456105544	11.526749971183126	4.71699995283
676	11075584	10	5.0	5.0	10.0	0.0	10	8.0	4.0	10.0	0.0	-0.0035619692494874822	-2.2155658799088807	0.4099774695505805	12.363249969091877	2.3449999765500005
680	11141120	10	8.0	4.0	10.0	0.0	10	7.0	4.58257569495584	10.0	0.0	-0.002718464646952253	-2.1880372189189665	0.36316968605485445	12.921749967695625	6.2299999377000015
684	11206656	10	8.0	4.0	10.0	0.0	10	6.0	4.898979485566356	10.0	0.0	-0.003634421809314281	-2.1360268540938905	0.34753533945834464	11.193749972015626	3.3449999665500005
688	11272192	10	6.0	4.898979485566356	10.0	0.0	10	7.0	4.58257569495584	10.0	0.0	-0.003463809205886671	-2.085031290631859	0.3358953383711763	11.517499971206249	8.124999918750001
692	11337728	10	8.0	4.0	10.0	0.0	10	7.0	4.58257569495584	10.0	0.0	-0.003796491681804138	-2.03814922500281	0.3236704154844688	13.27049996682375	7.493999925060001
696	11403264	10	4.0	4.898979485566356	10.0	0.0	10	8.0	4.0	10.0	0.0	-0.0016769790986241769	-2.0785186785281216	0.26965812730587946	12.201249969496875	7.420999925790001
700	11468800	10	6.0	4.898979485566356	10.0	0.0	10	4.0	4.898979485566356	10.0	0.0	-0.0035193630667559638	-2.0815923584319442	0.2743709683132471	11.405999971485	7.9949999200500015
704	11534336	10	6.0	4.898979485566356	10.0	0.0	10	8.0	4.0	10.0	0.0	-0.003496923271328483	-2.1124308156753533	0.26912128425814763	12.06849996982875	4.181999958180001
708	11599872	10	6.0	4.898979485566356	10.0	0.0	10	8.0	4.0	10.0	0.0	-0.003590047521588976	-2.046556913391156	0.21495946036585653	13.91049996522375	5.899999941000002
712	11665408	10	4.0	4.898979485566356	10.0	0.0	10	7.0	4.58257569495584	10.0	0.0	-0.0042210917534702104	-1.971571483754382	0.25681464945705834	12.536749968658127	2.4069999759300003
716	11730944	10	6.0	4.898979485566356	10.0	0.0	10	5.0	5.0	10.0	0.0	-0.0038269852977722185	-2.0306362383435888	0.26013208581529373	12.3109999692225	2.2319999776800006
720	11796480	10	8.0	4.0	10.0	0.0	10	9.0	3.0	10.0	0.0	-0.004423601016387712	-2.0300538090736997	0.269581855091435	12.515499968711252	7.495999925040001
724	11862016	10	9.0	3.0	10.0	0.0	10	7.0	4.58257569495584	10.0	0.0	-0.004277437519864871	-2.093094731152577	0.21370494192723571	11.50799997123	4.3899999561000005
728	11927552	10	7.0	4.58257569495584	10.0	0.0	10	8.0	4.0	10.0	0.0	-0.0032099308515465587	-2.1491597863779903	0.21053193771260392	12.448249968879376	4.571999954280001
732	11993088	10	5.0	5.0	10.0	0.0	10	7.0	4.58257569495584	10.0	0.0	-0.0034851992273623464	-2.117269716936338	0.26040327375525707	11.665249970836875	5.534999944650001
736	12058624	10	7.0	4.58257569495584	10.0	0.0	10	9.0	3.0	10.0	0.0	-0.004310669403675658	-2.2013500405045066	0.18610419129255965	12.291249969271874	11.934999880650002
740	12124160	10	8.0	4.0	10.0	0.0	10	8.0	4.0	10.0	0.0	-0.0040246656870953105	-2.209732010730398	0.2508515270631227	11.020749972448124	11.566999884330002
744	12189696	10	5.0	5.0	10.0	0.0	10	6.0	4.898979485566356	10.0	0.0	-0.003938516259539858	-2.2942325892641464	0.1486397728479544	10.756999973107503	13.631999863680003
748	12255232	10	9.0	3.0	10.0	0.0	10	6.0	4.898979485566356	10.0	0.0	-0.0030406010540158777	-2.2370314918611744	0.1589770548966577	12.012499969968749	8.75099991249
752	12320768	10	7.0	4.58257569495584	10.0	0.0	10	7.0	4.58257569495584	10.0	0.0	-0.003923952222567623	-2.20993812359201	0.18995605306273367	13.44649996638375	4.151999958480001
756	12386304	10	7.0	4.58257569495584	10.0	0.0	10	4.0	4.898979485566356	10.0	0.0	-0.003409581904885416	-2.2185096564564826	0.17465313269955296	11.366999971582501	18.075999819240003
760	12451840	10	7.0	4.58257569495584	10.0	0.0	10	5.0	5.0	10.0	0.0	-0.0040560273890776315	-2.271066181125106	0.1525835547689508	10.889249972776874	12.251999877480003
764	12517376	10	5.0	5.0	10.0	0.0	10	8.0	4.0	10.0	0.0	-0.0030050220432917686	-2.2531661860781296	0.12097452354599028	12.76399996809	7.159999928400001
768	12582912	10	10.0	0.0	10.0	10.0	10	6.0	4.898979485566356	10.0	0.0	-0.003863228159593019	-2.2315792737066764	0.12062046760988933	12.550749968623125	3.2689999673100005
772	12648448	10	7.0	4.58257569495584	10.0	0.0	10	9.0	3.0	10.0	0.0	-0.0025875169640466795	-2.13808666644077	0.11874229750756071	11.458499971353751	6.7659999323400015
776	12713984	10	6.0	4.898979485566356	10.0	0.0	10	6.0	4.898979485566356	10.0	0.0	-0.0036588135792477382	-2.2038923748025345	0.118663651429484	12.808749967978125	9.767999902320001
780	12779520	10	5.0	5.0	10.0	0.0	10	8.0	4.0	10.0	0.0	-0.0038668651925252424	-2.2657579777264774	0.09578215516105941	13.54949996612625	8.636999913630001
784	12845056	10	7.0	4.58257569495584	10.0	0.0	10	6.0	4.898979485566356	10.0	0.0	-0.0035009732427464385	-2.2332843067902557	0.1394285363931257	12.694249968264375	13.734999862650001
788	12910592	10	8.0	4.0	10.0	0.0	10	8.0	4.0	10.0	0.0	-0.0034651922793301516	-2.2725894101080315	0.10840588256868068	12.442749968893125	16.314999836850003
792	12976128	10	7.0	4.58257569495584	10.0	0.0	10	7.0	4.58257569495584	10.0	0.0	-0.003295599645106643	-2.3256263233782253	0.11724933932167715	10.97249997256875	10.521999894780002
796	13041664	10	10.0	0.0	10.0	10.0	10	9.0	3.0	10.0	0.0	-0.003060064901531274	-2.2620340757199213	0.1262702544398701	11.58249997104375	5.222999947770001
800	13107200	10	7.0	4.58257569495584	10.0	0.0	10	7.0	4.58257569495584	10.0	0.0	-0.002942815939298227	-2.1978376778657633	0.1187447367966038	13.4069999664825	7.910999920890001
804	13172736	10	7.0	4.58257569495584	10.0	0.0	10	5.0	5.0	10.0	0.0	-0.003991865504039622	-2.2783577514301703	0.0663713837885234	11.61199997097	13.166999868330002
808	13238272	10	8.0	4.0	10.0	0.0	10	7.0	4.58257569495584	10.0	0.0	-0.003768953060202874	-2.2963487503520748	0.09878357432840197	11.893999970265	14.152999858470002
812	13303808	10	6.0	4.898979485566356	10.0	0.0	10	7.0	4.58257569495584	10.0	0.0	-0.001965519729408895	-2.3063525306762864	0.07594160593177447	11.44749997138125	16.36499983635
816	13369344	10	8.0	4.0	10.0	0.0	10	8.0	4.0	10.0	0.0	-0.0033847315349815636	-2.291076118508739	0.07438113104048863	12.241499969396251	11.815999881840003
820	13434880	10	8.0	4.0	10.0	0.0	10	9.0	3.0	10.0	0.0	-0.003202711309283148	-2.307689162351709	0.11338697186421405	13.285749966785625	5.571999944280001
824	13500416	10	4.0	4.898979485566356	10.0	0.0	10	8.0	4.0	10.0	0.0	-0.002209545139594655	-2.3370049692739516	0.10652894560534966	13.164499967088751	11.502999884970002
828	13565952	10	7.0	4.58257569495584	10.0	0.0	10	8.0	4.0	10.0	0.0	-0.0024419150113805287	-2.313808709141989	0.12199149799504205	11.457749971355625	7.317999926820001
832	13631488	10	8.0	4.0	10.0	0.0	10	5.0	5.0	10.0	0.0	-0.0025983083321101815	-2.2768440095198703	0.14874872618047152	12.214499969463752	3.2739999672600004
836	13697024	10	6.0	4.898979485566356	10.0	0.0	10	9.0	3.0	10.0	0.0	-0.004050572161034092	-2.2312197956105466	0.10090600131580654	13.453249966366876	8.322999916770002
840	13762560	10	8.0	4.0	10.0	0.0	10	7.0	4.58257569495584	10.0	0.0	-0.003283972007578885	-2.2487161430360922	0.10423431301878291	12.211749969470628	16.82299983177
844	13828096	10	9.0	3.0	10.0	0.0	10	8.0	4.0	10.0	0.0	-0.002788761111345529	-2.2755582603428666	0.12860804459215025	10.899249972751875	14.598999854010003
848	13893632	10	5.0	5.0	10.0	0.0	10	3.0	4.58257569495584	10.0	0.0	-0.004411139947019165	-2.295117554326196	0.10582321318471544	11.806249970484373	8.139999918600003
852	13959168	10	7.0	4.58257569495584	10.0	0.0	10	6.0	4.898979485566356	10.0	0.0	-0.0024579252613437536	-2.2590040363501767	0.11274473041984225	13.317749966705625	5.0409999495900015
856	14024704	10	6.0	4.898979485566356	10.0	0.0	10	7.0	4.58257569495584	10.0	0.0	-0.004463616003845743	-2.2113395430327696	0.14328106407834304	12.209249969476874	11.461999885380001
860	14090240	10	7.0	4.58257569495584	10.0	0.0	10	10.0	0.0	10.0	10.0	-0.003514238338173077	-2.1992842304402473	0.1459300512451163	11.189999972025001	10.857999891420002
864	14155776	10	5.0	5.0	10.0	0.0	10	9.0	3.0	10.0	0.0	-0.003922728474405982	-2.179309579006317	0.1260711762457147	12.700749968248127	8.20899991791
868	14221312	10	5.0	5.0	10.0	0.0	10	10.0	0.0	10.0	10.0	-0.003928198900712317	-2.185220286022487	0.10342885721561654	13.199749967000626	9.2699999073
872	14286848	10	7.0	4.58257569495584	10.0	0.0	10	7.0	4.58257569495584	10.0	0.0	-0.0033182937958856932	-2.17218095289889	0.08799940395261231	11.875999970310001	12.004999879950002
876	14352384	10	6.0	4.898979485566356	10.0	0.0	10	6.0	4.898979485566356	10.0	0.0	-0.0041138292382997856	-2.256602299475052	0.15488363335158353	11.0799999723	10.501999894980003
880	14417920	10	7.0	4.58257569495584	10.0	0.0	10	7.0	4.58257569495584	10.0	0.0	-0.0043429811044030315	-2.1986882709159956	0.1052121841045086	13.10049996724875	6.315999936840001
884	14483456	10	7.0	4.58257569495584	10.0	0.0	10	8.0	4.0	10.0	0.0	-0.0025095122398057167	-2.220557667083698	0.08554211485007057	12.473499968816252	5.107999948920001
888	14548992	10	7.0	4.58257569495584	10.0	0.0	10	6.0	4.898979485566356	10.0	0.0	-0.00399592239125529	-2.2635754096136953	0.14408128708070278	10.977749972555626	13.452999865470002
892	14614528	10	9.0	3.0	10.0	0.0	10	3.0	4.58257569495584	10.0	0.0	-0.0034916773604588853	-2.2498535983404375	0.1566339554101981	12.485749968785624	6.012999939870001
896	14680064	10	6.0	4.898979485566356	10.0	0.0	10	5.0	5.0	10.0	0.0	-0.0034623511136822175	-2.2883156212767486	0.09186808104290756	13.296749966758124	11.209999887900002
900	14745600	10	5.0	5.0	10.0	0.0	10	6.0	4.898979485566356	10.0	0.0	-0.004151048293525706	-2.259079006575662	0.11291027944911072	12.270249969324375	6.406999935930001
904	14811136	10	9.0	3.0	10.0	0.0	10	7.0	4.58257569495584	10.0	0.0	-0.003762627408137381	-2.1751484893480133	0.12697516702500303	12.185499969536252	6.8219999317800015
908	14876672	10	5.0	5.0	10.0	0.0	10	7.0	4.58257569495584	10.0	0.0	-0.003979102201093092	-2.1653108917404715	0.06546941379974816	12.127749969680623	6.209999937900001
912	14942208	10	8.0	4.0	10.0	0.0	10	8.0	4.0	10.0	0.0	-0.0037684891863758686	-2.129304870741294	0.10829696224960857	12.496749968758126	11.500999884990001
916	15007744	10	8.0	4.0	10.0	0.0	10	8.0	4.0	10.0	0.0	-0.00359774380763575	-2.2006940019818546	0.12928296143084136	12.782249968044377	8.111999918880002
920	15073280	10	6.0	4.898979485566356	10.0	0.0	10	6.0	4.898979485566356	10.0	0.0	-0.004231573302769915	-2.1902558900617906	0.08555020294037154	13.096249967259377	6.441999935580001
924	15138816	10	8.0	4.0	10.0	0.0	10	7.0	4.58257569495584	10.0	0.0	-0.0025578053849801244	-2.168714498254253	0.07852207398931568	12.093999969765001	4.91099995089
928	15204352	10	6.0	4.898979485566356	10.0	0.0	10	9.0	3.0	10.0	0.0	-0.0024771610524563746	-2.1979926449751095	0.15742543788228705	12.778249968054375	12.676999873230002
932	15269888	10	6.0	4.898979485566356	10.0	0.0	10	8.0	4.0	10.0	0.0	-0.0039658923532252715	-2.2619923773038515	0.13263163613326107	12.745999968135001	8.555999914440001
936	15335424	10	5.0	5.0	10.0	0.0	10	8.0	4.0	10.0	0.0	-0.003121643297747569	-2.2575392720731893	0.09789116452592522	12.541999968645	11.934999880650002
940	15400960	10	6.0	4.898979485566356	10.0	0.0	10	8.0	4.0	10.0	0.0	-0.0036322128916411447	-2.217361822493367	0.10163162538964862	12.273999969315001	12.831999871680003
944	15466496	10	4.0	4.898979485566356	10.0	0.0	10	6.0	4.898979485566356	10.0	0.0	-0.004227293509316803	-2.1425875547283226	0.11252369951681647	12.630249968424376	4.593999954060001
948	15532032	10	7.0	4.58257569495584	10.0	0.0	10	8.0	4.0	10.0	0.0	-0.003997468920299216	-2.142910122648179	0.1958012777021465	12.469249968826876	5.305999946940001
952	15597568	10	5.0	5.0	10.0	0.0	10	8.0	4.0	10.0	0.0	-0.003032590798271488	-2.185635221273521	0.10932060892641485	13.131749967170625	11.108999888910002
956	15663104	10	4.0	4.898979485566356	10.0	0.0	10	6.0	4.898979485566356	10.0	0.0	-0.0038258678513513104	-2.1891649412815264	0.10672471139554837	12.9689999675775	7.6239999237600005
960	15728640	10	6.0	4.898979485566356	10.0	0.0	10	8.0	4.0	10.0	0.0	-0.0035058138524604785	-2.1189897977091943	0.11216218267796083	13.242249966894374	4.89499995105
964	15794176	10	7.0	4.58257569495584	10.0	0.0	10	5.0	5.0	10.0	0.0	-0.0038053566382260785	-2.0891755568791766	0.14017321327017174	13.569249966076876	3.7129999628700006
968	15859712	10	7.0	4.58257569495584	10.0	0.0	10	8.0	4.0	10.0	0.0	-0.003065106880648223	-2.141914792135759	0.10414091954475146	12.990749967523126	8.239999917600002
972	15925248	10	6.0	4.898979485566356	10.0	0.0	10	9.0	3.0	10.0	0.0	-0.003152894348179165	-2.173999046059489	0.09533763621561539	12.3829999690425	8.710999912890001
976	15990784	10	8.0	4.0	10.0	0.0	10	7.0	4.58257569495584	10.0	0.0	-0.0039221944651982215	-2.2517174181976816	0.07386139693657284	12.14799996963	13.975999860240004
980	16056320	10	6.0	4.898979485566356	10.0	0.0	10	7.0	4.58257569495584	10.0	0.0	-0.0035069415822348137	-2.2618354680764967	0.1301710343551269	12.588749968528127	11.360999886390003
984	16121856	10	7.0	4.58257569495584	10.0	0.0	10	8.0	4.0	10.0	0.0	-0.0026454979424946376	-2.310733260967038	0.08625886351679027	12.447749968880624	8.758999912410001
988	16187392	10	7.0	4.58257569495584	10.0	0.0	10	6.0	4.898979485566356	10.0	0.0	-0.002831099726799112	-2.2609091969956223	0.10925104287479116	12.641999968395	9.734999902650001
992	16252928	10	6.0	4.898979485566356	10.0	0.0	10	7.0	4.58257569495584	10.0	0.0	-0.0035311802587441265	-2.2782679595163526	0.07046656368517017	12.798999968002502	7.023999929760001
996	16318464	10	4.0	4.898979485566356	10.0	0.0	10	8.0	4.0	10.0	0.0	-0.004154892201335433	-2.177594192099236	0.15982902511104327	12.336749969158125	10.133999898660003
1000	16384000	10	8.0	4.0	10.0	0.0	10	6.0	4.898979485566356	10.0	0.0	-0.0030395639038505316	-2.0948120527270864	0.16310359658138562	12.055999969860002	8.597999914020003
1004	16449536	10	5.0	5.0	10.0	0.0	10	7.0	4.58257569495584	10.0	0.0	-0.00168705237090166	-2.1494076994802733	0.13026522678751196	12.481499968796253	17.77199982228
1008	16515072	10	6.0	4.898979485566356	10.0	0.0	10	5.0	5.0	10.0	0.0	-0.0034254033425359133	-2.2454800057058972	0.12957300950665104	12.291749969270624	8.643999913560002
1012	16580608	10	8.0	4.0	10.0	0.0	10	5.0	5.0	10.0	0.0	-0.0038990613461950766	-2.260957071943006	0.07646259668573221	12.38849996902875	9.838999901610002
1016	16646144	10	7.0	4.58257569495584	10.0	0.0	10	8.0	4.0	10.0	0.0	-0.004141314367060675	-2.146416435415478	0.13684261080470037	12.191999969520001	7.379999926200001
1020	16711680	10	5.0	5.0	10.0	0.0	10	5.0	5.0	10.0	0.0	-0.0033889404048251795	-2.1089819940714607	0.1019690215753034	12.506499968733749	3.949999960500001
1024	16777216	10	8.0	4.0	10.0	0.0	10	8.0	4.0	10.0	0.0	-0.0036952728086454083	-2.115659281391061	0.11297076793840567	12.549749968625624	6.576999934230001
1028	16842752	10	7.0	4.58257569495584	10.0	0.0	10	9.0	3.0	10.0	0.0	-0.004945071132260905	-2.2132531451860302	0.11282538008321762	12.28049996929875	4.89799995102
1032	16908288	10	8.0	4.0	10.0	0.0	10	4.0	4.898979485566356	10.0	0.0	-0.0035461864095794647	-2.254529190325335	0.12083377152353987	12.474999968812499	9.511999904880001
1036	16973824	10	4.0	4.898979485566356	10.0	0.0	10	8.0	4.0	10.0	0.0	-0.0037945772221356167	-2.3132339614206945	0.07806450757354991	13.186749967033125	8.008999919910002
1040	17039360	10	7.0	4.58257569495584	10.0	0.0	10	7.0	4.58257569495584	10.0	0.0	-0.003457871144083245	-2.302126645802065	0.13399744424349253	12.32799996918	10.581999894180003
1044	17104896	10	9.0	3.0	10.0	0.0	10	9.0	3.0	10.0	0.0	-0.004274181696179888	-2.2445629485096936	0.10027237844695466	13.034249967414375	8.732999912670001
1048	17170432	10	10.0	0.0	10.0	10.0	10	9.0	3.0	10.0	0.0	-0.004435298808698778	-2.141439554368907	0.10366811300518138	12.986249967534375	6.034999939650001
1052	17235968	10	8.0	4.0	10.0	0.0	10	7.0	4.58257569495584	10.0	0.0	-0.0036266486564132997	-2.0727785475876463	0.0687047597337348	12.856249967859377	3.9969999600300006
1056	17301504	10	9.0	3.0	10.0	0.0	10	7.0	4.58257569495584	10.0	0.0	-0.004932868048946778	-2.0825505726353613	0.07151276041241496	13.152249967119376	4.988999950110001
1060	17367040	10	8.0	4.0	10.0	0.0	10	6.0	4.898979485566356	10.0	0.0	-0.0044664455704045815	-2.128475874440683	0.11313664838269279	12.527999968680001	8.91499991085
1064	17432576	10	6.0	4.898979485566356	10.0	0.0	10	6.0	4.898979485566356	10.0	0.0	-0.0033157701469647112	-2.152604954713864	0.05685959947867352	12.891749967770625	6.409999935900001
1068	17498112	10	8.0	4.0	10.0	0.0	10	8.0	4.0	10.0	0.0	-0.0038631797890268053	-2.2412141608844114	0.08575295933482735	12.987999967530001	9.206999907930003
1072	17563648	10	9.0	3.0	10.0	0.0	10	6.0	4.898979485566356	10.0	0.0	-0.0034823182112945637	-2.2828533870584025	0.14116804028632488	12.32749996918125	10.360999896390002
1076	17629184	10	8.0	4.0	10.0	0.0	10	9.0	3.0	10.0	0.0	-0.0043106965090430865	-2.3150566292377794	0.11999526591497667	13.4329999664175	8.883999911160002
1080	17694720	10	6.0	4.898979485566356	10.0	0.0	10	8.0	4.0	10.0	0.0	-0.004027707797715292	-2.2594754594197637	0.11165991622257143	12.706249968234376	12.694999873050003
1084	17760256	10	7.0	4.58257569495584	10.0	0.0	10	6.0	4.898979485566356	10.0	0.0	-0.004112940155084532	-2.2814772697893475	0.08826452650878992	12.769499968076252	10.492999895070001
1088	17825792	10	7.0	4.58257569495584	10.0	0.0	10	8.0	4.0	10.0	0.0	-0.0038157962986251435	-2.2974337312172812	0.1331101417946119	12.46849996882875	14.523999854760001
1092	17891328	10	5.0	5.0	10.0	0.0	10	7.0	4.58257569495584	10.0	0.0	-0.003674059145468346	-2.3228075129354355	0.07288223212252519	13.392249966519374	12.57099987429
1096	17956864	10	10.0	0.0	10.0	10.0	10	5.0	5.0	10.0	0.0	-0.004138029364360344	-2.28636621411667	0.08397742975016492	13.071249967321876	8.04299991957
1100	18022400	10	9.0	3.0	10.0	0.0	10	7.0	4.58257569495584	10.0	0.0	-0.0039747982951164485	-2.2271164976224003	0.14295774960643032	13.373999966565	7.252999927470001
1104	18087936	10	8.0	4.0	10.0	0.0	10	7.0	4.58257569495584	10.0	0.0	-0.0036963987024531057	-2.1593462325866777	0.08178898497253537	13.766249965584377	5.196999948030001
1108	18153472	10	7.0	4.58257569495584	10.0	0.0	10	8.0	4.0	10.0	0.0	-0.0016092955652150976	-2.170336238813821	0.07670243467802272	13.5169999662075	4.081999959180001
1112	18219008	10	4.0	4.898979485566356	10.0	0.0	10	9.0	3.0	10.0	0.0	-0.0035536145996287165	-2.1821566420507272	0.08976025725652974	13.097249967256873	6.841999931580001
1116	18284544	10	9.0	3.0	10.0	0.0	10	7.0	4.58257569495584	10.0	0.0	-0.004036363082866688	-2.2112991360506697	0.035012923385987244	13.338999966652501	7.293999927060001
1120	18350080	10	5.0	5.0	10.0	0.0	10	7.0	4.58257569495584	10.0	0.0	-0.0036480502418109423	-2.1658609805235196	0.08624442752212011	13.258749966853124	3.841999961580001
1124	18415616	10	6.0	4.898979485566356	10.0	0.0	10	7.0	4.58257569495584	10.0	0.0	-0.0033943279021919556	-2.1193356164075645	0.0948111194300579	14.04449996488875	4.7199999528
1128	18481152	10	6.0	4.898979485566356	10.0	0.0	10	7.0	4.58257569495584	10.0	0.0	-0.004896303557057655	-2.1260990672082327	0.1336122583458719	13.151249967121876	5.744999942550001
1132	18546688	10	7.0	4.58257569495584	10.0	0.0	10	7.0	4.58257569495584	10.0	0.0	-0.0034927311798431237	-2.1152097903472225	0.08347126141213554	12.768249968079376	6.033999939660001
1136	18612224	10	7.0	4.58257569495584	10.0	0.0	10	7.0	4.58257569495584	10.0	0.0	-0.004150454956159566	-2.086183567624537	0.10208987459097812	12.453749968865626	5.912999940870002
1140	18677760	10	7.0	4.58257569495584	10.0	0.0	10	8.0	4.0	10.0	0.0	-0.004250113347412986	-2.1223837284023084	0.06720257924247239	12.52649996868375	3.977999960220001
1144	18743296	10	8.0	4.0	10.0	0.0	10	7.0	4.58257569495584	10.0	0.0	-0.0022703095453289056	-2.1769031234301477	0.08456282600034817	12.694749968263126	6.920999930790002
1148	18808832	10	8.0	4.0	10.0	0.0	10	8.0	4.0	10.0	0.0	-0.004423906106991719	-2.1428043268872403	0.09865428100787013	12.626999968432498	7.577999924220001
1152	18874368	10	8.0	4.0	10.0	0.0	10	7.0	4.58257569495584	10.0	0.0	-0.0033750657793887315	-2.078228135687194	0.13188428659325682	12.688749968278124	6.232999937670001
1156	18939904	10	7.0	4.58257569495584	10.0	0.0	10	5.0	5.0	10.0	0.0	-0.004269029197692111	-2.0676262624891533	0.1513793869562464	12.29199996927	4.568999954310001
1160	19005440	10	7.0	4.58257569495584	10.0	0.0	10	8.0	4.0	10.0	0.0	-0.004378211856266612	-2.122258799550399	0.08215747547721879	11.955749970110624	7.749999922500002
1164	19070976	10	7.0	4.58257569495584	10.0	0.0	10	9.0	3.0	10.0	0.0	-0.0040364307613990884	-2.103534807542392	0.10121314191602124	12.499749968750624	2.2229999777700002
1168	19136512	10	7.0	4.58257569495584	10.0	0.0	10	8.0	4.0	10.0	0.0	-0.003960063719399032	-2.141811941837683	0.0746547012599418	12.805249967986876	6.786999932130001
1172	19202048	10	6.0	4.898979485566356	10.0	0.0	10	8.0	4.0	10.0	0.0	-0.0036505629343524183	-2.15766837425406	0.07423797295586822	12.82849996792875	8.022999919770001
1176	19267584	10	5.0	5.0	10.0	0.0	10	8.0	4.0	10.0	0.0	-0.005101829085181035	-2.3252905157766497	0.0730514936824874	13.166249967084374	13.150999868490002
1180	19333120	10	8.0	4.0	10.0	0.0	10	7.0	4.58257569495584	10.0	0.0	-0.0027395679520422138	-2.351713232451086	0.06691556833569483	12.37149996907125	10.303999896960002
1184	19398656	10	8.0	4.0	10.0	0.0	10	8.0	4.0	10.0	0.0	-0.002740965260896765	-2.302457123754988	0.05349503067967793	12.9809999675475	9.543999904560001
1188	19464192	10	8.0	4.0	10.0	0.0	10	7.0	4.58257569495584	10.0	0.0	-0.004588696236903869	-2.3244011002344576	0.10182870801176004	12.922999967692501	11.505999884940001
1192	19529728	10	7.0	4.58257569495584	10.0	0.0	10	6.0	4.898979485566356	10.0	0.0	-0.0032736769568373868	-2.3088786450603567	0.07075395319882746	12.397749969005623	13.790999862090002
1196	19595264	10	7.0	4.58257569495584	10.0	0.0	10	7.0	4.58257569495584	10.0	0.0	-0.004384100208727624	-2.258549898627573	0.024420029398730954	12.173999969565	10.118999898810001
1200	19660800	10	7.0	4.58257569495584	10.0	0.0	10	7.0	4.58257569495584	10.0	0.0	-0.004163800874136034	-2.3381136628536687	0.08079477806199645	12.677999968305	16.867999831320002
1204	19726336	10	6.0	4.898979485566356	10.0	0.0	10	8.0	4.0	10.0	0.0	-0.0024351376169346904	-2.3203100510008112	0.08922275434250068	12.414249968964377	16.141999838580002
1208	19791872	10	8.0	4.0	10.0	0.0	10	6.0	4.898979485566356	10.0	0.0	-0.004138631260677956	-2.3339961317730573	0.0954245494428846	12.71599996821	9.250999907490002
1212	19857408	10	6.0	4.898979485566356	10.0	0.0	10	5.0	5.0	10.0	0.0	-0.003939816300967713	-2.307760995882763	0.08239125752506593	12.209249969476875	16.98299983017
1216	19922944	10	5.0	5.0	10.0	0.0	10	7.0	4.58257569495584	10.0	0.0	-0.004711303308910892	-2.2851254093253486	0.05894612974823948	11.97649997005875	12.866999871330004
1220	19988480	10	8.0	4.0	10.0	0.0	10	9.0	3.0	10.0	0.0	-0.004095633158489591	-2.2618635170289143	0.08714622031707427	12.7989999680025	5.200999947990001
1224	20054016	10	7.0	4.58257569495584	10.0	0.0	10	7.0	4.58257569495584	10.0	0.0	-0.002946612825019217	-2.245723128084857	0.11851580336930002	12.68849996827875	11.672999883270002
1228	20119552	10	6.0	4.898979485566356	10.0	0.0	10	6.0	4.898979485566356	10.0	0.0	-0.0027960724931712553	-2.209276512035072	0.14213239334129674	12.74949996812625	10.147999898520002
1232	20185088	10	7.0	4.58257569495584	10.0	0.0	10	7.0	4.58257569495584	10.0	0.0	-0.0029457613391022713	-2.179311183364672	0.10216826434191875	12.745249968136873	5.0729999492700015
1236	20250624	10	7.0	4.58257569495584	10.0	0.0	10	9.0	3.0	10.0	0.0	-0.0036975146015203616	-2.127197831647542	0.18596329305246503	12.792999968017499	4.302999956970001
1240	20316160	10	5.0	5.0	10.0	0.0	10	7.0	4.58257569495584	10.0	0.0	-0.004185509637124859	-2.1600415182843835	0.04804888643153709	13.090249967274374	5.492999945070001
1244	20381696	10	8.0	4.0	10.0	0.0	10	8.0	4.0	10.0	0.0	-0.0036558653030151172	-2.2310475406706907	0.08786536204140237	12.649749968375627	12.304999876950001
1248	20447232	10	9.0	3.0	10.0	0.0	10	8.0	4.0	10.0	0.0	-0.0027397745771118387	-2.3221927853986624	0.045338700331564945	12.49749996875625	12.893999871060002
1252	20512768	10	6.0	4.898979485566356	10.0	0.0	10	5.0	5.0	10.0	0.0	-0.004103742265394116	-2.3374879606116776	0.0864551622757348	12.1449999696375	19.055999809440003
1256	20578304	10	7.0	4.58257569495584	10.0	0.0	10	8.0	4.0	10.0	0.0	-0.003315429994733624	-2.2894738612174304	0.10203010828413205	12.281749969295625	7.939999920600002
1260	20643840	10	8.0	4.0	10.0	0.0	10	8.0	4.0	10.0	0.0	-0.0024211602379995067	-2.2537964853283485	0.059848910841366905	12.566749968583126	9.249999907500001
1264	20709376	10	5.0	5.0	10.0	0.0	10	9.0	3.0	10.0	0.0	-0.0031867198567564177	-2.1755258711893157	0.04670531590331913	13.053249967366876	5.094999949050001
1268	20774912	10	8.0	4.0	10.0	0.0	10	6.0	4.898979485566356	10.0	0.0	-0.004068422176897638	-2.2383125968429405	0.06224563898365054	12.293999969265	10.593999894060001
1272	20840448	10	7.0	4.58257569495584	10.0	0.0	10	10.0	0.0	10.0	10.0	-0.0019105776710735063	-2.139038922663237	0.0663948099564207	12.738749968153126	4.59199995408
1276	20905984	10	8.0	4.0	10.0	0.0	10	6.0	4.898979485566356	10.0	0.0	-0.0032131431783442685	-2.14328957326736	0.10737541047125768	12.967499967581249	2.945999970540001
1280	20971520	10	8.0	4.0	10.0	0.0	10	8.0	4.0	10.0	0.0	-0.0026845409675169012	-2.1629402833910776	0.07840753491384002	12.605249968486875	10.783999892160002
1284	21037056	10	8.0	4.0	10.0	0.0	10	7.0	4.58257569495584	10.0	0.0	-0.004113354921048286	-2.2242138035762054	0.07211896497005003	12.624249968439376	12.34699987653
1288	21102592	10	6.0	4.898979485566356	10.0	0.0	10	5.0	5.0	10.0	0.0	-0.0034968043203354397	-2.2621535954503176	0.054515735492795564	12.328749969178126	10.053999899460003
1292	21168128	10	5.0	5.0	10.0	0.0	10	5.0	5.0	10.0	0.0	-0.004794890305478623	-2.2570513285828935	0.08610719663629843	12.492499968768751	14.624999853750003
1296	21233664	10	7.0	4.58257569495584	10.0	0.0	10	8.0	4.0	10.0	0.0	-0.004768951130961007	-2.3298452941136536	0.09639688265902752	12.522249968694375	14.673999853260002
1300	21299200	10	6.0	4.898979485566356	10.0	0.0	10	8.0	4.0	10.0	0.0	-0.0050129769000940095	-2.270016774298719	0.0964548508342154	12.482499968793752	5.9339999406600015
1304	21364736	10	8.0	4.0	10.0	0.0	10	6.0	4.898979485566356	10.0	0.0	-0.003768791968075994	-2.2520795362828694	0.0780612923472831	12.707749968230624	10.226999897730002
1308	21430272	10	6.0	4.898979485566356	10.0	0.0	10	9.0	3.0	10.0	0.0	-0.004003969707089784	-2.2460057931785675	0.07426862549815313	12.842499967893751	6.332999936670001
1312	21495808	10	9.0	3.0	10.0	0.0	10	8.0	4.0	10.0	0.0	-0.0030658369938909	-2.2776466456663322	0.08520191071715236	12.255499969361251	11.067999889320001
1316	21561344	10	5.0	5.0	10.0	0.0	10	9.0	3.0	10.0	0.0	-0.004402331352590217	-2.278126818201066	0.05653759424257375	12.731499968171251	8.641999913580001
1320	21626880	10	7.0	4.58257569495584	10.0	0.0	10	8.0	4.0	10.0	0.0	-0.003937840036889904	-2.2442651860561686	0.07684678670848238	12.87449996781375	8.46299991537
1324	21692416	10	7.0	4.58257569495584	10.0	0.0	10	7.0	4.58257569495584	10.0	0.0	-0.0031253718282721	-2.243933193151858	0.0833489007404331	12.457249968856877	4.601999953980001
1328	21757952	10	3.0	4.58257569495584	10.0	0.0	10	9.0	3.0	10.0	0.0	-0.0035902116162610316	-2.1810810514005987	0.08419888075728203	13.081499967296251	6.098999939010001
1332	21823488	10	5.0	5.0	10.0	0.0	10	7.0	4.58257569495584	10.0	0.0	-0.003911132543076184	-2.1390830599026884	0.10053353246301926	13.367249966581875	2.481999975180001
1336	21889024	10	4.0	4.898979485566356	10.0	0.0	10	9.0	3.0	10.0	0.0	-0.004744561492883131	-2.100587705552317	0.1000358877832174	12.884499967788749	4.449999955500001
1340	21954560	10	6.0	4.898979485566356	10.0	0.0	10	6.0	4.898979485566356	10.0	0.0	-0.0023048262031831555	-2.109340602933188	0.06697953668268565	13.08399996729	4.123999958760001
1344	22020096	10	7.0	4.58257569495584	10.0	0.0	10	4.0	4.898979485566356	10.0	0.0	-0.003512241780236825	-2.1264668502182005	0.055357707503383674	13.110499967223749	3.9249999607500006
1348	22085632	10	7.0	4.58257569495584	10.0	0.0	10	6.0	4.898979485566356	10.0	0.0	-0.0030670927320128475	-2.0932848029141655	0.07399599480370403	12.49249996876875	7.371999926280001
1352	22151168	10	6.0	4.898979485566356	10.0	0.0	10	8.0	4.0	10.0	0.0	-0.004005801235393427	-2.1183482754010705	0.06289931430194821	12.729999968175	7.326999926730001
1356	22216704	10	4.0	4.898979485566356	10.0	0.0	10	7.0	4.58257569495584	10.0	0.0	-0.004238906707706678	-2.1251224773895387	0.06824899592191584	12.695749968260625	8.57499991425
1360	22282240	10	7.0	4.58257569495584	10.0	0.0	10	8.0	4.0	10.0	0.0	-0.0035355196071229643	-2.1587290339406735	0.07653707220430747	13.004249967489375	1.7769999822300002
1364	22347776	10	6.0	4.898979485566356	10.0	0.0	10	8.0	4.0	10.0	0.0	-0.0029406073769343536	-2.150215742264721	0.11087797670246273	13.138249967154376	7.875999921240002
1368	22413312	10	6.0	4.898979485566356	10.0	0.0	10	6.0	4.898979485566356	10.0	0.0	-0.002526869821283306	-2.1810170086933214	0.09610877346100014	12.965249967586876	9.302999906970003
1372	22478848	10	7.0	4.58257569495584	10.0	0.0	10	9.0	3.0	10.0	0.0	-0.0034412002468699973	-2.22442224350249	0.08654653155895564	12.539499968651251	9.342999906570002
1376	22544384	10	8.0	4.0	10.0	0.0	10	6.0	4.898979485566356	10.0	0.0	-0.0026413614587279984	-2.224174623456377	0.08607215487743385	12.771749968070626	3.4309999656900008
1380	22609920	10	9.0	3.0	10.0	0.0	10	7.0	4.58257569495584	10.0	0.0	-0.004119180913701911	-2.1786051216438973	0.07795085730965373	12.736249968159377	10.35699989643
1384	22675456	10	6.0	4.898979485566356	10.0	0.0	10	8.0	4.0	10.0	0.0	-0.0035881540360809348	-2.1282051650453027	0.062096042522978664	12.025249969936874	9.860999901390002
1388	22740992	10	6.0	4.898979485566356	10.0	0.0	10	7.0	4.58257569495584	10.0	0.0	-0.004963106686256253	-2.094971264183845	0.10015247431316548	11.741499970646249	12.175999878240003
1392	22806528	10	6.0	4.898979485566356	10.0	0.0	10	6.0	4.898979485566356	10.0	0.0	-0.002919509613698775	-2.204256236323582	0.08186376191463199	14.196499964508751	8.239999917600002
1396	22872064	10	8.0	4.0	10.0	0.0	10	6.0	4.898979485566356	10.0	0.0	-0.004772780479579549	-2.280895143509736	0.03594678748160391	13.922499965193749	3.6669999633300003
1400	22937600	10	8.0	4.0	10.0	0.0	10	9.0	3.0	10.0	0.0	-0.004774798818094918	-2.237057568893261	0.02899659036667097	13.497749966255626	6.804999931950001
1404	23003136	10	8.0	4.0	10.0	0.0	10	8.0	4.0	10.0	0.0	-0.0028242627058806314	-2.270974782369406	0.02719403348317919	12.697999968255	11.111999888880002
1408	23068672	10	5.0	5.0	10.0	0.0	10	7.0	4.58257569495584	10.0	0.0	-0.004740814015764975	-2.2465580575311495	0.03383496493078515	11.765249970586877	16.209999837900003
1412	23134208	10	9.0	3.0	10.0	0.0	10	6.0	4.898979485566356	10.0	0.0	-0.00348500089809706	-2.26856116181823	0.037865518057208794	13.181749967045624	9.579999904200001
1416	23199744	10	6.0	4.898979485566356	10.0	0.0	10	8.0	4.0	10.0	0.0	-0.002270189422906687	-2.3078590430398815	0.04497499430743322	13.3489999666275	10.50099989499
1420	23265280	10	9.0	3.0	10.0	0.0	10	5.0	5.0	10.0	0.0	-0.002779303351127673	-2.256728450222179	0.08099520059603499	12.4769999688075	4.985999950140001
1424	23330816	10	6.0	4.898979485566356	10.0	0.0	10	7.0	4.58257569495584	10.0	0.0	-0.003532174397086041	-2.3007720333921378	0.09739589175979897	13.056249967359376	6.699999933000001
1428	23396352	10	5.0	5.0	10.0	0.0	10	10.0	0.0	10.0	10.0	-0.003310073855531502	-2.249944480522549	0.06809691174100167	12.926499967683752	10.607999893920002
1432	23461888	10	9.0	3.0	10.0	0.0	10	8.0	4.0	10.0	0.0	-0.0036904704365139465	-2.2401820841084916	0.07135053454581919	12.455999968860002	10.345999896540002
1436	23527424	10	8.0	4.0	10.0	0.0	10	7.0	4.58257569495584	10.0	0.0	-0.003944450083097974	-2.2496007231514774	0.06330305850929084	12.325749969185624	5.007999949920001
1440	23592960	10	8.0	4.0	10.0	0.0	10	6.0	4.898979485566356	10.0	0.0	-0.0027397038305506443	-2.2868993279935927	0.05176099428542482	12.976749967558126	8.860999911390001
1444	23658496	10	6.0	4.898979485566356	10.0	0.0	10	7.0	4.58257569495584	10.0	0.0	-0.003175521266684548	-2.281578495860854	0.061535222983019486	12.30949996922625	9.694999903050002
1448	23724032	10	7.0	4.58257569495584	10.0	0.0	10	7.0	4.58257569495584	10.0	0.0	-0.004626857266706254	-2.2467808025721787	0.037578572248424	12.490749968773123	5.669999943300001
1452	23789568	10	9.0	3.0	10.0	0.0	10	6.0	4.898979485566356	10.0	0.0	-0.002217470309078054	-2.186462240686747	0.10833782936326782	12.85749996785625	9.963999900360003
1456	23855104	10	6.0	4.898979485566356	10.0	0.0	10	8.0	4.0	10.0	0.0	-0.003954257893274591	-2.279873291413921	0.06552700781124109	13.108749967228126	8.584999914150002
1460	23920640	10	9.0	3.0	10.0	0.0	10	7.0	4.58257569495584	10.0	0.0	-0.003228997032811253	-2.267229879659676	0.11237744118546208	12.4929999687675	10.069999899300003
1464	23986176	10	6.0	4.898979485566356	10.0	0.0	10	7.0	4.58257569495584	10.0	0.0	-0.005334400896319831	-2.2566713812583394	0.03691542014812996	12.646249968384376	10.862999891370002
1468	24051712	10	8.0	4.0	10.0	0.0	10	6.0	4.898979485566356	10.0	0.0	-0.0038578069236107895	-2.3608052827442205	0.024756936431456652	11.864749970338124	11.876999881230002
1472	24117248	10	8.0	4.0	10.0	0.0	10	7.0	4.58257569495584	10.0	0.0	-0.004448414255867203	-2.365606275451132	0.05520983536705596	13.14149996714625	8.866999911330002
1476	24182784	10	4.0	4.898979485566356	10.0	0.0	10	6.0	4.898979485566356	10.0	0.0	-0.0022936201152369655	-2.3521414570543766	0.08986053139509875	13.04349996739125	12.16499987835
1480	24248320	10	5.0	5.0	10.0	0.0	10	5.0	5.0	10.0	0.0	-0.0027892994448974313	-2.342712079241225	0.03379706918482268	13.359749966600628	13.622999863770001
1484	24313856	10	9.0	3.0	10.0	0.0	10	6.0	4.898979485566356	10.0	0.0	-0.0033992359794356255	-2.3551234774321785	0.05088662556909654	12.361999969095	18.076999819230004
1488	24379392	10	7.0	4.58257569495584	10.0	0.0	10	6.0	4.898979485566356	10.0	0.0	-0.003369666131172741	-2.333291463310854	0.071664005840338	12.659249968351876	16.215999837840005
1492	24444928	10	10.0	0.0	10.0	10.0	10	8.0	4.0	10.0	0.0	-0.0037752471406756237	-2.3189684175022824	0.050307581845940884	13.10649996723375	7.771999922280002
1496	24510464	10	6.0	4.898979485566356	10.0	0.0	10	8.0	4.0	10.0	0.0	-0.0024933588499283627	-2.3182489149341126	0.020809196370115995	12.854499967863752	12.120999878790002
1500	24576000	10	8.0	4.0	10.0	0.0	10	8.0	4.0	10.0	0.0	-0.002068888078092379	-2.337269867216467	0.05887060168478523	13.151499967121248	8.476999915230001
1504	24641536	10	7.0	4.58257569495584	10.0	0.0	10	6.0	4.898979485566356	10.0	0.0	-0.0032522086787996002	-2.336308188493073	0.024262195775513213	12.694249968264375	10.396999896030001
1508	24707072	10	5.0	5.0	10.0	0.0	10	7.0	4.58257569495584	10.0	0.0	-0.0034135440215405087	-2.279617719114785	0.019047742127882048	12.305999969235002	10.053999899460003
1512	24772608	10	5.0	5.0	10.0	0.0	10	6.0	4.898979485566356	10.0	0.0	-0.001618239359063099	-2.194737337301041	0.06154510204543635	12.77849996805375	7.397999926020001
1516	24838144	10	8.0	4.0	10.0	0.0	10	8.0	4.0	10.0	0.0	-0.0030695824385915628	-2.176473756404499	0.034598663343819974	12.857499967856251	1.9659999803400003
1520	24903680	10	8.0	4.0	10.0	0.0	10	9.0	3.0	10.0	0.0	-0.0031587277065272153	-2.1094846325902186	0.07984147194794988	12.407249968981876	5.303999946960001
1524	24969216	10	8.0	4.0	10.0	0.0	10	5.0	5.0	10.0	0.0	-0.003466994518266422	-2.1816044646215857	0.12776873932674152	12.159249969601875	5.226999947730001
