iter	frame	n_test	mean_returns	std_returns	max_returns	min_returns	n_test_train	mean_returns_train	std_returns_train	max_returns_train	min_returns_train	actor_loss	entropy_loss	value_loss	training_time	evaluation_time
0	0	10	0.0	0.0	0.0	0.0	10	3.9	4.182104733265296	10.0	0.0	0	0	0	0.0	41.673999583260006
4	65536	10	1.6	3.0397368307141326	10.0	0.0	10	0.6	1.2	3.0	0.0	0.013520928572492945	-2.3035849206233534	0.33118269930558697	12.155249969611875	35.03099964969
8	131072	10	2.3	3.9509492530276824	10.0	0.0	10	1.0	3.0	10.0	0.0	-0.0014924041435391742	-2.1736779533545905	0.2047678348783066	11.888749970278125	33.799999662000005
12	196608	10	4.0	4.898979485566356	10.0	0.0	10	3.0	4.58257569495584	10.0	0.0	-0.001524712674374348	-2.191869906852807	0.28313534424484876	11.571249971071877	36.11799963882001
16	262144	10	5.0	5.0	10.0	0.0	10	4.0	4.898979485566356	10.0	0.0	-0.0018725068413176543	-2.2967517919929503	0.3058691563076548	11.689499970776248	37.34699962653001
20	327680	10	3.0	4.58257569495584	10.0	0.0	10	2.0	4.0	10.0	0.0	-0.0021963537896364073	-2.3001916406142784	0.33780052082509204	11.938249970154375	36.297999637020006
24	393216	10	4.0	4.898979485566356	10.0	0.0	10	2.0	4.0	10.0	0.0	-0.0031920458383268915	-2.353558001173746	0.36067388839367087	11.058999972352499	37.705999622940006
28	458752	10	3.0	4.58257569495584	10.0	0.0	10	1.0	3.0	10.0	0.0	-0.0035939912894916272	-2.412406888849577	0.3672642715203161	11.064749972338126	38.73799961262001
32	524288	10	6.0	4.898979485566356	10.0	0.0	10	5.0	5.0	10.0	0.0	-0.003197891972043851	-2.4174390780394406	0.41123477116910506	10.564999973587499	31.526999684730008
36	589824	10	3.0	4.58257569495584	10.0	0.0	10	5.0	5.0	10.0	0.0	-0.004508880490433136	-2.4888365216444197	0.2610620682166275	11.019499972451252	37.748999622510006
40	655360	10	2.0	4.0	10.0	0.0	10	4.0	4.898979485566356	10.0	0.0	-0.003951709654042195	-2.491204124926307	0.3514710856856362	10.839749972900623	38.77799961222001
44	720896	10	3.0	4.58257569495584	10.0	0.0	10	4.0	4.898979485566356	10.0	0.0	-0.005078466669224342	-2.4560422422910384	0.3481005991756906	11.030249972424375	38.71099961289001
48	786432	10	4.0	4.898979485566356	10.0	0.0	10	3.0	4.58257569495584	10.0	0.0	-0.004802357067804503	-2.4981492432336507	0.2924215270212167	11.146999972132498	30.380999696190006
52	851968	10	2.0	4.0	10.0	0.0	10	6.0	4.898979485566356	10.0	0.0	-0.004546236457353469	-2.5256915536872167	0.28052298271589976	10.58949997352625	33.676999663230006
56	917504	10	2.0	4.0	10.0	0.0	10	4.0	4.898979485566356	10.0	0.0	-0.005483105205747663	-2.526126901045557	0.2890850837662192	10.291749974270626	40.14699959853
60	983040	10	6.0	4.898979485566356	10.0	0.0	10	3.0	4.58257569495584	10.0	0.0	-0.005732721190127829	-2.4929754011219663	0.3034717556704369	10.76749997308125	38.580999614190006
64	1048576	10	4.0	4.898979485566356	10.0	0.0	10	2.0	4.0	10.0	0.0	-0.0057572469856258445	-2.5300068728473875	0.29154208997952896	10.77949997305125	29.610999703890005
68	1114112	10	5.0	5.0	10.0	0.0	10	5.0	5.0	10.0	0.0	-0.005628194200976749	-2.4872552427045425	0.3497758165879283	10.400249973999374	39.689999603100006
72	1179648	10	2.0	4.0	10.0	0.0	10	2.0	4.0	10.0	0.0	-0.006439682175607637	-2.47272064014347	0.2590620148036235	11.474249971314375	37.044999629550006
76	1245184	10	5.0	5.0	10.0	0.0	10	3.0	4.58257569495584	10.0	0.0	-0.0052770222604482196	-2.427541747436378	0.30842461604516636	10.366249974084374	40.728999592710004
80	1310720	10	3.0	4.58257569495584	10.0	0.0	10	6.0	4.898979485566356	10.0	0.0	-0.006410004133855042	-2.4869233516248337	0.2463685345268909	10.405749973985625	41.03899958961001
84	1376256	10	4.0	4.898979485566356	10.0	0.0	10	6.0	4.898979485566356	10.0	0.0	-0.006741476547687138	-2.487961602448541	0.20131018841094384	10.661249973346875	41.299999587
88	1441792	10	6.0	4.898979485566356	10.0	0.0	10	2.0	4.0	10.0	0.0	-0.006139736292088977	-2.512059581514787	0.22703307616332555	10.342249974144375	41.61299958387001
92	1507328	10	5.0	5.0	10.0	0.0	10	4.0	4.898979485566356	10.0	0.0	-0.006648974756813134	-2.4756621989015817	0.26779056353188563	10.395999974010001	46.78899953211001
96	1572864	10	3.0	4.58257569495584	10.0	0.0	10	3.0	4.58257569495584	10.0	0.0	-0.0061455106933524855	-2.461226155104162	0.24546338894641526	9.298749976753125	47.94399952056001
100	1638400	10	5.0	5.0	10.0	0.0	10	4.0	4.898979485566356	10.0	0.0	-0.006569227712359506	-2.511002979911071	0.2023458737513994	9.566249976084375	31.894999681050006
104	1703936	10	6.0	4.898979485566356	10.0	0.0	10	1.0	3.0	10.0	0.0	-0.006030740914238126	-2.4644569304998543	0.2175420373451601	10.438249973904375	40.63399959366001
108	1769472	10	4.0	4.898979485566356	10.0	0.0	10	2.0	4.0	10.0	0.0	-0.006531040852907594	-2.470453306775246	0.21475349814567113	10.2549999743625	35.32099964679001
112	1835008	10	3.0	4.58257569495584	10.0	0.0	10	4.0	4.898979485566356	10.0	0.0	-0.006374502106400461	-2.475436391671927	0.23968372196566792	10.99949997250125	42.56599957434001
116	1900544	10	6.0	4.898979485566356	10.0	0.0	10	3.0	4.58257569495584	10.0	0.0	-0.007201989794195292	-2.5031904898459922	0.24190429114389864	10.445999973885	42.374999576250005
120	1966080	10	3.0	4.58257569495584	10.0	0.0	10	5.0	5.0	10.0	0.0	-0.007581457562808594	-2.483317012329504	0.1951850539180471	10.1349999746625	43.77299956227001
124	2031616	10	2.0	4.0	10.0	0.0	10	3.0	4.58257569495584	10.0	0.0	-0.00790081446432708	-2.468388395747712	0.23872315105047628	9.840249975399374	45.06799954932001
128	2097152	10	5.0	5.0	10.0	0.0	10	5.0	5.0	10.0	0.0	-0.0067207871196814425	-2.4702125710656038	0.2584206452324019	9.354749976613125	48.454999515450005
132	2162688	10	2.0	4.0	10.0	0.0	10	3.0	4.58257569495584	10.0	0.0	-0.006888243079214958	-2.40146466071227	0.24693313905880568	9.864749975338126	36.66499963335001
136	2228224	10	1.0	3.0	10.0	0.0	10	3.0	4.58257569495584	10.0	0.0	-0.006919597895716058	-2.4381085557186064	0.23763730948799044	9.997749975005625	43.354999566450005
140	2293760	10	3.0	4.58257569495584	10.0	0.0	10	3.0	4.58257569495584	10.0	0.0	-0.006925472676090802	-2.3603653979822967	0.28323612498894385	9.901749975245625	43.20599956794001
144	2359296	10	2.0	4.0	10.0	0.0	10	3.0	4.58257569495584	10.0	0.0	-0.007342682344180828	-2.430096054817424	0.22634317257877803	9.968249975079376	42.41299957587
148	2424832	10	7.0	4.58257569495584	10.0	0.0	10	5.0	5.0	10.0	0.0	-0.007243988331390023	-2.424911431715617	0.26594139337873857	10.183249974541877	26.449999735500004
152	2490368	10	6.0	4.898979485566356	10.0	0.0	10	2.0	4.0	10.0	0.0	-0.008051339089807874	-2.4721625742721307	0.22861130036515828	11.3569999716075	35.47099964529
156	2555904	10	6.0	4.898979485566356	10.0	0.0	10	4.0	4.898979485566356	10.0	0.0	-0.007944693943278926	-2.4727772720065815	0.19987696065658467	11.87199997032	33.712999662870004
160	2621440	10	4.0	4.898979485566356	10.0	0.0	10	5.0	5.0	10.0	0.0	-0.007822297949227588	-2.456641410532	0.18704315001369723	11.771249970571876	30.837999691620006
164	2686976	10	4.0	4.898979485566356	10.0	0.0	10	3.0	4.58257569495584	10.0	0.0	-0.007883594234739338	-2.3879847002522165	0.21997997379743398	11.948749970128125	34.55299965447
168	2752512	10	4.0	4.898979485566356	10.0	0.0	10	5.0	5.0	10.0	0.0	-0.007485700549728769	-2.473951401552148	0.2421007541066546	12.62849996842875	30.442999695570006
172	2818048	10	3.0	4.58257569495584	10.0	0.0	10	3.0	4.58257569495584	10.0	0.0	-0.007481868916459537	-2.3948828699676974	0.2771558405853193	12.6329999684175	26.855999731440004
176	2883584	10	3.0	4.58257569495584	10.0	0.0	10	4.0	4.898979485566356	10.0	0.0	-0.008864586640797567	-2.4425020786562412	0.2281220849986669	11.907249970231875	35.63299964367001
180	2949120	10	4.0	4.898979485566356	10.0	0.0	10	3.0	4.58257569495584	10.0	0.0	-0.007584300361909013	-2.4471481588913973	0.22474029844148383	11.979749970050625	31.557999684420004
184	3014656	10	3.0	4.58257569495584	10.0	0.0	10	4.0	4.898979485566356	10.0	0.0	-0.007357717102868842	-2.4430993668673655	0.20443771280702266	11.80949997047625	35.13499964865
188	3080192	10	4.0	4.898979485566356	10.0	0.0	10	5.0	5.0	10.0	0.0	-0.007611145471972373	-2.4049650875208983	0.2185418224510642	11.8249999704375	27.346999726530004
192	3145728	10	3.3	4.473253849269008	10.0	0.0	10	3.0	4.58257569495584	10.0	0.0	-0.008438360022743716	-2.396862370022804	0.23332938332163655	10.235499974411251	30.761999692380005
196	3211264	10	4.0	4.898979485566356	10.0	0.0	10	3.0	4.58257569495584	10.0	0.0	-0.007481631943370706	-2.398564420390618	0.24788096001273172	9.068749977328125	47.27499952725
200	3276800	10	3.0	4.58257569495584	10.0	0.0	10	1.0	3.0	10.0	0.0	-0.00885416149835926	-2.379833037406659	0.24592905923645939	9.139749977150625	42.905999570940004
204	3342336	10	7.0	4.58257569495584	10.0	0.0	10	4.0	4.898979485566356	10.0	0.0	-0.007759260003189998	-2.3822650459907466	0.20030015937760173	9.613249975966877	47.390999526090006
208	3407872	10	5.0	5.0	10.0	0.0	10	4.0	4.898979485566356	10.0	0.0	-0.008977833576535352	-2.425927613919599	0.22610354343557487	9.227249976931875	31.60299968397001
212	3473408	10	1.0	3.0	10.0	0.0	10	2.0	4.0	10.0	0.0	-0.007874511514969325	-2.435472324236852	0.1754970770767309	9.318749976703124	40.76199959238001
216	3538944	10	5.0	5.0	10.0	0.0	10	5.0	5.0	10.0	0.0	-0.00835345526536602	-2.4573377144757202	0.18881366151591283	9.500749976248125	46.834999531650006
220	3604480	10	4.0	4.898979485566356	10.0	0.0	10	2.0	4.0	10.0	0.0	-0.00851530863688645	-2.4133692778616544	0.16842844638150334	9.229999976925	47.69799952302001
224	3670016	10	3.0	4.58257569495584	10.0	0.0	10	3.0	4.58257569495584	10.0	0.0	-0.008301361053220314	-2.4266336508051047	0.1745429070639837	9.16799997708	48.54599951454001
228	3735552	10	7.0	4.58257569495584	10.0	0.0	10	3.0	4.58257569495584	10.0	0.0	-0.008156969919339124	-2.477502693474506	0.18948775240729823	9.065249977336876	46.97299953027001
232	3801088	10	4.0	4.898979485566356	10.0	0.0	10	3.0	4.58257569495584	10.0	0.0	-0.008380749930171804	-2.428215463703258	0.2071494357444632	9.231499976921251	47.25299952747001
236	3866624	10	5.0	5.0	10.0	0.0	10	6.0	4.898979485566356	10.0	0.0	-0.007968961199749745	-2.447114574157597	0.18170396554874574	9.238749976903124	45.06899954931001
240	3932160	10	5.0	5.0	10.0	0.0	10	0.0	0.0	0.0	0.0	-0.007907897623615665	-2.4187596760654198	0.20706318759065154	9.225749976935624	44.12699955873001
244	3997696	10	4.0	4.898979485566356	10.0	0.0	10	2.0	4.0	10.0	0.0	-0.008703834145917239	-2.4400326607069807	0.1742429675663305	9.38349997654125	46.95499953045
248	4063232	10	3.0	4.58257569495584	10.0	0.0	10	3.0	4.58257569495584	10.0	0.0	-0.007765963903187983	-2.4394570089819076	0.2022267016371538	9.39549997651125	46.75299953247001
252	4128768	10	4.0	4.898979485566356	10.0	0.0	10	4.0	4.898979485566356	10.0	0.0	-0.00821889665808946	-2.4436535485026876	0.19113957631583764	10.093749974765625	33.800999661990005
256	4194304	10	3.0	4.58257569495584	10.0	0.0	10	4.3	4.73392015141785	10.0	0.0	-0.008676935811011276	-2.4164162797198894	0.18077458369525215	9.69949997575125	44.784999552150005
260	4259840	10	4.0	4.898979485566356	10.0	0.0	10	6.0	4.898979485566356	10.0	0.0	-0.008094508665701975	-2.417545315868161	0.18386337391979546	9.877499975306252	44.22799955772001
264	4325376	10	5.0	5.0	10.0	0.0	10	6.0	4.898979485566356	10.0	0.0	-0.007244796168837246	-2.4386107447190017	0.1774220152107586	11.015249972461877	41.51299958487
268	4390912	10	5.0	5.0	10.0	0.0	10	4.0	4.898979485566356	10.0	0.0	-0.00742748223196878	-2.4891359108080415	0.13033803054326082	11.039749972400625	39.00199960998001
272	4456448	10	6.0	4.898979485566356	10.0	0.0	10	3.0	4.58257569495584	10.0	0.0	-0.008332841929325045	-2.482131570319066	0.17125019312915019	10.7069999732325	42.378999576210006
276	4521984	10	1.0	3.0	10.0	0.0	10	4.0	4.898979485566356	10.0	0.0	-0.008741478381427577	-2.433285370215626	0.2118172109837724	10.705249973236874	28.905999710940005
280	4587520	10	4.3	4.73392015141785	10.0	0.0	10	6.0	4.898979485566356	10.0	0.0	-0.007628132942463402	-2.4350552308009723	0.19916783434126847	11.325999971685	26.630999733690004
284	4653056	10	4.0	4.898979485566356	10.0	0.0	10	5.0	5.0	10.0	0.0	-0.008103972142397196	-2.475128240625524	0.20247685177626087	12.3909999690225	34.161999658380005
288	4718592	10	7.0	4.58257569495584	10.0	0.0	10	4.0	4.898979485566356	10.0	0.0	-0.00759570486764464	-2.4826561880505826	0.17908836293962718	12.322249969194376	33.19399966806001
292	4784128	10	5.0	5.0	10.0	0.0	10	7.3	4.859012245302536	13.0	0.0	-0.007231385446331634	-2.4468649474217767	0.19154448743156105	12.545499968636252	29.445999705540007
296	4849664	10	2.0	4.0	10.0	0.0	10	5.0	5.0	10.0	0.0	-0.008024839295480186	-2.4000625980380526	0.21893329822971738	12.356749969108126	26.166999738330006
300	4915200	10	2.0	4.0	10.0	0.0	10	6.0	4.898979485566356	10.0	0.0	-0.007793166596251554	-2.4049233841377746	0.20674634986576543	12.813249967966875	32.38399967616001
304	4980736	10	5.0	5.0	10.0	0.0	10	5.0	5.0	10.0	0.0	-0.008245100787816229	-2.4570926723304938	0.1532257747055919	12.730749968173125	33.37999966620001
308	5046272	10	2.0	4.0	10.0	0.0	10	4.0	4.898979485566356	10.0	0.0	-0.007950036315156584	-2.454008030139087	0.18396838116095415	12.270749969323125	35.60299964397001
312	5111808	10	6.0	4.898979485566356	10.0	0.0	10	4.0	4.898979485566356	10.0	0.0	-0.007534813918455577	-2.4603230155925115	0.1684078813820741	11.865249970336874	24.909999750900003
316	5177344	10	7.0	4.58257569495584	10.0	0.0	10	3.0	4.58257569495584	10.0	0.0	-0.007664980909299123	-2.494000275669977	0.1508852010435646	12.075749969810625	34.399999656000006
320	5242880	10	3.0	4.58257569495584	10.0	0.0	10	3.0	4.58257569495584	10.0	0.0	-0.00859847436763496	-2.5055789199841727	0.15239348687817195	12.178249969554377	34.40399965596001
324	5308416	10	8.0	4.0	10.0	0.0	10	3.0	4.58257569495584	10.0	0.0	-0.006369848446354001	-2.439293366913221	0.19205231202007517	12.09249996976875	30.075999699240004
328	5373952	10	4.0	4.898979485566356	10.0	0.0	10	6.0	4.898979485566356	10.0	0.0	-0.007165135434218148	-2.4726607474095847	0.2011244835432972	11.335999971659998	33.71099966289
332	5439488	10	1.0	3.0	10.0	0.0	10	4.3	4.73392015141785	10.0	0.0	-0.008829821576899755	-2.4650519413168435	0.16028063051906064	10.564999973587499	41.59799958402001
336	5505024	10	3.0	4.58257569495584	10.0	0.0	10	6.0	4.898979485566356	10.0	0.0	-0.007860567885563531	-2.4676637969824142	0.15109809843491137	11.212749971968124	39.38899960611001
340	5570560	10	4.0	4.898979485566356	10.0	0.0	10	4.3	4.73392015141785	10.0	0.0	-0.008539114612196494	-2.4419099015434056	0.18034295650493568	11.488249971279377	38.03499961965
344	5636096	10	5.0	5.0	10.0	0.0	10	7.0	4.58257569495584	10.0	0.0	-0.008167401457344174	-2.488018594423048	0.16028577863742194	11.696749970758125	37.52099962479001
348	5701632	10	5.0	5.0	10.0	0.0	10	5.0	5.0	10.0	0.0	-0.008303109383373967	-2.455256975931473	0.1691863953425333	12.25349996936625	31.171999688280007
352	5767168	10	2.0	4.0	10.0	0.0	10	5.0	5.0	10.0	0.0	-0.007627458776484134	-2.488103364645544	0.14080329556103616	11.4969999712575	36.421999635780004
356	5832704	10	8.0	4.0	10.0	0.0	10	3.0	4.58257569495584	10.0	0.0	-0.006951955093006389	-2.477204138775911	0.18977103085453415	11.573499971066251	30.670999693290003
360	5898240	10	5.0	5.0	10.0	0.0	10	5.0	5.0	10.0	0.0	-0.008690056872793658	-2.4556488566026156	0.18494453830270186	11.040749972398125	36.39199963608001
364	5963776	10	5.0	5.0	10.0	0.0	10	6.0	4.898979485566356	10.0	0.0	-0.008095116428866742	-2.4609896488407714	0.1870610955907754	10.665249973336875	32.137999678620005
368	6029312	10	4.0	4.898979485566356	10.0	0.0	10	3.0	4.58257569495584	10.0	0.0	-0.008565911452344387	-2.4723061866966485	0.16565924656093553	10.266749974333125	42.548999574510006
372	6094848	10	2.0	4.0	10.0	0.0	10	2.3	3.950949253027682	10.0	0.0	-0.008429961150827234	-2.430505409583591	0.23754060351298953	10.901249972746875	39.10399960896
376	6160384	10	5.0	5.0	10.0	0.0	10	3.0	4.58257569495584	10.0	0.0	-0.007876098477722368	-2.407380888608662	0.18534311440705295	10.8689999728275	27.713999722860002
380	6225920	10	5.0	5.0	10.0	0.0	10	5.0	5.0	10.0	0.0	-0.008208152148405649	-2.4242074760256243	0.16758021920105112	9.6849999757875	41.971999580280006
384	6291456	10	5.0	5.0	10.0	0.0	10	6.0	4.898979485566356	10.0	0.0	-0.00807760834056794	-2.4351152750299967	0.16481376181502444	9.87449997531375	34.550999654490006
388	6356992	10	5.0	5.0	10.0	0.0	10	5.0	5.0	10.0	0.0	-0.007549033581928649	-2.412810846911866	0.18868897449743202	10.004249974989374	21.539999784600003
392	6422528	10	4.0	4.898979485566356	10.0	0.0	10	7.0	4.58257569495584	10.0	0.0	-0.008092166610131108	-2.403333422787976	0.2132763967937592	11.160499972098751	37.30999962690001
396	6488064	10	4.0	4.898979485566356	10.0	0.0	10	5.0	5.0	10.0	0.0	-0.008909044180029885	-2.477850921193936	0.16552763663370723	11.130499972173748	37.4399996256
400	6553600	10	4.0	4.898979485566356	10.0	0.0	10	5.0	5.0	10.0	0.0	-0.007763769784812632	-2.439117341979583	0.19746658242734186	11.165999972085	37.37499962625001
404	6619136	10	4.0	4.898979485566356	10.0	0.0	10	4.0	4.898979485566356	10.0	0.0	-0.008579256521459133	-2.4748828334018484	0.16749732109215024	11.179499972051252	24.74599975254
408	6684672	10	5.0	5.0	10.0	0.0	10	4.0	4.898979485566356	10.0	0.0	-0.008115130267230798	-2.442520158731821	0.22819724241998968	11.6549999708625	35.24399964756
412	6750208	10	4.3	4.73392015141785	10.0	0.0	10	5.0	5.0	10.0	0.0	-0.008397200384059259	-2.448629719260576	0.16630927502618353	11.815749970460624	27.733999722660005
416	6815744	10	6.0	4.898979485566356	10.0	0.0	10	4.0	4.898979485566356	10.0	0.0	-0.008889680094381985	-2.4206154840649963	0.18307325234281854	11.13249997216875	38.92699961073001
420	6881280	10	3.0	4.58257569495584	10.0	0.0	10	3.0	4.58257569495584	10.0	0.0	-0.008168642613234404	-2.46201295628333	0.1358239571422416	11.0769999723075	39.52299960477001
424	6946816	10	2.0	4.0	10.0	0.0	10	6.0	4.898979485566356	10.0	0.0	-0.008297901862882057	-2.4912097004441196	0.12282251456714781	11.092999972267501	38.944999610550006
428	7012352	10	5.0	5.0	10.0	0.0	10	5.0	5.0	10.0	0.0	-0.008054913382157596	-2.4571192808373294	0.20311422457665396	11.391999971519999	38.41399961586001
432	7077888	10	2.0	4.0	10.0	0.0	10	2.3	3.9509492530276824	10.0	0.0	-0.008325525284556646	-2.4587371272267724	0.19884306780164418	11.426749971433123	37.599999624000006
436	7143424	10	3.0	4.58257569495584	10.0	0.0	10	5.3	4.775981574503821	10.0	0.0	-0.007822805452121764	-2.4458583317632803	0.17497942975141312	11.6989999707525	30.486999695130002
440	7208960	10	6.0	4.898979485566356	10.0	0.0	10	4.0	4.898979485566356	10.0	0.0	-0.00801036449570276	-2.4050278661130013	0.21364267680431198	11.1449999721375	37.99299962007001
444	7274496	10	2.0	4.0	10.0	0.0	10	6.6	4.923413450036469	13.0	0.0	-0.00801983660168371	-2.426158847655454	0.1927815448912833	11.053249972366874	37.30799962692001
448	7340032	10	5.0	5.0	10.0	0.0	10	6.0	4.898979485566356	10.0	0.0	-0.008010877504071529	-2.4751054716512226	0.20855065355388508	10.695999973260001	33.63599966364001
452	7405568	10	1.0	3.0	10.0	0.0	10	6.0	4.898979485566356	10.0	0.0	-0.007963003521964593	-2.4586250853957674	0.14607156120892195	10.504499973738751	39.63899960361001
456	7471104	10	5.3	5.367494760127857	13.0	0.0	10	6.0	4.898979485566356	10.0	0.0	-0.007961714743719123	-2.5101667813825506	0.16202189779394444	10.989999972525	39.93099960069
460	7536640	10	2.3	3.9509492530276824	10.0	0.0	10	4.0	4.898979485566356	10.0	0.0	-0.008712176872906796	-2.488233901301115	0.159555661009768	10.7149999732125	40.198999598010005
464	7602176	10	3.0	4.58257569495584	10.0	0.0	10	7.0	4.58257569495584	10.0	0.0	-0.007734024520487646	-2.465746027471073	0.16295134740115533	10.54549997363625	28.384999716150006
468	7667712	10	5.0	5.0	10.0	0.0	10	5.0	5.0	10.0	0.0	-0.008340415728263377	-2.4605057187298907	0.18505515893545801	10.498249973754376	28.679999713200004
472	7733248	10	3.0	4.58257569495584	10.0	0.0	10	6.0	4.898979485566356	10.0	0.0	-0.008658133727605396	-2.4428598307011997	0.1423057022666714	10.636999973407498	26.872999731270006
476	7798784	10	4.0	4.898979485566356	10.0	0.0	10	5.0	5.0	10.0	0.0	-0.008419879551216264	-2.4835764663811304	0.16209773834037564	11.034249972414376	40.12899959871
480	7864320	10	4.0	4.898979485566356	10.0	0.0	10	5.0	5.0	10.0	0.0	-0.008795923805936806	-2.43056526009752	0.19799553088644012	10.737499973156249	40.91099959089001
484	7929856	10	2.0	4.0	10.0	0.0	10	4.0	4.898979485566356	10.0	0.0	-0.008642904934892406	-2.4219281819920164	0.18209427507870496	10.593749973515624	40.84799959152001
488	7995392	10	6.0	4.898979485566356	10.0	0.0	10	5.0	5.0	10.0	0.0	-0.0075478978680034925	-2.4327035965968293	0.1714509726168186	10.881749972795623	40.048999599510005
492	8060928	10	8.0	4.0	10.0	0.0	10	3.0	4.58257569495584	10.0	0.0	-0.007842820580755635	-2.4443184879856252	0.20194630842725375	10.714249973214375	40.16199959838001
496	8126464	10	4.3	4.73392015141785	10.0	0.0	10	4.0	4.898979485566356	10.0	0.0	-0.007913735803498294	-2.4497093506089143	0.18473569588984454	11.227749971930626	41.631999583680006
500	8192000	10	8.0	4.0	10.0	0.0	10	5.0	5.0	10.0	0.0	-0.007446688247437528	-2.434128219629092	0.18844495315935722	10.548999973627499	41.734999582650005
504	8257536	10	2.0	4.0	10.0	0.0	10	3.0	4.58257569495584	10.0	0.0	-0.008167964475794938	-2.427257711435838	0.1980954262532077	10.326999974182499	37.58999962410001
508	8323072	10	2.0	4.0	10.0	0.0	10	4.0	4.898979485566356	10.0	0.0	-0.008263023069703451	-2.433879479512363	0.1615130602369101	10.775249973061875	44.45099955549001
512	8388608	10	5.0	5.0	10.0	0.0	10	6.0	4.898979485566356	10.0	0.0	-0.008156949646095894	-2.447388499720268	0.18034640697746404	9.823749975440625	34.42999965570001
516	8454144	10	2.6	4.103656905736638	10.0	0.0	10	7.0	4.58257569495584	10.0	0.0	-0.00808942929301353	-2.4445261232492057	0.1747334646655151	10.4709999738225	33.590999664090006
520	8519680	10	7.3	4.196427051671457	10.0	0.0	10	3.3	4.473253849269008	10.0	0.0	-0.008165658547778943	-2.441573127849879	0.15296863460251198	11.1349999721625	31.059999689400005
524	8585216	10	3.0	4.58257569495584	10.0	0.0	10	5.0	5.0	10.0	0.0	-0.00837817021696576	-2.4472509893212586	0.16890309547487817	11.315749971710625	37.01999962980001
528	8650752	10	4.0	4.898979485566356	10.0	0.0	10	3.3	4.473253849269008	10.0	0.0	-0.008253769818464214	-2.379384706169867	0.17489694258859825	11.10149997224625	38.173999618260005
532	8716288	10	4.0	4.898979485566356	10.0	0.0	10	4.3	4.73392015141785	10.0	0.0	-0.008063692950366304	-2.4400600589753596	0.19211062856811356	11.02149997244625	38.62699961373001
536	8781824	10	5.3	4.775981574503821	10.0	0.0	10	4.0	4.898979485566356	10.0	0.0	-0.007761800498378174	-2.453017515185259	0.17967912762416827	10.96749997258125	27.526999724730004
540	8847360	10	4.3	4.73392015141785	10.0	0.0	10	5.0	5.0	10.0	0.0	-0.00766097357984342	-2.4367334417944053	0.21039602561835286	11.485999971285	36.020999639790006
544	8912896	10	6.0	4.898979485566356	10.0	0.0	10	5.0	5.0	10.0	0.0	-0.008276881661354638	-2.4298205522151934	0.16609240034417205	11.799499970501248	33.07199966928001
548	8978432	10	3.6	4.340506882842141	10.0	0.0	10	4.0	4.898979485566356	10.0	0.0	-0.007338621686806457	-2.4533603238490684	0.1368395307269209	11.247499971881249	37.11899962881001
552	9043968	10	5.0	5.0	10.0	0.0	10	7.3	4.859012245302536	13.0	0.0	-0.007454639365411095	-2.4206448492866524	0.19867000928562673	11.239249971901875	36.572999634270005
556	9109504	10	5.0	5.0	10.0	0.0	10	5.0	5.0	10.0	0.0	-0.008346359540498637	-2.4208945828141277	0.17750353333243468	11.182499972043749	37.401999625980004
560	9175040	10	4.3	4.73392015141785	10.0	0.0	10	4.0	4.898979485566356	10.0	0.0	-0.007458553072694867	-2.417948273069123	0.15818746293178482	10.931999972669999	37.045999629540006
564	9240576	10	2.0	4.0	10.0	0.0	10	5.0	5.0	10.0	0.0	-0.007829890248500811	-2.437323659404544	0.17104417914295167	11.46249997134375	38.46499961535001
568	9306112	10	5.0	5.0	10.0	0.0	10	3.0	4.58257569495584	10.0	0.0	-0.007928196513383801	-2.4352848204420425	0.18541757566475128	10.92799997268	24.516999754830003
572	9371648	10	8.0	4.0	10.0	0.0	10	4.0	4.898979485566356	10.0	0.0	-0.0072607052854149635	-2.4360160129711677	0.1577591317696698	11.361999971595003	38.11899961881001
576	9437184	10	4.0	4.898979485566356	10.0	0.0	10	4.0	4.898979485566356	10.0	0.0	-0.008494976361386805	-2.432603945081356	0.1806181006255853	11.142999972142501	39.42199960578
580	9502720	10	4.6	4.5431266766402185	10.0	0.0	10	5.0	5.0	10.0	0.0	-0.007847501194587075	-2.400016759582698	0.20726396606938718	10.650249973374375	40.966999590330005
584	9568256	10	3.0	4.58257569495584	10.0	0.0	10	4.3	4.73392015141785	10.0	0.0	-0.008114645174286072	-2.4174342128103112	0.18122256048619492	10.462499973843748	28.169999718300005
588	9633792	10	6.3	4.605431575867781	10.0	0.0	10	4.3	4.73392015141785	10.0	0.0	-0.008862378928508075	-2.3950650664655955	0.2103541833129453	10.8089999729775	32.29299967707001
592	9699328	10	5.0	5.0	10.0	0.0	10	4.0	4.898979485566356	10.0	0.0	-0.008089592298717262	-2.4164736591245872	0.17177310382399785	10.861249972846878	38.59499961405
596	9764864	10	4.0	4.898979485566356	10.0	0.0	10	1.6	3.0397368307141326	10.0	0.0	-0.00886378656194648	-2.4411665322820593	0.17260952812063254	10.71249997321875	40.76199959238001
600	9830400	10	2.0	4.0	10.0	0.0	10	7.0	4.58257569495584	10.0	0.0	-0.007501081600343437	-2.450873958312479	0.15735339022465078	10.482249973794376	39.46399960536
604	9895936	10	1.0	3.0	10.0	0.0	10	6.0	4.898979485566356	10.0	0.0	-0.0070851881335831255	-2.4579058758837675	0.16681926594861618	11.3029999717425	39.10499960895
608	9961472	10	4.0	4.898979485566356	10.0	0.0	10	5.0	5.0	10.0	0.0	-0.007494493254678949	-2.431210686509876	0.18034977774430208	11.11199997222	31.595999684040006
612	10027008	10	5.0	5.0	10.0	0.0	10	5.0	5.0	10.0	0.0	-0.009042388061332245	-2.4088636485213164	0.16860628941202693	10.2169999744575	39.05599960944
616	10092544	10	3.0	4.58257569495584	10.0	0.0	10	6.3	4.605431575867782	10.0	0.0	-0.00816914441299047	-2.400299081949701	0.19013502198463963	10.43249997391875	37.63299962367001
620	10158080	10	6.0	4.898979485566356	10.0	0.0	10	5.6	5.141984052872976	13.0	0.0	-0.008785061952033924	-2.37746549124589	0.18791252070011788	10.810749972973124	31.724999682750006
624	10223616	10	6.0	4.898979485566356	10.0	0.0	10	7.3	4.196427051671457	10.0	0.0	-0.00865419719685525	-2.4485825620524557	0.14531079243596698	10.4329999739175	33.865999661340005
628	10289152	10	4.6	5.161395160225576	13.0	0.0	10	7.0	4.58257569495584	10.0	0.0	-0.00809986817973577	-2.390945849070242	0.18207290114800956	10.76449997308875	28.057999719420003
632	10354688	10	8.0	4.0	10.0	0.0	10	7.3	4.196427051671457	10.0	0.0	-0.008539886324514166	-2.425703401114192	0.17261564551296327	9.588249976029376	43.39399956606
636	10420224	10	6.0	4.898979485566356	10.0	0.0	10	2.0	4.0	10.0	0.0	-0.008300376747122454	-2.41765007351487	0.12814556317000383	9.665249975836876	37.93399962066
640	10485760	10	4.0	4.898979485566356	10.0	0.0	10	5.0	5.0	10.0	0.0	-0.00823109552741147	-2.363787221165636	0.1769605897337887	10.137249974656875	41.87099958129001
644	10551296	10	5.0	5.0	10.0	0.0	10	6.0	4.898979485566356	10.0	0.0	-0.008236656677633286	-2.4243309420802097	0.12824421848076345	10.324999974187499	34.011999659880004
648	10616832	10	2.3	3.9509492530276824	10.0	0.0	10	2.0	4.0	10.0	0.0	-0.008741648076161675	-2.40785437052202	0.16435366587863987	10.2369999744075	42.691999573080004
652	10682368	10	4.3	4.73392015141785	10.0	0.0	10	5.3	4.775981574503821	10.0	0.0	-0.008371794093401292	-2.4370684074803735	0.16244474230194234	10.120749974698127	25.708999742910002
656	10747904	10	5.0	5.0	10.0	0.0	10	7.3	4.859012245302536	13.0	0.0	-0.008944416871274589	-2.4427063363232846	0.15214288861768607	10.11149997472125	29.041999709580008
660	10813440	10	5.0	5.0	10.0	0.0	10	7.3	4.196427051671457	10.0	0.0	-0.008585018427478101	-2.460429106893147	0.14304766717118556	10.99049997252375	26.196999738030005
664	10878976	10	5.0	5.0	10.0	0.0	10	6.3	4.605431575867782	10.0	0.0	-0.007917318788192044	-2.4497507634193947	0.1071863547631956	11.064749972338126	37.84199962158001
668	10944512	10	3.3	4.473253849269008	10.0	0.0	10	6.0	4.898979485566356	10.0	0.0	-0.008881057560741128	-2.3919020367157366	0.1503981101014759	11.5749999710625	39.3199996068
672	11010048	10	5.6	4.521061822182927	10.0	0.0	10	5.0	5.0	10.0	0.0	-0.008972877262118024	-2.4109589405329945	0.15486977759998113	11.192999972017502	39.91699960083001
676	11075584	10	4.0	4.898979485566356	10.0	0.0	10	6.3	4.605431575867781	10.0	0.0	-0.007163303192870658	-2.4165505714680813	0.1603289355822536	11.570749971073125	27.355999726440007
680	11141120	10	4.0	4.898979485566356	10.0	0.0	10	3.0	4.58257569495584	10.0	0.0	-0.008158888147953689	-2.374427519491338	0.16405067210860355	11.520749971198125	36.79399963206
684	11206656	10	4.0	4.898979485566356	10.0	0.0	10	7.0	4.58257569495584	10.0	0.0	-0.007514700707487757	-2.4064608412461124	0.16358442804624332	11.74249997064375	36.977999630220005
688	11272192	10	3.0	4.58257569495584	10.0	0.0	10	6.3	4.605431575867781	10.0	0.0	-0.0076488889770104105	-2.3999419209841366	0.1703576783006506	11.655999970859998	36.28399963716001
692	11337728	10	6.0	4.898979485566356	10.0	0.0	10	1.3	3.034798181098703	10.0	0.0	-0.008709149533693427	-2.45939106965275	0.11899575093142428	12.050999969872498	34.49299965507001
696	11403264	10	3.0	4.58257569495584	10.0	0.0	10	3.0	4.58257569495584	10.0	0.0	-0.007285103655854636	-2.4328103236803424	0.15361527064767208	12.041249969896874	37.31299962687001
700	11468800	10	1.0	3.0	10.0	0.0	10	4.0	4.898979485566356	10.0	0.0	-0.008747300731251758	-2.4145287297634463	0.16959820018556349	12.6089999684775	35.21599964784001
704	11534336	10	5.3	4.775981574503821	10.0	0.0	10	3.3	4.473253849269008	10.0	0.0	-0.007506038109998961	-2.439201131208967	0.15877620796571285	11.808249970479377	30.343999696560005
708	11599872	10	4.0	4.898979485566356	10.0	0.0	10	5.3	4.775981574503821	10.0	0.0	-0.0069394180953821685	-2.4029853316625243	0.19191441496697695	11.771249970571876	36.107999638920006
712	11665408	10	6.0	4.898979485566356	10.0	0.0	10	6.3	5.21632054229799	13.0	0.0	-0.007487090805755074	-2.4224375831544287	0.16636947059512625	11.682249970794375	36.90399963096001
716	11730944	10	3.6	4.543126676640219	10.0	0.0	10	5.0	5.0	10.0	0.0	-0.009022736264917758	-2.3642162007610934	0.16141714022055187	11.572999971067501	37.77599962224001
720	11796480	10	4.3	5.330103188494571	13.0	0.0	10	4.6	4.5431266766402185	10.0	0.0	-0.007675273352822476	-2.3700829841211224	0.1605487177757325	11.563249971091876	32.992999670070006
724	11862016	10	4.0	4.898979485566356	10.0	0.0	10	4.0	4.898979485566356	10.0	0.0	-0.008260674026787956	-2.3648751748125005	0.18257516799145002	11.270999971822501	31.789999682100003
728	11927552	10	1.0	3.0	10.0	0.0	10	3.6	4.340506882842141	10.0	0.0	-0.007831127025477218	-2.423501965647814	0.13319662111044756	12.08649996978375	39.95199960048001
732	11993088	10	5.0	5.0	10.0	0.0	10	7.0	4.58257569495584	10.0	0.0	-0.007776191748334325	-2.424385326351508	0.1605054748387831	11.177249972056874	35.229999647700005
736	12058624	10	2.0	4.0	10.0	0.0	10	5.0	5.0	10.0	0.0	-0.007620590643570899	-2.384266656885536	0.15608203176645796	10.968499972578751	25.030999749690004
740	12124160	10	2.3	3.9509492530276824	10.0	0.0	10	2.0	4.0	10.0	0.0	-0.008311173785582257	-2.4060233456370335	0.14449230828369544	11.852999970367502	40.219999597800005
744	12189696	10	4.6	4.5431266766402185	10.0	0.0	10	4.0	4.898979485566356	10.0	0.0	-0.008456567219004483	-2.3801837486529545	0.15610970912116837	11.631749970920625	36.11499963885001
748	12255232	10	3.3	4.473253849269008	10.0	0.0	10	4.3	4.73392015141785	10.0	0.0	-0.008644587148419225	-2.3682868105686374	0.15373331628845868	11.665749970835627	36.911999630880004
752	12320768	10	4.0	4.898979485566356	10.0	0.0	10	5.3	4.775981574503821	10.0	0.0	-0.008526618344170333	-2.450091629965195	0.1372036500691008	11.852249970369376	35.018999649810006
756	12386304	10	2.0	4.0	10.0	0.0	10	6.3	4.605431575867781	10.0	0.0	-0.00791168943314356	-2.3842997126281142	0.12256694063819738	12.426499968933749	33.25199966748001
760	12451840	10	6.3	4.605431575867781	10.0	0.0	10	6.3	4.605431575867781	10.0	0.0	-0.008883595046108172	-2.413442636278204	0.12525014663362657	12.58749996853125	34.79599965204
764	12517376	10	4.0	4.898979485566356	10.0	0.0	10	7.0	4.58257569495584	10.0	0.0	-0.007372158037914215	-2.4373641657277183	0.10030778612827952	12.4029999689925	36.92499963075
768	12582912	10	1.3	3.034798181098703	10.0	0.0	10	5.3	4.775981574503821	10.0	0.0	-0.008471499855989415	-2.444322399540438	0.1297238969186544	11.439999971399999	37.37999962620001
772	12648448	10	6.0	4.898979485566356	10.0	0.0	10	7.0	4.58257569495584	10.0	0.0	-0.00792835080855361	-2.462311935665019	0.13430931821308198	11.526999971182502	37.45799962542
776	12713984	10	5.3	4.775981574503821	10.0	0.0	10	2.0	4.0	10.0	0.0	-0.007947532146399452	-2.464138333739456	0.13638859520176908	12.142249969644375	38.95599961044001
780	12779520	10	4.0	4.898979485566356	10.0	0.0	10	6.3	5.21632054229799	13.0	0.0	-0.008051935679527066	-2.4012077547592074	0.11321305451356246	11.533249971166876	35.72799964272001
784	12845056	10	7.3	4.196427051671457	10.0	0.0	10	7.0	4.58257569495584	10.0	0.0	-0.007673262127768335	-2.4033399842659544	0.1677960192144218	11.64649997088375	38.27399961726001
788	12910592	10	3.3	4.473253849269008	10.0	0.0	10	7.0	4.58257569495584	10.0	0.0	-0.008053354544618706	-2.4199987374208813	0.14283690825169032	11.078749972303127	39.408999605910005
792	12976128	10	8.0	4.0	10.0	0.0	10	2.0	4.0	10.0	0.0	-0.00872889853932695	-2.3873465778923713	0.13681323491163958	10.547249973631873	29.013999709860006
796	13041664	10	3.0	4.58257569495584	10.0	0.0	10	6.3	4.605431575867782	10.0	0.0	-0.007839941350935447	-2.411105009165582	0.1612890494508918	11.376249971559377	36.9699996303
800	13107200	10	4.0	4.898979485566356	10.0	0.0	10	6.0	4.898979485566356	10.0	0.0	-0.008598997217949062	-2.442289553328263	0.14444242230043222	11.632999970917501	36.299999637000006
804	13172736	10	4.6	4.5431266766402185	10.0	0.0	10	6.0	4.898979485566356	10.0	0.0	-0.008785173631919992	-2.409852040059674	0.13554700804083233	11.697999970755001	35.463999645360005
808	13238272	10	5.3	4.775981574503821	10.0	0.0	10	5.3	4.775981574503821	10.0	0.0	-0.0086070895173915	-2.451578765852186	0.13455302693721263	11.478749971303126	36.570999634290004
812	13303808	10	5.0	5.0	10.0	0.0	10	6.0	4.898979485566356	10.0	0.0	-0.00847938897067752	-2.4203958260478604	0.1464753824444025	12.56149996859625	32.70799967292
816	13369344	10	6.3	4.605431575867782	10.0	0.0	10	3.0	4.58257569495584	10.0	0.0	-0.008787140935656001	-2.4156420576042943	0.1446651693593271	12.097749969755625	33.68299966317001
820	13434880	10	5.3	4.775981574503821	10.0	0.0	10	5.3	4.775981574503821	10.0	0.0	-0.008815530452608984	-2.438647637510587	0.17071770626515045	12.551999968620002	21.939999780600004
824	13500416	10	4.0	4.898979485566356	10.0	0.0	10	4.3	4.73392015141785	10.0	0.0	-0.008512394184155456	-2.4640537497814745	0.1389199232072216	11.5169999712075	36.92699963073001
828	13565952	10	3.0	4.58257569495584	10.0	0.0	10	1.3	3.034798181098703	10.0	0.0	-0.008810215284324182	-2.4136936264702733	0.14193922109044252	11.83349997041625	34.39799965602001
832	13631488	10	2.0	4.0	10.0	0.0	10	5.3	4.775981574503821	10.0	0.0	-0.007748757473666515	-2.458890753231611	0.14458195506641217	11.765249970586876	36.05999963940001
836	13697024	10	7.0	4.58257569495584	10.0	0.0	10	3.3	4.473253849269008	10.0	0.0	-0.007787505142103398	-2.3973117716596755	0.16925002601718192	11.829249970426876	34.14899965851001
840	13762560	10	6.0	4.898979485566356	10.0	0.0	10	5.3	4.775981574503821	10.0	0.0	-0.008013805491296344	-2.382708507031356	0.16049391006310382	11.91249997021875	35.268999647310004
844	13828096	10	4.0	4.898979485566356	10.0	0.0	10	7.3	4.196427051671457	10.0	0.0	-0.008390531810048146	-2.3790512231494367	0.14237803638360955	12.032749969918125	36.13899963861001
848	13893632	10	3.3	4.473253849269008	10.0	0.0	10	5.6	4.521061822182926	10.0	0.0	-0.008301945838910939	-2.3942113789408888	0.1632091319794568	11.872999970317501	33.758999662410005
852	13959168	10	6.0	4.898979485566356	10.0	0.0	10	4.9	4.968903299521938	13.0	0.0	-0.007341115087146321	-2.382673993458508	0.1784929982200599	12.136749969658126	33.80999966190001
856	14024704	10	4.0	4.898979485566356	10.0	0.0	10	4.3	5.330103188494571	13.0	0.0	-0.007361727579176212	-2.419954654819021	0.12706934853375038	11.910249970224374	36.30299963697
860	14090240	10	3.0	4.58257569495584	10.0	0.0	10	4.0	4.898979485566356	10.0	0.0	-0.007617617709117926	-2.356932396444537	0.16370435096170438	11.611249970971876	37.58599962414
864	14155776	10	3.3	4.473253849269008	10.0	0.0	10	4.0	4.898979485566356	10.0	0.0	-0.008185018790508562	-2.4033473429560566	0.14762765780726583	11.655249970861874	37.61399962386
868	14221312	10	5.0	5.0	10.0	0.0	10	5.0	5.0	10.0	0.0	-0.008189979571151204	-2.426624553646197	0.1590086909155813	12.061999969845001	35.94999964050001
872	14286848	10	7.0	4.58257569495584	10.0	0.0	10	5.3	4.775981574503821	10.0	0.0	-0.008425584944872446	-2.4403624755582305	0.13569254205545694	12.454749968863126	23.908999760910003
876	14352384	10	7.0	4.58257569495584	10.0	0.0	10	4.0	4.898979485566356	10.0	0.0	-0.00817399992629102	-2.368642722320189	0.17677602635717757	13.01549996746125	31.001999689980003
880	14417920	10	5.0	5.0	10.0	0.0	10	6.3	5.21632054229799	13.0	0.0	-0.008224789920609201	-2.383755554507221	0.17130881437489087	11.968499970078751	34.47399965526
884	14483456	10	8.0	4.0	10.0	0.0	10	6.3	4.605431575867781	10.0	0.0	-0.00859928657793271	-2.415801278995161	0.1551630158436596	12.059749969850627	22.97599977024
888	14548992	10	4.0	4.898979485566356	10.0	0.0	10	4.3	4.73392015141785	10.0	0.0	-0.009085024204031896	-2.438720655683956	0.13594544141999887	12.218249969454376	26.053999739460004
892	14614528	10	7.0	4.58257569495584	10.0	0.0	10	7.6	4.476605857119878	13.0	0.0	-0.008454999917101571	-2.3900261841708295	0.1788766667991811	12.224499969438751	22.106999778930003
896	14680064	10	5.0	5.0	10.0	0.0	10	5.0	5.0	10.0	0.0	-0.008724745328133757	-2.420778999473813	0.11728318243928448	10.861749972845626	40.280999597190004
900	14745600	10	5.0	5.0	10.0	0.0	10	4.0	4.898979485566356	10.0	0.0	-0.008986180676375433	-2.3924030385902904	0.16029417784767044	11.011749972470625	17.915999820840003
904	14811136	10	5.3	4.775981574503821	10.0	0.0	10	6.0	4.898979485566356	10.0	0.0	-0.009024969580089432	-2.3481001280285754	0.18658884519630148	10.436749973908125	29.253999707460007
908	14876672	10	3.0	4.58257569495584	10.0	0.0	10	2.0	4.0	10.0	0.0	-0.00954777995282087	-2.4174851449792665	0.18627723242388905	11.274749971813126	25.247999747520005
912	14942208	10	5.3	4.775981574503821	10.0	0.0	10	6.0	4.898979485566356	10.0	0.0	-0.009064338896643528	-2.4544661787575786	0.14208354333798234	11.33949997165125	31.622999683770008
916	15007744	10	7.3	4.196427051671457	10.0	0.0	10	5.3	4.775981574503821	10.0	0.0	-0.008091498832442624	-2.3909544544908305	0.17141540952103912	10.83549997291125	37.90399962096001
920	15073280	10	4.0	4.898979485566356	10.0	0.0	10	5.6	4.521061822182927	10.0	0.0	-0.007780991188254868	-2.4298263189645746	0.15891171850471386	11.013249972466875	38.82799961172001
924	15138816	10	7.0	4.58257569495584	10.0	0.0	10	8.3	3.4655446902326914	10.0	0.0	-0.008410107316834397	-2.40604821815859	0.13061226014394742	11.058249972354377	39.94399960056001
928	15204352	10	5.0	5.0	10.0	0.0	10	8.3	4.243819034784589	13.0	0.0	-0.008581989764040447	-2.3986703974490173	0.15290314764675192	11.082499972293752	31.476999685230005
932	15269888	10	5.3	4.775981574503821	10.0	0.0	10	6.3	4.605431575867782	10.0	0.0	-0.009173682133177239	-2.423617007579272	0.12225348501124063	11.577999971055	37.875999621240005
936	15335424	10	4.0	4.898979485566356	10.0	0.0	10	4.0	4.898979485566356	10.0	0.0	-0.008341968182362118	-2.3953689185269944	0.2265099986065166	11.023749972440624	39.23199960768
940	15400960	10	7.0	4.58257569495584	10.0	0.0	10	7.0	4.58257569495584	10.0	0.0	-0.008518084115189051	-2.4346410157727294	0.16090331806987826	11.149999972125	12.936999870630002
944	15466496	10	7.0	4.58257569495584	10.0	0.0	10	4.6	4.5431266766402185	10.0	0.0	-0.007719705903991031	-2.4414827200213987	0.11766906337518145	10.786999973032499	38.63599961364001
948	15532032	10	4.0	4.898979485566356	10.0	0.0	10	7.0	4.58257569495584	10.0	0.0	-0.007687028313545172	-2.4203388440074614	0.16415046293441213	11.31949997170125	37.77299962227001
952	15597568	10	3.0	4.58257569495584	10.0	0.0	10	7.6	4.476605857119878	13.0	0.0	-0.009331282122970694	-2.4015742537857854	0.13684595219607218	11.223249971941875	37.90099962099001
956	15663104	10	4.3	4.73392015141785	10.0	0.0	10	6.3	4.605431575867781	10.0	0.0	-0.00816931108335152	-2.38863067552401	0.1826489052234569	11.199749972000623	36.60499963395
960	15728640	10	5.0	5.0	10.0	0.0	10	9.0	3.0	10.0	0.0	-0.009183974625206977	-2.3908100746565117	0.1622571279901873	11.588999971027501	33.15299966847
964	15794176	10	5.0	5.0	10.0	0.0	10	7.0	4.58257569495584	10.0	0.0	-0.008887686511099738	-2.3865395136175085	0.1706878583855699	10.72349997319125	25.084999749150004
968	15859712	10	3.0	4.58257569495584	10.0	0.0	10	3.3	5.1	13.0	0.0	-0.009302464448653971	-2.3815176111959215	0.14138681222764105	11.129249972176874	38.815999611840006
972	15925248	10	7.0	4.58257569495584	10.0	0.0	10	6.6	4.923413450036469	13.0	0.0	-0.008904838826899115	-2.3957147347418375	0.1306148131707599	11.0689999723275	38.44399961556001
976	15990784	10	4.0	4.898979485566356	10.0	0.0	10	5.0	5.0	10.0	0.0	-0.008189080114845714	-2.414563648151174	0.18240867343693778	10.889749972775624	40.29099959709
980	16056320	10	4.0	4.898979485566356	10.0	0.0	10	4.9	4.323193264243458	10.0	0.0	-0.008248183851163637	-2.421529565996015	0.15947156281411964	10.950749972623125	42.08799957912001
984	16121856	10	5.0	5.0	10.0	0.0	10	6.6	5.499090833947008	13.0	0.0	-0.007931374582547748	-2.4233962717114768	0.16807744650282044	10.322749974193126	40.08099959919001
988	16187392	10	3.0	4.58257569495584	10.0	0.0	10	5.3	5.367494760127857	13.0	0.0	-0.008580814143913101	-2.4607288934210674	0.14167916074782	10.607749973480624	39.177999608220006
992	16252928	10	2.3	3.950949253027682	10.0	0.0	10	5.6	4.521061822182927	10.0	0.0	-0.00833121345117052	-2.411986343311354	0.17586311967763743	10.87949997280125	40.01299959987001
996	16318464	10	5.0	5.0	10.0	0.0	10	5.9	4.887739763939975	13.0	0.0	-0.008434241915620689	-2.4106398942542335	0.1406796180186159	10.868749972828125	36.76099963239001
1000	16384000	10	6.0	4.898979485566356	10.0	0.0	10	5.0	5.0	10.0	0.0	-0.009094329009068803	-2.363185775530539	0.1981343936434379	10.896749972758126	32.71899967281001
1004	16449536	10	5.3	5.367494760127857	13.0	0.0	10	6.3	4.605431575867781	10.0	0.0	-0.007943521131671218	-2.4105262803507226	0.17668456869532492	11.608249970979376	32.21699967783
1008	16515072	10	6.0	4.898979485566356	10.0	0.0	10	5.6	4.521061822182927	10.0	0.0	-0.008744459928189046	-2.423086382196268	0.14496799091229737	11.742749970643127	32.026999679730004
1012	16580608	10	7.0	4.58257569495584	10.0	0.0	10	2.3	3.950949253027682	10.0	0.0	-0.008049294196472535	-2.428572962428476	0.14023366770798507	12.243249969391876	33.33999966660001
1016	16646144	10	4.3	5.330103188494571	13.0	0.0	10	6.0	4.898979485566356	10.0	0.0	-0.0081851317170087	-2.3559426960875207	0.16071189177721554	12.45849996885375	22.756999772430007
1020	16711680	10	3.0	4.58257569495584	10.0	0.0	10	7.0	4.58257569495584	10.0	0.0	-0.008774887878639665	-2.4082882923359397	0.15558183245913293	11.171749972070625	39.370999606290006
1024	16777216	10	7.0	4.58257569495584	10.0	0.0	10	4.3	4.73392015141785	10.0	0.0	-0.008656644009238516	-2.3676320734140632	0.15002206928707065	11.293999971765	30.818999691810003
1028	16842752	10	4.0	4.898979485566356	10.0	0.0	10	5.9	4.2296571965113205	10.0	0.0	-0.008434939903085182	-2.3784606081749997	0.13795608839445733	11.601249970996875	37.00899962991001
1032	16908288	10	6.0	4.898979485566356	10.0	0.0	10	5.0	5.0	10.0	0.0	-0.009135306239495891	-2.32904267535188	0.15386834513966313	12.315249969211877	34.00499965995001
1036	16973824	10	3.3	5.1	13.0	0.0	10	6.3	4.605431575867781	10.0	0.0	-0.008384290817387462	-2.3557494627962328	0.14722001714029695	12.446499968883751	31.650999683490006
1040	17039360	10	5.3	4.775981574503821	10.0	0.0	10	4.6	4.5431266766402185	10.0	0.0	-0.008622903004845646	-2.4249444899417223	0.10760182164419901	11.790249970524375	36.484999635150004
1044	17104896	10	4.0	4.898979485566356	10.0	0.0	10	7.0	4.58257569495584	10.0	0.0	-0.008412135051036364	-2.3852036195495656	0.12891417538646097	12.021249969946874	36.206999637930004
1048	17170432	10	3.3	4.473253849269008	10.0	0.0	10	6.3	4.605431575867781	10.0	0.0	-0.008619046674550953	-2.4251393549101605	0.13269135261434942	11.479249971301876	38.60999961390001
1052	17235968	10	7.0	4.58257569495584	10.0	0.0	10	4.6	5.161395160225576	13.0	0.0	-0.007638122487871308	-2.4511153099367835	0.13390993620426309	10.83849997290375	38.73899961261
1056	17301504	10	7.0	4.58257569495584	10.0	0.0	10	5.0	5.0	10.0	0.0	-0.008640204637847166	-2.407744529095818	0.14373624726874445	11.264499971838749	37.57199962428001
1060	17367040	10	4.0	4.898979485566356	10.0	0.0	10	4.0	4.898979485566356	10.0	0.0	-0.008784794451452266	-2.4334362469562247	0.14090460715899872	11.167999972079999	37.93799962062001
1064	17432576	10	7.0	4.58257569495584	10.0	0.0	10	6.3	5.21632054229799	13.0	0.0	-0.008486604632430202	-2.4061773690061705	0.12193565348755728	11.331999971670001	19.558999804410004
1068	17498112	10	3.3	4.473253849269008	10.0	0.0	10	6.0	4.898979485566356	10.0	0.0	-0.00838427519105583	-2.3874432889120363	0.1940377571728365	10.973249972566876	38.88299961117001
1072	17563648	10	6.0	4.898979485566356	10.0	0.0	10	4.0	4.898979485566356	10.0	0.0	-0.009360280285904637	-2.4043490983524776	0.14356190220820053	11.081249972296876	22.278999777210004
1076	17629184	10	3.9	4.846648326421054	13.0	0.0	10	6.0	4.898979485566356	10.0	0.0	-0.00863809644610591	-2.428777605042183	0.11660233647124058	10.420999973947499	42.71099957289
1080	17694720	10	4.0	4.898979485566356	10.0	0.0	10	4.3	4.73392015141785	10.0	0.0	-0.00852497674746423	-2.3823965710900104	0.12379924912889173	10.3589999741025	42.06199957938001
1084	17760256	10	5.0	5.0	10.0	0.0	10	6.3	5.21632054229799	13.0	0.0	-0.008746199100337382	-2.3834527579447395	0.1770561952735576	11.008749972478126	32.32199967678001
1088	17825792	10	3.0	4.58257569495584	10.0	0.0	10	3.0	4.58257569495584	10.0	0.0	-0.007844201268897677	-2.377272700022384	0.18207314608584665	11.284749971788125	40.328999596710005
1092	17891328	10	5.0	5.0	10.0	0.0	10	4.6	5.161395160225576	13.0	0.0	-0.007948340905467973	-2.467997126024178	0.13644000172435564	11.918499970203753	35.92199964078
1096	17956864	10	7.0	4.58257569495584	10.0	0.0	10	7.0	4.58257569495584	10.0	0.0	-0.008685166878729977	-2.415862907714325	0.1233050999258414	11.385249971536874	30.140999698590004
1100	18022400	10	6.0	4.898979485566356	10.0	0.0	10	3.0	4.58257569495584	10.0	0.0	-0.007955439032614028	-2.39775379473823	0.12268533199368467	11.841249970396873	36.170999638290006
1104	18087936	10	7.0	4.58257569495584	10.0	0.0	10	4.3	4.73392015141785	10.0	0.0	-0.009548988165600346	-2.3455520865858106	0.16084648279039462	12.206999969482501	28.129999718700002
1108	18153472	10	3.0	4.58257569495584	10.0	0.0	10	3.0	4.58257569495584	10.0	0.0	-0.008979741327770954	-2.3723424496762373	0.16527582066895521	11.6389999709025	38.237999617620005
1112	18219008	10	5.0	5.0	10.0	0.0	10	3.0	4.58257569495584	10.0	0.0	-0.008234088965512996	-2.3923413751017497	0.11477802040722435	11.662749970843125	25.401999745980007
1116	18284544	10	2.6	3.8781438859330635	10.0	0.0	10	5.3	5.367494760127857	13.0	0.0	-0.008879981160422436	-2.400967299688101	0.13495698305924606	11.013499972466251	40.06299959937001
1120	18350080	10	3.0	4.58257569495584	10.0	0.0	10	8.0	4.0	10.0	0.0	-0.008208465773707936	-2.407395536450114	0.13940301473973446	10.678749973303127	33.221999667780004
1124	18415616	10	4.0	4.898979485566356	10.0	0.0	10	9.3	3.2264531609803355	13.0	0.0	-0.008438783673864374	-2.4311160070151874	0.13092455662354485	11.178749972053126	41.760999582390006
1128	18481152	10	4.0	4.898979485566356	10.0	0.0	10	6.0	4.898979485566356	10.0	0.0	-0.008343965748018501	-2.42951118920768	0.1286090162914389	11.559749971100626	37.84499962155
1132	18546688	10	5.3	4.775981574503821	10.0	0.0	10	3.3	4.473253849269008	10.0	0.0	-0.007524660457849236	-2.4399255064568472	0.11914180481807099	11.6489999708775	29.883999701160004
1136	18612224	10	3.0	4.58257569495584	10.0	0.0	10	6.3	5.21632054229799	13.0	0.0	-0.0077921341087623785	-2.39547317946833	0.15318703711920695	10.721499973196249	40.41899959581
1140	18677760	10	6.0	4.898979485566356	10.0	0.0	10	3.0	4.58257569495584	10.0	0.0	-0.007792514260570446	-2.4294801699571313	0.14219706131526783	11.122249972194373	37.682999623170005
1144	18743296	10	6.0	4.898979485566356	10.0	0.0	10	6.0	4.898979485566356	10.0	0.0	-0.008400332652282688	-2.391071803618747	0.11323762986560779	12.376749969058125	33.43499966565001
1148	18808832	10	6.0	4.898979485566356	10.0	0.0	10	3.0	4.58257569495584	10.0	0.0	-0.007851955625574824	-2.416722550736455	0.1958033082181896	12.841749967895627	33.58199966418
1152	18874368	10	4.0	4.898979485566356	10.0	0.0	10	8.3	4.243819034784589	13.0	0.0	-0.007650614977250148	-2.447895392520546	0.15123208944352184	12.7729999680675	37.63399962366
1156	18939904	10	5.0	5.0	10.0	0.0	10	4.3	4.73392015141785	10.0	0.0	-0.007791214743011538	-2.425605259583053	0.13599924202367855	11.418749971453124	39.59799960402
1160	19005440	10	5.6	4.521061822182927	10.0	0.0	10	7.6	3.7469987990390385	10.0	0.0	-0.007779000327393428	-2.3759587156284474	0.15440019055523968	11.466999971332498	18.110999818890004
1164	19070976	10	3.0	4.58257569495584	10.0	0.0	10	6.3	5.21632054229799	13.0	0.0	-0.009152455366000515	-2.3905954557153857	0.15817101973323977	12.513249968716874	35.76899964231001
1168	19136512	10	3.3	4.473253849269008	10.0	0.0	10	6.0	4.898979485566356	10.0	0.0	-0.008177917183029447	-2.3423588795010106	0.189432396456114	11.417999971455	38.99699961003001
1172	19202048	10	6.0	4.898979485566356	10.0	0.0	10	6.0	4.898979485566356	10.0	0.0	-0.008462419380852326	-2.430563543980456	0.12381850717230805	11.070999972322502	37.33299962667
1176	19267584	10	4.3	4.73392015141785	10.0	0.0	10	8.3	3.4655446902326914	10.0	0.0	-0.008201746080031292	-2.3840259633958505	0.13350343291498834	11.013749972465625	33.268999667310005
1180	19333120	10	2.3	3.950949253027682	10.0	0.0	10	5.9	4.887739763939975	13.0	0.0	-0.007917274118662937	-2.358670934789057	0.22116748815582085	11.453999971365	35.00199964998001
1184	19398656	10	2.3	3.9509492530276824	10.0	0.0	10	6.6	4.923413450036469	13.0	0.0	-0.008461860985059964	-2.3739015979082168	0.11383957562092746	10.852749972868125	38.51999961480001
1188	19464192	10	7.0	4.58257569495584	10.0	0.0	10	4.6	4.5431266766402185	10.0	0.0	-0.008491170082404537	-2.3526087823046353	0.14992551744595584	10.917749972705625	39.72399960276
1192	19529728	10	2.0	4.0	10.0	0.0	10	4.0	4.898979485566356	10.0	0.0	-0.007567208715469534	-2.411467825121819	0.133948173127154	10.442999973892501	24.785999752140004
1196	19595264	10	4.0	4.898979485566356	10.0	0.0	10	3.0	4.58257569495584	10.0	0.0	-0.00889450117785111	-2.326969071980317	0.16708354999433458	11.285249971786875	24.664999753350003
1200	19660800	10	7.3	4.196427051671457	10.0	0.0	10	8.3	4.243819034784589	13.0	0.0	-0.009610151989878425	-2.327398337181364	0.17627861449831808	12.665749968335625	32.12799967872
1204	19726336	10	4.3	4.73392015141785	10.0	0.0	10	4.0	4.898979485566356	10.0	0.0	-0.008310763351238603	-2.38398855154715	0.12985325673173753	12.138249969654375	23.345999766540004
1208	19791872	10	4.0	4.898979485566356	10.0	0.0	10	6.3	5.21632054229799	13.0	0.0	-0.007647354855899535	-2.379727897296813	0.14080823646012464	11.8629999703425	36.46799963532001
1212	19857408	10	2.0	4.0	10.0	0.0	10	8.0	4.0	10.0	0.0	-0.0074322884239779894	-2.390265325456224	0.14104143466573033	11.822749970443127	28.779999712200006
1216	19922944	10	5.0	5.0	10.0	0.0	10	6.0	4.898979485566356	10.0	0.0	-0.008375587746171783	-2.3603938964530773	0.14671145145184417	11.311999971719999	34.1499996585
1220	19988480	10	7.0	4.58257569495584	10.0	0.0	10	4.3	4.73392015141785	10.0	0.0	-0.007709386680093022	-2.375975844513238	0.15545198637925056	11.967749970080623	25.263999747360003
1224	20054016	10	7.3	4.859012245302536	13.0	0.0	10	7.0	4.58257569495584	10.0	0.0	-0.008296714379305821	-2.3534688276581175	0.13953147664144044	11.487999971279999	36.63299963367001
1228	20119552	10	5.3	4.775981574503821	10.0	0.0	10	8.9	3.935733730830886	13.0	0.0	-0.008262631746875127	-2.3688818561550025	0.14123912317138412	11.743249970641875	26.148999738510007
1232	20185088	10	6.3	4.605431575867782	10.0	0.0	10	5.0	5.0	10.0	0.0	-0.007348173716756471	-2.388448342432134	0.1608629574210766	11.921249970196875	34.507999654920006
1236	20250624	10	5.3	4.775981574503821	10.0	0.0	10	6.0	4.898979485566356	10.0	0.0	-0.00774664595681263	-2.403983567901377	0.13553072953116255	11.447249971381876	24.87399975126
1240	20316160	10	4.3	4.73392015141785	10.0	0.0	10	5.3	4.775981574503821	10.0	0.0	-0.007992407252839204	-2.34948449309035	0.116411597921494	10.548999973627499	38.73899961261
1244	20381696	10	6.0	4.898979485566356	10.0	0.0	10	5.6	4.521061822182926	10.0	0.0	-0.00830249804892667	-2.349202314767905	0.18597315925098884	10.133999974665	40.222999597770006
1248	20447232	10	5.6	4.521061822182927	10.0	0.0	10	6.3	5.21632054229799	13.0	0.0	-0.007925736889251838	-2.3988604170565417	0.1386186852130689	10.999499972501251	38.86399961136
1252	20512768	10	6.6	4.923413450036469	13.0	0.0	10	8.3	3.4655446902326914	10.0	0.0	-0.007998762071793451	-2.3958684178677943	0.16433163179545957	11.41649997145875	21.575999784240004
1256	20578304	10	7.0	4.58257569495584	10.0	0.0	10	6.0	4.898979485566356	10.0	0.0	-0.007800134049624191	-2.398582848159959	0.12863217874952845	9.894749975263124	28.758999712410006
1260	20643840	10	4.9	4.968903299521938	13.0	0.0	10	7.0	4.58257569495584	10.0	0.0	-0.007702390441819406	-2.396719942240601	0.16426024491118993	9.985749975035624	45.76099954239001
1264	20709376	10	7.0	4.58257569495584	10.0	0.0	10	8.0	4.0	10.0	0.0	-0.008028549963528775	-2.3819636998079545	0.12789885450064026	9.468499976328749	24.736999752630002
1268	20774912	10	4.3	4.73392015141785	10.0	0.0	10	5.6	4.521061822182926	10.0	0.0	-0.008116098546819354	-2.3633254565320283	0.13933057227893683	10.663999973340001	45.959999540400005
1272	20840448	10	4.9	4.323193264243457	10.0	0.0	10	6.0	4.898979485566356	10.0	0.0	-0.007229939141178514	-2.3620092295133324	0.13909302634911241	9.222749976943126	47.10299952897001
1276	20905984	10	4.0	4.898979485566356	10.0	0.0	10	7.0	4.58257569495584	10.0	0.0	-0.007693873901903742	-2.3694048223411537	0.16833048909701334	9.311249976721875	30.260999697390005
1280	20971520	10	4.3	4.73392015141785	10.0	0.0	10	3.3	4.473253849269008	10.0	0.0	-0.008130350159022307	-2.283186246713589	0.14971038759678773	10.33249997416875	46.36199953638001
1284	21037056	10	2.0	4.0	10.0	0.0	10	6.3	4.605431575867782	10.0	0.0	-0.008128578094694918	-2.3877214687562276	0.15026898463243557	9.607749975980624	37.89799962102001
1288	21102592	10	4.0	4.898979485566356	10.0	0.0	10	7.3	4.859012245302536	13.0	0.0	-0.008740463375639228	-2.364501905691687	0.14276148400644995	10.175749974560626	32.945999670540004
1292	21168128	10	5.0	5.0	10.0	0.0	10	5.6	5.141984052872976	13.0	0.0	-0.007622775305626672	-2.371197248251599	0.12668015907440744	11.0489999723775	42.058999579410006
1296	21233664	10	4.0	4.898979485566356	10.0	0.0	10	6.0	4.898979485566356	10.0	0.0	-0.008439331513454898	-2.3875616910553434	0.11854600967225387	10.3749999740625	36.07599963924001
1300	21299200	10	4.3	4.73392015141785	10.0	0.0	10	2.3	3.9509492530276824	10.0	0.0	-0.007602556699987502	-2.3656857358931895	0.17136756825648825	10.89249997276875	41.29699958703
1304	21364736	10	2.3	3.9509492530276824	10.0	0.0	10	4.9	4.323193264243458	10.0	0.0	-0.006780969197786081	-2.4385864285074628	0.13973578087461255	10.386249974034376	44.11699955883
1308	21430272	10	5.6	4.521061822182927	10.0	0.0	10	3.6	4.340506882842141	10.0	0.0	-0.008620987696315403	-2.372003214807587	0.13321753077683957	9.76549997558625	48.94099951059001
1312	21495808	10	4.3	4.73392015141785	10.0	0.0	10	4.3	5.330103188494571	13.0	0.0	-0.007799850486153443	-2.306532027580482	0.12961750483963252	8.954749977613124	51.033999489660005
1316	21561344	10	4.0	4.898979485566356	10.0	0.0	10	9.0	3.0	10.0	0.0	-0.00793280800925589	-2.3856820710001814	0.12464518804977834	9.18649997703375	16.975999830240003
1320	21626880	10	5.3	4.775981574503821	10.0	0.0	10	9.3	2.1	10.0	3.0	-0.006917803147378151	-2.4111318089039866	0.1379262975583845	11.302999971742501	42.954999570450006
1324	21692416	10	3.6	4.983974317750846	13.0	0.0	10	7.6	4.476605857119878	13.0	0.0	-0.007297048020667944	-2.4166763124332755	0.18516246499117145	10.4209999739475	31.590999684090008
1328	21757952	10	4.0	4.898979485566356	10.0	0.0	10	7.9	4.253234063627348	13.0	0.0	-0.008533679631930332	-2.4107136202327593	0.16611438304939036	11.268249971829375	39.93099960069
1332	21823488	10	6.0	4.898979485566356	10.0	0.0	10	5.6	5.141984052872976	13.0	0.0	-0.008639365864240831	-2.3970296405242415	0.13383807108585144	10.856249972859375	46.128999538710005
1336	21889024	10	3.0	4.58257569495584	10.0	0.0	10	4.6	4.5431266766402185	10.0	0.0	-0.008500604760859525	-2.3952003044375227	0.16096359846678548	9.348749976628124	46.20999953790001
1340	21954560	10	5.0	5.0	10.0	0.0	10	4.0	4.898979485566356	10.0	0.0	-0.006766978000594731	-2.3655789392709243	0.18480492878021973	9.322749976693125	38.915999610840004
1344	22020096	10	5.3	4.775981574503821	10.0	0.0	10	4.0	4.898979485566356	10.0	0.0	-0.00863322916273126	-2.418058146781174	0.16904013578881805	9.783249975541876	46.58199953418001
1348	22085632	10	2.3	3.9509492530276824	10.0	0.0	10	5.0	5.0	10.0	0.0	-0.0077385606871579055	-2.4104627095135496	0.17466826719585526	10.096999974757502	27.156999728430005
1352	22151168	10	5.3	4.775981574503821	10.0	0.0	10	3.6	4.983974317750846	13.0	0.0	-0.008786325157713703	-2.4164483072823453	0.11526862010711253	10.5969999735075	26.979999730200007
1356	22216704	10	4.0	4.898979485566356	10.0	0.0	10	6.0	4.898979485566356	10.0	0.0	-0.008198000695963608	-2.359567381195805	0.1680438960727347	11.441499971396249	26.060999739390002
1360	22282240	10	4.0	4.898979485566356	10.0	0.0	10	5.3	4.775981574503821	10.0	0.0	-0.008319044909252503	-2.400788364060977	0.1454614021198176	12.114749969713126	35.88199964118
1364	22347776	10	10.0	0.0	10.0	10.0	10	7.3	4.196427051671457	10.0	0.0	-0.007725240048283505	-2.410743951546366	0.1298790709756376	11.384749971538126	22.781999772180004
1368	22413312	10	5.0	5.0	10.0	0.0	10	7.0	4.58257569495584	10.0	0.0	-0.008171941637917717	-2.411654164142529	0.1229950541036606	11.837999970404999	35.66499964335001
1372	22478848	10	6.0	4.898979485566356	10.0	0.0	10	7.3	4.859012245302536	13.0	0.0	-0.008779798782592867	-2.400714143860605	0.118288432235615	11.63949997090125	28.005999719940004
1376	22544384	10	5.3	5.367494760127857	13.0	0.0	10	5.6	5.141984052872976	13.0	0.0	-0.007850493424879638	-2.365963866066844	0.15117260059319276	11.450249971374376	33.93599966064001
1380	22609920	10	5.0	5.0	10.0	0.0	10	5.3	4.775981574503821	10.0	0.0	-0.007314061083127219	-2.3484349521535126	0.14987263726061553	11.006499972483748	30.787999692120007
1384	22675456	10	6.0	4.898979485566356	10.0	0.0	10	4.6	4.5431266766402185	10.0	0.0	-0.00864972730930821	-2.3932413655013347	0.19433153589404906	11.766499970583752	36.29099963709
1388	22740992	10	4.6	4.5431266766402185	10.0	0.0	10	8.6	3.720215047547655	13.0	0.0	-0.0077665684528048055	-2.4170776205723987	0.1413840962581831	11.316749971708123	37.35599962644001
1392	22806528	10	6.0	4.898979485566356	10.0	0.0	10	6.9	4.109744517606903	10.0	0.0	-0.007999609421328494	-2.403332742301615	0.15281784059440184	10.701999973245	29.344999706550002
1396	22872064	10	6.9	4.592385001282013	13.0	0.0	10	6.3	4.605431575867781	10.0	0.0	-0.0074837376103546694	-2.4038930955011977	0.15832541462247407	10.682749973293125	36.555999634440006
1400	22937600	10	6.0	4.898979485566356	10.0	0.0	10	6.0	4.898979485566356	10.0	0.0	-0.009408730745771263	-2.4119914370249553	0.11760486963842633	10.685999973285	26.319999736800003
1404	23003136	10	4.3	4.73392015141785	10.0	0.0	10	7.3	4.859012245302536	13.0	0.0	-0.008053838786276392	-2.416903222348858	0.13388256657405334	9.555999976110002	44.77499955225001
1408	23068672	10	4.3	4.73392015141785	10.0	0.0	10	6.3	5.21632054229799	13.0	0.0	-0.008484441197980768	-2.3856106547016407	0.1253102238469921	9.87949997530125	42.79199957208001
1412	23134208	10	4.0	4.898979485566356	10.0	0.0	10	4.0	4.898979485566356	10.0	0.0	-0.008806798453398492	-2.384089042494704	0.1771781818446234	10.878749972803126	38.10599961894001
1416	23199744	10	6.0	4.898979485566356	10.0	0.0	10	7.0	4.58257569495584	10.0	0.0	-0.008872433530678321	-2.3662955013432856	0.14304389904004908	11.10749997223125	32.74899967251001
1420	23265280	10	5.3	4.775981574503821	10.0	0.0	10	6.3	4.605431575867782	10.0	0.0	-0.008718004524478757	-2.3563500888674644	0.1641878095129218	11.247749971880625	39.178999608210006
1424	23330816	10	4.0	4.898979485566356	10.0	0.0	10	8.3	3.4655446902326914	10.0	0.0	-0.008631280496360678	-2.3904379206392607	0.15371325812253553	11.752249970619376	26.813999731860005
1428	23396352	10	4.6	4.737087712930805	10.0	0.0	10	7.0	4.58257569495584	10.0	0.0	-0.007177442322406886	-2.3964903973030145	0.19384382306131123	12.3209999691975	34.36799965632001
1432	23461888	10	3.3	4.473253849269008	10.0	0.0	10	6.3	5.21632054229799	13.0	0.0	-0.007970340178041749	-2.384721263994717	0.16507514005670013	11.99749997000625	36.01999963980001
1436	23527424	10	3.3	4.473253849269008	10.0	0.0	10	3.3	4.473253849269008	10.0	0.0	-0.008274795440580055	-2.3904975153499226	0.15444272879144103	11.86649997033375	35.53899964461001
1440	23592960	10	4.0	4.898979485566356	10.0	0.0	10	9.0	3.0	10.0	0.0	-0.008559649156892472	-2.3747271123041624	0.17550077015878995	11.764249970589375	29.866999701330005
1444	23658496	10	9.3	3.2264531609803355	13.0	0.0	10	8.0	4.0	10.0	0.0	-0.008994419311090053	-2.369455940774624	0.18551613504928569	11.799999970500002	26.356999736430005
1448	23724032	10	3.9	4.182104733265297	10.0	0.0	10	6.6	4.2708313008125245	10.0	0.0	-0.007841007429095603	-2.412759197003646	0.1615949322611645	12.039249969901876	35.04499964955001
1452	23789568	10	3.6	4.983974317750845	13.0	0.0	10	8.0	4.0	10.0	0.0	-0.007113720575809488	-2.370557141553788	0.13427660527482138	12.59749996850625	20.333999796660002
1456	23855104	10	7.6	4.476605857119878	13.0	0.0	10	7.0	4.58257569495584	10.0	0.0	-0.00824645175367142	-2.3829037395617707	0.13359500225793972	12.446749968883125	28.812999711870003
1460	23920640	10	7.3	4.859012245302536	13.0	0.0	10	6.0	4.898979485566356	10.0	0.0	-0.007780533763351628	-2.3449742791594184	0.1625272592670796	12.341999969145	16.064999839350005
1464	23986176	10	6.0	4.898979485566356	10.0	0.0	10	3.6	4.983974317750846	13.0	0.0	-0.00888901976242346	-2.3870514926808073	0.1560429087677476	10.657249973356874	32.83099967169001
1468	24051712	10	3.0	4.58257569495584	10.0	0.0	10	9.2	4.1182520563948	13.0	0.0	-0.008541734575393724	-2.3594195691273576	0.17744505077614736	10.70149997324625	24.324999756750003
1472	24117248	10	7.3	4.196427051671457	10.0	0.0	10	6.3	5.21632054229799	13.0	0.0	-0.007750055160109423	-2.3493007890916444	0.18784642465939408	10.190249974524374	29.010999709890005
1476	24182784	10	4.0	4.898979485566356	10.0	0.0	10	8.0	4.0	10.0	0.0	-0.008197197852248629	-2.3490409898297835	0.19779049517699593	9.989249975026876	29.938999700610005
1480	24248320	10	4.3	5.330103188494571	13.0	0.0	10	5.6	4.521061822182926	10.0	0.0	-0.008028338526625848	-2.3675972369827223	0.20769118530995845	10.519249973701875	32.758999672410006
1484	24313856	10	4.0	4.898979485566356	10.0	0.0	10	8.0	4.0	10.0	0.0	-0.007277262148969854	-2.3657425788560844	0.1713240625313524	11.221249971946877	38.793999612060006
1488	24379392	10	2.3	3.9509492530276824	10.0	0.0	10	5.6	4.521061822182927	10.0	0.0	-0.008346545079843098	-2.3637887758534535	0.14883180457790082	10.880249972799376	27.188999728110005
1492	24444928	10	5.6	5.141984052872976	13.0	0.0	10	5.0	5.0	10.0	0.0	-0.008654545302920669	-2.3491641702787796	0.19337650914214352	11.281999971795	36.953999630460004
1496	24510464	10	7.0	4.58257569495584	10.0	0.0	10	7.9	4.72122865364515	13.0	0.0	-0.008965084267680631	-2.402997277426747	0.1722652541759726	11.20449997198875	19.608999803910006
1500	24576000	10	7.3	4.859012245302536	13.0	0.0	10	7.6	4.476605857119878	13.0	0.0	-0.007928177320620275	-2.3883278417086258	0.1682925623045397	11.137249972156877	38.01599961984
1504	24641536	10	4.3	5.330103188494571	13.0	0.0	10	9.3	3.2264531609803355	13.0	0.0	-0.008555253399226918	-2.3515707251960234	0.1719000814303507	11.111249972221874	23.663999763360007
1508	24707072	10	4.3	5.330103188494571	13.0	0.0	10	9.3	3.2264531609803355	13.0	0.0	-0.00792804042105246	-2.3784701523687435	0.18774278972204897	11.36799997158	24.079999759200003
1512	24772608	10	5.0	5.0	10.0	0.0	10	5.0	5.0	10.0	0.0	-0.008361244362315452	-2.379250523696857	0.1861917805508786	11.51249997121875	34.948999650510004
1516	24838144	10	5.3	4.775981574503821	10.0	0.0	10	4.9	4.968903299521938	13.0	0.0	-0.008031218585905206	-2.4028052858988915	0.17534702704013735	11.01249997246875	32.04199967958001
1520	24903680	10	4.3	5.330103188494572	13.0	0.0	10	5.0	5.0	10.0	0.0	-0.009066029145252874	-2.4198230229281017	0.16526827517106668	11.406499971483752	40.78399959216001
1524	24969216	10	7.3	4.859012245302536	13.0	0.0	10	8.3	4.243819034784589	13.0	0.0	-0.008014317198481362	-2.4338893713998675	0.16281068323346778	11.212249971969374	25.636999743630003
