iter	frame	n_test	mean_returns	std_returns	max_returns	min_returns	n_test_train	mean_returns_train	std_returns_train	max_returns_train	min_returns_train	actor_loss	entropy_loss	value_loss	training_time	evaluation_time
0	0	10	2.0	4.0	10.0	0.0	10	1.0	3.0	10.0	0.0	0	0	0	0.0	40.20699959793001
4	65536	10	4.0	4.898979485566356	10.0	0.0	10	4.0	4.898979485566356	10.0	0.0	0.00044977788270306136	-2.584353295196107	0.40226526197201945	11.150749972123126	46.96899953031001
8	131072	10	8.0	4.0	10.0	0.0	10	5.0	5.0	10.0	0.0	-0.0035104738995850645	-2.5919926908892488	0.48609160254302575	10.28749997428125	44.82099955179
12	196608	10	2.0	4.0	10.0	0.0	10	3.0	4.58257569495584	10.0	0.0	-0.004772729620635832	-2.6412900261313124	0.38097465856999346	11.855499970361251	40.02399959976001
16	262144	10	3.0	4.58257569495584	10.0	0.0	10	7.0	4.58257569495584	10.0	0.0	-0.006654126990941118	-2.6262482824172753	0.6192378190011463	11.705999970735	31.123999688760005
20	327680	10	7.0	4.58257569495584	10.0	0.0	10	5.0	5.0	10.0	0.0	-0.006780724127769087	-2.6057862214513254	0.7842388555832371	11.606249970984374	28.077999719220003
24	393216	10	6.0	4.898979485566356	10.0	0.0	10	9.0	3.0	10.0	0.0	-0.007160971728668758	-2.560877439609639	0.7629913482020244	10.5869999735325	32.10099967899001
28	458752	10	7.0	4.58257569495584	10.0	0.0	10	5.0	5.0	10.0	0.0	-0.007279587329169696	-2.5422991908922	0.7647762012181752	11.154749972113125	33.38299966617001
32	524288	10	5.0	5.0	10.0	0.0	10	4.0	4.898979485566356	10.0	0.0	-0.010700619889977222	-2.493091796575566	0.7426908220322164	12.306249969234376	21.006999789930006
36	589824	10	5.0	5.0	10.0	0.0	10	5.0	5.0	10.0	0.0	-0.009555781666591021	-2.483099964499104	0.5858114395301274	11.421999971445	44.32899955671001
40	655360	10	5.0	5.0	10.0	0.0	10	8.0	4.0	10.0	0.0	-0.010833726258557228	-2.471207774918154	0.46561779294279854	11.0309999724225	40.56299959437001
44	720896	10	5.0	5.0	10.0	0.0	10	7.0	4.58257569495584	10.0	0.0	-0.01045261851820169	-2.4390578391594153	0.4726001259688976	11.855249970361875	39.09599960904
48	786432	10	6.0	4.898979485566356	10.0	0.0	10	6.0	4.898979485566356	10.0	0.0	-0.00939021009640587	-2.424956758564437	0.45301421416550675	12.616499968458752	22.316999776830002
52	851968	10	3.0	4.58257569495584	10.0	0.0	10	9.0	3.0	10.0	0.0	-0.008976642414962543	-2.4232432293354513	0.36633847587961615	12.803749967990626	31.226999687730004
56	917504	10	5.0	5.0	10.0	0.0	10	4.0	4.898979485566356	10.0	0.0	-0.009937605168362843	-2.3990722767993202	0.37998763933544893	12.384749969038124	35.635999643640005
60	983040	10	2.0	4.0	10.0	0.0	10	9.0	3.0	10.0	0.0	-0.008027012730733361	-2.3786703370517275	0.3592339877906755	12.805499967986249	21.979999780200004
64	1048576	10	4.0	4.898979485566356	10.0	0.0	10	7.0	4.58257569495584	10.0	0.0	-0.009138505870960226	-2.341956930611956	0.34946106929417087	12.21349996946625	37.81999962180001
68	1114112	10	3.0	4.58257569495584	10.0	0.0	10	7.0	4.58257569495584	10.0	0.0	-0.009652223754735897	-2.3666547608890514	0.2326603854453601	12.797749968005625	41.12799958872001
72	1179648	10	4.0	4.898979485566356	10.0	0.0	10	7.0	4.58257569495584	10.0	0.0	-0.011621094157213222	-2.2665750133617046	0.26338333323337854	11.618749970953125	40.55599959444
76	1245184	10	7.0	4.58257569495584	10.0	0.0	10	8.0	4.0	10.0	0.0	-0.00880386898794162	-2.1803831182632547	0.3416547203701485	12.9809999675475	36.319999636800006
80	1310720	10	4.0	4.898979485566356	10.0	0.0	10	7.0	4.58257569495584	10.0	0.0	-0.010659940532404188	-2.2649211210633373	0.23312603121057643	11.841999970395001	39.62899960371001
84	1376256	10	7.0	4.58257569495584	10.0	0.0	10	10.0	0.0	10.0	10.0	-0.008863633863849365	-2.1997665164563434	0.27996750421389266	12.768249968079376	21.479999785200004
88	1441792	10	4.0	4.898979485566356	10.0	0.0	10	6.0	4.898979485566356	10.0	0.0	-0.0098179690044546	-2.2122490304390876	0.25320173160950327	12.127749969680625	41.907999580920006
92	1507328	10	8.0	4.0	10.0	0.0	10	7.0	4.58257569495584	10.0	0.0	-0.009684858524958541	-2.131559677200009	0.3003993305685628	11.697749970755625	23.552999764470005
96	1572864	10	4.0	4.898979485566356	10.0	0.0	10	7.0	4.58257569495584	10.0	0.0	-0.00919583422268877	-2.089442624182409	0.2770818494903007	11.45149997137125	27.493999725060004
100	1638400	10	4.0	4.898979485566356	10.0	0.0	10	6.0	4.898979485566356	10.0	0.0	-0.008828704649497157	-2.0577408321541846	0.30057784415134003	12.612249968469376	39.70199960298
104	1703936	10	4.0	4.898979485566356	10.0	0.0	10	8.0	4.0	10.0	0.0	-0.010030923715795446	-2.047805593446167	0.25605698858514475	11.999249970001875	41.219999587800004
108	1769472	10	2.0	4.0	10.0	0.0	10	9.0	3.0	10.0	0.0	-0.006984402495193892	-2.011120180079459	0.2830105468646429	11.73199997067	40.56899959431001
112	1835008	10	8.0	4.0	10.0	0.0	10	7.0	4.58257569495584	10.0	0.0	-0.007895523903330927	-1.9601686271970087	0.32163668389496597	10.932749972668123	41.631999583680006
116	1900544	10	3.0	4.58257569495584	10.0	0.0	10	9.0	3.0	10.0	0.0	-0.007468325269484285	-1.8506391555626653	0.3165380083626097	11.861999970345	24.248999757510003
120	1966080	10	6.0	4.898979485566356	10.0	0.0	10	3.0	4.58257569495584	10.0	0.0	-0.007512417686611646	-1.823608425566336	0.34939667439173966	12.751499968121252	37.50299962497001
124	2031616	10	3.0	4.58257569495584	10.0	0.0	10	8.0	4.0	10.0	0.0	-0.007420760319125063	-1.8925480716442582	0.25856461497434724	11.648499970878753	41.432999585670004
128	2097152	10	4.0	4.898979485566356	10.0	0.0	10	6.0	4.898979485566356	10.0	0.0	-0.007654949287028339	-1.831281016079561	0.380826350727496	11.05549997236125	29.500999704990004
132	2162688	10	5.0	5.0	10.0	0.0	10	8.0	4.0	10.0	0.0	-0.0058132772361818965	-1.8124694760242588	0.35054162948155704	10.598999973502501	40.33299959667001
136	2228224	10	3.0	4.58257569495584	10.0	0.0	10	10.0	0.0	10.0	10.0	-0.005733579794356639	-1.9253990673006645	0.36169440745644127	11.1169999722075	23.30399976696
140	2293760	10	3.0	4.58257569495584	10.0	0.0	10	8.0	4.0	10.0	0.0	-0.008160011664948567	-2.0230476618189295	0.31767478224927126	11.5389999711525	24.130999758690002
144	2359296	10	3.0	4.58257569495584	10.0	0.0	10	8.0	4.0	10.0	0.0	-0.008680279166891668	-2.0158255868043753	0.22849133150445017	12.2729999693175	28.526999714730007
148	2424832	10	8.0	4.0	10.0	0.0	10	7.0	4.58257569495584	10.0	0.0	-0.0074695938423954625	-2.090150212030442	0.30018498900634377	11.098749972253126	26.274999737250003
152	2490368	10	5.0	5.0	10.0	0.0	10	7.0	4.58257569495584	10.0	0.0	-0.009540603327793442	-2.089216875315636	0.20920196437270797	9.599249976001875	47.81599952184001
156	2555904	10	5.0	5.0	10.0	0.0	10	5.0	5.0	10.0	0.0	-0.009278336056259525	-2.0398009926439435	0.2760260274035797	11.267999971830001	42.07799957922001
160	2621440	10	5.0	5.0	10.0	0.0	10	6.0	4.898979485566356	10.0	0.0	-0.008553274086522868	-2.0813232831972415	0.2007496137894192	13.056749967358126	38.960999610390004
164	2686976	10	3.0	4.58257569495584	10.0	0.0	10	8.0	4.0	10.0	0.0	-0.008977866058835457	-2.025622396208443	0.23912228920800108	12.659499968351252	38.96799961032001
168	2752512	10	7.0	4.58257569495584	10.0	0.0	10	6.0	4.898979485566356	10.0	0.0	-0.008290676045105205	-2.158712203079107	0.2306053537324759	11.813249970466876	27.672999723270003
172	2818048	10	6.0	4.898979485566356	10.0	0.0	10	7.0	4.58257569495584	10.0	0.0	-0.00752638561407789	-2.2163554328358153	0.16412393304672374	11.463749971340626	21.845999781540005
176	2883584	10	6.0	4.898979485566356	10.0	0.0	10	9.0	3.0	10.0	0.0	-0.008343560176439852	-2.158068798257619	0.18413417318780434	11.877499970306252	22.223999777760003
180	2949120	10	7.0	4.58257569495584	10.0	0.0	10	10.0	0.0	10.0	10.0	-0.009050183773339807	-2.1291337905096452	0.22731007772923986	11.040749972398126	25.685999743140005
184	3014656	10	3.0	4.58257569495584	10.0	0.0	10	7.0	4.58257569495584	10.0	0.0	-0.00834009060209742	-2.182472124468437	0.21802156245548404	11.3049999717375	40.564999594350006
188	3080192	10	5.0	5.0	10.0	0.0	10	8.0	4.0	10.0	0.0	-0.009154070960859427	-2.166554445796033	0.20089192857114965	12.431249968921877	31.593999684060005
192	3145728	10	4.0	4.898979485566356	10.0	0.0	10	9.0	3.0	10.0	0.0	-0.009595317631678297	-2.077670226278047	0.2075776210769851	12.450499968873752	24.570999754290007
196	3211264	10	5.0	5.0	10.0	0.0	10	6.0	4.898979485566356	10.0	0.0	-0.008176875331382824	-2.1449337053051463	0.1803015969350626	11.862249970344376	23.169999768300006
200	3276800	10	6.0	4.898979485566356	10.0	0.0	10	8.0	4.0	10.0	0.0	-0.00940080397315187	-2.0840625388239524	0.213859239493261	11.8869999702825	39.878999601210005
204	3342336	10	3.0	4.58257569495584	10.0	0.0	10	9.0	3.0	10.0	0.0	-0.00893237805483018	-2.0666900163226245	0.18812916185299378	11.699499970751251	39.01299960987001
208	3407872	10	7.0	4.58257569495584	10.0	0.0	10	9.0	3.0	10.0	0.0	-0.010153344530563522	-2.0390932644766426	0.2671985157176675	11.168249972079376	23.825999761740004
212	3473408	10	3.0	4.58257569495584	10.0	0.0	10	9.0	3.0	10.0	0.0	-0.009333966047898646	-2.045070048208593	0.2183643216039765	11.942749970143126	18.49599981504
216	3538944	10	8.0	4.0	10.0	0.0	10	9.0	3.0	10.0	0.0	-0.008255511220693559	-2.0805596086202436	0.1701399448616152	12.803999967989999	17.80199982198
220	3604480	10	7.0	4.58257569495584	10.0	0.0	10	4.0	4.898979485566356	10.0	0.0	-0.0070448350105469255	-2.021491367159318	0.194103865398364	11.99849997000375	38.90499961095001
224	3670016	10	5.0	5.0	10.0	0.0	10	8.0	4.0	10.0	0.0	-0.009157903040387393	-2.0287822594615483	0.2566322249403498	11.752749970618124	42.66599957334
228	3735552	10	6.0	4.898979485566356	10.0	0.0	10	7.0	4.58257569495584	10.0	0.0	-0.009436594263133159	-2.1336410788459292	0.21074040340547984	10.90049997274875	40.87699959123001
232	3801088	10	6.0	4.898979485566356	10.0	0.0	10	5.0	5.0	10.0	0.0	-0.00926378451695715	-2.0866282604944715	0.24608016710027714	11.6389999709025	19.42399980576
236	3866624	10	7.0	4.58257569495584	10.0	0.0	10	7.0	4.58257569495584	10.0	0.0	-0.008161395610294301	-2.1171171389798364	0.22252797441722574	11.651749970870625	25.756999742430004
240	3932160	10	8.0	4.0	10.0	0.0	10	10.0	0.0	10.0	10.0	-0.009088167752414946	-2.1118711479291856	0.19247971403270167	11.240749971898126	26.880999731190006
244	3997696	10	8.0	4.0	10.0	0.0	10	6.0	4.898979485566356	10.0	0.0	-0.00849424847216184	-2.1441979530206963	0.16992876327689158	9.815999975459999	44.33099955669001
248	4063232	10	3.0	4.58257569495584	10.0	0.0	10	5.0	5.0	10.0	0.0	-0.008116166397549418	-2.0814626400984753	0.18734085744158016	11.784249970539376	42.13299957867001
252	4128768	10	6.0	4.898979485566356	10.0	0.0	10	9.0	3.0	10.0	0.0	-0.009585144672718211	-2.162618838025364	0.16516636721621558	11.692499970768749	24.394999756050005
256	4194304	10	6.0	4.898979485566356	10.0	0.0	10	9.0	3.0	10.0	0.0	-0.007769072922301519	-2.1544434897840916	0.19329234389126979	11.375749971560625	28.381999716180005
260	4259840	10	3.0	4.58257569495584	10.0	0.0	10	7.0	4.58257569495584	10.0	0.0	-0.005861143365105249	-2.1309733984634787	0.2548034622378964	12.48249996879375	36.73399963266001
264	4325376	10	7.0	4.58257569495584	10.0	0.0	10	6.0	4.898979485566356	10.0	0.0	-0.008694241329374162	-2.063208126558519	0.2189723147472134	11.479249971301876	19.746999802530002
268	4390912	10	8.0	4.0	10.0	0.0	10	8.0	4.0	10.0	0.0	-0.0075724229577336195	-2.1054454244963603	0.17649520792091203	12.267749969330625	39.10499960895
272	4456448	10	5.0	5.0	10.0	0.0	10	8.0	4.0	10.0	0.0	-0.008260751525437817	-2.1718143495641833	0.19436098966896012	10.795249973011874	24.017999759820004
276	4521984	10	7.0	4.58257569495584	10.0	0.0	10	7.0	4.58257569495584	10.0	0.0	-0.007629492227163466	-2.185005808642393	0.1635263041267574	11.50249997124375	39.10399960896
280	4587520	10	5.0	5.0	10.0	0.0	10	7.0	4.58257569495584	10.0	0.0	-0.008692758821481277	-2.1735117780885007	0.1801927860948994	11.194749972013124	21.823999781760005
284	4653056	10	5.0	5.0	10.0	0.0	10	7.0	4.58257569495584	10.0	0.0	-0.0100736068575433	-2.1267419380714445	0.132347325935833	11.840499970398751	39.99999960000001
288	4718592	10	8.0	4.0	10.0	0.0	10	5.0	5.0	10.0	0.0	-0.007783896388393099	-2.2468074657166053	0.1273239227655273	11.59349997101625	20.975999790240003
292	4784128	10	5.0	5.0	10.0	0.0	10	7.0	4.58257569495584	10.0	0.0	-0.008431001099810943	-2.179277973643428	0.1555769270279125	11.965749970085627	40.23099959769001
296	4849664	10	5.0	5.0	10.0	0.0	10	5.0	5.0	10.0	0.0	-0.008287140397791687	-2.16491327412227	0.17048761526209422	10.918249972704375	42.73299957267
300	4915200	10	7.0	4.58257569495584	10.0	0.0	10	8.0	4.0	10.0	0.0	-0.0092618173405504	-2.1230033087505764	0.2080923564670532	11.134249972164373	40.008999599910005
304	4980736	10	7.0	4.58257569495584	10.0	0.0	10	8.0	4.0	10.0	0.0	-0.008540285272546067	-2.1051874233079504	0.1793361913691662	11.3029999717425	22.185999778140005
308	5046272	10	4.0	4.898979485566356	10.0	0.0	10	7.0	4.58257569495584	10.0	0.0	-0.009247727793027329	-2.156981765999222	0.16978699068011993	10.797749973005626	42.32199957678001
312	5111808	10	3.0	4.58257569495584	10.0	0.0	10	7.0	4.58257569495584	10.0	0.0	-0.00860109378513537	-2.263535842063676	0.1254484297887442	13.11199996722	19.493999805060003
316	5177344	10	8.0	4.0	10.0	0.0	10	7.0	4.58257569495584	10.0	0.0	-0.007480057552259759	-2.1933419006765003	0.1461629458007576	11.233249971916877	23.94699976053
320	5242880	10	5.0	5.0	10.0	0.0	10	7.0	4.58257569495584	10.0	0.0	-0.006750969137914091	-2.181292126348888	0.18022309684179944	10.7049999732375	43.32899956671001
324	5308416	10	5.0	5.0	10.0	0.0	10	9.0	3.0	10.0	0.0	-0.008255956892499935	-2.240520367786352	0.16730601470726894	11.400749971498126	23.153999768460004
328	5373952	10	6.0	4.898979485566356	10.0	0.0	10	8.0	4.0	10.0	0.0	-0.007396347005081114	-2.1871203976578153	0.14561416960046314	11.126999972182501	24.396999756030002
332	5439488	10	5.0	5.0	10.0	0.0	10	8.0	4.0	10.0	0.0	-0.008305866818514345	-2.177412489823184	0.2019479608651367	12.15549996961125	24.157999758420004
336	5505024	10	5.0	5.0	10.0	0.0	10	8.0	4.0	10.0	0.0	-0.0079019262039719	-2.203400877385295	0.13336623381054952	11.73249997066875	43.40699956593
340	5570560	10	7.0	4.58257569495584	10.0	0.0	10	5.0	5.0	10.0	0.0	-0.0069506263964321325	-2.1784719723180634	0.14731669408907763	11.050749972373126	45.10599954894001
344	5636096	10	7.0	4.58257569495584	10.0	0.0	10	9.0	3.0	10.0	0.0	-0.00859999567335916	-2.0719653899796193	0.19669429715226103	11.205499971986251	39.753999602460006
348	5701632	10	8.0	4.0	10.0	0.0	10	8.0	4.0	10.0	0.0	-0.008408593214308235	-2.157016927772582	0.16764262417758144	11.465499971336248	39.59199960408001
352	5767168	10	5.0	5.0	10.0	0.0	10	10.0	0.0	10.0	10.0	-0.007386335306807593	-2.2533027005828656	0.16077425142938057	11.8709999703225	25.440999745590002
356	5832704	10	5.0	5.0	10.0	0.0	10	8.0	4.0	10.0	0.0	-0.007887082998207314	-2.1517435359700254	0.14965722529831757	10.568749973578125	24.956999750430004
360	5898240	10	9.0	3.0	10.0	0.0	10	7.0	4.58257569495584	10.0	0.0	-0.008076337143461385	-2.153298568997989	0.16630957173003372	10.690249973274375	3.0919999690800006
364	5963776	10	4.0	4.898979485566356	10.0	0.0	10	5.0	5.0	10.0	0.0	-0.006298075868421921	-2.1562146567045692	0.20147081679738982	11.813749970465626	40.432999595670005
368	6029312	10	6.0	4.898979485566356	10.0	0.0	10	7.0	4.58257569495584	10.0	0.0	-0.007145876563767977	-2.143586255386699	0.17236410646145672	11.376749971558125	23.928999760710003
372	6094848	10	4.0	4.898979485566356	10.0	0.0	10	7.0	4.58257569495584	10.0	0.0	-0.007515430768586071	-2.160171443992346	0.12440753544471404	12.116249969709374	21.92099978079
376	6160384	10	7.0	4.58257569495584	10.0	0.0	10	8.0	4.0	10.0	0.0	-0.00761197119251075	-2.229583876596104	0.15398681511429776	11.165999972084999	40.74599959254001
380	6225920	10	4.0	4.898979485566356	10.0	0.0	10	8.0	4.0	10.0	0.0	-0.007838082610550329	-2.184524419179495	0.14785996050741101	11.772749970568123	21.24899978751
384	6291456	10	5.0	5.0	10.0	0.0	10	7.0	4.58257569495584	10.0	0.0	-0.008878269248861958	-2.181879212231649	0.13731688632130748	12.078499969803753	18.627999813720002
388	6356992	10	6.0	4.898979485566356	10.0	0.0	10	5.0	5.0	10.0	0.0	-0.006345126546821069	-2.244708056017384	0.11802714697097634	12.939249967651877	19.788999802110006
392	6422528	10	6.0	4.898979485566356	10.0	0.0	10	7.0	4.58257569495584	10.0	0.0	-0.007500307684623267	-2.1560273366907476	0.178077552138594	12.126249969684373	36.37299963627
396	6488064	10	6.0	4.898979485566356	10.0	0.0	10	7.0	4.58257569495584	10.0	0.0	-0.007079491017541387	-2.2548981554940903	0.12605474418423543	12.140249969649375	35.8599996414
400	6553600	10	8.0	4.0	10.0	0.0	10	9.0	3.0	10.0	0.0	-0.006741856743150951	-2.225241936511463	0.11566021292196924	12.27949996930125	37.99599962004001
404	6619136	10	4.0	4.898979485566356	10.0	0.0	10	9.0	3.0	10.0	0.0	-0.007962666931314756	-2.178343891870562	0.12856015441376167	11.675249970811878	35.317999646820006
408	6684672	10	7.0	4.58257569495584	10.0	0.0	10	8.0	4.0	10.0	0.0	-0.007857594914730771	-2.2192726232283237	0.11692390659537379	12.679499968301249	31.751999682480005
412	6750208	10	4.0	4.898979485566356	10.0	0.0	10	9.0	3.0	10.0	0.0	-0.007360381476086026	-2.1819954487395297	0.13646668772499057	12.02449996993875	22.557999774420004
