iter	frame	n_test	mean_returns	std_returns	max_returns	min_returns	n_test_train	mean_returns_train	std_returns_train	max_returns_train	min_returns_train	actor_loss	entropy_loss	value_loss	training_time	evaluation_time
0	0	10	1.0	3.0	10.0	0.0	10	3.0	4.58257569495584	10.0	0.0	0	0	0	0.0	14.024999859750002
4	65536	10	3.0	4.58257569495584	10.0	0.0	10	2.0	4.0	10.0	0.0	0.005271377427012572	-2.55075242095444	1.1717529733376033	11.488249971279377	4.462999955370001
8	131072	10	4.0	4.898979485566356	10.0	0.0	10	3.0	4.58257569495584	10.0	0.0	-0.0018347200479697963	-2.5328967096750006	1.6189851982695231	11.853749970365625	4.630999953690001
12	196608	10	2.0	4.0	10.0	0.0	10	3.0	4.58257569495584	10.0	0.0	-0.002493466394645187	-2.5206344969428502	1.3110188194737133	12.204499969488749	1.7079999829200003
16	262144	10	1.0	3.0	10.0	0.0	10	4.0	4.898979485566356	10.0	0.0	-0.0027753837685081284	-2.4427485463458884	0.9116062440270296	11.592499971018752	2.5609999743900005
20	327680	10	4.0	4.898979485566356	10.0	0.0	10	2.0	4.0	10.0	0.0	-0.003153543935973615	-2.3979593860592003	0.5170330147030802	12.785499968036252	2.6739999732600004
24	393216	10	5.0	5.0	10.0	0.0	10	1.0	3.0	10.0	0.0	-0.001485860903961251	-2.377290623635772	0.3489243780520187	11.816249970459376	6.206999937930001
28	458752	10	3.0	4.58257569495584	10.0	0.0	10	3.0	4.58257569495584	10.0	0.0	-0.0014559582509718093	-2.395258493471979	0.36815316474576426	10.701749973245626	3.1529999684700005
32	524288	10	2.0	4.0	10.0	0.0	10	2.0	4.0	10.0	0.0	-0.0011659722657590993	-2.373513971518595	0.3288939610401918	12.936249967659377	2.981999970180001
36	589824	10	6.0	4.898979485566356	10.0	0.0	10	5.0	5.0	10.0	0.0	-0.0022677749339651194	-2.314361691233835	0.41571013951069075	11.548249971129374	1.5649999843500002
40	655360	10	2.0	4.0	10.0	0.0	10	2.0	4.0	10.0	0.0	-0.0018197553591789183	-2.3830289937556994	0.12767619712034828	12.0289999699275	3.1189999688100007
44	720896	10	3.0	4.58257569495584	10.0	0.0	10	0.0	0.0	0.0	0.0	-0.0011685618494079745	-2.3131486150199656	0.14066219305085687	13.428999966427499	2.4349999756500003
48	786432	10	1.0	3.0	10.0	0.0	10	5.0	5.0	10.0	0.0	-0.0006358725488648863	-2.3804382306837963	0.09438851212797948	11.767249970581874	5.768999942310001
52	851968	10	3.0	4.58257569495584	10.0	0.0	10	2.0	4.0	10.0	0.0	-0.0013785662569493458	-2.4752098890547507	0.09905810234036345	12.759499968101249	5.896999941030002
56	917504	10	5.0	5.0	10.0	0.0	10	1.0	3.0	10.0	0.0	-0.002702680702311338	-2.480495604117613	0.08135712817239918	13.226249966934375	7.206999927930001
60	983040	10	2.0	4.0	10.0	0.0	10	3.0	4.58257569495584	10.0	0.0	-0.0016046971781933067	-2.513585164881181	0.10988306902989414	11.92249997019375	10.377999896220002
64	1048576	10	4.0	4.898979485566356	10.0	0.0	10	5.0	5.0	10.0	0.0	-0.0018258736985967924	-2.530923579866303	0.07886673171648653	11.035249972411876	9.405999905940002
68	1114112	10	4.0	4.898979485566356	10.0	0.0	10	5.0	5.0	10.0	0.0	-0.0028144727436280404	-2.538665170206429	0.1214257310755415	12.525999968685001	8.117999918820002
72	1179648	10	5.0	5.0	10.0	0.0	10	2.0	4.0	10.0	0.0	-0.0025301951097482837	-2.5414017634923405	0.09877734414902696	12.997749967505625	10.143999898560002
76	1245184	10	0.0	0.0	0.0	0.0	10	4.0	4.898979485566356	10.0	0.0	-0.0018728660141146027	-2.558522529633561	0.09399999075676588	11.723249970691876	8.731999912680001
80	1310720	10	3.0	4.58257569495584	10.0	0.0	10	3.0	4.58257569495584	10.0	0.0	-0.0030531147200693514	-2.573089278966379	0.08173264601037374	11.86649997033375	10.655999893440002
84	1376256	10	2.0	4.0	10.0	0.0	10	4.0	4.898979485566356	10.0	0.0	-0.003171071635403504	-2.56431036912512	0.08329673831375944	12.274749969313124	8.447999915520002
88	1441792	10	3.0	4.58257569495584	10.0	0.0	10	5.0	5.0	10.0	0.0	-0.0029801097210341567	-2.536385106279493	0.08067126584873571	12.07749996980625	3.3389999666100003
92	1507328	10	6.0	4.898979485566356	10.0	0.0	10	4.0	4.898979485566356	10.0	0.0	-0.0025690368684437043	-2.4802733359137417	0.10741802828703276	11.431749971420624	6.268999937310001
96	1572864	10	2.0	4.0	10.0	0.0	10	5.0	5.0	10.0	0.0	-0.002852565334560454	-2.490089870729938	0.12561394820078306	12.699749968250625	5.8349999416500005
100	1638400	10	3.0	4.58257569495584	10.0	0.0	10	3.0	4.58257569495584	10.0	0.0	-0.001866548106093329	-2.4768097124897315	0.10949270973238483	13.092249967269375	10.552999894470002
104	1703936	10	5.0	5.0	10.0	0.0	10	2.0	4.0	10.0	0.0	-0.0035273626086527675	-2.484259930490957	0.08102998918552909	12.457749968855627	7.825999921740001
108	1769472	10	2.0	4.0	10.0	0.0	10	5.0	5.0	10.0	0.0	-0.0026233799553964407	-2.481268609305044	0.1313997890352922	10.971999972570002	7.5199999248000005
112	1835008	10	3.0	4.58257569495584	10.0	0.0	10	4.0	4.898979485566356	10.0	0.0	-0.0029783706289213535	-2.4477159005834044	0.12054733158540942	12.337749969155626	4.9179999508200005
116	1900544	10	3.0	4.58257569495584	10.0	0.0	10	4.0	4.898979485566356	10.0	0.0	-0.003025239110065903	-2.4935099157080414	0.12414712845606826	12.205999969485	5.374999946250001
120	1966080	10	2.0	4.0	10.0	0.0	10	2.0	4.0	10.0	0.0	-0.002181412257793294	-2.5300671852973133	0.11823108973457422	12.654749968363125	7.2299999277000015
124	2031616	10	4.0	4.898979485566356	10.0	0.0	10	2.0	4.0	10.0	0.0	-0.003569018342742521	-2.4497525366575763	0.1733346557995424	11.565249971086876	5.280999947190001
128	2097152	10	3.0	4.58257569495584	10.0	0.0	10	2.0	4.0	10.0	0.0	-0.0022986670638329644	-2.460223421198156	0.11901098958063452	12.874499967813751	5.316999946830001
132	2162688	10	1.0	3.0	10.0	0.0	10	5.0	5.0	10.0	0.0	-0.0032567307373880475	-2.4422655103046793	0.182552856917414	13.833749965415626	6.680999933190001
136	2228224	10	3.0	4.58257569495584	10.0	0.0	10	5.0	5.0	10.0	0.0	-0.004693605356923486	-2.4271200296734747	0.18774061717931326	12.464749968838126	7.313999926860001
140	2293760	10	3.0	4.58257569495584	10.0	0.0	10	5.0	5.0	10.0	0.0	-0.0034662824712264994	-2.43025168751197	0.18181178522885902	11.587749971030625	7.192999928070001
144	2359296	10	3.0	4.58257569495584	10.0	0.0	10	3.0	4.58257569495584	10.0	0.0	-0.002480615883283361	-2.4788666836818773	0.12496773652827609	13.157999967105	3.6459999635400004
148	2424832	10	3.0	4.58257569495584	10.0	0.0	10	2.0	4.0	10.0	0.0	-0.003712222401713761	-2.460736535233232	0.15369474195516003	12.284999969287501	3.3349999666500003
152	2490368	10	2.0	4.0	10.0	0.0	10	2.0	4.0	10.0	0.0	-0.0045081898250073195	-2.4394930772425734	0.18439561072368393	11.01049997247375	8.834999911650002
156	2555904	10	4.0	4.898979485566356	10.0	0.0	10	2.0	4.0	10.0	0.0	-0.004604990188581037	-2.413255788134487	0.15839328087458138	11.891749970270626	6.396999936030001
160	2621440	10	1.0	3.0	10.0	0.0	10	4.0	4.898979485566356	10.0	0.0	-0.0036291954428794926	-2.441213614984373	0.15488397374998453	11.330749971673125	7.180999928190001
164	2686976	10	4.0	4.898979485566356	10.0	0.0	10	7.0	4.58257569495584	10.0	0.0	-0.004422351414323351	-2.4726887168891425	0.15456782458292184	11.036749972408124	7.1979999280200015
168	2752512	10	4.0	4.898979485566356	10.0	0.0	10	5.0	5.0	10.0	0.0	-0.005426419250742127	-2.436868346973733	0.20482894659702688	12.871249967821875	4.859999951400001
172	2818048	10	1.0	3.0	10.0	0.0	10	2.0	4.0	10.0	0.0	-0.0051032729868428234	-2.4631410362737585	0.16706613690093838	11.87049997032375	6.332999936670001
176	2883584	10	1.0	3.0	10.0	0.0	10	4.0	4.898979485566356	10.0	0.0	-0.002958394421810075	-2.4483526371352586	0.15568235057026197	11.53049997117375	12.489999875100002
180	2949120	10	2.0	4.0	10.0	0.0	10	6.0	4.898979485566356	10.0	0.0	-0.0054029146334698365	-2.4864852500351993	0.12309479316345609	12.275249969311876	7.009999929900001
184	3014656	10	4.0	4.898979485566356	10.0	0.0	10	4.0	4.898979485566356	10.0	0.0	-0.0046309161523849455	-2.466868601482441	0.131371896157016	12.360499969098752	9.499999905000001
188	3080192	10	2.0	4.0	10.0	0.0	10	1.0	3.0	10.0	0.0	-0.005420832683175047	-2.4901149568348053	0.11914700229652873	11.007249972481876	9.213999907860002
192	3145728	10	3.0	4.58257569495584	10.0	0.0	10	5.0	5.0	10.0	0.0	-0.004739878327615888	-2.434360605721413	0.1424185260205878	12.10449996973875	4.931999950680001
196	3211264	10	4.0	4.898979485566356	10.0	0.0	10	6.0	4.898979485566356	10.0	0.0	-0.004428041358696202	-2.466427695990976	0.13203649368934825	12.36399996909	12.53899987461
200	3276800	10	2.0	4.0	10.0	0.0	10	7.0	4.58257569495584	10.0	0.0	-0.005005763944997558	-2.4517798197695733	0.13392160633580863	11.641999970895002	8.763999912360001
204	3342336	10	2.0	4.0	10.0	0.0	10	3.0	4.58257569495584	10.0	0.0	-0.0034270577328008194	-2.441970725599866	0.16832555347541944	11.861249970346876	12.127999878720003
208	3407872	10	6.0	4.898979485566356	10.0	0.0	10	4.0	4.898979485566356	10.0	0.0	-0.004684523225293381	-2.431829792504513	0.14178857679243623	12.816749967958124	8.306999916930002
212	3473408	10	4.0	4.898979485566356	10.0	0.0	10	4.0	4.898979485566356	10.0	0.0	-0.004523308488825872	-2.471711898585977	0.1297372147538598	12.2909999692725	9.878999901210001
216	3538944	10	1.0	3.0	10.0	0.0	10	4.0	4.898979485566356	10.0	0.0	-0.005909712846299177	-2.484014210342896	0.08972992025312397	11.045249972386875	9.095999909040001
220	3604480	10	2.0	4.0	10.0	0.0	10	4.0	4.898979485566356	10.0	0.0	-0.005465726057119048	-2.494570379196033	0.10869420590299127	12.084999969787502	11.086999889130002
224	3670016	10	3.0	4.58257569495584	10.0	0.0	10	3.0	4.58257569495584	10.0	0.0	-0.004714779373407513	-2.466666680814178	0.0994302439205773	12.554249968614375	11.759999882400002
228	3735552	10	6.0	4.898979485566356	10.0	0.0	10	4.0	4.898979485566356	10.0	0.0	-0.005351769742192466	-2.4710719408997783	0.0851254218828978	13.441249966396876	7.505999924940001
232	3801088	10	4.0	4.898979485566356	10.0	0.0	10	7.0	4.58257569495584	10.0	0.0	-0.004354776404247395	-2.40650422100987	0.1623527175034469	11.643249970891874	9.306999906930002
236	3866624	10	5.0	5.0	10.0	0.0	10	6.0	4.898979485566356	10.0	0.0	-0.004178470547098879	-2.4176583585604927	0.1176112994506757	12.010999969972499	12.126999878730002
240	3932160	10	3.0	4.58257569495584	10.0	0.0	10	5.0	5.0	10.0	0.0	-0.004697233884261259	-2.4205901322227543	0.12981051352695958	11.799749970500624	6.980999930190001
244	3997696	10	3.0	4.58257569495584	10.0	0.0	10	5.0	5.0	10.0	0.0	-0.003976070176163022	-2.3559211117555336	0.09131553510106466	13.505249966236876	10.021999899780003
248	4063232	10	6.0	4.898979485566356	10.0	0.0	10	3.0	4.58257569495584	10.0	0.0	-0.004010413064746908	-2.379897266378452	0.13443767192614892	12.24349996939125	13.136999868630003
252	4128768	10	4.0	4.898979485566356	10.0	0.0	10	5.0	5.0	10.0	0.0	-0.002907066275838933	-2.429756740475914	0.07537466411004105	11.10049997224875	8.41699991583
256	4194304	10	4.0	4.898979485566356	10.0	0.0	10	3.0	4.58257569495584	10.0	0.0	-0.0036829507318951516	-2.4682985889327327	0.04414871136663672	11.472999971317499	8.70499991295
260	4259840	10	6.0	4.898979485566356	10.0	0.0	10	1.0	3.0	10.0	0.0	-0.0049027344813158775	-2.467101104300524	0.08763500290475616	13.864749965338124	6.55199993448
264	4325376	10	5.0	5.0	10.0	0.0	10	3.0	4.58257569495584	10.0	0.0	-0.004036140795085639	-2.4558627776726922	0.12052698990937255	12.197249969506876	6.780999932190001
268	4390912	10	5.0	5.0	10.0	0.0	10	6.0	4.898979485566356	10.0	0.0	-0.0032698278491432864	-2.466347808382297	0.08941305323038186	11.78649997053375	8.774999912250001
272	4456448	10	5.0	5.0	10.0	0.0	10	6.0	4.898979485566356	10.0	0.0	-0.003351950351876524	-2.421613439665313	0.12814396928902777	12.615749968460625	5.146999948530001
276	4521984	10	5.0	5.0	10.0	0.0	10	7.0	4.58257569495584	10.0	0.0	-0.004802435192186717	-2.4592069037180475	0.11975371201905027	11.96399997009	10.477999895220002
280	4587520	10	5.0	5.0	10.0	0.0	10	1.0	3.0	10.0	0.0	-0.004298892810318318	-2.4701422549694643	0.1572983861969844	10.944249972639376	15.328999846710003
284	4653056	10	1.0	3.0	10.0	0.0	10	6.0	4.898979485566356	10.0	0.0	-0.00551707651966485	-2.4248847313182873	0.20472317248933833	12.08249996979375	4.01099995989
288	4718592	10	2.0	4.0	10.0	0.0	10	2.0	4.0	10.0	0.0	-0.004092171913905968	-2.4087748549852983	0.11159180607066364	13.329749966675626	4.66899995331
292	4784128	10	3.0	4.58257569495584	10.0	0.0	10	6.0	4.898979485566356	10.0	0.0	-0.004785832504650776	-2.4020309023540505	0.18294791223438234	11.746749970633124	7.2299999277000015
296	4849664	10	5.0	5.0	10.0	0.0	10	4.0	4.898979485566356	10.0	0.0	-0.004154539358621608	-2.3777824141091815	0.20855170571556364	10.964499972588749	10.643999893560002
300	4915200	10	4.0	4.898979485566356	10.0	0.0	10	4.0	4.898979485566356	10.0	0.0	-0.005239225782800778	-2.3752216346571244	0.22390354282684324	12.5109999687225	7.018999929810001
304	4980736	10	5.0	5.0	10.0	0.0	10	5.0	5.0	10.0	0.0	-0.0051231047152637725	-2.407828012851398	0.1466763132719893	12.784249968039376	5.459999945400001
308	5046272	10	4.0	4.898979485566356	10.0	0.0	10	4.0	4.898979485566356	10.0	0.0	-0.004656536317391639	-2.4081986047302504	0.1626891337631303	11.78749997053125	6.456999935430001
312	5111808	10	6.0	4.898979485566356	10.0	0.0	10	5.0	5.0	10.0	0.0	-0.004425266213874993	-2.3888694144780525	0.13818595254285648	12.169999969575	2.9139999708600004
316	5177344	10	4.0	4.898979485566356	10.0	0.0	10	4.0	4.898979485566356	10.0	0.0	-0.004159183129429013	-2.4081088848387115	0.12835219287683944	13.064999967337501	8.80099991199
320	5242880	10	4.0	4.898979485566356	10.0	0.0	10	3.0	4.58257569495584	10.0	0.0	-0.00468529939777307	-2.3882061414416413	0.18382201644539817	11.918499970203753	10.827999891720001
324	5308416	10	5.0	5.0	10.0	0.0	10	2.0	4.0	10.0	0.0	-0.005128619483681122	-2.360664151363041	0.19485009762291458	11.571999971070001	9.536999904630003
328	5373952	10	4.0	4.898979485566356	10.0	0.0	10	3.0	4.58257569495584	10.0	0.0	-0.003511003366169955	-2.35062263384811	0.19705266410294922	11.253749971865625	6.600999933990001
332	5439488	10	3.0	4.58257569495584	10.0	0.0	10	3.0	4.58257569495584	10.0	0.0	-0.005478379946640307	-2.3999498533689447	0.14448400616382534	12.682749968293127	10.857999891420002
336	5505024	10	5.0	5.0	10.0	0.0	10	2.0	4.0	10.0	0.0	-0.004301338055945377	-2.3942458453267266	0.10595414755383123	11.042999972392499	10.55899989441
340	5570560	10	4.0	4.898979485566356	10.0	0.0	10	4.0	4.898979485566356	10.0	0.0	-0.004776706149750297	-2.3927244566372083	0.05261816922027129	11.536999971157499	4.291999957080001
344	5636096	10	4.0	4.898979485566356	10.0	0.0	10	4.0	4.898979485566356	10.0	0.0	-0.003839240459965624	-2.413348421203039	0.14469369157883302	11.855249970361875	1.7729999822700002
348	5701632	10	7.0	4.58257569495584	10.0	0.0	10	1.0	3.0	10.0	0.0	-0.004240388415244225	-2.4189674181206553	0.0789857190408113	12.839249967901875	6.363999936360001
352	5767168	10	3.0	4.58257569495584	10.0	0.0	10	5.0	5.0	10.0	0.0	-0.004974116932102001	-2.408498532819202	0.1044944849454914	11.293749971765624	10.086999899130001
356	5832704	10	3.0	4.58257569495584	10.0	0.0	10	4.0	4.898979485566356	10.0	0.0	-0.003425496605760602	-2.424273522939082	0.11618618541739086	11.960749970098126	6.129999938700001
360	5898240	10	7.0	4.58257569495584	10.0	0.0	10	4.0	4.898979485566356	10.0	0.0	-0.004460433398122224	-2.427440310265088	0.10462708171570144	11.867999970329999	7.596999924030001
364	5963776	10	5.0	5.0	10.0	0.0	10	4.0	4.898979485566356	10.0	0.0	-0.003106818856677669	-2.448681945347028	0.08592484688733033	10.960249972599378	6.049999939500001
368	6029312	10	3.0	4.58257569495584	10.0	0.0	10	4.0	4.898979485566356	10.0	0.0	-0.003550989019392209	-2.434756899619795	0.12539226354811506	11.255249971861875	5.558999944410001
372	6094848	10	4.0	4.898979485566356	10.0	0.0	10	4.0	4.898979485566356	10.0	0.0	-0.0028014977939884713	-2.3919621802858355	0.10419494228826773	12.661999968344999	2.7859999721400004
376	6160384	10	6.0	4.898979485566356	10.0	0.0	10	5.0	5.0	10.0	0.0	-0.0033295313984296267	-2.416175308075195	0.10344981234219172	12.205999969485	10.073999899260002
380	6225920	10	4.0	4.898979485566356	10.0	0.0	10	3.0	4.58257569495584	10.0	0.0	-0.004573872983027719	-2.43229942495123	0.0928166397886369	11.635249970911875	10.13299989867
384	6291456	10	2.0	4.0	10.0	0.0	10	7.0	4.58257569495584	10.0	0.0	-0.004864746328266388	-2.4515291524359966	0.08355900173388646	12.603749968490625	1.8979999810200001
388	6356992	10	2.0	4.0	10.0	0.0	10	4.0	4.898979485566356	10.0	0.0	-0.005439561049003708	-2.4927781693524254	0.09546294797692073	12.772999968067502	2.6409999735900005
392	6422528	10	3.0	4.58257569495584	10.0	0.0	10	3.0	4.58257569495584	10.0	0.0	-0.004241498198869107	-2.4703781726369876	0.08045173703320475	11.76549997058625	8.341999916580003
396	6488064	10	5.0	5.0	10.0	0.0	10	2.0	4.0	10.0	0.0	-0.004588892742329113	-2.477168164889266	0.06283015752294029	12.862249967844376	9.342999906570002
400	6553600	10	3.0	4.58257569495584	10.0	0.0	10	4.0	4.898979485566356	10.0	0.0	-0.004412811036819454	-2.446849313620159	0.0645161236491526	12.231749969420623	10.48499989515
404	6619136	10	3.0	4.58257569495584	10.0	0.0	10	5.0	5.0	10.0	0.0	-0.0023802272429693885	-2.44073249125885	0.06937412987710656	11.94549997013625	5.013999949860001
408	6684672	10	4.0	4.898979485566356	10.0	0.0	10	4.0	4.898979485566356	10.0	0.0	-0.004299784512878312	-2.4720865684159423	0.09822882450869923	11.981249970046875	3.3689999663100005
412	6750208	10	3.0	4.58257569495584	10.0	0.0	10	6.0	4.898979485566356	10.0	0.0	-0.003830706954942124	-2.5071459409963155	0.11366324265234821	12.703999968240002	6.748999932510001
416	6815744	10	5.0	5.0	10.0	0.0	10	7.0	4.58257569495584	10.0	0.0	-0.0034144538412349606	-2.506198661761687	0.10874823142107269	11.926249970184374	15.816999841830002
420	6881280	10	3.0	4.58257569495584	10.0	0.0	10	6.0	4.898979485566356	10.0	0.0	-0.004236890356740397	-2.49542278273735	0.058819129697982704	11.956249970109374	7.859999921400002
424	6946816	10	3.0	4.58257569495584	10.0	0.0	10	4.0	4.898979485566356	10.0	0.0	-0.004521623512860479	-2.474962189535778	0.05190122265235515	12.981249967546875	3.5819999641800004
428	7012352	10	5.0	5.0	10.0	0.0	10	4.0	4.898979485566356	10.0	0.0	-0.0030979781316199	-2.5147359741094815	0.04899126648741813	12.8369999679075	11.475999885240002
432	7077888	10	2.0	4.0	10.0	0.0	10	3.0	4.58257569495584	10.0	0.0	-0.003055682711101349	-2.543726886047195	0.04376851943408875	11.26849997182875	15.862999841370002
436	7143424	10	3.0	4.58257569495584	10.0	0.0	10	3.0	4.58257569495584	10.0	0.0	-0.003489495928928293	-2.541550265981256	0.030506182388465017	11.595249971011876	16.4899998351
440	7208960	10	4.0	4.898979485566356	10.0	0.0	10	6.0	4.898979485566356	10.0	0.0	-0.004400572317077595	-2.5569680380144537	0.035481481539987925	11.956749970108126	9.70599990294
444	7274496	10	6.0	4.898979485566356	10.0	0.0	10	3.0	4.58257569495584	10.0	0.0	-0.003627896228485486	-2.558078859976695	0.026913204831469157	12.944749967638124	9.710999902890002
448	7340032	10	6.0	4.898979485566356	10.0	0.0	10	3.0	4.58257569495584	10.0	0.0	-0.003060267978358903	-2.527642416194039	0.03904733813960272	11.42449997143875	12.397999876020002
452	7405568	10	3.0	4.58257569495584	10.0	0.0	10	5.0	5.0	10.0	0.0	-0.003940667119921877	-2.5574877284286694	0.05566169826636262	10.895749972760624	16.141999838580002
456	7471104	10	4.0	4.898979485566356	10.0	0.0	10	6.0	4.898979485566356	10.0	0.0	-0.004144442101149852	-2.4897434137651633	0.05674433532734316	12.069999969824998	9.566999904330002
460	7536640	10	4.0	4.898979485566356	10.0	0.0	10	7.0	4.58257569495584	10.0	0.0	-0.004271492849066612	-2.521548914149996	0.028233112170194596	12.620249968449373	3.3599999664
464	7602176	10	4.0	4.898979485566356	10.0	0.0	10	6.0	4.898979485566356	10.0	0.0	-0.003232738337492034	-2.516901698943062	0.0749345009408755	12.111999969720001	5.132999948670001
468	7667712	10	2.0	4.0	10.0	0.0	10	3.0	4.58257569495584	10.0	0.0	-0.003956351795035094	-2.5024195807552356	0.05725772534676749	11.934749970163125	5.278999947210001
472	7733248	10	2.0	4.0	10.0	0.0	10	4.0	4.898979485566356	10.0	0.0	-0.0032390609263793723	-2.5090810703604456	0.1262653944494303	12.986499967533751	5.943999940560001
476	7798784	10	8.0	4.0	10.0	0.0	10	2.0	4.0	10.0	0.0	-0.003600961290662089	-2.5195346720375693	0.0733500168349556	11.40249997149375	4.439999955600001
480	7864320	10	4.0	4.898979485566356	10.0	0.0	10	2.0	4.0	10.0	0.0	-0.003981540390253926	-2.548360315196499	0.06630465520514853	11.714499970713751	5.0249999497500015
484	7929856	10	2.0	4.0	10.0	0.0	10	4.0	4.898979485566356	10.0	0.0	-0.00302101422583958	-2.5142762285832156	0.05363291869118616	12.90949996772625	5.70399994296
488	7995392	10	5.0	5.0	10.0	0.0	10	4.0	4.898979485566356	10.0	0.0	-0.003084474075555342	-2.5128410480782484	0.06787551997958209	11.133249972166876	9.296999907030003
492	8060928	10	4.0	4.898979485566356	10.0	0.0	10	3.0	4.58257569495584	10.0	0.0	-0.00239755338503413	-2.492260592419572	0.060276897288012755	11.858749970353125	6.341999936580001
496	8126464	10	4.0	4.898979485566356	10.0	0.0	10	3.0	4.58257569495584	10.0	0.0	-0.004840752754515879	-2.4902037081508666	0.08502835780466571	13.483249966291874	8.598999914010001
500	8192000	10	5.0	5.0	10.0	0.0	10	5.0	5.0	10.0	0.0	-0.0038574662681259675	-2.4838875380551273	0.03380768048748716	11.667999970830001	10.754999892450002
504	8257536	10	5.0	5.0	10.0	0.0	10	3.0	4.58257569495584	10.0	0.0	-0.002716693199868602	-2.5364439807673635	0.02441244616045028	11.509499971226251	11.650999883490002
508	8323072	10	6.0	4.898979485566356	10.0	0.0	10	6.0	4.898979485566356	10.0	0.0	-0.0039055641823803723	-2.536180463665785	0.10081203604851945	12.449249968876874	11.469999885300002
512	8388608	10	5.0	5.0	10.0	0.0	10	6.0	4.898979485566356	10.0	0.0	-0.003263135959326002	-2.55593587679862	0.0821070552834463	12.311249969221876	9.700999902990002
516	8454144	10	5.0	5.0	10.0	0.0	10	5.0	5.0	10.0	0.0	-0.003699639236925824	-2.5372285567064603	0.04826058278056061	11.529249971176876	7.811999921880002
520	8519680	10	4.0	4.898979485566356	10.0	0.0	10	5.0	5.0	10.0	0.0	-0.004226500201956934	-2.5321541699116272	0.049983779283388895	12.215999969460002	5.579999944200001
524	8585216	10	3.0	4.58257569495584	10.0	0.0	10	5.0	5.0	10.0	0.0	-0.0029351215219598995	-2.5197781371432364	0.09483966424383752	13.461749966345625	9.570999904290002
528	8650752	10	3.0	4.58257569495584	10.0	0.0	10	5.0	5.0	10.0	0.0	-0.004522322128482647	-2.5378497960506747	0.12648490900408435	12.296249969259376	6.798999932010002
532	8716288	10	4.0	4.898979485566356	10.0	0.0	10	5.0	5.0	10.0	0.0	-0.0033202860743462097	-2.5060320593289767	0.07873119874813352	11.578749971053124	5.423999945760001
536	8781824	10	5.0	5.0	10.0	0.0	10	5.0	5.0	10.0	0.0	-0.004151708657013382	-2.514985965923751	0.09984456948516819	12.850249967874374	7.107999928920001
540	8847360	10	3.0	4.58257569495584	10.0	0.0	10	1.0	3.0	10.0	0.0	-0.004510727965210549	-2.4953091539326784	0.08536146917888193	12.301499969246251	5.001999949980001
544	8912896	10	7.0	4.58257569495584	10.0	0.0	10	7.0	4.58257569495584	10.0	0.0	-0.004028219249029133	-2.4849760703637513	0.11219502532229249	11.771749970570626	3.3849999661500005
548	8978432	10	6.0	4.898979485566356	10.0	0.0	10	5.0	5.0	10.0	0.0	-0.004139860499762275	-2.46836791658518	0.10325417020446734	12.48049996879875	6.1739999382600015
552	9043968	10	2.0	4.0	10.0	0.0	10	2.0	4.0	10.0	0.0	-0.005062027259027884	-2.452108382923283	0.15485583108323284	12.782499968043751	7.210999927890001
556	9109504	10	6.0	4.898979485566356	10.0	0.0	10	5.0	5.0	10.0	0.0	-0.004606956254191591	-2.4758718905254065	0.0974022837176662	11.060999972347501	8.277999917220003
560	9175040	10	3.0	4.58257569495584	10.0	0.0	10	4.0	4.898979485566356	10.0	0.0	-0.004072633755822805	-2.5138795298699543	0.05022864072293231	11.9689999700775	9.0299999097
564	9240576	10	1.0	3.0	10.0	0.0	10	6.0	4.898979485566356	10.0	0.0	-0.0036779756455071816	-2.4975187751036048	0.08957443991713032	13.196249967009374	4.61099995389
568	9306112	10	4.0	4.898979485566356	10.0	0.0	10	4.0	4.898979485566356	10.0	0.0	-0.005309628712643833	-2.4890779154886813	0.10320762470793188	11.7589999706025	3.8049999619500006
572	9371648	10	5.0	5.0	10.0	0.0	10	6.0	4.898979485566356	10.0	0.0	-0.0033025397578558885	-2.4630504347301825	0.05654605580292837	12.110999969722501	2.6139999738600004
576	9437184	10	4.0	4.898979485566356	10.0	0.0	10	5.0	5.0	10.0	0.0	-0.003187073260931638	-2.5144449792666643	0.03874396390731747	12.857999967855	6.425999935740001
580	9502720	10	7.0	4.58257569495584	10.0	0.0	10	3.0	4.58257569495584	10.0	0.0	-0.0032653210409619967	-2.5009542030471126	0.061612372319004904	11.029499972426251	4.9929999500700015
584	9568256	10	4.0	4.898979485566356	10.0	0.0	10	6.0	4.898979485566356	10.0	0.0	-0.003998288489015431	-2.5289505369810463	0.06565131579113537	12.057499969856249	6.082999939170001
588	9633792	10	6.0	4.898979485566356	10.0	0.0	10	3.0	4.58257569495584	10.0	0.0	-0.0037390485663961566	-2.5361962266108	0.05759531924929445	12.207749969480625	8.48499991515
592	9699328	10	5.0	5.0	10.0	0.0	10	3.0	4.58257569495584	10.0	0.0	-0.0030317642058308573	-2.543093335860309	0.06671451522351377	12.136499969658749	5.330999946690001
596	9764864	10	6.0	4.898979485566356	10.0	0.0	10	3.0	4.58257569495584	10.0	0.0	-0.0033580861875471386	-2.5637216863345844	0.11736229833079494	11.995749970010626	7.887999921120001
600	9830400	10	7.0	4.58257569495584	10.0	0.0	10	5.0	5.0	10.0	0.0	-0.004684509073555823	-2.54708841913235	0.051408792345784625	13.212999966967502	10.689999893100001
604	9895936	10	1.0	3.0	10.0	0.0	10	6.0	4.898979485566356	10.0	0.0	-0.003363248998492174	-2.5522817991498843	0.04644721701820067	12.766249968084376	6.016999939830002
608	9961472	10	5.0	5.0	10.0	0.0	10	7.0	4.58257569495584	10.0	0.0	-0.0037938383171108236	-2.5680509008275667	0.019367667724310898	12.381999969045	13.201999867980001
612	10027008	10	4.0	4.898979485566356	10.0	0.0	10	3.0	4.58257569495584	10.0	0.0	-0.0031178891049205354	-2.545386485490299	0.0245417392263236	10.912499972718752	11.413999885860001
616	10092544	10	4.0	4.898979485566356	10.0	0.0	10	5.0	5.0	10.0	0.0	-0.003329482348774035	-2.565745671322904	0.03310040314215766	11.918999970202501	9.648999903510001
620	10158080	10	3.0	4.58257569495584	10.0	0.0	10	6.0	4.898979485566356	10.0	0.0	-0.004123414696424395	-2.584131809303198	0.10301335098623436	13.692249965769376	7.603999923960001
624	10223616	10	7.0	4.58257569495584	10.0	0.0	10	6.0	4.898979485566356	10.0	0.0	-0.00490286184937922	-2.5763744535345308	0.04185072440475178	12.58049996854875	1.7529999824700002
628	10289152	10	6.0	4.898979485566356	10.0	0.0	10	2.0	4.0	10.0	0.0	-0.00487531535155384	-2.564850990703757	0.01012352157235048	12.208249969479375	6.322999936770001
632	10354688	10	3.0	4.58257569495584	10.0	0.0	10	3.0	4.58257569495584	10.0	0.0	-0.0028264707940946	-2.5833048147252407	0.06349650712526841	13.403749966490626	8.237999917620002
636	10420224	10	10.0	0.0	10.0	10.0	10	6.0	4.898979485566356	10.0	0.0	-0.004278470441486184	-2.5581380498724773	0.09082569190674274	12.297999969255	5.216999947830001
640	10485760	10	3.0	4.58257569495584	10.0	0.0	10	4.0	4.898979485566356	10.0	0.0	-0.003674268258915475	-2.5647526132375655	0.10336096891735767	12.186749969533125	13.469999865300002
644	10551296	10	2.0	4.0	10.0	0.0	10	2.0	4.0	10.0	0.0	-0.003581296715240713	-2.5560186477819897	0.09453415605807043	11.515749971210624	10.211999897880002
648	10616832	10	2.0	4.0	10.0	0.0	10	7.0	4.58257569495584	10.0	0.0	-0.0033475550271304466	-2.554869934650364	0.07716915559694366	12.073749969815625	9.111999908880001
652	10682368	10	4.0	4.898979485566356	10.0	0.0	10	6.0	4.898979485566356	10.0	0.0	-0.004283372751320786	-2.5623004781517618	0.09196587393926188	12.193749969515627	13.656999863430002
656	10747904	10	7.0	4.58257569495584	10.0	0.0	10	2.0	4.0	10.0	0.0	-0.003882498232592595	-2.532007487847904	0.087712619134091	11.680749970798125	13.475999865240002
660	10813440	10	6.0	4.898979485566356	10.0	0.0	10	2.0	4.0	10.0	0.0	-0.0034886846632923747	-2.5238179735693915	0.061194218048505056	11.068249972329376	9.198999908010002
664	10878976	10	4.0	4.898979485566356	10.0	0.0	10	4.0	4.898979485566356	10.0	0.0	-0.004751465085175795	-2.5361914284368963	0.05618568359832193	11.7189999707025	8.147999918520002
668	10944512	10	6.0	4.898979485566356	10.0	0.0	10	2.0	4.0	10.0	0.0	-0.004482408388400125	-2.5216369775291154	0.0831765624472066	12.92449996768875	5.46699994533
672	11010048	10	6.0	4.898979485566356	10.0	0.0	10	4.0	4.898979485566356	10.0	0.0	-0.003071719899084978	-2.554417657089382	0.08861144413869422	11.197249972006874	7.266999927330001
676	11075584	10	4.0	4.898979485566356	10.0	0.0	10	4.0	4.898979485566356	10.0	0.0	-0.003835105317400505	-2.531893590822331	0.06266950094458386	11.505999971235	7.317999926820001
680	11141120	10	7.0	4.58257569495584	10.0	0.0	10	5.0	5.0	10.0	0.0	-0.00472788792539344	-2.525675532455408	0.025675955257362087	13.095249967261873	5.886999941130001
684	11206656	10	5.0	5.0	10.0	0.0	10	8.0	4.0	10.0	0.0	-0.00418257443821339	-2.468572283527405	0.06389329178214102	10.952499972618751	6.834999931650001
688	11272192	10	3.0	4.58257569495584	10.0	0.0	10	6.0	4.898979485566356	10.0	0.0	-0.003519844697557525	-2.446236466113223	0.07480491007733302	11.946249970134375	2.2149999778500002
692	11337728	10	3.0	4.58257569495584	10.0	0.0	10	4.0	4.898979485566356	10.0	0.0	-0.0036711266992941727	-2.427436058467095	0.07924375826307734	13.766249965584375	2.38099997619
696	11403264	10	3.0	4.58257569495584	10.0	0.0	10	3.0	4.58257569495584	10.0	0.0	-0.004403263624677204	-2.4549156996037396	0.08840180689052593	11.668249970829375	11.718999882810001
700	11468800	10	7.0	4.58257569495584	10.0	0.0	10	4.0	4.898979485566356	10.0	0.0	-0.003050798273443965	-2.4912935790804713	0.08179751616380435	12.388749969028124	3.0149999698500007
704	11534336	10	3.0	4.58257569495584	10.0	0.0	10	4.0	4.898979485566356	10.0	0.0	-0.003146387663012292	-2.470000296573839	0.0995808159052662	11.564749971088125	4.814999951850001
708	11599872	10	2.0	4.0	10.0	0.0	10	5.0	5.0	10.0	0.0	-0.0030269799532591716	-2.5041158594066144	0.05347478367355088	13.058749967353124	7.875999921240002
712	11665408	10	6.0	4.898979485566356	10.0	0.0	10	3.0	4.58257569495584	10.0	0.0	-0.004101949411230508	-2.520746926204046	0.0725298515726775	12.038499969903752	2.7309999726900003
716	11730944	10	6.0	4.898979485566356	10.0	0.0	10	5.0	5.0	10.0	0.0	-0.003964864895848126	-2.5123000912234845	0.02832212877494645	12.133749969665626	8.753999912460001
720	11796480	10	3.0	4.58257569495584	10.0	0.0	10	3.0	4.58257569495584	10.0	0.0	-0.004063107480337423	-2.4478195754124	0.055626787035752315	12.72349996819125	6.7149999328500005
724	11862016	10	8.0	4.0	10.0	0.0	10	5.0	5.0	10.0	0.0	-0.003973413635514208	-2.463987365108363	0.07870962851695232	11.872749970318125	7.269999927300001
728	11927552	10	2.0	4.0	10.0	0.0	10	2.0	4.0	10.0	0.0	-0.00418510806247226	-2.5189827181258453	0.08291901173758537	10.937249972656874	7.9709999202900015
732	11993088	10	3.0	4.58257569495584	10.0	0.0	10	4.0	4.898979485566356	10.0	0.0	-0.003998014922710442	-2.4880538927903855	0.06424295368255306	12.020249969949376	3.2219999677800004
736	12058624	10	2.0	4.0	10.0	0.0	10	5.0	5.0	10.0	0.0	-0.002879361245811093	-2.464864082377692	0.05507570142710881	13.33949996665125	3.2729999672700005
740	12124160	10	2.0	4.0	10.0	0.0	10	6.0	4.898979485566356	10.0	0.0	-0.0036767333873093722	-2.4864039443326806	0.08850386833897884	12.408249968979375	5.905999940940001
744	12189696	10	5.0	5.0	10.0	0.0	10	3.0	4.58257569495584	10.0	0.0	-0.004170454697355745	-2.435773921255857	0.1153225917054974	10.9009999727475	5.6509999434900005
748	12255232	10	3.0	4.58257569495584	10.0	0.0	10	3.0	4.58257569495584	10.0	0.0	-0.0035968439281120583	-2.4409378540953486	0.06404997935957381	12.31349996921625	4.42699995573
752	12320768	10	3.0	4.58257569495584	10.0	0.0	10	4.0	4.898979485566356	10.0	0.0	-0.004046415984888172	-2.4824550546603357	0.09075800988188219	12.17599996956	7.010999929890001
756	12386304	10	5.0	5.0	10.0	0.0	10	5.0	5.0	10.0	0.0	-0.0036569126722629315	-2.4554403471375785	0.06914712836206831	11.527749971180624	1.9849999801500005
760	12451840	10	5.0	5.0	10.0	0.0	10	3.0	4.58257569495584	10.0	0.0	-0.00401954106401381	-2.4569597912255614	0.09771987218556014	12.385499969036251	3.0029999699700007
764	12517376	10	3.0	4.58257569495584	10.0	0.0	10	4.0	4.898979485566356	10.0	0.0	-0.002682954632921532	-2.4338278147029824	0.07070889242207601	11.9589999701025	3.0909999690900007
768	12582912	10	7.0	4.58257569495584	10.0	0.0	10	5.0	5.0	10.0	0.0	-0.0038361122759797343	-2.3505954690312563	0.11015444763875203	11.5199999712	2.4299999757000004
772	12648448	10	5.0	5.0	10.0	0.0	10	4.0	4.898979485566356	10.0	0.0	-0.0038957456559308504	-2.4030563133438636	0.06245818231477324	13.386749966533126	3.2889999671100005
776	12713984	10	3.0	4.58257569495584	10.0	0.0	10	5.0	5.0	10.0	0.0	-0.004195452640657232	-2.3881981047487053	0.09652724096632588	11.89599997026	3.826999961730001
780	12779520	10	8.0	4.0	10.0	0.0	10	5.0	5.0	10.0	0.0	-0.0043206057521321325	-2.32484013811372	0.13690343699544133	11.529749971175628	1.9409999805900005
784	12845056	10	3.0	4.58257569495584	10.0	0.0	10	5.0	5.0	10.0	0.0	-0.003764951490880282	-2.321035054580988	0.1790397055260602	12.540249968649375	6.390999936090001
788	12910592	10	2.0	4.0	10.0	0.0	10	1.0	3.0	10.0	0.0	-0.0035273159782530828	-2.411265258736571	0.10212205438586992	11.805249970486877	6.309999936900001
792	12976128	10	4.0	4.898979485566356	10.0	0.0	10	5.0	5.0	10.0	0.0	-0.004104227850678641	-2.4006279033902045	0.12537115353095418	11.511749971220626	5.723999942760001
796	13041664	10	5.0	5.0	10.0	0.0	10	5.0	5.0	10.0	0.0	-0.003358877343648873	-2.386250888059321	0.08767806768745807	12.86049996784875	2.2969999770300005
800	13107200	10	5.0	5.0	10.0	0.0	10	3.0	4.58257569495584	10.0	0.0	-0.003473369016260694	-2.3705275503311873	0.10324224409503167	11.474749971313125	4.195999958040001
804	13172736	10	4.0	4.898979485566356	10.0	0.0	10	5.0	5.0	10.0	0.0	-0.0043438297235926775	-2.3591285668339603	0.17268281505817462	11.991749970020624	1.6749999832500002
808	13238272	10	5.0	5.0	10.0	0.0	10	3.0	4.58257569495584	10.0	0.0	-0.003877533267061665	-2.3902535659565167	0.16379332971449942	13.0809999672975	5.204999947950001
812	13303808	10	6.0	4.898979485566356	10.0	0.0	10	2.0	4.0	10.0	0.0	-0.004451512649657304	-2.427545584485385	0.26056508142891305	11.573499971066251	1.8729999812700002
816	13369344	10	6.0	4.898979485566356	10.0	0.0	10	5.0	5.0	10.0	0.0	-0.004624969805691117	-2.4431137837408192	0.1275475917173556	12.340499969148748	4.7819999521800005
820	13434880	10	3.0	4.58257569495584	10.0	0.0	10	7.0	4.58257569495584	10.0	0.0	-0.003684461982245929	-2.4565785226647145	0.13972174434941795	12.349749969125625	10.595999894040002
824	13500416	10	5.0	5.0	10.0	0.0	10	5.0	5.0	10.0	0.0	-0.003896279961027554	-2.3881382318830346	0.24690383227764093	11.17549997206125	5.205999947940001
828	13565952	10	4.0	4.898979485566356	10.0	0.0	10	4.0	4.898979485566356	10.0	0.0	-0.0031878731166533588	-2.4001679964346927	0.21692769141781176	12.009249969976874	3.0019999699800004
832	13631488	10	3.0	4.58257569495584	10.0	0.0	10	6.0	4.898979485566356	10.0	0.0	-0.004765314908085398	-2.424771020557229	0.26477915138973385	12.757749968105625	4.990999950090001
836	13697024	10	3.0	4.58257569495584	10.0	0.0	10	7.0	4.58257569495584	10.0	0.0	-0.0048500254313492835	-2.399266558138945	0.2532593309615491	11.6799999708	4.593999954060001
840	13762560	10	3.0	4.58257569495584	10.0	0.0	10	1.0	3.0	10.0	0.0	-0.00446471729521543	-2.421945146964034	0.2932794866777931	12.5749999685625	14.097999859020003
844	13828096	10	2.0	4.0	10.0	0.0	10	6.0	4.898979485566356	10.0	0.0	-0.003994452051188853	-2.3887460825339173	0.24898988898422966	13.251749966870625	10.301999896980002
848	13893632	10	6.0	4.898979485566356	10.0	0.0	10	5.0	5.0	10.0	0.0	-0.0026709784382189833	-2.3615044501944165	0.35350844850185703	12.943749967640628	7.718999922810002
852	13959168	10	9.0	3.0	10.0	0.0	10	8.0	4.0	10.0	0.0	-0.0033607651078289107	-2.389575068900421	0.2727819811268615	11.90949997022625	8.40099991599
856	14024704	10	8.0	4.0	10.0	0.0	10	6.0	4.898979485566356	10.0	0.0	-0.004092741880896254	-2.341731858506254	0.3107601265720173	12.335249969161875	4.134999958650001
860	14090240	10	7.0	4.58257569495584	10.0	0.0	10	6.0	4.898979485566356	10.0	0.0	-0.004012204621364744	-2.31858274068125	0.319945126272938	12.913999967715	4.8399999516
864	14155776	10	5.0	5.0	10.0	0.0	10	6.0	4.898979485566356	10.0	0.0	-0.003340873917857026	-2.2738118194158607	0.3399468971993565	12.700999968247501	11.722999882770003
868	14221312	10	4.0	4.898979485566356	10.0	0.0	10	4.0	4.898979485566356	10.0	0.0	-0.003681952936171877	-2.287932855149202	0.30727707839784985	12.479999968800001	17.171999828280004
872	14286848	10	2.0	4.0	10.0	0.0	10	4.0	4.898979485566356	10.0	0.0	-0.003360602897629877	-2.299818592527356	0.35220025103595765	12.380249969049375	18.050999819490002
876	14352384	10	5.0	5.0	10.0	0.0	10	6.0	4.898979485566356	10.0	0.0	-0.0046404988990026855	-2.3077651533067356	0.2820983139193752	12.56949996857625	10.257999897420001
880	14417920	10	4.0	4.898979485566356	10.0	0.0	10	8.0	4.0	10.0	0.0	-0.004136983712238525	-2.319875038918598	0.23335204534906273	13.430499966423751	13.713999862860003
884	14483456	10	7.0	4.58257569495584	10.0	0.0	10	2.0	4.0	10.0	0.0	-0.0035606155915279734	-2.3175401436855276	0.3062070522448836	12.618499968453749	8.987999910120001
888	14548992	10	6.0	4.898979485566356	10.0	0.0	10	8.0	4.0	10.0	0.0	-0.004303835472613844	-2.304320389785741	0.29591282283288367	13.331749966670625	9.804999901950001
892	14614528	10	4.0	4.898979485566356	10.0	0.0	10	8.0	4.0	10.0	0.0	-0.005385926797968268	-2.302954094865439	0.31842700000639806	13.30449996673875	4.89799995102
896	14680064	10	8.0	4.0	10.0	0.0	10	8.0	4.0	10.0	0.0	-0.004619753723822415	-2.274872494003636	0.280330622384305	13.423249966441874	14.026999859730001
900	14745600	10	8.0	4.0	10.0	0.0	10	6.0	4.898979485566356	10.0	0.0	-0.004907638864798399	-2.2370308858806194	0.27249035585627185	12.1509999696225	8.303999916960002
904	14811136	10	8.0	4.0	10.0	0.0	10	5.0	5.0	10.0	0.0	-0.00431061040536069	-2.242011328304716	0.32268358468752517	12.730999968172501	6.705999932940001
908	14876672	10	8.0	4.0	10.0	0.0	10	3.0	4.58257569495584	10.0	0.0	-0.004660986314895883	-2.264508279425451	0.2914572666716461	12.802749967993124	6.63699993363
912	14942208	10	6.0	4.898979485566356	10.0	0.0	10	7.0	4.58257569495584	10.0	0.0	-0.0045533619166342985	-2.2669096859915028	0.30021147085330935	12.905749967735627	9.977999900220002
916	15007744	10	8.0	4.0	10.0	0.0	10	6.0	4.898979485566356	10.0	0.0	-0.0045169964913075004	-2.278486676276806	0.3117570122379163	13.554249966114375	8.834999911650002
920	15073280	10	7.0	4.58257569495584	10.0	0.0	10	6.0	4.898979485566356	10.0	0.0	-0.00467813921277187	-2.279336186509325	0.2000159358707833	12.70749996823125	12.227999877720002
924	15138816	10	5.0	5.0	10.0	0.0	10	7.0	4.58257569495584	10.0	0.0	-0.006493506106007422	-2.3166472785245196	0.20556554879093655	12.168249969579376	11.664999883350001
928	15204352	10	6.0	4.898979485566356	10.0	0.0	10	6.0	4.898979485566356	10.0	0.0	-0.005857070102134313	-2.3155063413155093	0.24387208493990514	12.941999967645	8.243999917560002
932	15269888	10	8.0	4.0	10.0	0.0	10	7.0	4.58257569495584	10.0	0.0	-0.0059345540060533495	-2.3710001654936694	0.18817877200955452	13.141499967146249	7.990999920090001
936	15335424	10	4.0	4.898979485566356	10.0	0.0	10	7.0	4.58257569495584	10.0	0.0	-0.005386495758451084	-2.3750017233202487	0.168740033193299	12.76049996809875	14.762999852370003
940	15400960	10	7.0	4.58257569495584	10.0	0.0	10	7.0	4.58257569495584	10.0	0.0	-0.005296567756334635	-2.3625258204860202	0.1651104016367961	13.6569999658575	14.970999850290003
944	15466496	10	6.0	4.898979485566356	10.0	0.0	10	6.0	4.898979485566356	10.0	0.0	-0.004833670424686461	-2.3788504821564347	0.20378227382327802	13.151749967120624	12.625999873740001
948	15532032	10	5.0	5.0	10.0	0.0	10	7.0	4.58257569495584	10.0	0.0	-0.005352311439662104	-2.3412705682262778	0.28041302922054784	12.826249967934375	15.937999840620003
952	15597568	10	5.0	5.0	10.0	0.0	10	8.0	4.0	10.0	0.0	-0.005040465737167963	-2.3314858449057	0.1935954721598079	12.47599996881	12.581999874180003
956	15663104	10	7.0	4.58257569495584	10.0	0.0	10	6.0	4.898979485566356	10.0	0.0	-0.005639381247741864	-2.3476029433348136	0.26297622962909434	13.196999967007502	10.005999899940003
960	15728640	10	7.0	4.58257569495584	10.0	0.0	10	8.0	4.0	10.0	0.0	-0.004954387578829993	-2.334397504483879	0.1775018128691987	13.089999967275	7.869999921300002
964	15794176	10	7.0	4.58257569495584	10.0	0.0	10	7.0	4.58257569495584	10.0	0.0	-0.0042473845819709245	-2.358288523805852	0.1547627171029865	13.623999965940001	7.161999928380001
968	15859712	10	5.0	5.0	10.0	0.0	10	7.0	4.58257569495584	10.0	0.0	-0.005504834448131851	-2.3409395438974445	0.14564378736575756	13.209749966975627	14.273999857260002
972	15925248	10	8.0	4.0	10.0	0.0	10	7.0	4.58257569495584	10.0	0.0	-0.0060109795734311295	-2.3229918129805887	0.16891650989599558	13.018999967452501	12.893999871060002
976	15990784	10	4.0	4.898979485566356	10.0	0.0	10	6.0	4.898979485566356	10.0	0.0	-0.005374494728479881	-2.325787005082889	0.23803806488716592	12.97749996755625	12.060999879390002
980	16056320	10	6.0	4.898979485566356	10.0	0.0	10	6.0	4.898979485566356	10.0	0.0	-0.005334688425187479	-2.358556901169506	0.20654901642684315	12.455249968861875	12.449999875500001
984	16121856	10	4.0	4.898979485566356	10.0	0.0	10	10.0	0.0	10.0	10.0	-0.005377143235258829	-2.31193849917012	0.26200308585914667	13.401749966495625	13.518999864810002
988	16187392	10	8.0	4.0	10.0	0.0	10	9.0	3.0	10.0	0.0	-0.005668017229270385	-2.304580939072715	0.18577634285131586	12.709749968225625	10.707999892920002
992	16252928	10	9.0	3.0	10.0	0.0	10	4.0	4.898979485566356	10.0	0.0	-0.005231363021631149	-2.3200882372823566	0.21219209300006434	12.78849996802875	6.357999936420001
996	16318464	10	7.0	4.58257569495584	10.0	0.0	10	8.0	4.0	10.0	0.0	-0.00507372484518682	-2.2941585702294507	0.23370276792644906	13.243749966890624	9.2699999073
1000	16384000	10	9.0	3.0	10.0	0.0	10	6.0	4.898979485566356	10.0	0.0	-0.003821257554799566	-2.2404000135909286	0.23216961399406713	12.713749968215627	3.9919999600800007
1004	16449536	10	6.0	4.898979485566356	10.0	0.0	10	9.0	3.0	10.0	0.0	-0.005414205888925211	-2.2571239891283943	0.20414208929101044	13.203749966990625	7.563999924360001
1008	16515072	10	5.0	5.0	10.0	0.0	10	7.0	4.58257569495584	10.0	0.0	-0.004800981970023226	-2.226369221773295	0.20244053516290839	12.830749967923124	7.532999924670001
1012	16580608	10	8.0	4.0	10.0	0.0	10	6.0	4.898979485566356	10.0	0.0	-0.005988362108820006	-2.201953939864147	0.315148729332491	12.370999969072498	9.470999905290002
1016	16646144	10	6.0	4.898979485566356	10.0	0.0	10	8.0	4.0	10.0	0.0	-0.005516543964435953	-2.204669448006971	0.19353922392398706	12.627249968431876	8.977999910220001
1020	16711680	10	7.0	4.58257569495584	10.0	0.0	10	9.0	3.0	10.0	0.0	-0.0037845031325255615	-2.28032041317313	0.17306512569137195	12.581999968544999	9.038999909610002
1024	16777216	10	8.0	4.0	10.0	0.0	10	6.0	4.898979485566356	10.0	0.0	-0.004998346865335583	-2.242733210091623	0.23369701483646538	12.918249967704377	5.41899994581
1028	16842752	10	9.0	3.0	10.0	0.0	10	8.0	4.0	10.0	0.0	-0.004578434406972174	-2.2682880930723277	0.18975838341636198	12.61749996845625	11.096999889030002
1032	16908288	10	6.0	4.898979485566356	10.0	0.0	10	7.0	4.58257569495584	10.0	0.0	-0.004936516063724358	-2.2609065296877686	0.19899779785059	12.110749969723127	8.613999913860003
1036	16973824	10	7.0	4.58257569495584	10.0	0.0	10	8.0	4.0	10.0	0.0	-0.005060251285085939	-2.2185723977956826	0.17442882066948692	12.482749968793124	9.259999907400001
1040	17039360	10	7.0	4.58257569495584	10.0	0.0	10	6.0	4.898979485566356	10.0	0.0	-0.00535438070017949	-2.2193167530171944	0.16039592317031698	12.673249968316874	8.765999912340002
1044	17104896	10	4.0	4.898979485566356	10.0	0.0	10	8.0	4.0	10.0	0.0	-0.004283010592955897	-2.2613634886968916	0.2108469837280771	13.229249966926876	9.553999904460001
1048	17170432	10	5.0	5.0	10.0	0.0	10	7.0	4.58257569495584	10.0	0.0	-0.004928942703768803	-2.246788672868815	0.19066828735670147	12.36649996908375	9.89899990101
1052	17235968	10	5.0	5.0	10.0	0.0	10	8.0	4.0	10.0	0.0	-0.005134744794679049	-2.241577024027659	0.19701035667952593	12.719499968201248	8.835999911640002
1056	17301504	10	8.0	4.0	10.0	0.0	10	5.0	5.0	10.0	0.0	-0.0038655388242574223	-2.2193841857386434	0.2223766915423742	12.660749968348126	9.88599990114
1060	17367040	10	5.0	5.0	10.0	0.0	10	7.0	4.58257569495584	10.0	0.0	-0.004410300670159095	-2.196164091199354	0.14525387403594356	12.351499969121251	7.743999922560001
1064	17432576	10	10.0	0.0	10.0	10.0	10	8.0	4.0	10.0	0.0	-0.00502012937015482	-2.164240819487038	0.1309159422777816	13.09149996727125	4.465999955340001
1068	17498112	10	10.0	0.0	10.0	10.0	10	7.0	4.58257569495584	10.0	0.0	-0.003679177750120241	-2.1659898855019404	0.1521539172620033	12.84749996788125	8.71499991285
1072	17563648	10	6.0	4.898979485566356	10.0	0.0	10	9.0	3.0	10.0	0.0	-0.005283809522305241	-2.229622450735377	0.2510909031970264	12.960749967598124	5.702999942970001
1076	17629184	10	8.0	4.0	10.0	0.0	10	8.0	4.0	10.0	0.0	-0.005923873837662714	-2.2730251796659386	0.17237975101208902	13.53049996617375	12.162999878370002
1080	17694720	10	8.0	4.0	10.0	0.0	10	9.0	3.0	10.0	0.0	-0.005420131719843889	-2.2952302418741857	0.22271217915703548	13.05999996735	5.361999946380001
1084	17760256	10	5.0	5.0	10.0	0.0	10	5.0	5.0	10.0	0.0	-0.005144997763707031	-2.2961175588361766	0.17863529530666145	13.619249965951875	8.444999915550001
1088	17825792	10	3.0	4.58257569495584	10.0	0.0	10	5.0	5.0	10.0	0.0	-0.004458816211041255	-2.3179395444760185	0.19927062441381807	12.846249967884376	7.896999921030002
1092	17891328	10	6.0	4.898979485566356	10.0	0.0	10	6.0	4.898979485566356	10.0	0.0	-0.005424207104969129	-2.31002373969334	0.1930410640578798	13.23149996692125	6.920999930790002
1096	17956864	10	8.0	4.0	10.0	0.0	10	9.0	3.0	10.0	0.0	-0.004930681810433522	-2.3178147770533557	0.12177217362421876	12.97049996757375	3.7259999627400004
1100	18022400	10	9.0	3.0	10.0	0.0	10	7.0	4.58257569495584	10.0	0.0	-0.004338452562936351	-2.31438278631103	0.19816185081796964	12.947749967630624	5.237999947620001
1104	18087936	10	5.0	5.0	10.0	0.0	10	7.0	4.58257569495584	10.0	0.0	-0.004340629054091724	-2.3213422867224507	0.16060301978020325	12.813749967965624	8.85899991141
1108	18153472	10	6.0	4.898979485566356	10.0	0.0	10	8.0	4.0	10.0	0.0	-0.005347282811927376	-2.3381805069792505	0.20684597899069201	13.04549996738625	6.743999932560001
1112	18219008	10	6.0	4.898979485566356	10.0	0.0	10	7.0	4.58257569495584	10.0	0.0	-0.005643602515817254	-2.353814693543498	0.13623303678019832	12.638249968404377	14.521999854780002
1116	18284544	10	6.0	4.898979485566356	10.0	0.0	10	5.0	5.0	10.0	0.0	-0.005132076604009438	-2.331117535388037	0.14675484634959363	12.833249967916874	5.225999947740001
1120	18350080	10	7.0	4.58257569495584	10.0	0.0	10	5.0	5.0	10.0	0.0	-0.004754704738044982	-2.3381806932437654	0.11739502611200907	12.36749996908125	8.66699991333
1124	18415616	10	5.0	5.0	10.0	0.0	10	7.0	4.58257569495584	10.0	0.0	-0.004999334399533303	-2.350187482688392	0.14272432780579652	12.93599996766	4.295999957040001
1128	18481152	10	6.0	4.898979485566356	10.0	0.0	10	5.0	5.0	10.0	0.0	-0.005625731672525038	-2.3683937810377835	0.16293785261466076	13.119499967201248	8.951999910480001
1132	18546688	10	5.0	5.0	10.0	0.0	10	8.0	4.0	10.0	0.0	-0.005625762527435958	-2.346281490975593	0.17262200163431393	12.73149996817125	10.315999896840003
1136	18612224	10	6.0	4.898979485566356	10.0	0.0	10	6.0	4.898979485566356	10.0	0.0	-0.004955290835610677	-2.348215400928032	0.14955388116644633	12.854999967862499	10.994999890050002
1140	18677760	10	8.0	4.0	10.0	0.0	10	5.0	5.0	10.0	0.0	-0.00455077478255782	-2.276329358181665	0.11317031628553952	13.255249966861875	14.003999859960002
1144	18743296	10	8.0	4.0	10.0	0.0	10	7.0	4.58257569495584	10.0	0.0	-0.004289962740139035	-2.354112681997968	0.09251945488122465	12.12399996969	8.91299991087
1148	18808832	10	6.0	4.898979485566356	10.0	0.0	10	6.0	4.898979485566356	10.0	0.0	-0.0042540677430643915	-2.3450754828791824	0.16255808542341443	13.027249967431876	13.836999861630002
1152	18874368	10	8.0	4.0	10.0	0.0	10	8.0	4.0	10.0	0.0	-0.004609166481537098	-2.3326283144507864	0.19046865696586956	12.508249968729375	10.953999890460002
1156	18939904	10	3.0	4.58257569495584	10.0	0.0	10	7.0	4.58257569495584	10.0	0.0	-0.004196820118085568	-2.30249547686037	0.15489226515964505	12.809249967976875	5.76199994238
1160	19005440	10	6.0	4.898979485566356	10.0	0.0	10	7.0	4.58257569495584	10.0	0.0	-0.005539850634430732	-2.3585768289890736	0.15004119523790183	13.050999967372501	14.653999853460002
1164	19070976	10	7.0	4.58257569495584	10.0	0.0	10	5.0	5.0	10.0	0.0	-0.005501249455273798	-2.367423325530447	0.11840604100850395	12.326249969184374	12.825999871740002
1168	19136512	10	6.0	4.898979485566356	10.0	0.0	10	6.0	4.898979485566356	10.0	0.0	-0.004598913638625716	-2.357628516607269	0.15057007796114838	13.174749967063125	13.4399998656
1172	19202048	10	5.0	5.0	10.0	0.0	10	4.0	4.898979485566356	10.0	0.0	-0.004559222365797863	-2.345918709788732	0.1752085256362985	13.177749967055625	10.829999891700002
1176	19267584	10	9.0	3.0	10.0	0.0	10	9.0	3.0	10.0	0.0	-0.004610021656364554	-2.405981341747159	0.11538860004667875	13.087249967281876	6.075999939240001
1180	19333120	10	8.0	4.0	10.0	0.0	10	9.0	3.0	10.0	0.0	-0.004320620636316091	-2.430422280972353	0.13368029640759163	12.5689999685775	7.273999927260001
1184	19398656	10	8.0	4.0	10.0	0.0	10	8.0	4.0	10.0	0.0	-0.004990086788373876	-2.4365304234072678	0.07601708778319659	12.705749968235626	14.432999855670003
1188	19464192	10	4.0	4.898979485566356	10.0	0.0	10	3.0	4.58257569495584	10.0	0.0	-0.004472877907411242	-2.4254674139079166	0.08716081761972472	12.683999968290001	16.847999831520003
1192	19529728	10	9.0	3.0	10.0	0.0	10	7.0	4.58257569495584	10.0	0.0	-0.0043262518443084475	-2.407364857442746	0.10574889309514672	12.581749968545626	11.990999880090001
1196	19595264	10	5.0	5.0	10.0	0.0	10	4.0	4.898979485566356	10.0	0.0	-0.004357302868963974	-2.384830536693267	0.11957825748168434	12.936999967657501	11.426999885730002
1200	19660800	10	7.0	4.58257569495584	10.0	0.0	10	8.0	4.0	10.0	0.0	-0.003861338028301438	-2.345787174755361	0.13804473606207712	12.945999967635002	10.287999897120002
1204	19726336	10	8.0	4.0	10.0	0.0	10	7.0	4.58257569495584	10.0	0.0	-0.00479094391823123	-2.3289916065889473	0.20608744830229894	12.81249996796875	7.026999929730001
1208	19791872	10	8.0	4.0	10.0	0.0	10	6.0	4.898979485566356	10.0	0.0	-0.0050272264568389366	-2.33804726824645	0.19363074425608798	12.890999967772501	13.858999861410002
1212	19857408	10	8.0	4.0	10.0	0.0	10	8.0	4.0	10.0	0.0	-0.004385711547151332	-2.3999561118566457	0.11186740643266076	13.08749996728125	7.743999922560001
1216	19922944	10	7.0	4.58257569495584	10.0	0.0	10	10.0	0.0	10.0	10.0	-0.003887359251367741	-2.3764559524762734	0.062480485307645675	12.921499967696251	5.829999941700001
1220	19988480	10	6.0	4.898979485566356	10.0	0.0	10	6.0	4.898979485566356	10.0	0.0	-0.0036017686381948325	-2.3797580075765294	0.12205980146429299	13.236249966909373	5.3659999463400005
1224	20054016	10	6.0	4.898979485566356	10.0	0.0	10	5.0	5.0	10.0	0.0	-0.005018665736095984	-2.392545307426774	0.0721236314685237	13.148749967128126	8.88299991117
1228	20119552	10	10.0	0.0	10.0	10.0	10	5.0	5.0	10.0	0.0	-0.004353431659335963	-2.3510113803083486	0.14522567892408939	13.257999966855	4.457999955420001
1232	20185088	10	7.0	4.58257569495584	10.0	0.0	10	7.0	4.58257569495584	10.0	0.0	-0.00495505119952136	-2.3807691035174905	0.15047088488921223	13.463249966341875	8.22899991771
1236	20250624	10	4.0	4.898979485566356	10.0	0.0	10	5.0	5.0	10.0	0.0	-0.004178245835211287	-2.4071682316537597	0.10489147097176693	13.290499966773751	14.147999858520002
1240	20316160	10	7.0	4.58257569495584	10.0	0.0	10	7.0	4.58257569495584	10.0	0.0	-0.004692953799769843	-2.4109557690691874	0.14046438331804795	13.59349996601625	13.464999865350002
1244	20381696	10	6.0	4.898979485566356	10.0	0.0	10	9.0	3.0	10.0	0.0	-0.004715408418748302	-2.3731822989892497	0.13107606445160327	12.717249968206875	7.008999929910002
1248	20447232	10	8.0	4.0	10.0	0.0	10	9.0	3.0	10.0	0.0	-0.003711649856609161	-2.3883622559403994	0.09500919215478008	12.78749996803125	10.463999895360002
1252	20512768	10	9.0	3.0	10.0	0.0	10	8.0	4.0	10.0	0.0	-0.003803781158146809	-2.373964488259029	0.06869711087844305	13.3049999667375	9.134999908650002
1256	20578304	10	8.0	4.0	10.0	0.0	10	7.0	4.58257569495584	10.0	0.0	-0.00407502407767116	-2.370680980137404	0.08975756931891117	12.645249968386876	11.120999888790003
1260	20643840	10	8.0	4.0	10.0	0.0	10	4.0	4.898979485566356	10.0	0.0	-0.00338339630459737	-2.357120126240291	0.09013009012203581	12.971499967571251	10.199999898000002
1264	20709376	10	8.0	4.0	10.0	0.0	10	7.0	4.58257569495584	10.0	0.0	-0.003467620762363529	-2.320672201371848	0.13156950615993782	12.96799996758	11.568999884310003
1268	20774912	10	8.0	4.0	10.0	0.0	10	9.0	3.0	10.0	0.0	-0.004328599691541574	-2.38213078156135	0.05879786756480134	12.165749969585624	10.451999895480002
1272	20840448	10	8.0	4.0	10.0	0.0	10	8.0	4.0	10.0	0.0	-0.004073608336390655	-2.346011695518099	0.11191251953324872	12.873999967815	11.884999881150001
1276	20905984	10	9.0	3.0	10.0	0.0	10	8.0	4.0	10.0	0.0	-0.004395240114563362	-2.358856116486247	0.08426571989640752	13.250749966873126	9.610999903890002
1280	20971520	10	8.0	4.0	10.0	0.0	10	7.0	4.58257569495584	10.0	0.0	-0.005048357636122515	-2.3889707274729988	0.1062214936184023	13.36449996658875	5.46699994533
1284	21037056	10	5.0	5.0	10.0	0.0	10	7.0	4.58257569495584	10.0	0.0	-0.004913513514205906	-2.3636076199533123	0.093479231649896	13.416499966458751	9.761999902380001
1288	21102592	10	8.0	4.0	10.0	0.0	10	5.0	5.0	10.0	0.0	-0.004723063878184247	-2.332640463864212	0.12668032620800446	13.877499965306251	5.155999948440001
1292	21168128	10	7.0	4.58257569495584	10.0	0.0	10	6.0	4.898979485566356	10.0	0.0	-0.004014265789804603	-2.389413013805401	0.08845211226968727	12.303249969241875	11.248999887510003
1296	21233664	10	4.0	4.898979485566356	10.0	0.0	10	10.0	0.0	10.0	10.0	-0.004488677324376022	-2.362295803678329	0.1864670775248458	12.3629999690925	12.914999870850002
1300	21299200	10	6.0	4.898979485566356	10.0	0.0	10	7.0	4.58257569495584	10.0	0.0	-0.004543536220941209	-2.350782640033466	0.09258291516749788	12.07049996982375	10.887999891120002
1304	21364736	10	5.0	5.0	10.0	0.0	10	7.0	4.58257569495584	10.0	0.0	-0.004678316064622942	-2.3433257661802416	0.1794159570133928	12.753249968116876	9.41799990582
1308	21430272	10	9.0	3.0	10.0	0.0	10	8.0	4.0	10.0	0.0	-0.0033177783816002735	-2.308649375794252	0.06939352114815743	11.918749970203125	6.400999935990001
1312	21495808	10	7.0	4.58257569495584	10.0	0.0	10	6.0	4.898979485566356	10.0	0.0	-0.004462991205238883	-2.3077824386537187	0.11152788184507981	12.88049996779875	6.637999933620001
1316	21561344	10	6.0	4.898979485566356	10.0	0.0	10	7.0	4.58257569495584	10.0	0.0	-0.0040586350389292605	-2.263286381724156	0.13113894614887642	12.936249967659375	11.158999888410003
1320	21626880	10	7.0	4.58257569495584	10.0	0.0	10	6.0	4.898979485566356	10.0	0.0	-0.004390724651630491	-2.2774794943741847	0.12278050650572456	12.357749969105624	3.7369999626300006
1324	21692416	10	9.0	3.0	10.0	0.0	10	8.0	4.0	10.0	0.0	-0.004741494295973957	-2.2577556642524965	0.11256977088042468	13.249999966875	6.876999931230001
1328	21757952	10	9.0	3.0	10.0	0.0	10	2.0	4.0	10.0	0.0	-0.005466624909520057	-2.275201506675708	0.19508537683000793	12.481499968796252	9.774999902250002
1332	21823488	10	7.0	4.58257569495584	10.0	0.0	10	5.0	5.0	10.0	0.0	-0.005563536999060908	-2.27744864648699	0.11478306441148282	12.296749969258125	8.649999913500002
1336	21889024	10	4.0	4.898979485566356	10.0	0.0	10	7.0	4.58257569495584	10.0	0.0	-0.003952548952730138	-2.2778834350517854	0.11505484874713978	13.056749967358124	7.0699999293000015
1340	21954560	10	6.0	4.898979485566356	10.0	0.0	10	8.0	4.0	10.0	0.0	-0.003960812980536828	-2.3037708895985602	0.13541640483450199	12.602749968493123	5.318999946810001
1344	22020096	10	5.0	5.0	10.0	0.0	10	7.0	4.58257569495584	10.0	0.0	-0.005066119825114369	-2.3345942320974666	0.14790923969521183	12.600499968498749	11.494999885050001
1348	22085632	10	8.0	4.0	10.0	0.0	10	9.0	3.0	10.0	0.0	-0.004958198167604488	-2.3382446390934954	0.17439466103802212	12.330249969174377	7.3309999266900014
1352	22151168	10	4.0	4.898979485566356	10.0	0.0	10	7.0	4.58257569495584	10.0	0.0	-0.0034070973533226697	-2.3031515600865053	0.14875290403533317	13.07599996731	3.834999961650001
1356	22216704	10	6.0	4.898979485566356	10.0	0.0	10	8.0	4.0	10.0	0.0	-0.0045574094251406025	-2.2724017274992874	0.11743949428141547	12.853999967865	5.898999941010001
1360	22282240	10	9.0	3.0	10.0	0.0	10	7.0	4.58257569495584	10.0	0.0	-0.004488688626363515	-2.312988477207686	0.09426615912998701	13.231749966920628	8.149999918500002
1364	22347776	10	7.0	4.58257569495584	10.0	0.0	10	8.0	4.0	10.0	0.0	-0.003982593386242294	-2.3515896546377917	0.1624619636204984	12.797749968005625	12.825999871740002
1368	22413312	10	6.0	4.898979485566356	10.0	0.0	10	7.0	4.58257569495584	10.0	0.0	-0.004059691852370057	-2.323822262144416	0.11046955807070327	12.64549996838625	6.5149999348500005
1372	22478848	10	5.0	5.0	10.0	0.0	10	7.0	4.58257569495584	10.0	0.0	-0.004876072695067885	-2.3284959914841643	0.17901770931666455	12.542249968644375	3.2089999679100005
1376	22544384	10	9.0	3.0	10.0	0.0	10	8.0	4.0	10.0	0.0	-0.004525865301561657	-2.3451368433774453	0.14399583261745144	12.894749967763124	4.967999950320001
1380	22609920	10	6.0	4.898979485566356	10.0	0.0	10	6.0	4.898979485566356	10.0	0.0	-0.004663801062754382	-2.3105495495177517	0.14231394454906612	12.217999969454999	16.12399983876
1384	22675456	10	7.0	4.58257569495584	10.0	0.0	10	7.0	4.58257569495584	10.0	0.0	-0.0048732474504278684	-2.3237884389920365	0.11734018894630395	12.278499969303752	5.821999941780001
1388	22740992	10	5.0	5.0	10.0	0.0	10	7.0	4.58257569495584	10.0	0.0	-0.004380446981939072	-2.315779906766785	0.1177240367856182	12.982249967544377	6.7149999328500005
1392	22806528	10	6.0	4.898979485566356	10.0	0.0	10	9.0	3.0	10.0	0.0	-0.004083042324842329	-2.283873761455733	0.11867898738250071	12.33449996916375	7.529999924700001
1396	22872064	10	8.0	4.0	10.0	0.0	10	8.0	4.0	10.0	0.0	-0.0043728376617756725	-2.315216555950276	0.11922986544202797	12.318999969202501	5.912999940870002
1400	22937600	10	5.0	5.0	10.0	0.0	10	6.0	4.898979485566356	10.0	0.0	-0.004744392511192878	-2.2989083377112367	0.17236598517192017	12.508249968729375	7.282999927170001
1404	23003136	10	7.0	4.58257569495584	10.0	0.0	10	9.0	3.0	10.0	0.0	-0.004270472687049634	-2.317857255296861	0.09468885149286056	13.498249966254376	4.040999959590001
1408	23068672	10	7.0	4.58257569495584	10.0	0.0	10	8.0	4.0	10.0	0.0	-0.004180848479204078	-2.3200451257395005	0.16871840613688885	13.231249966921874	3.5799999642000007
1412	23134208	10	9.0	3.0	10.0	0.0	10	10.0	0.0	10.0	10.0	-0.004412521479172291	-2.2880583725969785	0.11168274130905838	12.442999968892499	6.306999936930001
1416	23199744	10	9.0	3.0	10.0	0.0	10	6.0	4.898979485566356	10.0	0.0	-0.0046604099353616205	-2.3082904266893447	0.09372195231838527	12.452249968869374	10.02699989973
1420	23265280	10	7.0	4.58257569495584	10.0	0.0	10	8.0	4.0	10.0	0.0	-0.004864523533593626	-2.3186025592256354	0.17149661180794712	13.420499966448752	6.107999938920001
1424	23330816	10	9.0	3.0	10.0	0.0	10	6.0	4.898979485566356	10.0	0.0	-0.00465049265719005	-2.3182731169034154	0.1641193727481274	12.740249968149374	6.455999935440001
1428	23396352	10	8.0	4.0	10.0	0.0	10	8.0	4.0	10.0	0.0	-0.004001311501459337	-2.311203735329362	0.11639009639960587	12.405999968985	6.039999939600001
1432	23461888	10	5.0	5.0	10.0	0.0	10	9.0	3.0	10.0	0.0	-0.004962509963144504	-2.288082020739791	0.1487232821566974	12.297999969255	7.558999924410001
1436	23527424	10	7.0	4.58257569495584	10.0	0.0	10	9.0	3.0	10.0	0.0	-0.004517431498985334	-2.312397067504652	0.11947401357579081	12.125499969686249	10.19699989803
1440	23592960	10	6.0	4.898979485566356	10.0	0.0	10	7.0	4.58257569495584	10.0	0.0	-0.003772218548784887	-2.3415503847146732	0.13784997708978913	12.841499967896251	11.201999887980001
1444	23658496	10	3.0	4.58257569495584	10.0	0.0	10	8.0	4.0	10.0	0.0	-0.004258978859233025	-2.3194726057418045	0.09851303295913602	12.47049996882375	9.462999905370001
1448	23724032	10	8.0	4.0	10.0	0.0	10	9.0	3.0	10.0	0.0	-0.005109095140216149	-2.354579381399457	0.11482620517458478	13.118249967204378	5.758999942410001
1452	23789568	10	7.0	4.58257569495584	10.0	0.0	10	6.0	4.898979485566356	10.0	0.0	-0.004266921646235125	-2.357707905027048	0.1215972804027295	11.11649997220875	8.737999912620001
1456	23855104	10	10.0	0.0	10.0	10.0	10	4.0	4.898979485566356	10.0	0.0	-0.004576517406781786	-2.3591867831872118	0.11109024164817118	13.358499966603752	5.882999941170001
1460	23920640	10	7.0	4.58257569495584	10.0	0.0	10	5.0	5.0	10.0	0.0	-0.005025066602160647	-2.281046360493516	0.07157260512498027	12.172749969568127	12.031999879680003
1464	23986176	10	6.0	4.898979485566356	10.0	0.0	10	9.0	3.0	10.0	0.0	-0.004400114247039446	-2.336912405744152	0.08844488107376508	10.975749972560624	7.028999929710001
1468	24051712	10	8.0	4.0	10.0	0.0	10	6.0	4.898979485566356	10.0	0.0	-0.00418802478772735	-2.3454021933218505	0.11634803715424613	12.5609999685975	5.54399994456
1472	24117248	10	7.0	4.58257569495584	10.0	0.0	10	7.0	4.58257569495584	10.0	0.0	-0.004012893778242014	-2.30964867746613	0.13651436682299814	12.989749967525626	9.691999903080001
1476	24182784	10	5.0	5.0	10.0	0.0	10	7.0	4.58257569495584	10.0	0.0	-0.00419912837683332	-2.3441428316177912	0.12548751912402403	11.084999972287502	11.442999885570002
1480	24248320	10	8.0	4.0	10.0	0.0	10	8.0	4.0	10.0	0.0	-0.004667904858068783	-2.327275914208062	0.12574611899762927	11.627749970930624	6.092999939070001
1484	24313856	10	6.0	4.898979485566356	10.0	0.0	10	4.0	4.898979485566356	10.0	0.0	-0.004264824951719559	-2.3326543666476045	0.07641353009171159	13.037249967406874	8.57499991425
1488	24379392	10	6.0	4.898979485566356	10.0	0.0	10	10.0	0.0	10.0	10.0	-0.005269029650113702	-2.327467846131272	0.1214280991378102	11.786749970533126	7.004999929950001
1492	24444928	10	6.0	4.898979485566356	10.0	0.0	10	5.0	5.0	10.0	0.0	-0.0051838662009137	-2.3922369229288454	0.09673257704670289	12.27349996931625	4.465999955340001
1496	24510464	10	7.0	4.58257569495584	10.0	0.0	10	6.0	4.898979485566356	10.0	0.0	-0.00437644672592683	-2.369358733049586	0.11534539839836348	14.242749964393125	5.78399994216
1500	24576000	10	9.0	3.0	10.0	0.0	10	7.0	4.58257569495584	10.0	0.0	-0.005536064070868276	-2.3082437885383396	0.056602190771491714	12.19949996950125	8.91799991082
1504	24641536	10	9.0	3.0	10.0	0.0	10	7.0	4.58257569495584	10.0	0.0	-0.0051382757489999075	-2.318562810378155	0.12703664149386606	11.272499971818752	8.37299991627
1508	24707072	10	7.0	4.58257569495584	10.0	0.0	10	5.0	5.0	10.0	0.0	-0.0052036949546806445	-2.3575318403569803	0.10951308800163786	12.75749996810625	3.853999961460001
1512	24772608	10	7.0	4.58257569495584	10.0	0.0	10	7.0	4.58257569495584	10.0	0.0	-0.0042970544959715406	-2.3191471271284616	0.05994183049533729	12.48399996879	10.496999895030001
1516	24838144	10	5.0	5.0	10.0	0.0	10	6.0	4.898979485566356	10.0	0.0	-0.004114919494467092	-2.3602705794101033	0.05899897727908201	11.635249970911875	9.558999904410001
1520	24903680	10	8.0	4.0	10.0	0.0	10	8.0	4.0	10.0	0.0	-0.0038391608779665674	-2.305951816100084	0.11000536055089542	12.313999969214999	10.146999898530002
1524	24969216	10	8.0	4.0	10.0	0.0	10	8.0	4.0	10.0	0.0	-0.003849424802161395	-2.287828296184643	0.056888997354827574	12.994499967513752	4.891999951080001
