iter	frame	n_test	mean_returns	std_returns	max_returns	min_returns	n_test_train	mean_returns_train	std_returns_train	max_returns_train	min_returns_train	actor_loss	entropy_loss	value_loss	training_time	evaluation_time
0	0	10	4.0	4.898979485566356	10.0	0.0	10	3.0	4.58257569495584	10.0	0.0	0	0	0	0.0	38.33599961664
4	65536	10	6.0	4.898979485566356	10.0	0.0	10	4.0	4.898979485566356	10.0	0.0	0.0023754614009957845	-2.5913843335988855	0.38999121802832326	11.927749970180626	20.911999790880003
8	131072	10	3.0	4.58257569495584	10.0	0.0	10	2.0	4.0	10.0	0.0	-0.003753698309298439	-2.5546062461854318	0.9076391454461485	13.56749996608125	22.532999774670007
12	196608	10	2.0	4.0	10.0	0.0	10	4.0	4.898979485566356	10.0	0.0	-0.0026131356544592966	-2.4594561877271603	1.4646605450376065	12.212749969468128	6.2379999376200015
16	262144	10	2.0	4.0	10.0	0.0	10	4.0	4.898979485566356	10.0	0.0	-0.005602622974060964	-2.3725735691698566	1.4232052786655882	11.637749970905626	4.550999954490001
20	327680	10	6.0	4.898979485566356	10.0	0.0	10	3.0	4.58257569495584	10.0	0.0	-0.004945566920863322	-2.2908304033277322	1.2480808259240082	12.15549996961125	27.498999725010002
24	393216	10	8.0	4.0	10.0	0.0	10	2.0	4.0	10.0	0.0	-0.005454156114297185	-2.3455505716344227	0.9215068909311026	12.151999969620002	17.032999829670004
28	458752	10	4.0	4.898979485566356	10.0	0.0	10	3.0	4.58257569495584	10.0	0.0	-0.004902221890102012	-2.445787876589636	0.6068458249160326	10.69599997326	47.33199952668001
32	524288	10	4.0	4.898979485566356	10.0	0.0	10	4.0	4.898979485566356	10.0	0.0	-0.005672311751687026	-2.463855045280502	0.40511508111036876	11.36849997157875	47.37499952625001
36	589824	10	5.0	5.0	10.0	0.0	10	6.0	4.898979485566356	10.0	0.0	-0.004871406832027847	-2.4532049047378326	0.3264901265161882	11.401999971495002	45.042999549570006
40	655360	10	3.0	4.58257569495584	10.0	0.0	10	3.0	4.58257569495584	10.0	0.0	-0.004715560459583911	-2.4512296018431283	0.3202348523439675	10.929249972676875	48.966999510330005
44	720896	10	2.0	4.0	10.0	0.0	10	4.0	4.898979485566356	10.0	0.0	-0.006457421927971532	-2.4917626651512776	0.23032689402585074	10.785999973035	47.41699952583001
48	786432	10	4.0	4.898979485566356	10.0	0.0	10	3.0	4.58257569495584	10.0	0.0	-0.006196232296094418	-2.50832054737904	0.2378337365948273	11.604749970988124	35.08099964919001
52	851968	10	5.0	5.0	10.0	0.0	10	2.0	4.0	10.0	0.0	-0.0066594080750024785	-2.4914237307893785	0.19239817014443433	10.308749974228125	46.78899953211001
56	917504	10	5.0	5.0	10.0	0.0	10	4.0	4.898979485566356	10.0	0.0	-0.005554578781839597	-2.499836767452829	0.2053986385561152	10.99199997252	46.12499953875001
60	983040	10	5.0	5.0	10.0	0.0	10	5.0	5.0	10.0	0.0	-0.0054192921883253024	-2.5006343198197976	0.23717206015575001	10.925999972685	42.38399957616001
64	1048576	10	4.0	4.898979485566356	10.0	0.0	10	3.0	4.58257569495584	10.0	0.0	-0.006188214156849955	-2.4809735464452216	0.18618883570889797	11.49549997126125	45.66899954331
68	1114112	10	3.0	4.58257569495584	10.0	0.0	10	4.0	4.898979485566356	10.0	0.0	-0.00649392475733254	-2.4951558656874933	0.20281343338450636	11.985999970035001	42.50499957495001
72	1179648	10	4.0	4.898979485566356	10.0	0.0	10	3.0	4.58257569495584	10.0	0.0	-0.00506587013122631	-2.4399784850519395	0.32564500063990914	11.645249970886876	31.037999689620005
76	1245184	10	6.0	4.898979485566356	10.0	0.0	10	7.0	4.58257569495584	10.0	0.0	-0.005413556985070777	-2.4428685627816584	0.3295215655085416	11.272499971818752	13.983999860160003
80	1310720	10	4.0	4.898979485566356	10.0	0.0	10	3.0	4.58257569495584	10.0	0.0	-0.00574368255609033	-2.436110834026888	0.25997947774602886	12.255749969360624	32.305999676940004
84	1376256	10	1.0	3.0	10.0	0.0	10	5.0	5.0	10.0	0.0	-0.0053140164837332474	-2.449696456137429	0.2894892973213343	12.595249968511876	29.964999700350006
88	1441792	10	4.0	4.898979485566356	10.0	0.0	10	5.0	5.0	10.0	0.0	-0.004494264512824818	-2.4243427934704114	0.3523516471441122	13.252249966869375	31.231999687680005
92	1507328	10	3.0	4.58257569495584	10.0	0.0	10	4.0	4.898979485566356	10.0	0.0	-0.005712658833253088	-2.40075323954052	0.42220566665701914	12.023999969940002	11.52399988476
96	1572864	10	8.0	4.0	10.0	0.0	10	5.0	5.0	10.0	0.0	-0.006180897014891118	-2.4369507677798143	0.3702260767655362	12.844999967887501	22.909999770900004
100	1638400	10	6.0	4.898979485566356	10.0	0.0	10	6.0	4.898979485566356	10.0	0.0	-0.007370479117970875	-2.4425387876668383	0.35118143753526204	11.557249971106875	17.91799982082
104	1703936	10	4.0	4.898979485566356	10.0	0.0	10	5.0	5.0	10.0	0.0	-0.005751918759422447	-2.3996815207087745	0.40078455484953984	12.239749969400624	25.308999746910004
108	1769472	10	3.0	4.58257569495584	10.0	0.0	10	4.0	4.898979485566356	10.0	0.0	-0.0062470313295772744	-2.4218010875046807	0.3616305398378077	12.891749967770625	21.987999780120003
112	1835008	10	2.0	4.0	10.0	0.0	10	7.0	4.58257569495584	10.0	0.0	-0.006614184937682203	-2.378521983574424	0.39059762838884476	12.5029999687425	32.89599967104001
116	1900544	10	7.0	4.58257569495584	10.0	0.0	10	4.0	4.898979485566356	10.0	0.0	-0.006252855482626283	-2.409174141533553	0.3444855465815743	12.225749969435626	23.93499976065
120	1966080	10	3.0	4.58257569495584	10.0	0.0	10	3.0	4.58257569495584	10.0	0.0	-0.006359566392898119	-2.417505872494485	0.3514270664137107	12.361749969095627	28.895999711040005
124	2031616	10	3.0	4.58257569495584	10.0	0.0	10	4.0	4.898979485566356	10.0	0.0	-0.008048180266764474	-2.4192006610297443	0.22940790806059522	12.536249968659376	44.98699955013001
128	2097152	10	7.0	4.58257569495584	10.0	0.0	10	6.0	4.898979485566356	10.0	0.0	-0.00559839894597232	-2.455074096463687	0.23076219652548713	11.710999970722499	42.419999575800006
132	2162688	10	4.0	4.898979485566356	10.0	0.0	10	4.0	4.898979485566356	10.0	0.0	-0.006637252471203421	-2.4422606376249694	0.19796573686834848	12.4369999689075	42.825999571740006
136	2228224	10	5.0	5.0	10.0	0.0	10	5.0	5.0	10.0	0.0	-0.006747177134360659	-2.435270823284629	0.26865062533873313	11.209999971975	25.133999748660003
140	2293760	10	2.0	4.0	10.0	0.0	10	4.0	4.898979485566356	10.0	0.0	-0.005609528139173132	-2.4660200945947754	0.22453585963219969	12.489999968775003	39.48499960515001
144	2359296	10	4.0	4.898979485566356	10.0	0.0	10	6.0	4.898979485566356	10.0	0.0	-0.006529626964570961	-2.456332576515709	0.22614601756573902	12.264249969339376	18.066999819330004
148	2424832	10	4.0	4.898979485566356	10.0	0.0	10	3.0	4.58257569495584	10.0	0.0	-0.007098992683059139	-2.4110175194811685	0.19086914600678873	12.891249967771875	42.203999577960005
152	2490368	10	7.0	4.58257569495584	10.0	0.0	10	5.0	5.0	10.0	0.0	-0.006645116244943818	-2.4239679473100386	0.18646404952352028	12.81999996795	27.386999726130004
156	2555904	10	4.0	4.898979485566356	10.0	0.0	10	5.0	5.0	10.0	0.0	-0.005901223215300086	-2.4635865511910855	0.15839264035748077	12.365999969085	44.105999558940006
160	2621440	10	5.0	5.0	10.0	0.0	10	3.0	4.58257569495584	10.0	0.0	-0.007861198736554467	-2.3945174140224026	0.17065722640999187	12.149249969626876	46.09599953904
164	2686976	10	5.0	5.0	10.0	0.0	10	5.0	5.0	10.0	0.0	-0.007086288200166615	-2.403335310268394	0.19355161951701305	12.274749969313124	12.353999876460001
168	2752512	10	5.0	5.0	10.0	0.0	10	2.0	4.0	10.0	0.0	-0.007216464319911647	-2.4764870278441125	0.17888081009809473	12.4209999689475	27.171999728280007
172	2818048	10	5.0	5.0	10.0	0.0	10	5.0	5.0	10.0	0.0	-0.007692865529363416	-2.4945256881300906	0.1841472356854039	12.497999968755002	42.40299957597001
176	2883584	10	5.0	5.0	10.0	0.0	10	5.0	5.0	10.0	0.0	-0.005362369808353076	-2.466425555190818	0.17658097652120802	12.397499969006251	42.62599957374
180	2949120	10	6.0	4.898979485566356	10.0	0.0	10	6.0	4.898979485566356	10.0	0.0	-0.006831087719441971	-2.4509300090303037	0.1528438362909835	12.680749968298125	27.21099972789
184	3014656	10	5.0	5.0	10.0	0.0	10	3.0	4.58257569495584	10.0	0.0	-0.006725013529433546	-2.5049947174761016	0.16278876641932163	12.45999996885	40.91599959084
188	3080192	10	6.0	4.898979485566356	10.0	0.0	10	5.0	5.0	10.0	0.0	-0.007203838144512938	-2.455822825176009	0.25158887695383925	12.81599996796	40.220999597790005
192	3145728	10	5.0	5.0	10.0	0.0	10	3.0	4.58257569495584	10.0	0.0	-0.007552483018845725	-2.482551835218753	0.19001062600446336	12.968999967577501	41.54799958452001
196	3211264	10	7.0	4.58257569495584	10.0	0.0	10	5.0	5.0	10.0	0.0	-0.006221350201747057	-2.4868114786736557	0.22490534618637656	12.262499969343752	41.392999586070005
200	3276800	10	3.0	4.58257569495584	10.0	0.0	10	5.0	5.0	10.0	0.0	-0.006939098118168883	-2.4475273710919994	0.27430293069778605	12.65049996837375	26.292999737070005
204	3342336	10	2.0	4.0	10.0	0.0	10	5.0	5.0	10.0	0.0	-0.007707794928547209	-2.459101798377578	0.26635241629885725	13.148249967129374	28.290999717090006
208	3407872	10	6.0	4.898979485566356	10.0	0.0	10	5.0	5.0	10.0	0.0	-0.00687294702876245	-2.372723084937733	0.3594170828596377	12.311249969221874	23.073999769260006
212	3473408	10	5.0	5.0	10.0	0.0	10	3.0	4.58257569495584	10.0	0.0	-0.007945072877576754	-2.4095930330428836	0.26000343384617236	12.267749969330625	42.87399957126001
216	3538944	10	5.0	5.0	10.0	0.0	10	5.0	5.0	10.0	0.0	-0.007926078437254127	-2.4362484512175526	0.20880664657799405	13.108749967228126	43.42799956572001
220	3604480	10	3.0	4.58257569495584	10.0	0.0	10	5.0	5.0	10.0	0.0	-0.0071789889229977285	-2.3908840365700894	0.24802487185745706	11.948999970127502	46.26799953732001
224	3670016	10	5.0	5.0	10.0	0.0	10	4.0	4.898979485566356	10.0	0.0	-0.007401311444317776	-2.4323005773076956	0.16673724654256436	11.653499970866251	36.70799963292001
228	3735552	10	5.0	5.0	10.0	0.0	10	4.0	4.898979485566356	10.0	0.0	-0.0058574849869387074	-2.3672007642704056	0.2406409224244624	11.652249970869375	44.852999551470006
232	3801088	10	3.0	4.58257569495584	10.0	0.0	10	4.0	4.898979485566356	10.0	0.0	-0.008255709910118748	-2.450637029849521	0.17738183399677293	12.185249969536875	46.39599953604001
236	3866624	10	4.0	4.898979485566356	10.0	0.0	10	4.0	4.898979485566356	10.0	0.0	-0.007428032296789675	-2.450871258718776	0.21009531746913482	11.631499970921249	21.599999784000005
240	3932160	10	6.0	4.898979485566356	10.0	0.0	10	6.0	4.898979485566356	10.0	0.0	-0.007564066724141414	-2.420066341505684	0.25907347891885457	11.837499970406249	34.998999650010006
244	3997696	10	4.0	4.898979485566356	10.0	0.0	10	4.0	4.898979485566356	10.0	0.0	-0.008047154866058013	-2.4019657246749953	0.23885067627450293	12.562249968594376	29.957999700420004
248	4063232	10	3.0	4.58257569495584	10.0	0.0	10	7.0	4.58257569495584	10.0	0.0	-0.007803473016889482	-2.396877020347783	0.2777305401882806	13.372999966567502	28.004999719950003
252	4128768	10	3.0	4.58257569495584	10.0	0.0	10	7.0	4.58257569495584	10.0	0.0	-0.008621078759775573	-2.3594705087468935	0.28397055060438664	12.597249968506874	30.916999690830007
256	4194304	10	5.0	5.0	10.0	0.0	10	4.0	4.898979485566356	10.0	0.0	-0.008316063236374436	-2.3429933535598906	0.3078847224503417	12.126999969682501	29.550999704490003
260	4259840	10	2.0	4.0	10.0	0.0	10	7.0	4.58257569495584	10.0	0.0	-0.009171112269798816	-2.334778604164899	0.234052821503786	12.37049996907375	24.82199975178
264	4325376	10	6.0	4.898979485566356	10.0	0.0	10	7.0	4.58257569495584	10.0	0.0	-0.007466012734898776	-2.373680323115092	0.2062060305013038	13.108499967228749	41.36699958633
268	4390912	10	7.0	4.58257569495584	10.0	0.0	10	7.0	4.58257569495584	10.0	0.0	-0.008304367338237667	-2.3836819700897265	0.22448069297232873	12.214749969463124	28.603999713960004
272	4456448	10	5.0	5.0	10.0	0.0	10	3.0	4.58257569495584	10.0	0.0	-0.008952362769961227	-2.3571738275417013	0.20407589018392172	12.7889999680275	28.332999716670002
276	4521984	10	4.0	4.898979485566356	10.0	0.0	10	5.0	5.0	10.0	0.0	-0.006861231755963216	-2.3907242315504096	0.24637689702750792	11.964749970088127	36.768999632310006
280	4587520	10	3.0	4.58257569495584	10.0	0.0	10	3.0	4.58257569495584	10.0	0.0	-0.008702930632052719	-2.362883195034895	0.2489792428030497	12.18449996953875	43.55999956440001
284	4653056	10	4.0	4.898979485566356	10.0	0.0	10	6.0	4.898979485566356	10.0	0.0	-0.007964753224848915	-2.3925767463933627	0.251081355821264	12.79449996801375	42.64499957355001
288	4718592	10	5.0	5.0	10.0	0.0	10	3.0	4.58257569495584	10.0	0.0	-0.008491011808498572	-2.3547158909371397	0.30150468395986646	12.651249968371875	40.050999599490005
292	4784128	10	4.0	4.898979485566356	10.0	0.0	10	6.0	4.898979485566356	10.0	0.0	-0.00899602321348508	-2.4107212496272896	0.19245934453340288	12.80549996798625	26.788999732110007
296	4849664	10	6.0	4.898979485566356	10.0	0.0	10	4.0	4.898979485566356	10.0	0.0	-0.008957747171408039	-2.4439093194839727	0.14981647936308443	12.01199996997	38.706999612930005
300	4915200	10	6.0	4.898979485566356	10.0	0.0	10	6.0	4.898979485566356	10.0	0.0	-0.007404300009953022	-2.4115089225243875	0.18040455418001433	12.32249996919375	45.03099954969001
304	4980736	10	5.0	5.0	10.0	0.0	10	2.0	4.0	10.0	0.0	-0.008860674358388828	-2.419886924074348	0.15502282447739907	11.419249971451874	44.77299955227001
308	5046272	10	6.0	4.898979485566356	10.0	0.0	10	6.0	4.898979485566356	10.0	0.0	-0.007869840590288108	-2.374716693908962	0.15496897928665113	11.987749970030624	43.3299995667
312	5111808	10	6.0	4.898979485566356	10.0	0.0	10	5.0	5.0	10.0	0.0	-0.008221397704248117	-2.3821292815111232	0.1949880767100096	12.13349996966625	43.590999564090005
316	5177344	10	5.0	5.0	10.0	0.0	10	8.0	4.0	10.0	0.0	-0.008204513352266364	-2.3581767750310174	0.2655316001148591	13.17049996707375	8.953999910460002
320	5242880	10	4.0	4.898979485566356	10.0	0.0	10	5.0	5.0	10.0	0.0	-0.008873029360059945	-2.391423893222452	0.2254478550902109	12.105249969736875	32.27899967721001
324	5308416	10	3.0	4.58257569495584	10.0	0.0	10	8.0	4.0	10.0	0.0	-0.0072939623658669645	-2.3130313776507587	0.2657197148572775	11.928249970179378	6.649999933500001
328	5373952	10	4.0	4.898979485566356	10.0	0.0	10	3.0	4.58257569495584	10.0	0.0	-0.007099597740780335	-2.355108983569392	0.2474166660622323	13.031749967420627	20.727999792720006
332	5439488	10	7.0	4.58257569495584	10.0	0.0	10	5.0	5.0	10.0	0.0	-0.008723750365183315	-2.386335332939798	0.2519091483874474	13.34049996664875	23.417999765820003
336	5505024	10	6.0	4.898979485566356	10.0	0.0	10	6.0	4.898979485566356	10.0	0.0	-0.007791182943438789	-2.3268275233666245	0.2554724945731081	13.009249967476874	23.060999769390005
340	5570560	10	5.0	5.0	10.0	0.0	10	3.0	4.58257569495584	10.0	0.0	-0.00845033019537868	-2.3876707054670994	0.22698112621401675	12.568249968579375	30.999999690000006
344	5636096	10	5.0	5.0	10.0	0.0	10	4.0	4.898979485566356	10.0	0.0	-0.007984394597241462	-2.430310544615153	0.15428672209327107	13.368249966579375	29.322999706770005
348	5701632	10	6.0	4.898979485566356	10.0	0.0	10	7.0	4.58257569495584	10.0	0.0	-0.0067552837735028945	-2.348650869979189	0.21110469783630376	12.400249968999375	33.676999663230006
352	5767168	10	4.0	4.898979485566356	10.0	0.0	10	6.0	4.898979485566356	10.0	0.0	-0.0076047937756166025	-2.268944864235405	0.2962729676007564	12.270749969323125	9.910999900890001
356	5832704	10	6.0	4.898979485566356	10.0	0.0	10	6.0	4.898979485566356	10.0	0.0	-0.007320569589708815	-2.354944179210132	0.2601711026432306	12.11149996972125	30.036999699630005
360	5898240	10	5.0	5.0	10.0	0.0	10	6.0	4.898979485566356	10.0	0.0	-0.007057405580652234	-2.288826996843019	0.30910954791937023	12.9489999676275	10.131999898680002
364	5963776	10	2.0	4.0	10.0	0.0	10	6.0	4.898979485566356	10.0	0.0	-0.008350804045867542	-2.302220600106909	0.2757477114310719	11.33249997166875	48.18599951814001
368	6029312	10	5.0	5.0	10.0	0.0	10	5.0	5.0	10.0	0.0	-0.009099674833388348	-2.3803109946354293	0.21427534347651558	11.497749971255626	28.583999714160004
372	6094848	10	6.0	4.898979485566356	10.0	0.0	10	6.0	4.898979485566356	10.0	0.0	-0.009438888610249954	-2.3959966895468647	0.22516891202716957	11.827499970431251	45.10599954894001
376	6160384	10	5.0	5.0	10.0	0.0	10	7.0	4.58257569495584	10.0	0.0	-0.00736527951008287	-2.349163221571517	0.2056001741224937	12.965499967586249	44.73799955262
380	6225920	10	4.0	4.898979485566356	10.0	0.0	10	5.0	5.0	10.0	0.0	-0.00780268432248674	-2.3634936111690297	0.21773222986824226	12.63449996841375	45.96399954036001
384	6291456	10	2.0	4.0	10.0	0.0	10	7.0	4.58257569495584	10.0	0.0	-0.007897742790278654	-2.3288877479789636	0.24438391607813484	11.473749971315627	16.921999830780003
388	6356992	10	7.0	4.58257569495584	10.0	0.0	10	4.0	4.898979485566356	10.0	0.0	-0.00955596886121584	-2.3338019323898185	0.24805097884708638	11.76399997059	11.221999887780001
392	6422528	10	5.0	5.0	10.0	0.0	10	4.0	4.898979485566356	10.0	0.0	-0.007764410166095382	-2.2583983513347206	0.3336177551771379	13.381249966546875	14.573999854260002
396	6488064	10	6.0	4.898979485566356	10.0	0.0	10	4.0	4.898979485566356	10.0	0.0	-0.008078985089991596	-2.398617269842313	0.19421818074299368	11.77149997057125	30.513999694860004
400	6553600	10	5.0	5.0	10.0	0.0	10	6.0	4.898979485566356	10.0	0.0	-0.008256926775224487	-2.3919907408447876	0.2358641338599402	11.475749971310627	33.96399966036
404	6619136	10	3.0	4.58257569495584	10.0	0.0	10	4.0	4.898979485566356	10.0	0.0	-0.008025935631922738	-2.3317367208555337	0.24196410424970408	12.0749999698125	26.343999736560004
408	6684672	10	4.0	4.898979485566356	10.0	0.0	10	6.0	4.898979485566356	10.0	0.0	-0.008031261210890223	-2.318893891828106	0.27108684908879244	13.203249966991876	35.976999640230005
412	6750208	10	4.0	4.898979485566356	10.0	0.0	10	4.0	4.898979485566356	10.0	0.0	-0.008474366037592284	-2.3461914109726587	0.287117676779522	13.263749966840626	42.698999573010006
416	6815744	10	7.0	4.58257569495584	10.0	0.0	10	6.0	4.898979485566356	10.0	0.0	-0.007357657321175771	-2.4131807136008736	0.23070413259869704	12.517749968705626	40.64799959352001
420	6881280	10	5.0	5.0	10.0	0.0	10	4.0	4.898979485566356	10.0	0.0	-0.008360719819128545	-2.4012888890983723	0.26158451922617443	12.042749969893125	25.826999741730006
424	6946816	10	5.0	5.0	10.0	0.0	10	6.0	4.898979485566356	10.0	0.0	-0.008484791508661342	-2.4221575332145076	0.22985667360414838	12.554249968614375	35.19699964803001
428	7012352	10	4.0	4.898979485566356	10.0	0.0	10	3.0	4.58257569495584	10.0	0.0	-0.008300998948212448	-2.402001723396909	0.2477354833908608	12.224249969439375	42.734999572650004
432	7077888	10	6.0	4.898979485566356	10.0	0.0	10	6.0	4.898979485566356	10.0	0.0	-0.00861747056631401	-2.3860718357064346	0.23101035363428474	12.484749968788126	14.656999853430003
436	7143424	10	4.0	4.898979485566356	10.0	0.0	10	3.0	4.58257569495584	10.0	0.0	-0.00803000759977322	-2.362765932830419	0.24469275149140962	12.049499969876248	44.76099955239001
440	7208960	10	4.0	4.898979485566356	10.0	0.0	10	3.0	4.58257569495584	10.0	0.0	-0.007339209214320443	-2.4184725083375023	0.1925330681836222	12.258749969353124	39.70599960294001
444	7274496	10	4.0	4.898979485566356	10.0	0.0	10	8.0	4.0	10.0	0.0	-0.00803424483372493	-2.3859200450279494	0.24376371469292987	11.555499971111253	39.495999605040005
448	7340032	10	5.0	5.0	10.0	0.0	10	8.0	4.0	10.0	0.0	-0.007952526317624243	-2.424142285928935	0.24590480736378828	11.9529999701175	25.540999744590003
452	7405568	10	3.0	4.58257569495584	10.0	0.0	10	3.0	4.58257569495584	10.0	0.0	-0.0061015485886259805	-2.452059469861669	0.16978555621052452	12.480249968799376	37.26399962736001
456	7471104	10	4.0	4.898979485566356	10.0	0.0	10	5.0	5.0	10.0	0.0	-0.008103944661105289	-2.3939174609869514	0.22251842028937463	12.28249996929375	44.805999551940005
460	7536640	10	6.0	4.898979485566356	10.0	0.0	10	5.0	5.0	10.0	0.0	-0.007140893248271946	-2.3140437774433242	0.22857688597816422	11.5589999711025	28.508999714910004
464	7602176	10	7.0	4.58257569495584	10.0	0.0	10	3.0	4.58257569495584	10.0	0.0	-0.0068635935887995355	-2.321830533203024	0.25157033292439673	11.577749971055626	12.18699987813
468	7667712	10	6.0	4.898979485566356	10.0	0.0	10	7.0	4.58257569495584	10.0	0.0	-0.00782991061875681	-2.340785749012779	0.21623776881876172	12.36249996909375	26.090999739090005
472	7733248	10	5.0	5.0	10.0	0.0	10	5.0	5.0	10.0	0.0	-0.007893229792682754	-2.3799803850555823	0.22254713032559972	12.3649999690875	45.21699954783001
476	7798784	10	6.0	4.898979485566356	10.0	0.0	10	6.0	4.898979485566356	10.0	0.0	-0.008441645129732772	-2.327440122520874	0.27054859772610756	11.6649999708375	15.544999844550002
480	7864320	10	3.0	4.58257569495584	10.0	0.0	10	8.0	4.0	10.0	0.0	-0.008914463980223145	-2.40224127943129	0.19638983763571283	12.357249969106876	19.811999801880006
484	7929856	10	7.0	4.58257569495584	10.0	0.0	10	5.0	5.0	10.0	0.0	-0.008830096991297979	-2.3812873336179097	0.20113042794245972	11.80049997049875	42.96799957032001
488	7995392	10	6.0	4.898979485566356	10.0	0.0	10	7.0	4.58257569495584	10.0	0.0	-0.008739671785405356	-2.4345177136309166	0.18099286576089413	12.95949996760125	47.24899952751001
492	8060928	10	1.0	3.0	10.0	0.0	10	7.0	4.58257569495584	10.0	0.0	-0.008504641171105148	-2.4196637344820098	0.18823404049402695	11.746749970633125	37.337999626620004
496	8126464	10	5.0	5.0	10.0	0.0	10	7.0	4.58257569495584	10.0	0.0	-0.007224306710825278	-2.430606931194794	0.21733817160970015	11.85999997035	28.465999715340004
500	8192000	10	2.0	4.0	10.0	0.0	10	6.0	4.898979485566356	10.0	0.0	-0.009080502671737717	-2.4041155723213254	0.22863855909037142	12.265499969336252	20.929999790700002
504	8257536	10	4.0	4.898979485566356	10.0	0.0	10	5.0	5.0	10.0	0.0	-0.006409110379475001	-2.4457181565399444	0.1475410443033692	12.877749967805624	28.210999717890004
508	8323072	10	6.0	4.898979485566356	10.0	0.0	10	5.0	5.0	10.0	0.0	-0.0076718969956236695	-2.3587039433446244	0.2265619832475913	12.523249968691875	25.288999747110005
512	8388608	10	2.0	4.0	10.0	0.0	10	5.0	5.0	10.0	0.0	-0.008071126090492053	-2.391912936915149	0.2101130378213704	13.657499965856251	37.956999620430004
516	8454144	10	5.0	5.0	10.0	0.0	10	5.0	5.0	10.0	0.0	-0.007487163858794832	-2.4172374876802505	0.23048744379314942	13.648499965878749	11.692999883070001
520	8519680	10	5.0	5.0	10.0	0.0	10	5.0	5.0	10.0	0.0	-0.008334171132791016	-2.4161986879971056	0.2178910260327433	11.948749970128127	46.13999953860001
524	8585216	10	5.0	5.0	10.0	0.0	10	7.0	4.58257569495584	10.0	0.0	-0.008517927816705578	-2.4113226977459137	0.20807753656375555	12.7889999680275	31.449999685500003
528	8650752	10	6.0	4.898979485566356	10.0	0.0	10	4.0	4.898979485566356	10.0	0.0	-0.008950784711767645	-2.3827597148717934	0.21606954526388988	12.126249969684373	31.477999685220006
532	8716288	10	5.0	5.0	10.0	0.0	10	2.0	4.0	10.0	0.0	-0.007788071933138185	-2.3061788377743757	0.31103592719747175	12.37349996906625	25.248999747510002
536	8781824	10	6.0	4.898979485566356	10.0	0.0	10	7.0	4.58257569495584	10.0	0.0	-0.00889788874244996	-2.284045181930562	0.26183126134554047	12.193249969516875	42.98999957010001
540	8847360	10	7.0	4.58257569495584	10.0	0.0	10	5.0	5.0	10.0	0.0	-0.007824718488127911	-2.3060681420149316	0.22638859116287174	12.985499967536251	25.086999749130005
544	8912896	10	5.0	5.0	10.0	0.0	10	7.0	4.58257569495584	10.0	0.0	-0.009080985610998989	-2.355993752432819	0.21504492155209273	11.871249970321875	31.592999684070005
548	8978432	10	3.0	4.58257569495584	10.0	0.0	10	4.0	4.898979485566356	10.0	0.0	-0.0095077481324349	-2.3988926731034694	0.2214708091305217	12.077749969805625	36.60499963395
552	9043968	10	6.0	4.898979485566356	10.0	0.0	10	7.0	4.58257569495584	10.0	0.0	-0.00856943702730725	-2.3618210154298396	0.26794091267824605	11.710749970723125	41.97599958024001
556	9109504	10	7.0	4.58257569495584	10.0	0.0	10	7.0	4.58257569495584	10.0	0.0	-0.008737572547942603	-2.3341570146433965	0.23369027749374088	11.888249970279375	32.02899967971001
560	9175040	10	3.0	4.58257569495584	10.0	0.0	10	6.0	4.898979485566356	10.0	0.0	-0.008427784369846217	-2.3882687958574014	0.20207911370700643	12.094249969764375	39.18699960813
564	9240576	10	3.0	4.58257569495584	10.0	0.0	10	5.0	5.0	10.0	0.0	-0.009086137088427381	-2.460191910209288	0.14755163899017182	12.21949996945125	45.57499954425001
568	9306112	10	4.0	4.898979485566356	10.0	0.0	10	8.0	4.0	10.0	0.0	-0.008287485479484057	-2.433329701170173	0.15590568940704275	12.58149996854625	19.576999804230006
572	9371648	10	3.0	4.58257569495584	10.0	0.0	10	8.0	4.0	10.0	0.0	-0.008207032104467871	-2.3236583170854517	0.2806646902753116	12.114749969713124	44.20099955799001
576	9437184	10	6.0	4.898979485566356	10.0	0.0	10	7.0	4.58257569495584	10.0	0.0	-0.007643908004372731	-2.295122310280143	0.26667087537873535	12.266749969333125	40.67699959323001
580	9502720	10	6.0	4.898979485566356	10.0	0.0	10	6.0	4.898979485566356	10.0	0.0	-0.008081889916630669	-2.235838788018182	0.2622985865957995	12.03849996990375	18.625999813740005
584	9568256	10	2.0	4.0	10.0	0.0	10	4.0	4.898979485566356	10.0	0.0	-0.008494348582062643	-2.243908320630301	0.2561738940930746	12.404749968988126	30.220999697790006
588	9633792	10	7.0	4.58257569495584	10.0	0.0	10	8.0	4.0	10.0	0.0	-0.0082208969146375	-2.227475076681805	0.2805655689928239	12.581499968546249	14.981999850180001
592	9699328	10	6.0	4.898979485566356	10.0	0.0	10	3.0	4.58257569495584	10.0	0.0	-0.008471198285736233	-2.223269586530202	0.3011332844691216	11.980749970048127	27.063999729360006
596	9764864	10	7.0	4.58257569495584	10.0	0.0	10	3.0	4.58257569495584	10.0	0.0	-0.00891107984745097	-2.1584887750681894	0.26027280958762605	12.232249969419376	29.476999705230003
600	9830400	10	8.0	4.0	10.0	0.0	10	6.0	4.898979485566356	10.0	0.0	-0.008228691427324715	-2.211428271997089	0.24333357327256064	11.23449997191375	44.719999552800004
604	9895936	10	6.0	4.898979485566356	10.0	0.0	10	6.0	4.898979485566356	10.0	0.0	-0.007912870590274651	-2.205127718318279	0.22738332593928487	12.112499969718751	24.477999755220004
608	9961472	10	3.0	4.58257569495584	10.0	0.0	10	6.0	4.898979485566356	10.0	0.0	-0.007890016186529165	-2.2770507954172627	0.23750665432162146	11.90449997023875	23.638999763610002
612	10027008	10	4.0	4.898979485566356	10.0	0.0	10	7.0	4.58257569495584	10.0	0.0	-0.008628198139993817	-2.2044073018122226	0.27407900458451184	11.805749970485625	47.67099952329001
616	10092544	10	4.0	4.898979485566356	10.0	0.0	10	9.0	3.0	10.0	0.0	-0.008462656595260418	-2.208198718496614	0.24064506137720398	11.906499970233751	38.05599961944
620	10158080	10	3.0	4.58257569495584	10.0	0.0	10	5.0	5.0	10.0	0.0	-0.007386506551320664	-2.176932267617913	0.24930128561219458	11.819749970450625	35.51799964482001
624	10223616	10	4.0	4.898979485566356	10.0	0.0	10	6.0	4.898979485566356	10.0	0.0	-0.008149075124553443	-2.221542924411152	0.24124738602559107	12.046749969883125	25.434999745650003
628	10289152	10	6.0	4.898979485566356	10.0	0.0	10	4.0	4.898979485566356	10.0	0.0	-0.006927615843360305	-2.2912528909839636	0.19662566310230126	12.207499969481251	34.271999657280006
632	10354688	10	5.0	5.0	10.0	0.0	10	5.0	5.0	10.0	0.0	-0.00876078581161886	-2.2688867025197443	0.2067551635921698	11.066249972334376	46.47799953522001
636	10420224	10	6.0	4.898979485566356	10.0	0.0	10	3.0	4.58257569495584	10.0	0.0	-0.00851308644180333	-2.267706614993228	0.19996589699539744	12.034749969913126	17.82499982175
640	10485760	10	2.0	4.0	10.0	0.0	10	8.0	4.0	10.0	0.0	-0.007872415685080056	-2.2877061314981346	0.2097957754910005	12.362749969093123	27.524999724750003
644	10551296	10	5.0	5.0	10.0	0.0	10	6.0	4.898979485566356	10.0	0.0	-0.008139660685387217	-2.2566103361679883	0.280380022838066	12.57449996856375	26.243999737560003
648	10616832	10	5.0	5.0	10.0	0.0	10	5.0	5.0	10.0	0.0	-0.00760272697679821	-2.2692949322482416	0.28759698527973715	12.5149999687125	30.103999698960003
652	10682368	10	5.0	5.0	10.0	0.0	10	8.0	4.0	10.0	0.0	-0.008387075961799753	-2.2839321938758217	0.25135196572034935	11.929999970175	9.85399990146
656	10747904	10	4.0	4.898979485566356	10.0	0.0	10	7.0	4.58257569495584	10.0	0.0	-0.008168834594226673	-2.3082657652675715	0.24359113270362973	12.72349996819125	36.785999632140005
660	10813440	10	4.0	4.898979485566356	10.0	0.0	10	5.0	5.0	10.0	0.0	-0.008737399491716088	-2.353210873656718	0.22465679854297937	13.380499966548749	35.781999642180004
664	10878976	10	6.0	4.898979485566356	10.0	0.0	10	6.0	4.898979485566356	10.0	0.0	-0.008902106154267815	-2.309663993376309	0.23664466584119795	12.75149996812125	29.26899970731
668	10944512	10	8.0	4.0	10.0	0.0	10	5.0	5.0	10.0	0.0	-0.008075639573151792	-2.262864348553341	0.28056262166731644	13.305499966736251	11.872999881270001
672	11010048	10	2.0	4.0	10.0	0.0	10	8.0	4.0	10.0	0.0	-0.008923026344119858	-2.2979807031741135	0.23106417321366185	13.081749967295625	40.44499959555001
676	11075584	10	7.0	4.58257569495584	10.0	0.0	10	7.0	4.58257569495584	10.0	0.0	-0.007683853827790349	-2.3535628813040366	0.19127237678375703	12.641749968395626	27.602999723970004
680	11141120	10	5.0	5.0	10.0	0.0	10	6.0	4.898979485566356	10.0	0.0	-0.008332203684748515	-2.306757899381835	0.18920728919298466	12.133499969666252	43.64699956353
684	11206656	10	8.0	4.0	10.0	0.0	10	7.0	4.58257569495584	10.0	0.0	-0.008401420036872057	-2.2275751280451037	0.22717143142713042	13.150749967123124	9.489999905100001
688	11272192	10	6.0	4.898979485566356	10.0	0.0	10	4.0	4.898979485566356	10.0	0.0	-0.009264999296288372	-2.345434243236048	0.22868633500712165	12.759499968101249	42.741999572580006
692	11337728	10	7.0	4.58257569495584	10.0	0.0	10	6.0	4.898979485566356	10.0	0.0	-0.009182293244777304	-2.3770170333492273	0.23445337930735524	12.901749967745625	24.075999759240005
696	11403264	10	6.0	4.898979485566356	10.0	0.0	10	7.0	4.58257569495584	10.0	0.0	-0.007741519673600133	-2.3766547687359547	0.2113576292150592	11.531499971171252	26.238999737610005
700	11468800	10	5.0	5.0	10.0	0.0	10	5.0	5.0	10.0	0.0	-0.008609791404233479	-2.419890835629161	0.1685272317669825	13.098999967252501	29.39699970603
704	11534336	10	6.0	4.898979485566356	10.0	0.0	10	5.0	5.0	10.0	0.0	-0.008091450929963016	-2.4047351576366474	0.2634533278680095	12.697249968256875	42.74399957256001
708	11599872	10	6.0	4.898979485566356	10.0	0.0	10	5.0	5.0	10.0	0.0	-0.009347317812107056	-2.3729799586049465	0.1820302747466045	12.079749969800625	43.72599956274001
712	11665408	10	6.0	4.898979485566356	10.0	0.0	10	5.0	5.0	10.0	0.0	-0.008870373001310073	-2.373579586298378	0.204431374768852	12.775249968061875	12.489999875100002
716	11730944	10	10.0	0.0	10.0	10.0	10	6.0	4.898979485566356	10.0	0.0	-0.006825990159284812	-2.3510580010746653	0.20877026997194573	13.12749996718125	17.72599982274
720	11796480	10	5.0	5.0	10.0	0.0	10	6.0	4.898979485566356	10.0	0.0	-0.009533567531350942	-2.3068210778217635	0.3129649593479268	11.73349997066625	19.889999801100004
724	11862016	10	5.0	5.0	10.0	0.0	10	6.0	4.898979485566356	10.0	0.0	-0.008116430890735262	-2.370865834009048	0.19799345931459353	12.462749968843125	34.866999651330005
728	11927552	10	5.0	5.0	10.0	0.0	10	6.0	4.898979485566356	10.0	0.0	-0.008409286904107098	-2.340447743489927	0.23015326460909513	11.63249997091875	27.966999720330005
732	11993088	10	5.0	5.0	10.0	0.0	10	7.0	4.58257569495584	10.0	0.0	-0.009139782816073297	-2.393317363906942	0.18781971029222574	12.082249969794375	28.192999718070006
736	12058624	10	5.0	5.0	10.0	0.0	10	7.0	4.58257569495584	10.0	0.0	-0.008003374514752692	-2.427170738325012	0.151654000378249	12.77649996805875	31.887999681120007
740	12124160	10	5.0	5.0	10.0	0.0	10	5.0	5.0	10.0	0.0	-0.008687968651130733	-2.3874091130988417	0.19072456097106244	12.27949996930125	22.722999772770002
744	12189696	10	7.0	4.58257569495584	10.0	0.0	10	8.0	4.0	10.0	0.0	-0.008926203192135586	-2.358826026074746	0.19446506403534	12.99849996750375	26.567999734320004
748	12255232	10	3.0	4.58257569495584	10.0	0.0	10	5.0	5.0	10.0	0.0	-0.00864060483006782	-2.3098344105062845	0.22593216595680443	12.401749968995626	31.328999686710006
752	12320768	10	6.0	4.898979485566356	10.0	0.0	10	6.0	4.898979485566356	10.0	0.0	-0.00822252617374481	-2.3222406429613582	0.18777785657811666	11.901249970246877	27.174999728250004
756	12386304	10	2.0	4.0	10.0	0.0	10	5.0	5.0	10.0	0.0	-0.00873683550556296	-2.3429032735569564	0.17600821197372593	11.96049997009875	47.98999952010001
760	12451840	10	4.0	4.898979485566356	10.0	0.0	10	6.0	4.898979485566356	10.0	0.0	-0.008672923399299181	-2.3440630483172407	0.1551021964438124	12.6889999682775	44.13199955868001
764	12517376	10	2.0	4.0	10.0	0.0	10	7.0	4.58257569495584	10.0	0.0	-0.009050082877635581	-2.297918406386222	0.20837365802690427	12.591749968520624	13.034999869650003
768	12582912	10	6.0	4.898979485566356	10.0	0.0	10	5.0	5.0	10.0	0.0	-0.009553976513633726	-2.299768323460074	0.16292061817997844	11.920249970199375	43.38399956616001
772	12648448	10	3.0	4.58257569495584	10.0	0.0	10	8.0	4.0	10.0	0.0	-0.008015060532139021	-2.3188601357309517	0.17811394054139493	12.715499968211251	45.10599954894001
776	12713984	10	8.0	4.0	10.0	0.0	10	5.0	5.0	10.0	0.0	-0.007961111969435957	-2.2661146916572057	0.21099988260281588	11.757749970605623	35.057999649420005
780	12779520	10	4.0	4.898979485566356	10.0	0.0	10	5.0	5.0	10.0	0.0	-0.007706905748319188	-2.2738127283866936	0.25133480214379295	11.46849997132875	37.084999629150005
784	12845056	10	7.0	4.58257569495584	10.0	0.0	10	7.0	4.58257569495584	10.0	0.0	-0.008050656418234155	-2.3188007918565035	0.19596279666580438	12.755499968111252	16.08599983914
788	12910592	10	4.0	4.898979485566356	10.0	0.0	10	7.0	4.58257569495584	10.0	0.0	-0.007835610429328184	-2.3092931183753937	0.21484266560770282	12.469249968826874	26.656999733430006
792	12976128	10	4.0	4.898979485566356	10.0	0.0	10	4.0	4.898979485566356	10.0	0.0	-0.007591252270198209	-2.3081383975922805	0.2053723961366615	12.959249967601876	31.232999687670006
796	13041664	10	8.0	4.0	10.0	0.0	10	9.0	3.0	10.0	0.0	-0.009150696041874908	-2.33129720862264	0.19007683636503317	12.64349996839125	12.141999878580002
800	13107200	10	5.0	5.0	10.0	0.0	10	8.0	4.0	10.0	0.0	-0.008171605515354487	-2.30479754731886	0.21483645135782437	11.179249972051874	30.654999693450005
804	13172736	10	5.0	5.0	10.0	0.0	10	8.0	4.0	10.0	0.0	-0.008268100458480785	-2.3177789273430536	0.1462236274812791	11.549999971125	26.560999734390006
808	13238272	10	5.0	5.0	10.0	0.0	10	6.0	4.898979485566356	10.0	0.0	-0.009028625110931226	-2.2753579465164853	0.18587905865089013	13.19049996702375	27.913999720860005
812	13303808	10	6.0	4.898979485566356	10.0	0.0	10	8.0	4.0	10.0	0.0	-0.008129818815240351	-2.200211713482232	0.18241656406745038	12.601999968495	28.294999717050008
816	13369344	10	6.0	4.898979485566356	10.0	0.0	10	7.0	4.58257569495584	10.0	0.0	-0.007680225730946735	-2.2518392898280197	0.18565759534255402	12.22649996943375	6.147999938520001
820	13434880	10	3.0	4.58257569495584	10.0	0.0	10	7.0	4.58257569495584	10.0	0.0	-0.008456645697483302	-2.291835526386582	0.18444396677678787	11.81049997047375	46.62499953375001
824	13500416	10	4.0	4.898979485566356	10.0	0.0	10	6.0	4.898979485566356	10.0	0.0	-0.008594636925726234	-2.2980294051359436	0.1711054511655701	13.359499966601248	42.802999571970005
828	13565952	10	5.0	5.0	10.0	0.0	10	5.0	5.0	10.0	0.0	-0.008359920484850455	-2.2733200289424507	0.1714039114901443	12.282249969294375	46.60599953394001
832	13631488	10	4.0	4.898979485566356	10.0	0.0	10	7.0	4.58257569495584	10.0	0.0	-0.008482280626620653	-2.303923872369941	0.14933885166728564	11.977249970056876	43.08599956914001
836	13697024	10	4.0	4.898979485566356	10.0	0.0	10	7.0	4.58257569495584	10.0	0.0	-0.008207249854476689	-2.3624011201185824	0.1123180651609824	13.230249966924376	49.30099950699001
840	13762560	10	3.0	4.58257569495584	10.0	0.0	10	5.0	5.0	10.0	0.0	-0.008060193595529362	-2.332718334849076	0.15549952938774694	11.459749971350625	44.15499955845001
844	13828096	10	5.0	5.0	10.0	0.0	10	4.0	4.898979485566356	10.0	0.0	-0.006709845042282575	-2.415457986043613	0.1501644336617282	12.484999968787502	44.84499955155
848	13893632	10	5.0	5.0	10.0	0.0	10	7.0	4.58257569495584	10.0	0.0	-0.008101235843913684	-2.392771353075007	0.2022529093648416	12.338749969153126	22.493999775060004
852	13959168	10	3.0	4.58257569495584	10.0	0.0	10	5.0	5.0	10.0	0.0	-0.00758198497029748	-2.421022265897331	0.1470383369831561	11.802499970493752	47.65499952345001
856	14024704	10	5.0	5.0	10.0	0.0	10	4.0	4.898979485566356	10.0	0.0	-0.008067104404359319	-2.3825479197007136	0.17748545473144878	12.296249969259376	44.96499955035001
860	14090240	10	9.0	3.0	10.0	0.0	10	6.0	4.898979485566356	10.0	0.0	-0.0067463411704866225	-2.393963830917055	0.1830008455051094	12.039749969900626	32.225999677740006
864	14155776	10	5.0	5.0	10.0	0.0	10	3.0	4.58257569495584	10.0	0.0	-0.007231799676299843	-2.3993435052518155	0.182141972065867	12.016749969958125	41.18799958812001
868	14221312	10	5.0	5.0	10.0	0.0	10	7.0	4.58257569495584	10.0	0.0	-0.007751684525930777	-2.3859281065561544	0.18696165765861236	12.464249968839376	45.69099954309001
872	14286848	10	5.0	5.0	10.0	0.0	10	8.0	4.0	10.0	0.0	-0.007703642782069148	-2.4473016483022585	0.1686206871933677	11.82649997043375	41.98599958014
876	14352384	10	5.0	5.0	10.0	0.0	10	9.0	3.0	10.0	0.0	-0.007541505838589351	-2.329792471980754	0.1850634416527745	13.08449996728875	22.852999771470007
880	14417920	10	5.0	5.0	10.0	0.0	10	5.0	5.0	10.0	0.0	-0.008125888573342904	-2.3330553295764935	0.1878237807927581	12.676499968308748	29.582999704170003
884	14483456	10	4.0	4.898979485566356	10.0	0.0	10	4.0	4.898979485566356	10.0	0.0	-0.007985453287879323	-2.3116586628135094	0.2078217416785243	13.26849996682875	35.90699964093
888	14548992	10	5.0	5.0	10.0	0.0	10	4.0	4.898979485566356	10.0	0.0	-0.008492197663472962	-2.287796854734527	0.1639696580652709	13.273249966816875	33.38099966619001
892	14614528	10	2.0	4.0	10.0	0.0	10	8.0	4.0	10.0	0.0	-0.0085628164952316	-2.307312999922097	0.18222720274976598	12.030499969923751	30.776999692230007
896	14680064	10	5.0	5.0	10.0	0.0	10	5.0	5.0	10.0	0.0	-0.008770431526799105	-2.3384424048213126	0.18537652529397294	12.691249968271874	45.54099954459
900	14745600	10	6.0	4.898979485566356	10.0	0.0	10	6.0	4.898979485566356	10.0	0.0	-0.009210885237078753	-2.371202625087262	0.13744303194616045	11.3889999715275	47.003999529960005
904	14811136	10	7.0	4.58257569495584	10.0	0.0	10	6.0	4.898979485566356	10.0	0.0	-0.008427907777363299	-2.311046987531254	0.13953206267617047	12.02799996993	43.123999568760006
908	14876672	10	5.0	5.0	10.0	0.0	10	5.0	5.0	10.0	0.0	-0.008032530086966302	-2.345916482065134	0.12692777275648282	11.624499970938752	45.95099954049001
912	14942208	10	8.0	4.0	10.0	0.0	10	6.0	4.898979485566356	10.0	0.0	-0.008037271020911677	-2.389716955273767	0.1782005384068333	11.069749972325624	44.76099955239001
916	15007744	10	7.0	4.58257569495584	10.0	0.0	10	6.0	4.898979485566356	10.0	0.0	-0.008942772849249282	-2.3865384630856448	0.1799382481847029	13.195749967010626	44.04699955953001
920	15073280	10	3.0	4.58257569495584	10.0	0.0	10	5.0	5.0	10.0	0.0	-0.0073877801203894025	-2.4668064015520974	0.1399454617882278	12.031499969921251	30.222999697770003
924	15138816	10	6.0	4.898979485566356	10.0	0.0	10	6.0	4.898979485566356	10.0	0.0	-0.008745557106217362	-2.4402728127878097	0.1678862642554773	11.668999970827501	44.46499955535001
928	15204352	10	5.0	5.0	10.0	0.0	10	7.0	4.58257569495584	10.0	0.0	-0.007832600894383097	-2.45615045204009	0.18611450887209124	12.380749969048127	21.490999785090004
932	15269888	10	7.0	4.58257569495584	10.0	0.0	10	8.0	4.0	10.0	0.0	-0.00790049487031423	-2.3495405164893794	0.21003992387699655	12.319999969200001	24.850999751490004
936	15335424	10	4.0	4.898979485566356	10.0	0.0	10	4.0	4.898979485566356	10.0	0.0	-0.008187084705298105	-2.378811001529856	0.20367017471593482	13.032249967419377	40.131999598680004
940	15400960	10	7.0	4.58257569495584	10.0	0.0	10	6.0	4.898979485566356	10.0	0.0	-0.007936283753610378	-2.417064497616442	0.16441773186898184	11.652999970867501	33.2599996674
944	15466496	10	5.0	5.0	10.0	0.0	10	7.0	4.58257569495584	10.0	0.0	-0.00731224194820471	-2.3979491464779343	0.18178081285488	12.417749968955626	37.110999628890006
948	15532032	10	6.0	4.898979485566356	10.0	0.0	10	3.0	4.58257569495584	10.0	0.0	-0.008572637718636077	-2.37580222860066	0.21558281443319666	11.78799997053	42.68699957313
952	15597568	10	7.0	4.58257569495584	10.0	0.0	10	7.0	4.58257569495584	10.0	0.0	-0.008521679935884692	-2.3828241325916277	0.19750214808425842	12.479249968801875	30.886999691130004
956	15663104	10	6.0	4.898979485566356	10.0	0.0	10	7.0	4.58257569495584	10.0	0.0	-0.008887858107284093	-2.400913667925443	0.16378429887351986	11.85449997036375	45.40099954599001
960	15728640	10	5.0	5.0	10.0	0.0	10	6.0	4.898979485566356	10.0	0.0	-0.007711699059458102	-2.3981077693388264	0.13257762966848732	12.237499969406251	44.17299955827001
964	15794176	10	2.0	4.0	10.0	0.0	10	8.0	4.0	10.0	0.0	-0.006952092700767413	-2.315603864448459	0.16392749554011815	13.1009999672475	44.26099955739001
968	15859712	10	4.0	4.898979485566356	10.0	0.0	10	5.0	5.0	10.0	0.0	-0.007754396639131181	-2.3867437141634342	0.12763049525897152	12.014999969962501	43.68199956318001
972	15925248	10	3.0	4.58257569495584	10.0	0.0	10	5.0	5.0	10.0	0.0	-0.008175266852410459	-2.3461042987843284	0.18516717888038237	11.7389999706525	41.524999584750006
976	15990784	10	4.0	4.898979485566356	10.0	0.0	10	7.0	4.58257569495584	10.0	0.0	-0.007150876482999282	-2.2563854999973385	0.21156092296323797	13.040749967398124	25.457999745420004
980	16056320	10	7.0	4.58257569495584	10.0	0.0	10	7.0	4.58257569495584	10.0	0.0	-0.008386983209104757	-2.286939392248985	0.2112807249430275	13.375749966560628	25.762999742370006
984	16121856	10	5.0	5.0	10.0	0.0	10	5.0	5.0	10.0	0.0	-0.007782537758529221	-2.3070109260659337	0.16036236005096116	12.34399996914	46.024999539750006
988	16187392	10	3.0	4.58257569495584	10.0	0.0	10	6.0	4.898979485566356	10.0	0.0	-0.007954765379589772	-2.2847644883001097	0.2164059114261798	12.908249967729375	22.058999779410005
992	16252928	10	6.0	4.898979485566356	10.0	0.0	10	5.0	5.0	10.0	0.0	-0.008636317491446662	-2.3461820580104837	0.21422299173912612	13.275749966810626	42.140999578590005
996	16318464	10	7.0	4.58257569495584	10.0	0.0	10	8.0	4.0	10.0	0.0	-0.007137533814950548	-2.3395831358975934	0.15560202004008883	11.932749970168127	25.170999748290004
1000	16384000	10	5.0	5.0	10.0	0.0	10	6.0	4.898979485566356	10.0	0.0	-0.007949550797780997	-2.285706807931588	0.17975680233279975	11.852749970368125	41.46299958537001
1004	16449536	10	5.0	5.0	10.0	0.0	10	5.0	5.0	10.0	0.0	-0.007492452616566155	-2.311603630341699	0.19962973991502553	11.116249972209374	33.305999666940004
1008	16515072	10	4.0	4.898979485566356	10.0	0.0	10	5.0	5.0	10.0	0.0	-0.007009031701452148	-2.3272431217193312	0.14954399323706247	11.884499970288749	28.808999711910005
1012	16580608	10	4.0	4.898979485566356	10.0	0.0	10	5.0	5.0	10.0	0.0	-0.009255764701817116	-2.3734029032301214	0.12705538474872932	11.96349997009125	41.15199958848001
1016	16646144	10	6.0	4.898979485566356	10.0	0.0	10	8.0	4.0	10.0	0.0	-0.007350406443788239	-2.359265478702995	0.16626158354934673	11.275999971809998	35.935999640640006
1020	16711680	10	3.0	4.58257569495584	10.0	0.0	10	7.0	4.58257569495584	10.0	0.0	-0.006985256610156855	-2.352129138761124	0.1796766548075125	11.683249970791875	28.034999719650006
1024	16777216	10	4.0	4.898979485566356	10.0	0.0	10	6.0	4.898979485566356	10.0	0.0	-0.008062103384033095	-2.3398504031247382	0.1489433314651322	11.865749970335626	43.35199956648
1028	16842752	10	7.0	4.58257569495584	10.0	0.0	10	8.0	4.0	10.0	0.0	-0.0067625499352520525	-2.4036703454931145	0.11034180956208936	11.102249972244374	13.750999862490001
1032	16908288	10	6.0	4.898979485566356	10.0	0.0	10	7.0	4.58257569495584	10.0	0.0	-0.008160095229321757	-2.3154438557795762	0.16428233564982686	10.716749973208124	38.578999614210005
1036	16973824	10	4.0	4.898979485566356	10.0	0.0	10	4.0	4.898979485566356	10.0	0.0	-0.007443290935480794	-2.370444439104637	0.1393259326627012	11.089249972276875	43.122999568770005
1040	17039360	10	5.0	5.0	10.0	0.0	10	7.0	4.58257569495584	10.0	0.0	-0.008744309572950283	-2.3674100138264484	0.15380660861991066	11.957249970106874	21.971999780280004
1044	17104896	10	4.0	4.898979485566356	10.0	0.0	10	5.0	5.0	10.0	0.0	-0.007841726060877166	-2.338592114304285	0.1827348842250445	12.139749969650625	41.198999588010004
1048	17170432	10	7.0	4.58257569495584	10.0	0.0	10	7.0	4.58257569495584	10.0	0.0	-0.008612703809995065	-2.3687674996769594	0.2319723516461014	11.308749971728124	31.896999681030003
1052	17235968	10	7.0	4.58257569495584	10.0	0.0	10	7.0	4.58257569495584	10.0	0.0	-0.007058120559903075	-2.371578270943286	0.1607928521530848	10.965249972586875	39.93099960069
1056	17301504	10	6.0	4.898979485566356	10.0	0.0	10	9.0	3.0	10.0	0.0	-0.007223325732265367	-2.3859520353375023	0.14558870848303926	11.213749971965624	21.552999784470003
1060	17367040	10	3.0	4.58257569495584	10.0	0.0	10	10.0	0.0	10.0	10.0	-0.008185042894543476	-2.3665154524165914	0.17356409937818892	11.798499970503752	25.152999748470002
1064	17432576	10	6.0	4.898979485566356	10.0	0.0	10	9.0	3.0	10.0	0.0	-0.0075824002140491165	-2.3355653432558956	0.20386364370944435	10.90349997274125	31.037999689620005
1068	17498112	10	5.0	5.0	10.0	0.0	10	7.0	4.58257569495584	10.0	0.0	-0.007911829352233784	-2.3877104567981067	0.16998918267369303	10.928999972677499	32.74799967252
1072	17563648	10	5.0	5.0	10.0	0.0	10	5.0	5.0	10.0	0.0	-0.00829691706323174	-2.3853778141239035	0.2027741376254584	11.939749970150626	29.923999700760003
1076	17629184	10	5.0	5.0	10.0	0.0	10	5.0	5.0	10.0	0.0	-0.00833770252124401	-2.421228115505095	0.13971971412441314	11.009249972476875	29.444999705550003
1080	17694720	10	5.0	5.0	10.0	0.0	10	6.0	4.898979485566356	10.0	0.0	-0.008150306587655472	-2.3850058140853183	0.18918461808516338	11.482749971293126	37.1599996284
1084	17760256	10	5.0	5.0	10.0	0.0	10	5.0	5.0	10.0	0.0	-0.008648658934370767	-2.3430389958166224	0.19016723495789817	11.208499971978751	29.331999706680005
1088	17825792	10	5.0	5.0	10.0	0.0	10	6.0	4.898979485566356	10.0	0.0	-0.007730292541159206	-2.3522067092392374	0.1792030498043539	11.498249971254374	25.959999740400004
1092	17891328	10	7.0	4.58257569495584	10.0	0.0	10	6.0	4.898979485566356	10.0	0.0	-0.008747905423962414	-2.3313713245148837	0.23014485763782516	12.005749969985624	26.932999730670005
1096	17956864	10	3.0	4.58257569495584	10.0	0.0	10	8.0	4.0	10.0	0.0	-0.00672662737563731	-2.3191398479112193	0.21252926017737853	11.369999971575002	33.139999668600005
1100	18022400	10	4.0	4.898979485566356	10.0	0.0	10	5.0	5.0	10.0	0.0	-0.0084835513617039	-2.3139778621567904	0.1815213797580114	11.481749971295628	41.52699958473001
1104	18087936	10	6.0	4.898979485566356	10.0	0.0	10	7.0	4.58257569495584	10.0	0.0	-0.007862155817231598	-2.330793378010987	0.22522700979201318	11.60049997099875	31.188999688110005
1108	18153472	10	4.0	4.898979485566356	10.0	0.0	10	4.0	4.898979485566356	10.0	0.0	-0.007148484269401948	-2.3600267889624167	0.19791963585763833	11.881999970295	32.286999677130005
1112	18219008	10	5.0	5.0	10.0	0.0	10	9.0	3.0	10.0	0.0	-0.008280679776712464	-2.3555457192192506	0.2016307343518808	11.757749970605625	28.048999719510004
1116	18284544	10	5.0	5.0	10.0	0.0	10	5.0	5.0	10.0	0.0	-0.008895440339057297	-2.4004285655898814	0.20148767994480576	11.236249971909375	40.67699959323001
1120	18350080	10	6.0	4.898979485566356	10.0	0.0	10	6.0	4.898979485566356	10.0	0.0	-0.008502205728618314	-2.4128332657088793	0.1466052885169807	11.511749971220626	29.533999704660005
1124	18415616	10	7.0	4.58257569495584	10.0	0.0	10	4.0	4.898979485566356	10.0	0.0	-0.008533234474291627	-2.400587327528278	0.20281174148182932	11.084749972288124	30.065999699340004
1128	18481152	10	6.0	4.898979485566356	10.0	0.0	10	6.0	4.898979485566356	10.0	0.0	-0.007271156024672154	-2.3357504380296454	0.1839595213340823	11.224249971939376	16.142999838570002
1132	18546688	10	5.0	5.0	10.0	0.0	10	8.0	4.0	10.0	0.0	-0.008378693069098851	-2.312288306412636	0.19436342919083388	10.679249973301875	32.61499967385001
1136	18612224	10	6.0	4.898979485566356	10.0	0.0	10	6.0	4.898979485566356	10.0	0.0	-0.007966993067767228	-2.3379583853034647	0.20781498485563596	10.645749973385625	44.03299955967001
1140	18677760	10	5.0	5.0	10.0	0.0	10	6.0	4.898979485566356	10.0	0.0	-0.00721267971115647	-2.399962951489633	0.17609215836379466	11.316249971709375	36.996999630030004
1144	18743296	10	5.0	5.0	10.0	0.0	10	5.0	5.0	10.0	0.0	-0.00897825644063993	-2.400651313114438	0.1821431039332359	11.672749970818126	32.36099967639
1148	18808832	10	5.0	5.0	10.0	0.0	10	7.0	4.58257569495584	10.0	0.0	-0.00789336242853941	-2.3988386638447277	0.17589310259899124	11.765749970585626	39.20599960794001
1152	18874368	10	7.0	4.58257569495584	10.0	0.0	10	7.0	4.58257569495584	10.0	0.0	-0.008833965499120395	-2.3563298977940486	0.2519273760776554	11.525749971185624	41.49899958501001
1156	18939904	10	8.0	4.0	10.0	0.0	10	8.0	4.0	10.0	0.0	-0.00828454731319454	-2.3658166326601564	0.2197681111054675	12.0029999699925	14.720999852790003
1160	19005440	10	4.0	4.898979485566356	10.0	0.0	10	8.0	4.0	10.0	0.0	-0.00878426442219332	-2.3541253430179276	0.22411451191479947	10.900249972749375	11.483999885160001
1164	19070976	10	6.0	4.898979485566356	10.0	0.0	10	7.0	4.58257569495584	10.0	0.0	-0.008778285777523646	-2.378385623048353	0.18145519205962424	10.657749973355624	15.542999844570001
1168	19136512	10	4.0	4.898979485566356	10.0	0.0	10	7.0	4.58257569495584	10.0	0.0	-0.008592394383427647	-2.3786497138446374	0.167758616523727	10.632499973418751	23.388999766110004
1172	19202048	10	6.0	4.898979485566356	10.0	0.0	10	9.0	3.0	10.0	0.0	-0.008476869650951317	-2.34856343989942	0.23696505174987256	10.785499973036249	18.55099981449
1176	19267584	10	8.0	4.0	10.0	0.0	10	8.0	4.0	10.0	0.0	-0.008476159626627611	-2.3383412532556127	0.21035912281504993	8.664249978339376	9.903999900960002
1180	19333120	10	8.0	4.0	10.0	0.0	10	6.0	4.898979485566356	10.0	0.0	-0.008808452833962121	-2.2766740071388814	0.2560963971894446	8.557999978605	8.972999910270001
1184	19398656	10	3.0	4.58257569495584	10.0	0.0	10	8.0	4.0	10.0	0.0	-0.008374932614097632	-2.255103997651274	0.27058375748160207	8.728749978178127	12.914999870850002
1188	19464192	10	6.0	4.898979485566356	10.0	0.0	10	5.0	5.0	10.0	0.0	-0.008181146187534669	-2.201291898657061	0.2837562275133987	9.04649997738375	10.004999899950002
1192	19529728	10	5.0	5.0	10.0	0.0	10	3.0	4.58257569495584	10.0	0.0	-0.008173176152071306	-2.2196828720641624	0.26020994158855576	7.61199998097	17.254999827450003
1196	19595264	10	8.0	4.0	10.0	0.0	10	7.0	4.58257569495584	10.0	0.0	-0.008624878895424296	-2.202613003322521	0.2950234074459121	8.521999978695	12.145999878540003
1200	19660800	10	3.0	4.58257569495584	10.0	0.0	10	6.0	4.898979485566356	10.0	0.0	-0.008213991645236606	-2.3032824345017304	0.24160197809305406	7.8282499804293755	22.936999770630006
1204	19726336	10	4.0	4.898979485566356	10.0	0.0	10	7.0	4.58257569495584	10.0	0.0	-0.007912840734595243	-2.384095358103523	0.2322354724699242	7.773749980565625	24.286999757130005
1208	19791872	10	4.0	4.898979485566356	10.0	0.0	10	6.0	4.898979485566356	10.0	0.0	-0.008561466529820578	-2.3817849032583354	0.1893515032518854	7.355249981611874	26.33599973664
1212	19857408	10	6.0	4.898979485566356	10.0	0.0	10	4.0	4.898979485566356	10.0	0.0	-0.00838307859919332	-2.328684319809893	0.23486448868525292	7.2449999818875	26.456999735430006
1216	19922944	10	6.0	4.898979485566356	10.0	0.0	10	6.0	4.898979485566356	10.0	0.0	-0.009137693203489807	-2.3752237953254975	0.1872806323031457	7.185999982035	18.333999816660004
1220	19988480	10	6.0	4.898979485566356	10.0	0.0	10	7.0	4.58257569495584	10.0	0.0	-0.008496086488194355	-2.3982665759807062	0.15444256612043133	7.428999981427499	25.366999746330006
1224	20054016	10	8.0	4.0	10.0	0.0	10	7.0	4.58257569495584	10.0	0.0	-0.007536260745052326	-2.4015666119736205	0.20377263960168548	6.741999983145	6.871999931280001
1228	20119552	10	4.0	4.898979485566356	10.0	0.0	10	6.0	4.898979485566356	10.0	0.0	-0.00840917452936708	-2.3394205071078678	0.21547039347629376	7.465249981336874	23.547999764520004
1232	20185088	10	5.0	5.0	10.0	0.0	10	9.0	3.0	10.0	0.0	-0.008375848503153392	-2.3571375009942415	0.17018934469449454	6.625499983436251	21.543999784560004
1236	20250624	10	6.0	4.898979485566356	10.0	0.0	10	7.0	4.58257569495584	10.0	0.0	-0.00855130959009384	-2.408374729004963	0.1618715238123154	6.72799998318	28.431999715680004
1240	20316160	10	5.0	5.0	10.0	0.0	10	6.0	4.898979485566356	10.0	0.0	-0.007984276156778112	-2.3975197869028664	0.16779333956654427	6.6917499832706255	8.963999910360002
1244	20381696	10	6.0	4.898979485566356	10.0	0.0	10	5.0	5.0	10.0	0.0	-0.008217029920214265	-2.3649282527486672	0.15202663123265786	7.288749981778126	28.066999719330006
1248	20447232	10	8.0	4.0	10.0	0.0	10	5.0	5.0	10.0	0.0	-0.00961111569774028	-2.364934508752841	0.19332894075510698	7.138249982154375	17.082999829170003
1252	20512768	10	3.0	4.58257569495584	10.0	0.0	10	9.0	3.0	10.0	0.0	-0.009438583153422747	-2.4242949085889203	0.1938375370219843	7.747249980631875	14.853999851460001
1256	20578304	10	8.0	4.0	10.0	0.0	10	6.0	4.898979485566356	10.0	0.0	-0.008497894745560232	-2.382348678757938	0.24766225365204683	8.004749979988127	9.893999901060003
1260	20643840	10	8.0	4.0	10.0	0.0	10	5.0	5.0	10.0	0.0	-0.009522231049755702	-2.257440080010186	0.2659307992740126	6.8652499828368745	19.377999806220004
1264	20709376	10	6.0	4.898979485566356	10.0	0.0	10	8.0	4.0	10.0	0.0	-0.009294989071594277	-2.299192738790226	0.2562783121174845	6.696249983259375	23.101999768980004
1268	20774912	10	4.0	4.898979485566356	10.0	0.0	10	5.0	5.0	10.0	0.0	-0.008229586201551481	-2.3204446507063343	0.2676975317020514	7.4224999814437504	26.437999735620004
1272	20840448	10	6.0	4.898979485566356	10.0	0.0	10	5.0	5.0	10.0	0.0	-0.009402502409638849	-2.304915326096924	0.2697881861929701	6.83949998290125	27.840999721590006
1276	20905984	10	6.0	4.898979485566356	10.0	0.0	10	7.0	4.58257569495584	10.0	0.0	-0.008653432129912198	-2.3337297412308957	0.20880978327242503	6.961999982595	13.821999861780002
1280	20971520	10	4.0	4.898979485566356	10.0	0.0	10	7.0	4.58257569495584	10.0	0.0	-0.0076936569946933495	-2.316716864463761	0.18847549704734176	7.517249981206875	13.526999864730001
1284	21037056	10	6.0	4.898979485566356	10.0	0.0	10	7.0	4.58257569495584	10.0	0.0	-0.009088538139887897	-2.328890916959244	0.23202210584722033	6.47249998381875	7.793999922060001
1288	21102592	10	5.0	5.0	10.0	0.0	10	8.0	4.0	10.0	0.0	-0.008911533125058371	-2.3303129372553517	0.21116857694124913	5.82949998542625	13.467999865320001
1292	21168128	10	5.0	5.0	10.0	0.0	10	6.0	4.898979485566356	10.0	0.0	-0.008206762248901267	-2.3322886896684185	0.2361302974698344	5.5784999860537505	16.802999831970002
1296	21233664	10	5.0	5.0	10.0	0.0	10	4.0	4.898979485566356	10.0	0.0	-0.008677700278900484	-2.304921962080708	0.2058549794774895	5.7137499857156255	19.6599998034
1300	21299200	10	5.0	5.0	10.0	0.0	10	5.0	5.0	10.0	0.0	-0.008457098034066851	-2.292821710069557	0.1984369011078699	5.811749985470625	16.975999830240003
1304	21364736	10	7.0	4.58257569495584	10.0	0.0	10	6.0	4.898979485566356	10.0	0.0	-0.008534786031022264	-2.288014458874945	0.23468801625111815	5.532249986169376	13.408999865910003
1308	21430272	10	7.0	4.58257569495584	10.0	0.0	10	7.0	4.58257569495584	10.0	0.0	-0.008742260814868792	-2.323137295500836	0.30205751828186406	5.242749986893125	12.123999878760003
1312	21495808	10	3.0	4.58257569495584	10.0	0.0	10	8.0	4.0	10.0	0.0	-0.008932711476800475	-2.3567277116108727	0.19818642298799616	5.962999985092499	17.671999823280004
1316	21561344	10	5.0	5.0	10.0	0.0	10	8.0	4.0	10.0	0.0	-0.008218928158135288	-2.349830567591987	0.18757512348612776	5.761749985595625	8.312999916870002
1320	21626880	10	7.0	4.58257569495584	10.0	0.0	10	6.0	4.898979485566356	10.0	0.0	-0.00774598469353153	-2.3952961139369355	0.19534669395363966	6.1892499845268745	5.805999941940001
1324	21692416	10	6.0	4.898979485566356	10.0	0.0	10	3.0	4.58257569495584	10.0	0.0	-0.00849554862272906	-2.396373900024813	0.13992148938993926	6.439249983901876	13.763999862360002
1328	21757952	10	4.0	4.898979485566356	10.0	0.0	10	5.0	5.0	10.0	0.0	-0.008726805340909017	-2.33563884820053	0.21279972657517723	6.129749984675626	16.863999831360005
1332	21823488	10	3.0	4.58257569495584	10.0	0.0	10	8.0	4.0	10.0	0.0	-0.007636358497431552	-2.397153233238697	0.13736396964450312	5.600249985999375	20.92899979071
1336	21889024	10	4.0	4.898979485566356	10.0	0.0	10	7.0	4.58257569495584	10.0	0.0	-0.008562930470682293	-2.3745386970549935	0.13678128798619651	5.7689999855775005	11.002999889970003
1340	21954560	10	4.0	4.898979485566356	10.0	0.0	10	5.0	5.0	10.0	0.0	-0.00878568493650202	-2.3758304836858075	0.1716075510694391	5.903749985240625	17.126999828730003
1344	22020096	10	2.0	4.0	10.0	0.0	10	7.0	4.58257569495584	10.0	0.0	-0.007835370128701405	-2.400309992083221	0.17899282624011856	5.529249986176875	14.937999850620002
1348	22085632	10	5.0	5.0	10.0	0.0	10	10.0	0.0	10.0	10.0	-0.00890766486704383	-2.338979924474895	0.23154154013913977	5.976749985058125	8.82099991179
1352	22151168	10	4.0	4.898979485566356	10.0	0.0	10	8.0	4.0	10.0	0.0	-0.008509757241298474	-2.2991544303883273	0.2109315395135504	6.4849999837875005	15.612999843870002
1356	22216704	10	5.0	5.0	10.0	0.0	10	8.0	4.0	10.0	0.0	-0.008185386014152609	-2.345672326538998	0.18096324613295456	6.365999984085	17.044999829550004
1360	22282240	10	6.0	4.898979485566356	10.0	0.0	10	4.0	4.898979485566356	10.0	0.0	-0.008002427282084192	-2.3420699931725024	0.21481639486052082	6.263999984340001	11.796999882030002
1364	22347776	10	6.0	4.898979485566356	10.0	0.0	10	7.0	4.58257569495584	10.0	0.0	-0.008486757267469017	-2.3003947459248564	0.1776256523841367	6.401249983996874	20.763999792360003
1368	22413312	10	5.0	5.0	10.0	0.0	10	5.0	5.0	10.0	0.0	-0.00772080423162065	-2.2854404918952325	0.1884075911364148	6.195499984511249	18.33699981663
1372	22478848	10	9.0	3.0	10.0	0.0	10	7.0	4.58257569495584	10.0	0.0	-0.0075785520316142925	-2.36063030585892	0.16049387180126803	6.5954999835112496	19.393999806060002
1376	22544384	10	2.0	4.0	10.0	0.0	10	6.0	4.898979485566356	10.0	0.0	-0.008189774355192038	-2.3687401982661282	0.16542498804457875	6.390249984024375	18.282999817170005
1380	22609920	10	7.0	4.58257569495584	10.0	0.0	10	9.0	3.0	10.0	0.0	-0.00860970805086306	-2.3211215905910856	0.1849625536513629	6.063749984840625	10.45299989547
1384	22675456	10	4.0	4.898979485566356	10.0	0.0	10	7.0	4.58257569495584	10.0	0.0	-0.008438616100071919	-2.3424372918947314	0.20838887056027733	6.113749984715625	7.538999924610001
1388	22740992	10	3.0	4.58257569495584	10.0	0.0	10	6.0	4.898979485566356	10.0	0.0	-0.008547492450532173	-2.327828066801935	0.24566351293821165	6.209999984475	10.831999891680002
1392	22806528	10	7.0	4.58257569495584	10.0	0.0	10	5.0	5.0	10.0	0.0	-0.008832086820186097	-2.25127380814546	0.26174005413185014	6.09749998475625	8.00099991999
1396	22872064	10	6.0	4.898979485566356	10.0	0.0	10	6.0	4.898979485566356	10.0	0.0	-0.008400465343921684	-2.3324969805830915	0.1824160859109186	4.954749987613125	12.483999875160002
1400	22937600	10	3.0	4.58257569495584	10.0	0.0	10	8.0	4.0	10.0	0.0	-0.008218812321252104	-2.3518255921735296	0.174371425665136	4.979499987551251	12.552999874470002
1404	23003136	10	6.0	4.898979485566356	10.0	0.0	10	7.0	4.58257569495584	10.0	0.0	-0.008288495914758366	-2.3298462602056045	0.2048584149626583	4.478499988803749	10.888999891110002
1408	23068672	10	6.0	4.898979485566356	10.0	0.0	10	10.0	0.0	10.0	10.0	-0.009374896199241995	-2.290391603867049	0.17107886376871276	4.5429999886425	6.357999936420001
1412	23134208	10	5.0	5.0	10.0	0.0	10	5.0	5.0	10.0	0.0	-0.009163189741488031	-2.2492554880819204	0.1780288125358098	5.223749986940625	8.253999917460002
1416	23199744	10	5.0	5.0	10.0	0.0	10	3.0	4.58257569495584	10.0	0.0	-0.008912516429499398	-2.191007027795172	0.3056878655209604	4.82549998793625	8.44699991553
1420	23265280	10	5.0	5.0	10.0	0.0	10	5.0	5.0	10.0	0.0	-0.009285301495404562	-2.225540384418403	0.27555165731892617	5.218249986954375	13.164999868350002
1424	23330816	10	6.0	4.898979485566356	10.0	0.0	10	8.0	4.0	10.0	0.0	-0.00819122595481698	-2.2491960200311287	0.1807060795647915	4.89149998777125	11.241999887580002
1428	23396352	10	3.0	4.58257569495584	10.0	0.0	10	5.0	5.0	10.0	0.0	-0.009313362516210554	-2.289962795634945	0.18967531177102137	5.067749987330624	15.097999849020002
1432	23461888	10	4.0	4.898979485566356	10.0	0.0	10	5.0	5.0	10.0	0.0	-0.00882868265912793	-2.2196173814607225	0.24057426782302452	5.048749987378125	11.639999883600002
1436	23527424	10	4.0	4.898979485566356	10.0	0.0	10	7.0	4.58257569495584	10.0	0.0	-0.008083263874511918	-2.2074827524707006	0.3004780920530285	5.0189999874525	5.633999943660001
1440	23592960	10	6.0	4.898979485566356	10.0	0.0	10	9.0	3.0	10.0	0.0	-0.008747695636276547	-2.2554036600028513	0.3385946711483059	4.63249998841875	11.602999883970002
1444	23658496	10	7.0	4.58257569495584	10.0	0.0	10	10.0	0.0	10.0	10.0	-0.008431584027707058	-2.2522924738763073	0.29245756206471085	4.427999988929999	4.891999951080001
1448	23724032	10	4.0	4.898979485566356	10.0	0.0	10	9.0	3.0	10.0	0.0	-0.007989782128562708	-2.2775966820728546	0.2762156443693108	4.896249987759376	9.652999903470002
1452	23789568	10	6.0	4.898979485566356	10.0	0.0	10	9.0	3.0	10.0	0.0	-0.008627203495972848	-2.258235608302759	0.2646259027257581	4.725749988185625	8.971999910280001
1456	23855104	10	5.0	5.0	10.0	0.0	10	6.0	4.898979485566356	10.0	0.0	-0.008008975789455428	-2.2960142093492	0.27667615823670066	4.972249987569375	13.662999863370002
1460	23920640	10	5.0	5.0	10.0	0.0	10	8.0	4.0	10.0	0.0	-0.008431943814109765	-2.374799780300244	0.19697825391277204	4.6944999882637495	13.599999864000003
1464	23986176	10	4.0	4.898979485566356	10.0	0.0	10	7.0	4.58257569495584	10.0	0.0	-0.007836114058987589	-2.381491188953601	0.15983142779716894	5.059249987351875	15.031999849680002
1468	24051712	10	6.0	4.898979485566356	10.0	0.0	10	9.0	3.0	10.0	0.0	-0.008029058036372964	-2.407741471874247	0.12269510521517145	4.634749988413126	14.352999856470001
1472	24117248	10	5.0	5.0	10.0	0.0	10	7.0	4.58257569495584	10.0	0.0	-0.007912059561107354	-2.3937569605797493	0.17783850103626875	4.839249987901875	14.652999853470003
1476	24182784	10	5.0	5.0	10.0	0.0	10	7.0	4.58257569495584	10.0	0.0	-0.00850742450986729	-2.3953175567078913	0.15508347763616673	4.693249988266874	10.932999890670002
1480	24248320	10	7.0	4.58257569495584	10.0	0.0	10	10.0	0.0	10.0	10.0	-0.007954376263801926	-2.3863816159464615	0.13805379127266407	5.01249998746875	8.503999914960001
1484	24313856	10	4.0	4.898979485566356	10.0	0.0	10	7.0	4.58257569495584	10.0	0.0	-0.007738521273295514	-2.366356218608091	0.2289325978058027	5.0287499874281245	13.722999862770003
1488	24379392	10	4.0	4.898979485566356	10.0	0.0	10	9.0	3.0	10.0	0.0	-0.00868993848811265	-2.3453997942348983	0.199122532327717	5.279749986800625	8.287999917120002
1492	24444928	10	5.0	5.0	10.0	0.0	10	8.0	4.0	10.0	0.0	-0.008180461709098143	-2.347708977514331	0.22080526110589194	4.560249988599375	16.531999834680004
1496	24510464	10	6.0	4.898979485566356	10.0	0.0	10	6.0	4.898979485566356	10.0	0.0	-0.009100234947519365	-2.3263003302177485	0.24369090234184973	4.461249988846876	11.064999889350002
1500	24576000	10	4.0	4.898979485566356	10.0	0.0	10	6.0	4.898979485566356	10.0	0.0	-0.008667359903793694	-2.29089870031653	0.22114397047577933	4.176999989557499	14.34099985659
1504	24641536	10	6.0	4.898979485566356	10.0	0.0	10	6.0	4.898979485566356	10.0	0.0	-0.009926331766894793	-2.2844827843312965	0.23740216505103465	4.32549998918625	11.052999889470003
1508	24707072	10	4.0	4.898979485566356	10.0	0.0	10	6.0	4.898979485566356	10.0	0.0	-0.008962432205383728	-2.3255684646528425	0.19556597377619983	4.430749988923125	11.386999886130003
1512	24772608	10	3.0	4.58257569495584	10.0	0.0	10	7.0	4.58257569495584	10.0	0.0	-0.008563167339482399	-2.33026434705223	0.24137799936005438	3.77599999056	11.421999885780002
1516	24838144	10	3.0	4.58257569495584	10.0	0.0	10	7.0	4.58257569495584	10.0	0.0	-0.008352291342553197	-2.3200277385679158	0.21366423234290943	3.844249990389375	7.022999929770001
1520	24903680	10	4.0	4.898979485566356	10.0	0.0	10	9.0	3.0	10.0	0.0	-0.008563696534431538	-2.352799407892715	0.1815472406456504	3.625999990935	7.142999928570001
1524	24969216	10	6.0	4.898979485566356	10.0	0.0	10	7.0	4.58257569495584	10.0	0.0	-0.009408736562899376	-2.2963485019993883	0.24981178356215886	3.699749990750625	3.2299999677000004
