iter	frame	n_test	mean_returns	std_returns	max_returns	min_returns	n_test_train	mean_returns_train	std_returns_train	max_returns_train	min_returns_train	actor_loss	entropy_loss	value_loss	training_time	evaluation_time
0	0	10	5.0	5.0	10.0	0.0	10	2.0	4.0	10.0	0.0	0	0	0	0.0	34.83299965167
4	65536	10	1.0	3.0	10.0	0.0	10	3.0	4.58257569495584	10.0	0.0	0.01579188201460479	-2.3084586434145176	0.7071084379413269	14.107749964730624	27.293999727060005
8	131072	10	2.0	4.0	10.0	0.0	10	5.0	5.0	10.0	0.0	-0.0025255583941944447	-2.268559152644996	0.2936361568363607	13.18799996703	26.556999734430004
12	196608	10	4.0	4.898979485566356	10.0	0.0	10	4.0	4.898979485566356	10.0	0.0	-0.0030991685049639676	-2.410415713734676	0.3482617465416412	11.794749970513125	20.648999793510004
16	262144	10	4.0	4.898979485566356	10.0	0.0	10	4.0	4.898979485566356	10.0	0.0	-0.003841291380219185	-2.5477170171666663	0.5524372858351198	12.125249969686877	30.486999695130002
20	327680	10	6.0	4.898979485566356	10.0	0.0	10	6.0	4.898979485566356	10.0	0.0	-0.005260647805150697	-2.6004573128892203	0.6267510745021505	11.545749971135626	28.133999718660004
24	393216	10	4.0	4.898979485566356	10.0	0.0	10	6.0	4.898979485566356	10.0	0.0	-0.004925800719716641	-2.592309176651812	0.9479811538265118	12.898999967752502	15.518999844810002
28	458752	10	3.0	4.58257569495584	10.0	0.0	10	9.0	3.0	10.0	0.0	-0.006597551077518527	-2.557214088471588	0.8172547055798814	12.370249969074374	28.712999712870005
32	524288	10	5.0	5.0	10.0	0.0	10	7.0	4.58257569495584	10.0	0.0	-0.006810555209588804	-2.5038704025124012	0.7198114965602976	13.241249966896875	26.756999732430007
36	589824	10	5.0	5.0	10.0	0.0	10	5.0	5.0	10.0	0.0	-0.008410455242213535	-2.4790067396959237	0.5687030627731156	11.755749970610626	18.745999812540003
40	655360	10	3.0	4.58257569495584	10.0	0.0	10	7.0	4.58257569495584	10.0	0.0	-0.007097661773381108	-2.4080151466007047	0.5914528403435961	11.556249971109375	23.234999767650002
44	720896	10	5.0	5.0	10.0	0.0	10	7.0	4.58257569495584	10.0	0.0	-0.008648124921525027	-2.3976136865701196	0.4960057467947304	12.424749968938125	24.738999752610006
48	786432	10	8.0	4.0	10.0	0.0	10	6.0	4.898979485566356	10.0	0.0	-0.008527071324676132	-2.3860108700889433	0.49492909723083467	12.007249969981874	23.915999760840005
52	851968	10	8.0	4.0	10.0	0.0	10	6.0	4.898979485566356	10.0	0.0	-0.008900932292496892	-2.346177016450947	0.4869533994038296	11.821999970444999	19.608999803910006
56	917504	10	5.0	5.0	10.0	0.0	10	8.0	4.0	10.0	0.0	-0.008949322246712665	-2.345848920200288	0.4502914792699451	13.006249967484376	7.172999928270001
60	983040	10	5.0	5.0	10.0	0.0	10	5.0	5.0	10.0	0.0	-0.009559470058082718	-2.3733594315758695	0.3735891988422238	11.661999970844999	24.387999756120006
64	1048576	10	3.0	4.58257569495584	10.0	0.0	10	6.0	4.898979485566356	10.0	0.0	-0.009606286865376297	-2.3619897859815033	0.3780752845335562	11.823999970440001	20.038999799610004
68	1114112	10	3.0	4.58257569495584	10.0	0.0	10	6.0	4.898979485566356	10.0	0.0	-0.010745607985975413	-2.2640053031470395	0.3818773558586411	11.511749971220626	30.911999690880005
72	1179648	10	8.0	4.0	10.0	0.0	10	4.0	4.898979485566356	10.0	0.0	-0.009776627976146838	-2.305895325798004	0.33580717021826706	12.073999969814999	31.352999686470007
76	1245184	10	6.0	4.898979485566356	10.0	0.0	10	4.0	4.898979485566356	10.0	0.0	-0.008686325543450765	-2.2138729639528774	0.3008134023283496	11.10549997223625	33.843999661560005
80	1310720	10	5.0	5.0	10.0	0.0	10	6.0	4.898979485566356	10.0	0.0	-0.009816213764566532	-2.2319683355748268	0.2789108360206128	12.899249967751876	28.807999711920004
84	1376256	10	5.0	5.0	10.0	0.0	10	5.0	5.0	10.0	0.0	-0.010017117593499929	-2.236933926508268	0.27766538687883285	12.373249969066878	19.05199980948
88	1441792	10	4.0	4.898979485566356	10.0	0.0	10	8.0	4.0	10.0	0.0	-0.010080367221397685	-2.240593366091506	0.2950177477986267	12.464749968838126	18.567999814320004
92	1507328	10	3.0	4.58257569495584	10.0	0.0	10	9.0	3.0	10.0	0.0	-0.006754997069243775	-2.1746617503682475	0.3110612785740523	11.697749970755627	16.859999831400003
96	1572864	10	4.0	4.898979485566356	10.0	0.0	10	7.0	4.58257569495584	10.0	0.0	-0.007848421659007515	-2.1314003937209707	0.24464110049664725	12.62799996843	22.067999779320004
100	1638400	10	2.0	4.0	10.0	0.0	10	7.0	4.58257569495584	10.0	0.0	-0.00856957452350359	-2.1046364479058113	0.2625550689523112	11.8549999703625	31.053999689460003
104	1703936	10	4.0	4.898979485566356	10.0	0.0	10	8.0	4.0	10.0	0.0	-0.008090539715710023	-2.112926073152267	0.298780916693231	12.7199999682	29.451999705480006
108	1769472	10	3.0	4.58257569495584	10.0	0.0	10	7.0	4.58257569495584	10.0	0.0	-0.008090932294853694	-2.072242689413537	0.3073751783299142	10.933499972666251	26.844999731550004
112	1835008	10	5.0	5.0	10.0	0.0	10	9.0	3.0	10.0	0.0	-0.007757009891470173	-2.0938815273646916	0.22127849233825728	10.24749997438125	20.15899979841
116	1900544	10	8.0	4.0	10.0	0.0	10	7.0	4.58257569495584	10.0	0.0	-0.007822322233948784	-2.146248300646692	0.24851280261967731	11.657749970855626	32.950999670490006
120	1966080	10	6.0	4.898979485566356	10.0	0.0	10	7.0	4.58257569495584	10.0	0.0	-0.008587599175689114	-2.128428580638585	0.24762708706685344	13.441749966395625	25.934999740650003
124	2031616	10	5.0	5.0	10.0	0.0	10	8.0	4.0	10.0	0.0	-0.008620247644114626	-2.1202349412219497	0.291064330191145	13.239749966900627	25.825999741740006
128	2097152	10	6.0	4.898979485566356	10.0	0.0	10	4.0	4.898979485566356	10.0	0.0	-0.008509635800715268	-2.0348774254685913	0.21828858800442097	12.181999969544998	31.654999683450008
132	2162688	10	6.0	4.898979485566356	10.0	0.0	10	7.0	4.58257569495584	10.0	0.0	-0.007394278372721402	-2.0914613577531718	0.26157594321985717	12.592499968518752	32.01699967983001
136	2228224	10	4.0	4.898979485566356	10.0	0.0	10	8.0	4.0	10.0	0.0	-0.008541678169744986	-2.106429512082661	0.2229946031934195	12.625249968436874	23.195999768040004
140	2293760	10	7.0	4.58257569495584	10.0	0.0	10	7.0	4.58257569495584	10.0	0.0	-0.007926242029885107	-2.1319194409017284	0.2537962443241353	13.471249966321873	5.868999941310001
144	2359296	10	5.0	5.0	10.0	0.0	10	4.0	4.898979485566356	10.0	0.0	-0.008178036055199617	-2.1846596397667346	0.22691779705505166	12.311249969221874	18.767999812320003
148	2424832	10	6.0	4.898979485566356	10.0	0.0	10	7.0	4.58257569495584	10.0	0.0	-0.009187203918325181	-2.170429162455016	0.26696859266311557	11.980749970048127	29.625999703740007
152	2490368	10	6.0	4.898979485566356	10.0	0.0	10	7.0	4.58257569495584	10.0	0.0	-0.008688491599670261	-2.203719521332704	0.20169747292757081	12.870749967823127	28.399999716000004
156	2555904	10	6.0	4.898979485566356	10.0	0.0	10	9.0	3.0	10.0	0.0	-0.006568816960299036	-2.1683380129661494	0.28426819400384257	11.988249970029374	24.782999752170007
160	2621440	10	6.0	4.898979485566356	10.0	0.0	10	10.0	0.0	10.0	10.0	-0.009270473780153736	-2.1940582615831854	0.21917249617056855	12.441999968895	19.43499980565
164	2686976	10	7.0	4.58257569495584	10.0	0.0	10	9.0	3.0	10.0	0.0	-0.008453803739968648	-2.147503537212628	0.20072513312183562	11.692749970768125	15.203999847960002
168	2752512	10	8.0	4.0	10.0	0.0	10	8.0	4.0	10.0	0.0	-0.00946968299732854	-2.1243425580633146	0.25699717952365864	12.841749967895627	15.783999842160004
172	2818048	10	5.0	5.0	10.0	0.0	10	10.0	0.0	10.0	10.0	-0.008426999029659935	-2.0845377020849987	0.21529165086577337	14.020499964948751	13.875999861240002
176	2883584	10	7.0	4.58257569495584	10.0	0.0	10	9.0	3.0	10.0	0.0	-0.008573163894062806	-2.117540714420835	0.2641758621239902	13.4529999663675	11.549999884500002
180	2949120	10	7.0	4.58257569495584	10.0	0.0	10	7.0	4.58257569495584	10.0	0.0	-0.0078224987632324	-2.0302383909991524	0.26216947641597144	13.341249966646874	18.424999815750002
184	3014656	10	7.0	4.58257569495584	10.0	0.0	10	8.0	4.0	10.0	0.0	-0.008010592679434794	-2.106058249651555	0.22294584791337194	11.231749971920623	24.27799975722
188	3080192	10	6.0	4.898979485566356	10.0	0.0	10	8.0	4.0	10.0	0.0	-0.008411442818854342	-2.0945383630994674	0.15164265943042846	11.79049997052375	28.264999717350005
192	3145728	10	5.0	5.0	10.0	0.0	10	8.0	4.0	10.0	0.0	-0.007986149650379951	-2.1348731217544694	0.1585770886381437	12.01599996996	25.821999741780004
196	3211264	10	4.0	4.898979485566356	10.0	0.0	10	8.0	4.0	10.0	0.0	-0.009121186782936391	-2.1571240124839632	0.1670838862793942	12.735249968161874	16.499999835000004
200	3276800	10	7.0	4.58257569495584	10.0	0.0	10	10.0	0.0	10.0	10.0	-0.007746312422064992	-2.0738622643376785	0.1888078359379888	12.739749968150624	20.997999790020003
204	3342336	10	6.0	4.898979485566356	10.0	0.0	10	5.0	5.0	10.0	0.0	-0.009392488366081659	-2.092220775565122	0.20842903392391365	11.3149999717125	31.973999680260004
208	3407872	10	5.0	5.0	10.0	0.0	10	6.0	4.898979485566356	10.0	0.0	-0.008741985493845361	-2.0775035853506703	0.19594244361987107	13.005749967485626	17.755999822440003
212	3473408	10	5.0	5.0	10.0	0.0	10	8.0	4.0	10.0	0.0	-0.006813999467236719	-2.057638947948059	0.16637265827946818	14.41649996395875	14.625999853740002
216	3538944	10	8.0	4.0	10.0	0.0	10	8.0	4.0	10.0	0.0	-0.009175843192026514	-2.106830532132668	0.20600511263462284	11.9649999700875	17.667999823320002
220	3604480	10	5.0	5.0	10.0	0.0	10	6.0	4.898979485566356	10.0	0.0	-0.007615759119102599	-2.1515866068744556	0.15527632924041956	12.767499968081248	23.32799976672
224	3670016	10	3.0	4.58257569495584	10.0	0.0	10	5.0	5.0	10.0	0.0	-0.008095306236773004	-2.1465942037849755	0.21206367386158653	13.572499966068753	24.625999753740004
228	3735552	10	8.0	4.0	10.0	0.0	10	8.0	4.0	10.0	0.0	-0.0073883807579663485	-2.1737006080866563	0.16778736051442097	13.121249967196874	2.1989999780100002
232	3801088	10	6.0	4.898979485566356	10.0	0.0	10	7.0	4.58257569495584	10.0	0.0	-0.007882964425423	-2.1440523637087936	0.18852435896382408	12.446749968883125	25.862999741370004
236	3866624	10	9.0	3.0	10.0	0.0	10	9.0	3.0	10.0	0.0	-0.008494555917750795	-2.1778221873160586	0.1663695765718742	13.108749967228126	11.554999884450002
240	3932160	10	6.0	4.898979485566356	10.0	0.0	10	8.0	4.0	10.0	0.0	-0.008651104192124422	-2.211309236554431	0.22854155780850416	12.777249968056873	14.199999858000002
244	3997696	10	4.0	4.898979485566356	10.0	0.0	10	7.0	4.58257569495584	10.0	0.0	-0.007510850023336173	-2.1748237135727733	0.20645241080184965	13.1889999670275	33.64299966357001
248	4063232	10	4.0	4.898979485566356	10.0	0.0	10	9.0	3.0	10.0	0.0	-0.00862911862745479	-2.1835790845464023	0.22767393389518226	11.406249971484375	16.698999833010003
252	4128768	10	7.0	4.58257569495584	10.0	0.0	10	4.0	4.898979485566356	10.0	0.0	-0.008847199807545052	-2.2260511838064407	0.1445388911762277	11.652249970869375	20.645999793540003
256	4194304	10	4.0	4.898979485566356	10.0	0.0	10	8.0	4.0	10.0	0.0	-0.007159988477584752	-2.139940586959929	0.1902080340656069	11.687999970780002	18.131999818680004
260	4259840	10	4.0	4.898979485566356	10.0	0.0	10	8.0	4.0	10.0	0.0	-0.007720391352555238	-2.191832455267677	0.14238017423457935	12.06849996982875	17.73799982262
264	4325376	10	7.0	4.58257569495584	10.0	0.0	10	9.0	3.0	10.0	0.0	-0.008152826140212318	-2.128603115456104	0.15944606099013822	11.999249970001875	2.7299999727000004
268	4390912	10	5.0	5.0	10.0	0.0	10	8.0	4.0	10.0	0.0	-0.007957870894117057	-2.2131257849613197	0.13845666473220464	13.257499966856251	28.119999718800006
272	4456448	10	4.0	4.898979485566356	10.0	0.0	10	8.0	4.0	10.0	0.0	-0.008464388943773172	-2.110260881263736	0.20514591688015946	12.696749968258127	30.817999691820006
276	4521984	10	8.0	4.0	10.0	0.0	10	7.0	4.58257569495584	10.0	0.0	-0.008376151264238305	-2.177768232694908	0.17172786079420946	11.84799997038	31.280999687190004
280	4587520	10	4.0	4.898979485566356	10.0	0.0	10	7.0	4.58257569495584	10.0	0.0	-0.0071302427403225205	-2.1697895524625785	0.188300021594023	12.780249968049374	18.151999818480004
284	4653056	10	6.0	4.898979485566356	10.0	0.0	10	8.0	4.0	10.0	0.0	-0.008316652106302601	-2.2276823915704194	0.1355697126762663	12.8309999679225	25.767999742320004
288	4718592	10	5.0	5.0	10.0	0.0	10	7.0	4.58257569495584	10.0	0.0	-0.007944089185084652	-2.2035895608553653	0.14377530511367972	13.469999966324998	29.246999707530005
292	4784128	10	4.0	4.898979485566356	10.0	0.0	10	9.0	3.0	10.0	0.0	-0.007219410170825063	-2.2488459271830235	0.17083682467312758	12.059249969851878	31.938999680610006
296	4849664	10	4.0	4.898979485566356	10.0	0.0	10	8.0	4.0	10.0	0.0	-0.007582265121344108	-2.2082130285784123	0.16045096623592126	12.564499968588748	20.590999794090003
300	4915200	10	4.0	4.898979485566356	10.0	0.0	10	7.0	4.58257569495584	10.0	0.0	-0.007826323045359124	-2.3067471208752393	0.17218827609662685	11.782249970544374	33.46799966532001
304	4980736	10	6.0	4.898979485566356	10.0	0.0	10	4.0	4.898979485566356	10.0	0.0	-0.008376999947698908	-2.1588338809943495	0.17880734985694358	11.541999971145	28.498999715010005
308	5046272	10	4.0	4.898979485566356	10.0	0.0	10	7.0	4.58257569495584	10.0	0.0	-0.007464815784089026	-2.212155351805725	0.1846078261540755	12.17599996956	25.877999741220005
312	5111808	10	4.0	4.898979485566356	10.0	0.0	10	6.0	4.898979485566356	10.0	0.0	-0.00809615759899867	-2.161634002897477	0.24192522851713724	14.505249963736876	9.911999900880003
316	5177344	10	5.0	5.0	10.0	0.0	10	8.0	4.0	10.0	0.0	-0.00835831047550167	-2.264259442451174	0.1835023984897965	13.321499966696251	25.199999748000003
320	5242880	10	5.0	5.0	10.0	0.0	10	7.0	4.58257569495584	10.0	0.0	-0.008733668123568086	-2.1866086967495257	0.2526832098498982	13.2369999669075	25.987999740120003
324	5308416	10	6.0	4.898979485566356	10.0	0.0	10	9.0	3.0	10.0	0.0	-0.008120367115895187	-2.273355744542302	0.16237807582614164	12.251249969371877	15.308999846910002
328	5373952	10	7.0	4.58257569495584	10.0	0.0	10	6.0	4.898979485566356	10.0	0.0	-0.007798679569932692	-2.3372887892076544	0.15450137178744436	12.582249968544374	13.768999862310002
332	5439488	10	7.0	4.58257569495584	10.0	0.0	10	9.0	3.0	10.0	0.0	-0.008273348028268719	-2.329844899232882	0.1824505215631114	12.676249968309374	18.574999814250003
336	5505024	10	5.0	5.0	10.0	0.0	10	9.0	3.0	10.0	0.0	-0.00809626927282144	-2.278901353241046	0.15890827691855505	13.503499966241248	5.76799994232
340	5570560	10	7.0	4.58257569495584	10.0	0.0	10	8.0	4.0	10.0	0.0	-0.00773595698936392	-2.268217277787288	0.20491036941335955	13.500999966247502	11.366999886330003
344	5636096	10	5.0	5.0	10.0	0.0	10	6.0	4.898979485566356	10.0	0.0	-0.008810873001788606	-2.3010977628416938	0.16877350484901696	12.426999968932499	16.38299983617
348	5701632	10	6.0	4.898979485566356	10.0	0.0	10	9.0	3.0	10.0	0.0	-0.00851646717791596	-2.2670078076544273	0.16477168186713995	12.729749968175625	29.164999708350003
352	5767168	10	5.0	5.0	10.0	0.0	10	9.0	3.0	10.0	0.0	-0.00824019816511545	-2.3454168808997324	0.12896638075098582	12.510749968723127	15.395999846040004
356	5832704	10	3.0	4.58257569495584	10.0	0.0	10	9.0	3.0	10.0	0.0	-0.006927597256926581	-2.293460614740365	0.18114679871413147	11.44949997137625	29.632999703670002
360	5898240	10	7.0	4.58257569495584	10.0	0.0	10	6.0	4.898979485566356	10.0	0.0	-0.0075410596683798785	-2.3152521448902568	0.19188001097975166	12.174499969563753	27.995999720040004
364	5963776	10	8.0	4.0	10.0	0.0	10	8.0	4.0	10.0	0.0	-0.007644204722774845	-2.321674898024951	0.1878085258065977	13.079749967300627	16.120999838790002
368	6029312	10	7.0	4.58257569495584	10.0	0.0	10	7.0	4.58257569495584	10.0	0.0	-0.006419609058804247	-2.2777114135634546	0.18572688450033478	13.080249967299375	26.432999735670005
372	6094848	10	4.0	4.898979485566356	10.0	0.0	10	7.0	4.58257569495584	10.0	0.0	-0.006850310059734284	-2.272687675815514	0.18432076482976234	12.553749968615627	5.191999948080001
376	6160384	10	6.0	4.898979485566356	10.0	0.0	10	7.0	4.58257569495584	10.0	0.0	-0.007414305420586504	-2.344961551084233	0.1603033787714352	13.008749967478126	4.382999956170001
380	6225920	10	5.0	5.0	10.0	0.0	10	8.0	4.0	10.0	0.0	-0.008510682471471152	-2.3264301963210663	0.16884392890096497	12.238499969403751	6.446999935530001
384	6291456	10	5.0	5.0	10.0	0.0	10	8.0	4.0	10.0	0.0	-0.008347042951794711	-2.320955599105984	0.18978908861717747	11.263749971840625	19.166999808330004
388	6356992	10	5.0	5.0	10.0	0.0	10	10.0	0.0	10.0	10.0	-0.008456200298525337	-2.284229896724702	0.1936552912415999	11.817999970454999	17.286999827130003
392	6422528	10	6.0	4.898979485566356	10.0	0.0	10	7.0	4.58257569495584	10.0	0.0	-0.007927975606822039	-2.328468476490023	0.1593901597495866	13.71549996571125	4.058999959410001
396	6488064	10	5.0	5.0	10.0	0.0	10	7.0	4.58257569495584	10.0	0.0	-0.007593946756178635	-2.330559489384912	0.1682115266079572	12.932249967669375	30.556999694430004
400	6553600	10	6.0	4.898979485566356	10.0	0.0	10	6.0	4.898979485566356	10.0	0.0	-0.007727457333307898	-2.2828566504127035	0.23130592321119786	12.187999969529999	19.144999808550004
404	6619136	10	5.0	5.0	10.0	0.0	10	10.0	0.0	10.0	10.0	-0.008139977447839897	-2.2993172379919877	0.21926652086787743	11.739249970651876	17.145999828540003
408	6684672	10	5.0	5.0	10.0	0.0	10	9.0	3.0	10.0	0.0	-0.00822716598885659	-2.365924894563272	0.10011223985857265	12.74349996814125	33.34599966654
412	6750208	10	4.0	4.898979485566356	10.0	0.0	10	6.0	4.898979485566356	10.0	0.0	-0.007975444732819493	-2.3409222809022032	0.14493966970324712	11.11049997222375	30.377999696220005
416	6815744	10	4.0	4.898979485566356	10.0	0.0	10	8.0	4.0	10.0	0.0	-0.007155054039546649	-2.3472231797912473	0.16634226076434824	12.711999968220002	14.672999853270003
420	6881280	10	5.0	5.0	10.0	0.0	10	9.0	3.0	10.0	0.0	-0.006968808641008926	-2.348080431177006	0.11782804075953347	11.864999970337502	15.325999846740004
424	6946816	10	6.0	4.898979485566356	10.0	0.0	10	8.0	4.0	10.0	0.0	-0.007592657175152508	-2.317642308530189	0.13042839820845534	12.571499968571251	14.448999855510003
428	7012352	10	5.0	5.0	10.0	0.0	10	8.0	4.0	10.0	0.0	-0.007703953339342643	-2.321909107025991	0.1797501731399092	13.734499965663751	13.537999864620003
432	7077888	10	8.0	4.0	10.0	0.0	10	7.0	4.58257569495584	10.0	0.0	-0.008697322704699405	-2.355167157702687	0.18973506752287828	12.053249969866876	17.371999826280003
436	7143424	10	8.0	4.0	10.0	0.0	10	4.0	4.898979485566356	10.0	0.0	-0.007941980362760403	-2.3685778774337334	0.16487672744774462	12.374499969063752	20.569999794300003
440	7208960	10	5.0	5.0	10.0	0.0	10	8.0	4.0	10.0	0.0	-0.007656965670736428	-2.341185845190792	0.196822276473653	12.5909999685225	17.255999827440004
444	7274496	10	3.0	4.58257569495584	10.0	0.0	10	8.0	4.0	10.0	0.0	-0.008453431310376928	-2.361617420864469	0.2237470916549746	13.306749966733124	17.688999823110002
448	7340032	10	6.0	4.898979485566356	10.0	0.0	10	9.0	3.0	10.0	0.0	-0.008606295764985557	-2.3542724994352824	0.17139118046577106	13.4529999663675	12.877999871220002
452	7405568	10	4.0	4.898979485566356	10.0	0.0	10	9.0	3.0	10.0	0.0	-0.007802669320674802	-2.372951388111887	0.1379259271636356	12.979749967550624	13.329999866700001
456	7471104	10	7.0	4.58257569495584	10.0	0.0	10	9.0	3.0	10.0	0.0	-0.007476281293878603	-2.328389013564438	0.21829253099137083	14.145999964635001	2.6589999734100003
460	7536640	10	4.0	4.898979485566356	10.0	0.0	10	7.0	4.58257569495584	10.0	0.0	-0.008876179054201858	-2.325464479382989	0.25247041901737605	11.893249970266876	17.576999824230004
464	7602176	10	5.0	5.0	10.0	0.0	10	9.0	3.0	10.0	0.0	-0.007921419451206693	-2.362284684928553	0.1993779464572357	12.438499968903752	11.878999881210001
468	7667712	10	4.0	4.898979485566356	10.0	0.0	10	8.0	4.0	10.0	0.0	-0.00800847561102525	-2.325505917028738	0.22710516379022228	10.659499973351252	19.375999806240003
472	7733248	10	6.0	4.898979485566356	10.0	0.0	10	9.0	3.0	10.0	0.0	-0.008197731284230418	-2.318325673298941	0.24150081442016044	12.706249968234376	18.014999819850004
476	7798784	10	6.0	4.898979485566356	10.0	0.0	10	7.0	4.58257569495584	10.0	0.0	-0.007853112773258451	-2.31513245876356	0.15816519951042052	12.522499968693749	28.423999715760004
480	7864320	10	8.0	4.0	10.0	0.0	10	8.0	4.0	10.0	0.0	-0.008066675801949504	-2.333838345860719	0.29443057111191423	12.067999969830002	13.068999869310003
484	7929856	10	5.0	5.0	10.0	0.0	10	8.0	4.0	10.0	0.0	-0.006877907344956465	-2.3767884470530105	0.18704255024195923	12.5809999685475	25.655999743440002
488	7995392	10	7.0	4.58257569495584	10.0	0.0	10	8.0	4.0	10.0	0.0	-0.007290896638701229	-2.3372941983291673	0.21929721128394702	11.823999970440001	17.343999826560005
492	8060928	10	4.0	4.898979485566356	10.0	0.0	10	7.0	4.58257569495584	10.0	0.0	-0.007489888814060423	-2.349867728604474	0.19358416054864844	12.813749967965624	27.587999724120007
496	8126464	10	6.0	4.898979485566356	10.0	0.0	10	6.0	4.898979485566356	10.0	0.0	-0.006972052675217255	-2.3654182824015297	0.18762186749746543	13.643249965891876	29.241999707580007
500	8192000	10	4.0	4.898979485566356	10.0	0.0	10	6.0	4.898979485566356	10.0	0.0	-0.008049491251232579	-2.34406174943269	0.14771042696679526	12.460749968848127	28.510999714890005
504	8257536	10	2.0	4.0	10.0	0.0	10	6.0	4.898979485566356	10.0	0.0	-0.007092844832357185	-2.399267084646641	0.14764250370998536	12.015749969960625	31.173999688260004
508	8323072	10	7.0	4.58257569495584	10.0	0.0	10	3.0	4.58257569495584	10.0	0.0	-0.006938498987927823	-2.376455443353266	0.15493807482160982	12.521999968695	27.897999721020003
512	8388608	10	5.0	5.0	10.0	0.0	10	8.0	4.0	10.0	0.0	-0.008121674653984704	-2.3241490272246748	0.18836043718792395	13.42799996643	16.974999830250002
516	8454144	10	9.0	3.0	10.0	0.0	10	7.0	4.58257569495584	10.0	0.0	-0.006619157603601608	-2.3674470456955383	0.12990526085297607	13.119749967200626	26.924999730750006
520	8519680	10	3.0	4.58257569495584	10.0	0.0	10	8.0	4.0	10.0	0.0	-0.007622279643140853	-2.3342145356091257	0.23729033936447727	12.582749968543125	28.602999713970007
524	8585216	10	6.0	4.898979485566356	10.0	0.0	10	7.0	4.58257569495584	10.0	0.0	-0.006872752013695856	-2.382975533356395	0.1640456603513892	12.93449996766375	27.915999720840006
528	8650752	10	8.0	4.0	10.0	0.0	10	8.0	4.0	10.0	0.0	-0.0076463812430340485	-2.3729502754918514	0.18978950643176745	12.26649996933375	29.293999707060006
532	8716288	10	8.0	4.0	10.0	0.0	10	9.0	3.0	10.0	0.0	-0.007878769629706728	-2.3667353587864137	0.18003515517015947	12.981499967546249	5.654999943450001
536	8781824	10	7.0	4.58257569495584	10.0	0.0	10	6.0	4.898979485566356	10.0	0.0	-0.007590035708257371	-2.3580487566716872	0.19079126881310748	13.054249967364376	13.32799986672
540	8847360	10	7.0	4.58257569495584	10.0	0.0	10	9.0	3.0	10.0	0.0	-0.007129271649789007	-2.3846048461893754	0.18641644015829048	12.046749969883125	5.095999949040001
544	8912896	10	5.0	5.0	10.0	0.0	10	9.0	3.0	10.0	0.0	-0.007745881212437032	-2.3723238455764886	0.2384688982025978	12.327249969181874	12.125999878740002
548	8978432	10	6.0	4.898979485566356	10.0	0.0	10	7.0	4.58257569495584	10.0	0.0	-0.007504244210522775	-2.391645682105638	0.2088172542645076	13.33849996665375	23.169999768300006
552	9043968	10	5.0	5.0	10.0	0.0	10	8.0	4.0	10.0	0.0	-0.007195781983539305	-2.384492285301256	0.15669969048581406	12.8549999678625	15.504999844950003
556	9109504	10	4.0	4.898979485566356	10.0	0.0	10	8.0	4.0	10.0	0.0	-0.007770797435820584	-2.379871805261028	0.21662170228154515	12.654749968363125	13.571999864280002
560	9175040	10	5.0	5.0	10.0	0.0	10	6.0	4.898979485566356	10.0	0.0	-0.008364347497604598	-2.3282893496313304	0.19223147036911228	13.984749965038125	22.572999774270006
564	9240576	10	7.0	4.58257569495584	10.0	0.0	10	8.0	4.0	10.0	0.0	-0.007227705144492143	-2.3678228728490227	0.13597826941540256	11.929749970175624	10.897999891020001
568	9306112	10	8.0	4.0	10.0	0.0	10	8.0	4.0	10.0	0.0	-0.007877167905248348	-2.3801821343604916	0.2060203098011734	13.110999967222499	9.704999902950002
572	9371648	10	7.0	4.58257569495584	10.0	0.0	10	5.0	5.0	10.0	0.0	-0.0067748537954297645	-2.399486159034963	0.14112454802656124	12.937749967655627	14.273999857260002
576	9437184	10	7.0	4.58257569495584	10.0	0.0	10	6.0	4.898979485566356	10.0	0.0	-0.006567773284812371	-2.374219491830513	0.16063060101466292	12.727749968180625	18.357999816420005
580	9502720	10	7.0	4.58257569495584	10.0	0.0	10	8.0	4.0	10.0	0.0	-0.005677007761444776	-2.380864483366756	0.11165020389599924	13.080749967298125	15.699999843000002
584	9568256	10	6.0	4.898979485566356	10.0	0.0	10	8.0	4.0	10.0	0.0	-0.006743332287952401	-2.3540864882401187	0.1491709546961966	12.875249967811875	12.752999872470003
588	9633792	10	6.0	4.898979485566356	10.0	0.0	10	10.0	0.0	10.0	10.0	-0.0069140342595420574	-2.3309583288983315	0.19871690285184782	12.86449996783875	18.299999817000003
592	9699328	10	8.0	4.0	10.0	0.0	10	5.0	5.0	10.0	0.0	-0.005906014309697247	-2.330165539935891	0.13794528891370111	13.154999967112502	22.39699977603
596	9764864	10	6.0	4.898979485566356	10.0	0.0	10	8.0	4.0	10.0	0.0	-0.007582942864669203	-2.3747388469686017	0.14562429781107125	13.500499966248753	13.152999868470003
600	9830400	10	4.0	4.898979485566356	10.0	0.0	10	9.0	3.0	10.0	0.0	-0.007003473261524542	-2.3211968240704186	0.19864622695475362	12.281999969295	18.589999814100004
604	9895936	10	6.0	4.898979485566356	10.0	0.0	10	7.0	4.58257569495584	10.0	0.0	-0.008102980104381713	-2.3243103397451623	0.16459043586153926	11.790499970523753	23.289999767100003
608	9961472	10	8.0	4.0	10.0	0.0	10	8.0	4.0	10.0	0.0	-0.007874900944836009	-2.34333962426015	0.14926088976205523	11.983749970040625	19.846999801530004
612	10027008	10	6.0	4.898979485566356	10.0	0.0	10	10.0	0.0	10.0	10.0	-0.007171968526119517	-2.289085594077877	0.10318625321468226	11.22799997193	17.906999820930004
616	10092544	10	5.0	5.0	10.0	0.0	10	8.0	4.0	10.0	0.0	-0.006971856146751478	-2.330780068790515	0.13461311780997592	13.221249966946875	24.870999751290004
620	10158080	10	2.0	4.0	10.0	0.0	10	9.0	3.0	10.0	0.0	-0.006407090551813641	-2.3653064293185664	0.15212556702673283	12.846249967884376	16.871999831280004
624	10223616	10	6.0	4.898979485566356	10.0	0.0	10	9.0	3.0	10.0	0.0	-0.006102054929792256	-2.3786564839388724	0.17445146321674926	11.542249971144376	15.718999842810002
628	10289152	10	5.0	5.0	10.0	0.0	10	5.0	5.0	10.0	0.0	-0.006398710465207059	-2.3553423953583086	0.15767800197070217	12.128249969679375	25.707999742920002
632	10354688	10	8.0	4.0	10.0	0.0	10	10.0	0.0	10.0	10.0	-0.006455277905777009	-2.3774337443219697	0.1618188048233907	13.065249967336873	4.822999951770001
636	10420224	10	6.0	4.898979485566356	10.0	0.0	10	6.0	4.898979485566356	10.0	0.0	-0.0072353795832635235	-2.3944769524027114	0.1744056563487522	13.053749967365626	26.322999736770004
640	10485760	10	4.0	4.898979485566356	10.0	0.0	10	7.0	4.58257569495584	10.0	0.0	-0.007458308655088738	-2.3757601824908288	0.2194571478529406	13.314999966712502	25.776999742230004
644	10551296	10	3.0	4.58257569495584	10.0	0.0	10	10.0	0.0	10.0	10.0	-0.006911736567910079	-2.3196687522101054	0.24822693478524338	11.599999971	11.581999884180002
648	10616832	10	5.0	5.0	10.0	0.0	10	7.0	4.58257569495584	10.0	0.0	-0.0066038645059752306	-2.3832807240387743	0.18862692943827164	12.852999967867502	3.393999966060001
652	10682368	10	4.0	4.898979485566356	10.0	0.0	10	9.0	3.0	10.0	0.0	-0.007541588147859853	-2.3395618570394108	0.21899201284054617	13.05599996736	27.511999724880006
656	10747904	10	5.0	5.0	10.0	0.0	10	7.0	4.58257569495584	10.0	0.0	-0.006886770722495604	-2.3119958810583445	0.212733793515904	12.014499969963753	26.551999734480003
660	10813440	10	3.0	4.58257569495584	10.0	0.0	10	10.0	0.0	10.0	10.0	-0.006340694457873831	-2.350817615542311	0.12383982553408984	12.971249967571875	17.879999821200002
664	10878976	10	6.0	4.898979485566356	10.0	0.0	10	10.0	0.0	10.0	10.0	-0.006534034404999123	-2.321457040564793	0.2267640567303668	11.660749970848123	16.35099983649
668	10944512	10	7.0	4.58257569495584	10.0	0.0	10	9.0	3.0	10.0	0.0	-0.0073266273822454086	-2.3683456502871323	0.19230376740777042	11.599499971001249	17.843999821560004
672	11010048	10	7.0	4.58257569495584	10.0	0.0	10	7.0	4.58257569495584	10.0	0.0	-0.007366772374088758	-2.3313024488643257	0.2293954445586315	11.2929999717675	33.67799966322
676	11075584	10	7.0	4.58257569495584	10.0	0.0	10	8.0	4.0	10.0	0.0	-0.006786028482768215	-2.3552674375504576	0.22772823364895675	12.149749969625624	23.896999761030003
680	11141120	10	4.0	4.898979485566356	10.0	0.0	10	10.0	0.0	10.0	10.0	-0.0076420755398958744	-2.3753523426760497	0.1924283954036831	12.987499967531251	17.094999829050003
684	11206656	10	6.0	4.898979485566356	10.0	0.0	10	7.0	4.58257569495584	10.0	0.0	-0.006496464862044325	-2.3324148255143844	0.23968700301509796	12.77749996805625	24.674999753250006
688	11272192	10	4.0	4.898979485566356	10.0	0.0	10	8.0	4.0	10.0	0.0	-0.007332618185040256	-2.3802381155395644	0.21710972594319222	13.339249966651876	13.796999862030003
692	11337728	10	5.0	5.0	10.0	0.0	10	7.0	4.58257569495584	10.0	0.0	-0.007042758153929791	-2.3817859860760486	0.19312882669741804	12.941999967645	16.79099983209
696	11403264	10	7.0	4.58257569495584	10.0	0.0	10	4.0	4.898979485566356	10.0	0.0	-0.006672912933847693	-2.310796228307183	0.2754605961676596	13.071249967321874	13.293999867060002
700	11468800	10	7.0	4.58257569495584	10.0	0.0	10	8.0	4.0	10.0	0.0	-0.00693277319491181	-2.3500223008330487	0.19683742078764746	14.019249964951877	26.43199973568
704	11534336	10	8.0	4.0	10.0	0.0	10	5.0	5.0	10.0	0.0	-0.006826958110242616	-2.351605732990718	0.24199476028444866	13.686999965782501	17.82499982175
708	11599872	10	4.0	4.898979485566356	10.0	0.0	10	7.0	4.58257569495584	10.0	0.0	-0.006945933141836999	-2.3486532516814527	0.2014799897038671	12.779999968050001	30.481999695180004
712	11665408	10	5.0	5.0	10.0	0.0	10	7.0	4.58257569495584	10.0	0.0	-0.007308209493654709	-2.332288702086053	0.1717854453227043	12.9209999676975	23.675999763240004
716	11730944	10	8.0	4.0	10.0	0.0	10	8.0	4.0	10.0	0.0	-0.0071936019441419365	-2.3371392560550897	0.20127221101661033	14.28649996428375	9.97899990021
720	11796480	10	2.0	4.0	10.0	0.0	10	9.0	3.0	10.0	0.0	-0.007221180200309639	-2.329629127935291	0.17661989206781492	14.25149996437125	10.363999896360003
724	11862016	10	5.0	5.0	10.0	0.0	10	7.0	4.58257569495584	10.0	0.0	-0.007315654719146053	-2.331735330080489	0.1655536509567404	13.309999966724998	19.072999809270005
728	11927552	10	3.0	4.58257569495584	10.0	0.0	10	9.0	3.0	10.0	0.0	-0.0063977579768718425	-2.2941283680592406	0.175015799682983	13.66249996584375	1.9619999803800003
732	11993088	10	6.0	4.898979485566356	10.0	0.0	10	8.0	4.0	10.0	0.0	-0.006321749741445535	-2.3212487471665932	0.16040107268566212	12.72949996817625	30.110999698890005
736	12058624	10	6.0	4.898979485566356	10.0	0.0	10	8.0	4.0	10.0	0.0	-0.006932532692983538	-2.3255630083443193	0.18598577378243006	13.123249967191876	20.975999790240003
740	12124160	10	3.0	4.58257569495584	10.0	0.0	10	7.0	4.58257569495584	10.0	0.0	-0.006905788079659392	-2.3427456018868535	0.24493613743465797	11.748749970628126	32.94299967057
744	12189696	10	6.0	4.898979485566356	10.0	0.0	10	9.0	3.0	10.0	0.0	-0.00636615884705334	-2.379841347287551	0.14586988295616402	11.327749971680625	18.117999818820003
748	12255232	10	5.0	5.0	10.0	0.0	10	6.0	4.898979485566356	10.0	0.0	-0.006509593992863701	-2.352334019793411	0.20819936108469336	12.382749969043125	11.010999889890002
752	12320768	10	4.0	4.898979485566356	10.0	0.0	10	8.0	4.0	10.0	0.0	-0.007123200088715289	-2.39754424219191	0.1434350149789425	12.697999968255	14.534999854650003
756	12386304	10	4.0	4.898979485566356	10.0	0.0	10	9.0	3.0	10.0	0.0	-0.007170934758061801	-2.37932059144031	0.1484363209301584	12.38949996902625	18.198999818010005
760	12451840	10	7.0	4.58257569495584	10.0	0.0	10	6.0	4.898979485566356	10.0	0.0	-0.006152363483696434	-2.325462134933628	0.20720785885132617	12.295249969261874	19.790999802090003
764	12517376	10	8.0	4.0	10.0	0.0	10	6.0	4.898979485566356	10.0	0.0	-0.006892407477192981	-2.31900613234126	0.1588194886212265	12.76749996808125	22.17699977823
768	12582912	10	5.0	5.0	10.0	0.0	10	7.0	4.58257569495584	10.0	0.0	-0.006025462143931286	-2.310234419760857	0.24246571008694728	12.881749967795626	15.177999848220002
772	12648448	10	6.0	4.898979485566356	10.0	0.0	10	9.0	3.0	10.0	0.0	-0.006598688494017765	-2.342687618985128	0.1647064471833823	13.205999966984999	14.227999857720002
776	12713984	10	8.0	4.0	10.0	0.0	10	8.0	4.0	10.0	0.0	-0.006580202256293905	-2.3642736745398123	0.131917310476842	11.466999971332498	27.394999726050003
780	12779520	10	5.0	5.0	10.0	0.0	10	6.0	4.898979485566356	10.0	0.0	-0.007263327077302874	-2.334577771281403	0.12816750514926206	11.76749997058125	26.504999734950005
784	12845056	10	3.0	4.58257569495584	10.0	0.0	10	8.0	4.0	10.0	0.0	-0.006999013271705176	-2.3443773311914744	0.112397934259625	12.0849999697875	16.99299983007
788	12910592	10	6.0	4.898979485566356	10.0	0.0	10	7.0	4.58257569495584	10.0	0.0	-0.007581536103133052	-2.346639320009884	0.11582883457843657	11.742249970644373	15.733999842660003
792	12976128	10	6.0	4.898979485566356	10.0	0.0	10	7.0	4.58257569495584	10.0	0.0	-0.006813455122531169	-2.244624815647437	0.2163171518058255	12.430749968923125	24.575999754240005
796	13041664	10	7.0	4.58257569495584	10.0	0.0	10	9.0	3.0	10.0	0.0	-0.006219730755481249	-2.3412595190152534	0.15369129738100795	12.54799996863	12.076999879230002
800	13107200	10	8.0	4.0	10.0	0.0	10	7.0	4.58257569495584	10.0	0.0	-0.006463019960022491	-2.350074243797438	0.16925209316524625	13.499249966251874	12.476999875230002
804	13172736	10	8.0	4.0	10.0	0.0	10	7.0	4.58257569495584	10.0	0.0	-0.007213020264777886	-2.368261769167254	0.1954985194015011	13.928749965178124	1.7489999825100004
808	13238272	10	6.0	4.898979485566356	10.0	0.0	10	6.0	4.898979485566356	10.0	0.0	-0.006431359656377693	-2.4237356978116957	0.13793813606529048	12.427749968930625	15.627999843720003
812	13303808	10	8.0	4.0	10.0	0.0	10	9.0	3.0	10.0	0.0	-0.007466934783052656	-2.3614776852253883	0.19769605867988868	11.975999970060002	13.216999867830003
816	13369344	10	6.0	4.898979485566356	10.0	0.0	10	5.0	5.0	10.0	0.0	-0.007723246525634237	-2.340150773281472	0.15467733197476058	11.618749970953123	17.752999822470002
820	13434880	10	6.0	4.898979485566356	10.0	0.0	10	8.0	4.0	10.0	0.0	-0.006976165639450908	-2.321692168470773	0.1595715728499792	11.515249971211876	15.524999844750003
824	13500416	10	5.0	5.0	10.0	0.0	10	8.0	4.0	10.0	0.0	-0.007499827073668432	-2.3675492626942636	0.1962372644910445	13.9969999650075	13.155999868440002
828	13565952	10	8.0	4.0	10.0	0.0	10	4.0	4.898979485566356	10.0	0.0	-0.006027696942185654	-2.3233119743629125	0.15042901053078608	12.427749968930625	18.385999816140004
832	13631488	10	5.0	5.0	10.0	0.0	10	8.0	4.0	10.0	0.0	-0.005982507691425303	-2.3097223736423333	0.14369591370590765	12.357749969105624	19.917999800820002
836	13697024	10	3.0	4.58257569495584	10.0	0.0	10	6.0	4.898979485566356	10.0	0.0	-0.006371601651399255	-2.3504362699921315	0.1662647832244668	11.609249970976874	24.449999755500002
840	13762560	10	6.0	4.898979485566356	10.0	0.0	10	7.0	4.58257569495584	10.0	0.0	-0.006718539799504023	-2.3163159412713017	0.18198560657567522	12.719749968200624	17.785999822140003
844	13828096	10	8.0	4.0	10.0	0.0	10	10.0	0.0	10.0	10.0	-0.006827137560823216	-2.3525219110184112	0.13409809720236934	12.583249968541876	13.588999864110002
848	13893632	10	6.0	4.898979485566356	10.0	0.0	10	10.0	0.0	10.0	10.0	-0.006730156945100902	-2.3397864597585354	0.15631641991127557	12.802749967993124	17.866999821330005
852	13959168	10	7.0	4.58257569495584	10.0	0.0	10	8.0	4.0	10.0	0.0	-0.006875314686002838	-2.3361115155170764	0.16228569646538107	12.349249969126875	10.327999896720002
856	14024704	10	6.0	4.898979485566356	10.0	0.0	10	9.0	3.0	10.0	0.0	-0.0068619291504371654	-2.3127734286164126	0.18795067962474318	12.57649996855875	14.587999854120001
860	14090240	10	6.0	4.898979485566356	10.0	0.0	10	9.0	3.0	10.0	0.0	-0.006367229596378285	-2.3348317243210226	0.1573858940809934	11.90349997024125	29.344999706550002
864	14155776	10	8.0	4.0	10.0	0.0	10	10.0	0.0	10.0	10.0	-0.006818192481556035	-2.33872844751156	0.17910718923742	11.900749970248123	1.3729999862700002
868	14221312	10	5.0	5.0	10.0	0.0	10	7.0	4.58257569495584	10.0	0.0	-0.007246844661346283	-2.3012847674476036	0.18808943527964492	11.716999970707501	13.567999864320003
872	14286848	10	4.0	4.898979485566356	10.0	0.0	10	8.0	4.0	10.0	0.0	-0.0069708433358770085	-2.3170191419691273	0.1470351056818736	12.47199996882	23.571999764280005
876	14352384	10	4.0	4.898979485566356	10.0	0.0	10	8.0	4.0	10.0	0.0	-0.0067476263956394575	-2.3867838529246326	0.1373436613796636	13.425249966436876	23.464999765350004
880	14417920	10	5.0	5.0	10.0	0.0	10	6.0	4.898979485566356	10.0	0.0	-0.006297925052372511	-2.321980563060962	0.12935048262793483	12.78949996802625	2.6129999738700005
884	14483456	10	7.0	4.58257569495584	10.0	0.0	10	8.0	4.0	10.0	0.0	-0.006770603890397868	-2.3147145507308684	0.16387318197172546	12.220749969448127	16.91499983085
888	14548992	10	7.0	4.58257569495584	10.0	0.0	10	8.0	4.0	10.0	0.0	-0.007020641457101412	-2.3176622413168104	0.15532666749720803	11.844249970389376	15.025999849740002
892	14614528	10	5.0	5.0	10.0	0.0	10	9.0	3.0	10.0	0.0	-0.0066691723397854395	-2.2852371307813875	0.11213743429394218	12.782249968044377	13.154999868450002
896	14680064	10	5.0	5.0	10.0	0.0	10	8.0	4.0	10.0	0.0	-0.006055808526046421	-2.3199236216711383	0.15371272365979308	11.989249970026874	27.327999726720005
900	14745600	10	8.0	4.0	10.0	0.0	10	8.0	4.0	10.0	0.0	-0.006453477485830142	-2.2882772110502487	0.1254477546186828	11.856749970358125	15.693999843060004
904	14811136	10	7.0	4.58257569495584	10.0	0.0	10	7.0	4.58257569495584	10.0	0.0	-0.006296771626341204	-2.316717177388146	0.1321367843249385	11.809999970475001	18.037999819620005
908	14876672	10	3.0	4.58257569495584	10.0	0.0	10	7.0	4.58257569495584	10.0	0.0	-0.006031144075049485	-2.3463707389970274	0.15468647263419374	11.85449997036375	19.013999809860003
912	14942208	10	6.0	4.898979485566356	10.0	0.0	10	9.0	3.0	10.0	0.0	-0.006085695589084016	-2.356445950520941	0.15595333431775082	11.204999971987501	30.588999694110004
916	15007744	10	6.0	4.898979485566356	10.0	0.0	10	7.0	4.58257569495584	10.0	0.0	-0.005803936689215874	-2.289766274154087	0.15914013157493168	12.545999968635	21.16199978838
920	15073280	10	8.0	4.0	10.0	0.0	10	10.0	0.0	10.0	10.0	-0.006683804552480512	-2.3169683414270956	0.17370532753930554	10.914999972712499	20.009999799900005
924	15138816	10	7.0	4.58257569495584	10.0	0.0	10	9.0	3.0	10.0	0.0	-0.006400603234033275	-2.2606481857726513	0.08292727920449469	10.889749972775624	21.138999788610004
928	15204352	10	6.0	4.898979485566356	10.0	0.0	10	5.0	5.0	10.0	0.0	-0.0062186511755690805	-2.317442707476018	0.1284336933421917	10.975749972560624	21.413999785860003
932	15269888	10	6.0	4.898979485566356	10.0	0.0	10	9.0	3.0	10.0	0.0	-0.006391109990182798	-2.329707289492798	0.1421243416113813	11.89599997026	30.511999694880004
936	15335424	10	6.0	4.898979485566356	10.0	0.0	10	9.0	3.0	10.0	0.0	-0.005273340514331143	-2.312438994405193	0.17882472624070828	12.779999968050001	22.737999772620004
940	15400960	10	6.0	4.898979485566356	10.0	0.0	10	10.0	0.0	10.0	10.0	-0.007307135479850114	-2.333658925945856	0.1785509048309451	10.43149997392125	19.08299980917
944	15466496	10	5.0	5.0	10.0	0.0	10	9.0	3.0	10.0	0.0	-0.005838519432167807	-2.331673373535778	0.1547584766748894	11.727249970681875	16.509999834900004
948	15532032	10	6.0	4.898979485566356	10.0	0.0	10	10.0	0.0	10.0	10.0	-0.007217138362199635	-2.2829028117265504	0.1942864094348029	12.964749967588126	10.623999893760002
952	15597568	10	6.0	4.898979485566356	10.0	0.0	10	8.0	4.0	10.0	0.0	-0.0068308940480022165	-2.253786280516459	0.20142186345607477	14.868249962829376	12.281999877180002
956	15663104	10	8.0	4.0	10.0	0.0	10	7.0	4.58257569495584	10.0	0.0	-0.007006101780035266	-2.3031733927711793	0.16573396160403542	12.961999967595	13.431999865680002
960	15728640	10	5.0	5.0	10.0	0.0	10	10.0	0.0	10.0	10.0	-0.005976904041122407	-2.3245126403930354	0.15757859469457386	11.19649997200875	10.589999894100002
964	15794176	10	7.0	4.58257569495584	10.0	0.0	10	10.0	0.0	10.0	10.0	-0.007226575900105965	-2.305180492260341	0.14441442103949143	11.382749971543127	2.89599997104
968	15859712	10	5.0	5.0	10.0	0.0	10	9.0	3.0	10.0	0.0	-0.005832262778008361	-2.2657993930204845	0.19779311723809428	12.766249968084376	12.065999879340003
972	15925248	10	8.0	4.0	10.0	0.0	10	9.0	3.0	10.0	0.0	-0.0069233623718965185	-2.308794148025816	0.22026343804352352	13.333249966666875	12.912999870870003
976	15990784	10	5.0	5.0	10.0	0.0	10	7.0	4.58257569495584	10.0	0.0	-0.0070685427386013135	-2.279164592187615	0.17615688466184198	12.686499968283751	15.794999842050002
980	16056320	10	6.0	4.898979485566356	10.0	0.0	10	9.0	3.0	10.0	0.0	-0.006354062978612625	-2.2466325732712185	0.2503279320790134	12.295249969261874	12.985999870140002
984	16121856	10	6.0	4.898979485566356	10.0	0.0	10	9.0	3.0	10.0	0.0	-0.0071492246405322	-2.2967459184519137	0.1669876158529173	12.37149996907125	15.806999841930002
988	16187392	10	6.0	4.898979485566356	10.0	0.0	10	8.0	4.0	10.0	0.0	-0.006970058070875622	-2.317731874443062	0.15658529788021577	12.368749969078126	14.434999855650004
992	16252928	10	3.0	4.58257569495584	10.0	0.0	10	7.0	4.58257569495584	10.0	0.0	-0.005981485058008055	-2.2675956783316784	0.12100106127231032	12.069249969826876	12.207999877920003
996	16318464	10	7.0	4.58257569495584	10.0	0.0	10	7.0	4.58257569495584	10.0	0.0	-0.005729816118531517	-2.298570583024598	0.17714505997814237	12.284749969288125	26.267999737320004
1000	16384000	10	4.0	4.898979485566356	10.0	0.0	10	9.0	3.0	10.0	0.0	-0.006901898634056283	-2.259765041135794	0.16054079912793245	13.153249967116874	13.716999862830002
1004	16449536	10	6.0	4.898979485566356	10.0	0.0	10	7.0	4.58257569495584	10.0	0.0	-0.0069790942111776525	-2.240359879796784	0.2064170705249961	11.946749970133126	26.403999735960003
1008	16515072	10	7.0	4.58257569495584	10.0	0.0	10	8.0	4.0	10.0	0.0	-0.005979623557609683	-2.313553380228486	0.1695773017726526	12.0169999699575	17.92199982078
1012	16580608	10	7.0	4.58257569495584	10.0	0.0	10	9.0	3.0	10.0	0.0	-0.005834078396218024	-2.2795948880523116	0.1604513282875721	10.90349997274125	11.760999882390001
1016	16646144	10	5.0	5.0	10.0	0.0	10	9.0	3.0	10.0	0.0	-0.005323715432244712	-2.2959301146460116	0.18564886543518136	11.009999972475002	18.405999815940003
1020	16711680	10	6.0	4.898979485566356	10.0	0.0	10	8.0	4.0	10.0	0.0	-0.005981034537988589	-2.3281806059240027	0.1390275149849399	11.863499970341252	11.644999883550001
1024	16777216	10	4.0	4.898979485566356	10.0	0.0	10	9.0	3.0	10.0	0.0	-0.007271761210935268	-2.2853880969289535	0.2283798116021381	13.228249966929374	10.199999898000002
1028	16842752	10	9.0	3.0	10.0	0.0	10	10.0	0.0	10.0	10.0	-0.006469286851454298	-2.307534535485543	0.16988923918859244	13.670749965823125	2.6299999737000004
1032	16908288	10	8.0	4.0	10.0	0.0	10	9.0	3.0	10.0	0.0	-0.0060425885718734754	-2.3203364459243367	0.15918042031786958	10.88949997277625	21.510999784890004
1036	16973824	10	7.0	4.58257569495584	10.0	0.0	10	8.0	4.0	10.0	0.0	-0.00718323402468494	-2.2805446309455903	0.18931408860921756	11.01999997245	20.907999790920005
1040	17039360	10	3.0	4.58257569495584	10.0	0.0	10	7.0	4.58257569495584	10.0	0.0	-0.007094202346574229	-2.3272796792347896	0.12834386968579606	11.11849997220375	30.619999693800008
1044	17104896	10	7.0	4.58257569495584	10.0	0.0	10	6.0	4.898979485566356	10.0	0.0	-0.006073756196175076	-2.3360016542226596	0.10296608535664475	11.099249972251876	26.109999738900004
1048	17170432	10	7.0	4.58257569495584	10.0	0.0	10	8.0	4.0	10.0	0.0	-0.005788903229286294	-2.2850926416718864	0.12163532508511901	10.726999973182501	5.0729999492700015
1052	17235968	10	7.0	4.58257569495584	10.0	0.0	10	9.0	3.0	10.0	0.0	-0.0052370703628186535	-2.3016120664861384	0.15741397074025765	13.167249967081876	13.089999869100001
1056	17301504	10	9.0	3.0	10.0	0.0	10	8.0	4.0	10.0	0.0	-0.005861643087575416	-2.351745577904981	0.1509714569583977	12.057249969856874	2.1819999781800004
1060	17367040	10	3.0	4.58257569495584	10.0	0.0	10	8.0	4.0	10.0	0.0	-0.006008078069479367	-2.346201660488032	0.15709413671781866	10.886249972784375	17.50599982494
1064	17432576	10	4.0	4.898979485566356	10.0	0.0	10	8.0	4.0	10.0	0.0	-0.0055730555123121766	-2.354596351338528	0.1872066620852748	12.3189999692025	27.409999725900004
1068	17498112	10	10.0	0.0	10.0	10.0	10	8.0	4.0	10.0	0.0	-0.006517454719190518	-2.314775439359027	0.20222233862372282	12.145749969635627	22.01599977984
1072	17563648	10	8.0	4.0	10.0	0.0	10	9.0	3.0	10.0	0.0	-0.006589787077772224	-2.3388082904167553	0.1871151816060191	11.464749971338124	13.938999860610002
1076	17629184	10	8.0	4.0	10.0	0.0	10	9.0	3.0	10.0	0.0	-0.006796669619284233	-2.3817748176557347	0.12462971414460526	12.150499969623752	22.54799977452
1080	17694720	10	8.0	4.0	10.0	0.0	10	7.0	4.58257569495584	10.0	0.0	-0.005745752204658788	-2.358107762786482	0.19601920904722897	12.180249969549374	13.730999862690002
1084	17760256	10	3.0	4.58257569495584	10.0	0.0	10	9.0	3.0	10.0	0.0	-0.006696537608058584	-2.363099852951577	0.18471800281759937	12.694249968264376	16.97099983029
1088	17825792	10	6.0	4.898979485566356	10.0	0.0	10	8.0	4.0	10.0	0.0	-0.00608822600222026	-2.3283041539349747	0.18488390485692868	11.627249970931876	27.787999722120006
1092	17891328	10	5.0	5.0	10.0	0.0	10	7.0	4.58257569495584	10.0	0.0	-0.0067340412854070865	-2.2876911160947064	0.165445237248045	12.219499969451252	25.994999740050005
1096	17956864	10	6.0	4.898979485566356	10.0	0.0	10	7.0	4.58257569495584	10.0	0.0	-0.0055679233792297585	-2.308661443251291	0.1651791110074691	12.420999968947502	26.727999732720004
1100	18022400	10	6.0	4.898979485566356	10.0	0.0	10	10.0	0.0	10.0	10.0	-0.00641708703848511	-2.2737771692490347	0.1784734583739546	11.480249971299376	20.045999799540002
1104	18087936	10	6.0	4.898979485566356	10.0	0.0	10	8.0	4.0	10.0	0.0	-0.005695568981549821	-2.283260501683337	0.25547502210496514	11.175749972060624	17.355999826440005
1108	18153472	10	7.0	4.58257569495584	10.0	0.0	10	7.0	4.58257569495584	10.0	0.0	-0.007293783109311902	-2.3093175264774266	0.18861932189101657	11.90849997022875	31.354999686450004
1112	18219008	10	3.0	4.58257569495584	10.0	0.0	10	8.0	4.0	10.0	0.0	-0.007348758446664756	-2.2660597361747286	0.29494545295245717	11.050749972373126	16.532999834670004
1116	18284544	10	8.0	4.0	10.0	0.0	10	10.0	0.0	10.0	10.0	-0.006192384522325881	-2.3106680336174454	0.20096750873531105	12.326749969183124	13.793999862060003
1120	18350080	10	9.0	3.0	10.0	0.0	10	8.0	4.0	10.0	0.0	-0.007040413665763763	-2.28142072236615	0.13746450393736193	13.281249966796874	1.7659999823400003
1124	18415616	10	4.0	4.898979485566356	10.0	0.0	10	5.0	5.0	10.0	0.0	-0.006947957577604847	-2.300262974956433	0.12726452425348792	12.107749969730625	25.788999742110004
1128	18481152	10	6.0	4.898979485566356	10.0	0.0	10	8.0	4.0	10.0	0.0	-0.006720358808309933	-2.2790967347830726	0.15813562303376025	13.157249967106875	24.183999758160006
1132	18546688	10	8.0	4.0	10.0	0.0	10	8.0	4.0	10.0	0.0	-0.00687916659615328	-2.3122492628867852	0.14507016010313062	13.091249967271875	17.560999824390002
1136	18612224	10	8.0	4.0	10.0	0.0	10	10.0	0.0	10.0	10.0	-0.005062855440052595	-2.278103733818852	0.1447736593588634	12.535749968660625	15.190999848090003
1140	18677760	10	6.0	4.898979485566356	10.0	0.0	10	9.0	3.0	10.0	0.0	-0.006920687045937808	-2.3055599726818445	0.13468994136738452	12.104249969739374	19.374999806250003
1144	18743296	10	6.0	4.898979485566356	10.0	0.0	10	9.0	3.0	10.0	0.0	-0.006866943716171146	-2.265307172896927	0.1365849982494394	10.414249973964374	18.076999819230004
1148	18808832	10	6.0	4.898979485566356	10.0	0.0	10	8.0	4.0	10.0	0.0	-0.00588960426041508	-2.2872630479536085	0.19402191491018267	12.064999969837501	19.964999800350004
1152	18874368	10	4.0	4.898979485566356	10.0	0.0	10	7.0	4.58257569495584	10.0	0.0	-0.00547258289047011	-2.2922802987293767	0.1748617090257897	10.66249997334375	33.924999660750004
1156	18939904	10	8.0	4.0	10.0	0.0	10	9.0	3.0	10.0	0.0	-0.006231945157760104	-2.310186197119712	0.12490705096724385	11.985749970035627	13.13599986864
1160	19005440	10	6.0	4.898979485566356	10.0	0.0	10	8.0	4.0	10.0	0.0	-0.0055711187033271855	-2.312831682222567	0.1532108650460811	10.179249974551874	20.483999795160006
1164	19070976	10	7.0	4.58257569495584	10.0	0.0	10	10.0	0.0	10.0	10.0	-0.005815845443067303	-2.3039697580123057	0.1810164342756262	11.940249970149374	14.842999851570003
1168	19136512	10	7.0	4.58257569495584	10.0	0.0	10	9.0	3.0	10.0	0.0	-0.0058826014568023775	-2.298525303362789	0.13794589246893704	13.2509999668725	10.443999895560003
1172	19202048	10	4.0	4.898979485566356	10.0	0.0	10	8.0	4.0	10.0	0.0	-0.0059302698931067346	-2.2742956626033015	0.13172568414385125	13.7109999657225	11.136999888630003
1176	19267584	10	5.0	5.0	10.0	0.0	10	8.0	4.0	10.0	0.0	-0.006078910664022048	-2.2782163741798316	0.19235265113272304	12.756749968108126	15.175999848240002
1180	19333120	10	5.0	5.0	10.0	0.0	10	8.0	4.0	10.0	0.0	-0.007064150645593076	-2.3535464974773057	0.18159152177443974	11.2309999719225	29.218999707810006
1184	19398656	10	8.0	4.0	10.0	0.0	10	8.0	4.0	10.0	0.0	-0.005343302341669203	-2.3339247030568817	0.1594515309192541	11.3789999715525	5.077999949220001
1188	19464192	10	7.0	4.58257569495584	10.0	0.0	10	8.0	4.0	10.0	0.0	-0.006669585420152346	-2.336710298811374	0.1395804972708115	10.881499972796249	16.39099983609
1192	19529728	10	6.0	4.898979485566356	10.0	0.0	10	9.0	3.0	10.0	0.0	-0.007311529699863294	-2.312159090993357	0.19875572099763547	12.426249968934375	8.04299991957
1196	19595264	10	7.0	4.58257569495584	10.0	0.0	10	8.0	4.0	10.0	0.0	-0.006320273204688531	-2.3497352051274105	0.1376727965206543	13.679749965800626	10.627999893720002
1200	19660800	10	7.0	4.58257569495584	10.0	0.0	10	7.0	4.58257569495584	10.0	0.0	-0.0068254510035497	-2.2839441470906245	0.17706861356757134	13.018249967454373	15.027999849720002
1204	19726336	10	6.0	4.898979485566356	10.0	0.0	10	10.0	0.0	10.0	10.0	-0.005070359358268687	-2.3215579015578496	0.10259307097195818	11.65149997087125	19.0799998092
1208	19791872	10	5.0	5.0	10.0	0.0	10	8.0	4.0	10.0	0.0	-0.005240923816684769	-2.3004092969087604	0.11899646804980667	10.743749973140625	16.603999833960003
1212	19857408	10	4.0	4.898979485566356	10.0	0.0	10	10.0	0.0	10.0	10.0	-0.0064413027957279404	-2.305385383226735	0.11002532187867338	11.102499972243749	16.97899983021
1216	19922944	10	5.0	5.0	10.0	0.0	10	8.0	4.0	10.0	0.0	-0.00628957203475357	-2.3465950511435087	0.15852513302328927	12.037749969905626	28.629999713700002
1220	19988480	10	6.0	4.898979485566356	10.0	0.0	10	8.0	4.0	10.0	0.0	-0.00620831293231787	-2.316909449554537	0.1498038892788608	11.460249971349374	30.464999695350006
1224	20054016	10	6.0	4.898979485566356	10.0	0.0	10	9.0	3.0	10.0	0.0	-0.006044459795376538	-2.2861819811267416	0.1846238821164551	11.813749970465624	14.203999857960003
1228	20119552	10	3.0	4.58257569495584	10.0	0.0	10	10.0	0.0	10.0	10.0	-0.006573370974893322	-2.2885123389562287	0.22356867077759862	11.977249970056874	15.001999849980002
1232	20185088	10	6.0	4.898979485566356	10.0	0.0	10	10.0	0.0	10.0	10.0	-0.005856151910237968	-2.3196257251071626	0.13857689832135453	12.913999967715	1.7409999825900004
1236	20250624	10	5.0	5.0	10.0	0.0	10	8.0	4.0	10.0	0.0	-0.0066293010937206985	-2.3030018828893826	0.1900883794486575	11.571499971071251	17.883999821160003
1240	20316160	10	6.0	4.898979485566356	10.0	0.0	10	9.0	3.0	10.0	0.0	-0.006485629741222375	-2.310168842233977	0.15086699624836986	11.20549997198625	18.63299981367
1244	20381696	10	5.0	5.0	10.0	0.0	10	8.0	4.0	10.0	0.0	-0.007125448211673366	-2.2559288390114394	0.16142356324190746	11.389249971526874	21.70799978292
1248	20447232	10	2.0	4.0	10.0	0.0	10	8.0	4.0	10.0	0.0	-0.006472390513037712	-2.260660111668659	0.16764004771248414	10.621999973445	31.995999680040004
1252	20512768	10	6.0	4.898979485566356	10.0	0.0	10	9.0	3.0	10.0	0.0	-0.006182255715089254	-2.257231543226353	0.15212177972587335	10.900249972749375	29.606999703930004
1256	20578304	10	5.0	5.0	10.0	0.0	10	8.0	4.0	10.0	0.0	-0.007196530327906442	-2.294862871129678	0.15184640223130855	10.493749973765627	33.87699966123001
1260	20643840	10	4.0	4.898979485566356	10.0	0.0	10	9.0	3.0	10.0	0.0	-0.005770304522234964	-2.262370106838915	0.19700712964680522	10.897999972755	21.392999786070003
1264	20709376	10	5.0	5.0	10.0	0.0	10	7.0	4.58257569495584	10.0	0.0	-0.00642013592423429	-2.293808149555799	0.20720766412729788	10.43749997390625	31.687999683120005
1268	20774912	10	7.0	4.58257569495584	10.0	0.0	10	9.0	3.0	10.0	0.0	-0.006556738341941163	-2.2901009169815634	0.1663886717502553	10.800749972998126	19.420999805790004
1272	20840448	10	8.0	4.0	10.0	0.0	10	8.0	4.0	10.0	0.0	-0.006103501724859856	-2.2823679966337247	0.20000665058471537	11.617999970955001	15.412999845870003
1276	20905984	10	5.0	5.0	10.0	0.0	10	10.0	0.0	10.0	10.0	-0.006348235078445444	-2.300180375336417	0.19313068926495688	12.150499969623752	16.36499983635
1280	20971520	10	7.0	4.58257569495584	10.0	0.0	10	7.0	4.58257569495584	10.0	0.0	-0.006144334408687676	-2.252207353476523	0.1701856644957311	12.669999968325	23.138999768610002
1284	21037056	10	7.0	4.58257569495584	10.0	0.0	10	8.0	4.0	10.0	0.0	-0.005388718815735182	-2.273813197773271	0.17866549297547893	12.602999968492501	11.505999884940001
1288	21102592	10	8.0	4.0	10.0	0.0	10	6.0	4.898979485566356	10.0	0.0	-0.006497841137318075	-2.2640708682562853	0.15492358328712988	13.67199996582	20.742999792570004
1292	21168128	10	5.0	5.0	10.0	0.0	10	8.0	4.0	10.0	0.0	-0.006528972254502351	-2.269538315397522	0.16092379203252585	13.292749966768127	20.802999791970006
1296	21233664	10	7.0	4.58257569495584	10.0	0.0	10	7.0	4.58257569495584	10.0	0.0	-0.006775378894014768	-2.324959652877063	0.15882060838140194	13.439249966401874	5.268999947310001
1300	21299200	10	3.0	4.58257569495584	10.0	0.0	10	8.0	4.0	10.0	0.0	-0.007388801364098746	-2.280952704211895	0.18344807452163503	12.808749967978125	14.533999854660003
1304	21364736	10	6.0	4.898979485566356	10.0	0.0	10	7.0	4.58257569495584	10.0	0.0	-0.006915096447490211	-2.306172589220782	0.13234218068904965	11.7209999706975	28.404999715950005
1308	21430272	10	6.0	4.898979485566356	10.0	0.0	10	9.0	3.0	10.0	0.0	-0.006511470729117316	-2.319599238293143	0.17288826792252196	12.242749969393124	13.448999865510002
1312	21495808	10	5.0	5.0	10.0	0.0	10	8.0	4.0	10.0	0.0	-0.006745676271652034	-2.3158190297654953	0.1911472248800911	11.849249970376874	3.433999965660001
1316	21561344	10	7.0	4.58257569495584	10.0	0.0	10	9.0	3.0	10.0	0.0	-0.005758785030903192	-2.364202360065873	0.14280291517174593	12.727749968180625	15.315999846840004
1320	21626880	10	5.0	5.0	10.0	0.0	10	9.0	3.0	10.0	0.0	-0.006560197407375482	-2.270812774461396	0.1462032152187521	11.792499970518751	26.339999736600003
1324	21692416	10	6.0	4.898979485566356	10.0	0.0	10	8.0	4.0	10.0	0.0	-0.0067922584135480055	-2.3167652882705823	0.16095150982215803	11.954249970114375	15.119999848800001
1328	21757952	10	6.0	4.898979485566356	10.0	0.0	10	10.0	0.0	10.0	10.0	-0.006087908985109064	-2.314258378999762	0.178904438023446	12.61199996847	2.6459999735400004
1332	21823488	10	4.0	4.898979485566356	10.0	0.0	10	10.0	0.0	10.0	10.0	-0.0064051497362013245	-2.2602790691087566	0.24518461227967392	11.384249971539376	17.027999829720002
1336	21889024	10	6.0	4.898979485566356	10.0	0.0	10	8.0	4.0	10.0	0.0	-0.00601541128887921	-2.391091373810446	0.15023067444550212	11.789999970525	27.062999729370002
1340	21954560	10	6.0	4.898979485566356	10.0	0.0	10	10.0	0.0	10.0	10.0	-0.006369718375272405	-2.374198270093448	0.13088869115836949	12.022749969943124	13.498999865010003
1344	22020096	10	4.0	4.898979485566356	10.0	0.0	10	9.0	3.0	10.0	0.0	-0.006763506216786504	-2.3570957404899997	0.21109482418719935	12.522749968693125	19.961999800380003
1348	22085632	10	7.0	4.58257569495584	10.0	0.0	10	9.0	3.0	10.0	0.0	-0.0066025013553163555	-2.326412088926691	0.18430682813070617	11.485999971285	17.491999825080004
1352	22151168	10	7.0	4.58257569495584	10.0	0.0	10	10.0	0.0	10.0	10.0	-0.006168089141853567	-2.3097248074986614	0.14265089531029707	12.261749969345626	18.58099981419
1356	22216704	10	10.0	0.0	10.0	10.0	10	10.0	0.0	10.0	10.0	-0.006580906686618866	-2.3566741493869667	0.1667009088192335	12.294249969264374	12.272999877270001
1360	22282240	10	4.0	4.898979485566356	10.0	0.0	10	9.0	3.0	10.0	0.0	-0.006627045611737825	-2.323194434003428	0.17499453432897774	11.9089999702275	26.384999736150007
1364	22347776	10	5.0	5.0	10.0	0.0	10	8.0	4.0	10.0	0.0	-0.005547675359319277	-2.3484932703313652	0.12989166210759914	11.881499970296248	28.571999714280004
1368	22413312	10	7.0	4.58257569495584	10.0	0.0	10	10.0	0.0	10.0	10.0	-0.005862117155019038	-2.345911167317642	0.12300477788744073	11.776749970558125	2.5779999742200004
1372	22478848	10	7.0	4.58257569495584	10.0	0.0	10	8.0	4.0	10.0	0.0	-0.006280972214227062	-2.340720807268776	0.15541508547739788	13.191499967021251	23.630999763690003
1376	22544384	10	7.0	4.58257569495584	10.0	0.0	10	9.0	3.0	10.0	0.0	-0.006396469723707981	-2.2982932078431113	0.18657249202560527	12.996999967507499	11.320999886790002
1380	22609920	10	4.0	4.898979485566356	10.0	0.0	10	8.0	4.0	10.0	0.0	-0.005908277743695462	-2.2824320368574753	0.13735074641614925	13.753749965615626	12.265999877340002
1384	22675456	10	4.0	4.898979485566356	10.0	0.0	10	7.0	4.58257569495584	10.0	0.0	-0.007015609460598308	-2.3015179631696823	0.1334467748196245	12.34249996914375	24.559999754400003
1388	22740992	10	4.0	4.898979485566356	10.0	0.0	10	8.0	4.0	10.0	0.0	-0.007068976169821665	-2.3154218045445383	0.148200622433881	12.98799996753	22.276999777230003
1392	22806528	10	6.0	4.898979485566356	10.0	0.0	10	8.0	4.0	10.0	0.0	-0.006714033129565928	-2.3673588953929783	0.1634839060546035	13.85149996537125	2.7989999720100003
1396	22872064	10	5.0	5.0	10.0	0.0	10	9.0	3.0	10.0	0.0	-0.006590380298723043	-2.276147703092623	0.23125157440776775	10.427499973931251	20.224999797750005
1400	22937600	10	5.0	5.0	10.0	0.0	10	9.0	3.0	10.0	0.0	-0.00611084353959096	-2.283300705016234	0.1893147238488236	10.669749973325626	17.836999821630002
1404	23003136	10	5.0	5.0	10.0	0.0	10	8.0	4.0	10.0	0.0	-0.006778559468533453	-2.325845062490421	0.16062802074666513	11.678749970803127	34.180999658190004
1408	23068672	10	5.0	5.0	10.0	0.0	10	6.0	4.898979485566356	10.0	0.0	-0.006248544517758096	-2.265279700122742	0.10134712493077962	10.490749973773125	33.605999663940004
1412	23134208	10	6.0	4.898979485566356	10.0	0.0	10	8.0	4.0	10.0	0.0	-0.005995616466540596	-2.263344220581324	0.1707691266023552	10.444249973889375	34.62799965372
1416	23199744	10	9.0	3.0	10.0	0.0	10	5.0	5.0	10.0	0.0	-0.006513391860838969	-2.2294839369915143	0.1517839539094734	11.592749971018124	11.474999885250002
1420	23265280	10	6.0	4.898979485566356	10.0	0.0	10	9.0	3.0	10.0	0.0	-0.0059207085014245904	-2.2688106867294486	0.12735176069577156	11.46549997133625	18.12099981879
1424	23330816	10	4.0	4.898979485566356	10.0	0.0	10	9.0	3.0	10.0	0.0	-0.005962851718611145	-2.2389075853081875	0.1366185340499997	11.969749970075625	13.024999869750003
1428	23396352	10	7.0	4.58257569495584	10.0	0.0	10	9.0	3.0	10.0	0.0	-0.006374107901080264	-2.255481699867542	0.12176197771810102	12.094499969763751	27.003999729960007
1432	23461888	10	5.0	5.0	10.0	0.0	10	8.0	4.0	10.0	0.0	-0.006004316076825771	-2.235455016062255	0.17959367000800194	11.999749970000625	10.416999895830001
1436	23527424	10	6.0	4.898979485566356	10.0	0.0	10	10.0	0.0	10.0	10.0	-0.005654933451920132	-2.284371177117493	0.10981998337297716	12.987749967530625	14.403999855960002
1440	23592960	10	4.0	4.898979485566356	10.0	0.0	10	10.0	0.0	10.0	10.0	-0.006351148340344711	-2.2468907209877136	0.17339542521841145	12.27749996930625	15.017999849820002
1444	23658496	10	5.0	5.0	10.0	0.0	10	8.0	4.0	10.0	0.0	-0.005756363109570923	-2.2666981441401632	0.07976699344138137	11.969249970076875	14.659999853400002
1448	23724032	10	7.0	4.58257569495584	10.0	0.0	10	9.0	3.0	10.0	0.0	-0.005136600627106441	-2.2240311948128473	0.13022613186429668	11.971749970070626	15.057999849420002
1452	23789568	10	8.0	4.0	10.0	0.0	10	9.0	3.0	10.0	0.0	-0.005987071557666197	-2.2325339960713206	0.08653979099540725	12.012249969969375	14.024999859750002
1456	23855104	10	5.0	5.0	10.0	0.0	10	8.0	4.0	10.0	0.0	-0.005180667874271098	-2.221009408202877	0.13537699281535265	12.704999968237498	14.057999859420002
1460	23920640	10	5.0	5.0	10.0	0.0	10	9.0	3.0	10.0	0.0	-0.00508479703368505	-2.1555413229008265	0.1746347513799252	11.377999971555	17.34599982654
1464	23986176	10	4.0	4.898979485566356	10.0	0.0	10	9.0	3.0	10.0	0.0	-0.005329049475576221	-2.1902112163805363	0.15744558758945826	12.6129999684675	16.68299983317
1468	24051712	10	8.0	4.0	10.0	0.0	10	8.0	4.0	10.0	0.0	-0.005833785745076216	-2.2615853794046794	0.1286064427949323	11.778749970553125	15.877999841220003
1472	24117248	10	5.0	5.0	10.0	0.0	10	8.0	4.0	10.0	0.0	-0.00474653495086662	-2.3337986491673024	0.1105500853815754	11.31049997172375	14.844999851550003
1476	24182784	10	8.0	4.0	10.0	0.0	10	9.0	3.0	10.0	0.0	-0.00581003816175134	-2.2493393393994765	0.16240812137893862	12.7409999681475	11.125999888740001
1480	24248320	10	6.0	4.898979485566356	10.0	0.0	10	8.0	4.0	10.0	0.0	-0.005653007028151975	-2.253609577579987	0.1680626726999902	13.027999967429999	23.45499976545
1484	24313856	10	6.0	4.898979485566356	10.0	0.0	10	6.0	4.898979485566356	10.0	0.0	-0.005920242338096256	-2.289781647185384	0.18969836864041406	13.040249967399376	22.927999770720003
1488	24379392	10	6.0	4.898979485566356	10.0	0.0	10	10.0	0.0	10.0	10.0	-0.005724955204045096	-2.279374840121458	0.1495485086381497	12.92399996769	8.939999910600001
1492	24444928	10	7.0	4.58257569495584	10.0	0.0	10	10.0	0.0	10.0	10.0	-0.006997810074485814	-2.2233013284870684	0.20230658148481112	12.2109999694725	17.390999826090003
1496	24510464	10	8.0	4.0	10.0	0.0	10	8.0	4.0	10.0	0.0	-0.005746662165021753	-2.2962168974272648	0.13823602739057678	11.49849997125375	20.002999799970002
1500	24576000	10	5.0	5.0	10.0	0.0	10	7.0	4.58257569495584	10.0	0.0	-0.0063459444832974585	-2.2994697687614787	0.1612028009478342	10.77749997305625	21.340999786590004
1504	24641536	10	7.0	4.58257569495584	10.0	0.0	10	8.0	4.0	10.0	0.0	-0.005949974292269448	-2.266940345130656	0.11783854475880039	10.860999972847502	17.982999820170004
1508	24707072	10	5.0	5.0	10.0	0.0	10	7.0	4.58257569495584	10.0	0.0	-0.006327643613933055	-2.245862491194908	0.13802590027643558	11.700499970748751	19.450999805490003
1512	24772608	10	5.0	5.0	10.0	0.0	10	9.0	3.0	10.0	0.0	-0.004777042369326294	-2.2836317939167654	0.0972605477529158	11.921749970195625	14.054999859450001
1516	24838144	10	6.0	4.898979485566356	10.0	0.0	10	9.0	3.0	10.0	0.0	-0.005650174331718704	-2.3383196167695615	0.1201139899466486	12.927999967680002	10.489999895100002
1520	24903680	10	6.0	4.898979485566356	10.0	0.0	10	9.0	3.0	10.0	0.0	-0.006577660381099101	-2.320703610536115	0.1458507146689608	13.728999965677499	17.512999824870004
1524	24969216	10	7.0	4.58257569495584	10.0	0.0	10	9.0	3.0	10.0	0.0	-0.00544204488388463	-2.304806182541771	0.1137252134773384	13.25849996685375	10.613999893860003
