iter	frame	n_test	mean_returns	std_returns	max_returns	min_returns	n_test_train	mean_returns_train	std_returns_train	max_returns_train	min_returns_train	actor_loss	entropy_loss	value_loss	training_time	evaluation_time
0	0	10	1.1	1.374772708486752	4.0	0.0	10	0.2	0.6000000000000001	2.0	0.0	0	0	0	0.0	3.1509999684900003
4	65536	10	0.5	0.6708203932499369	2.0	0.0	10	0.7	0.7810249675906655	2.0	0.0	0.003959775370773492	-2.605801433053376	0.16891633783414992	6.80949998297625	7.0059999299400015
8	131072	10	0.4	0.66332495807108	2.0	0.0	10	0.6	1.0198039027185568	3.0	0.0	-0.00283197108093098	-2.62109159402565	0.04598705058748812	11.534749971163127	9.918999900810002
12	196608	10	2.0	1.9493588689617927	5.0	0.0	10	1.4	1.7999999999999998	6.0	0.0	-0.00560514444383264	-2.617652979717174	0.05525935021584792	12.365249969086875	10.214999897850001
16	262144	10	2.4	3.8522720568516444	11.0	0.0	10	1.3	1.4177446878757827	4.0	0.0	-0.00799977049284016	-2.6034516167908985	0.0496423246752914	11.852749970368125	14.660999853390003
20	327680	10	1.2	1.16619037896906	3.0	0.0	10	0.6	0.8	2.0	0.0	-0.010174249016473718	-2.5636683054081395	0.05393621658654946	11.109499972226251	7.545999924540001
24	393216	10	0.5	0.806225774829855	2.0	0.0	10	1.7	2.1	7.0	0.0	-0.012129528934211316	-2.54855554275986	0.05787875250465519	12.63149996842125	16.363999836360005
28	458752	10	1.3	1.004987562112089	3.0	0.0	10	1.0	1.4142135623730951	5.0	0.0	-0.011010560647330081	-2.5337933075768873	0.06259331180217277	11.009249972476875	12.596999874030002
32	524288	10	1.4	0.8	3.0	0.0	10	0.8	1.2489995996796797	4.0	0.0	-0.013897580374524848	-2.5231080127114383	0.05599732603294477	11.07449997231375	10.280999897190002
36	589824	10	0.8	1.7776388834631178	6.0	0.0	10	1.5	1.4317821063276353	4.0	0.0	-0.01337943336069137	-2.5471744758217625	0.05418019981800893	12.412249968969375	10.476999895230001
40	655360	10	2.1	1.972308292331602	6.0	0.0	10	0.7	1.004987562112089	3.0	0.0	-0.013681531363332717	-2.5520644905491636	0.0580920925070555	11.49549997126125	9.290999907090002
44	720896	10	3.2	7.372923436466705	25.0	0.0	10	0.4	0.4898979485566356	1.0	0.0	-0.013705771795773135	-2.5362302136759527	0.05399107660846275	12.0869999697825	20.07499979925
48	786432	10	1.2	1.32664991614216	3.0	0.0	10	1.6	1.8000000000000003	6.0	0.0	-0.01417146350381115	-2.5247742332371654	0.0541220283234615	12.831999967920002	10.045999899540002
52	851968	10	1.6	1.2806248474865698	5.0	0.0	10	0.8	0.7483314773547882	2.0	0.0	-0.014512977013210844	-2.513557061291172	0.04833741163486635	12.038749969903126	8.722999912770002
56	917504	10	0.8	1.2489995996796797	4.0	0.0	10	1.7	1.7916472867168916	5.0	0.0	-0.014449655099886856	-2.4789373375376704	0.049571415986358676	11.596249971009373	10.344999896550002
60	983040	10	0.7	0.6403124237432849	2.0	0.0	10	2.0	2.0	6.0	0.0	-0.014660826588006656	-2.4790510383646214	0.0470260280756344	12.136249969659376	12.908999870910003
64	1048576	10	1.5	2.9748949561287032	10.0	0.0	10	1.6	0.9165151389911681	3.0	0.0	-0.015402956131677026	-2.441699444993306	0.05070661345434241	11.119749972200625	25.353999746460005
68	1114112	10	1.1	1.1357816691600546	3.0	0.0	10	1.7	2.193171219946131	7.0	0.0	-0.015378873948889382	-2.422019635385307	0.049068470131151176	11.2229999719425	13.697999863020003
72	1179648	10	1.0	1.7888543819998317	6.0	0.0	10	1.0	0.8944271909999159	3.0	0.0	-0.016237090572886085	-2.3768750178324844	0.04530794549416663	11.912749970218126	11.272999887270002
76	1245184	10	1.2	1.16619037896906	3.0	0.0	10	1.6	1.562049935181331	4.0	0.0	-0.01535456142626093	-2.365648793431067	0.04919471455380724	11.584249971039377	20.731999792680003
80	1310720	10	1.0	1.7888543819998317	6.0	0.0	10	1.1	1.1357816691600546	3.0	0.0	-0.014694289487109647	-2.3380090591856257	0.045401685924662184	10.937249972656874	10.043999899560003
84	1376256	10	0.7	0.8999999999999999	3.0	0.0	10	1.0	1.7888543819998317	6.0	0.0	-0.01595519363840074	-2.315832448261149	0.04368264999872152	11.775999970560003	15.041999849580002
88	1441792	10	0.8	1.1661903789690602	4.0	0.0	10	2.7	2.2825424421026654	6.0	0.0	-0.014933463924192406	-2.325453762964565	0.04109729166335427	11.658749970853126	17.350999826490003
92	1507328	10	1.6	2.0591260281974	6.0	0.0	10	2.0	1.6733200530681511	5.0	0.0	-0.015393386646704697	-2.308742470798801	0.041640729251015834	11.244249971889376	15.802999841970003
96	1572864	10	0.7	1.1874342087037917	4.0	0.0	10	1.5	1.4317821063276353	4.0	0.0	-0.015456582433728773	-2.3232407294277255	0.04197057390458789	11.473999971315001	13.093999869060001
100	1638400	10	0.5	0.6708203932499369	2.0	0.0	10	1.8	1.98997487421324	6.0	0.0	-0.016338839332209927	-2.3732623207083794	0.040290273527764035	11.095499972261251	17.87799982122
104	1703936	10	1.7	2.0024984394500787	6.0	0.0	10	1.3	1.4177446878757827	5.0	0.0	-0.01567785737116026	-2.338879083350053	0.039292106264989746	10.612249973469375	16.357999836420003
108	1769472	10	1.0	1.7888543819998317	5.0	0.0	10	1.6	1.854723699099141	6.0	0.0	-0.014749331880900525	-2.3580262087312764	0.040767315576883886	11.8989999702525	12.876999871230003
112	1835008	10	1.0	1.0	3.0	0.0	10	0.8	1.077032961426901	3.0	0.0	-0.015944023498535798	-2.2858684532446754	0.03871738545503734	11.228749971928126	14.206999857930002
116	1900544	10	1.5	2.0124611797498106	6.0	0.0	10	1.0	2.3664319132398464	8.0	0.0	-0.01574628706251121	-2.2075131607736402	0.03409080932648263	10.560749973598124	12.763999872360001
120	1966080	10	0.5	0.6708203932499369	2.0	0.0	10	1.4	1.562049935181331	4.0	0.0	-0.015990619165224314	-2.182596631120779	0.03592386282606235	12.295749969260624	13.276999867230002
124	2031616	10	1.6	1.624807680927192	4.0	0.0	10	1.5	1.4317821063276353	4.0	0.0	-0.015335587404700687	-2.255877998732978	0.03592531887129739	11.892999970267502	20.742999792570004
128	2097152	10	3.1	3.753664875824692	13.0	0.0	10	2.0	2.792848008753788	10.0	0.0	-0.015488934400818239	-2.2949054487142577	0.03140444168493847	11.09749997225625	31.489999685100003
132	2162688	10	1.8	2.4000000000000004	8.0	0.0	10	1.9	1.57797338380595	5.0	0.0	-0.016779027108664125	-2.253525820636452	0.035412357029852015	11.004749972488124	23.796999762030005
136	2228224	10	0.7	0.6403124237432849	2.0	0.0	10	1.3	1.4866068747318506	4.0	0.0	-0.01612033116375978	-2.194930225382094	0.03437267936175268	11.325749971685624	8.621999913780002
140	2293760	10	1.5	2.3769728648009427	8.0	0.0	10	1.9	1.8138357147217055	5.0	0.0	-0.01644272764022702	-2.192828329672481	0.039074934471674455	12.010999969972499	14.159999858400003
144	2359296	10	0.8	0.8717797887081348	2.0	0.0	10	1.9	1.8681541692269403	6.0	0.0	-0.016212337597738186	-2.2135597266434544	0.03782862822208765	11.870249970324375	11.152999888470003
148	2424832	10	2.2	2.181742422927143	8.0	0.0	10	0.7	0.7810249675906655	2.0	0.0	-0.01582833663832129	-2.2336030227599437	0.035703603679009974	12.27249996931875	18.083999819160002
152	2490368	10	2.0	2.449489742783178	8.0	0.0	10	3.0	5.157518783291051	18.0	0.0	-0.01563891267100386	-2.178367011022152	0.035057014258186275	11.534499971163749	27.541999724580005
156	2555904	10	0.4	0.66332495807108	2.0	0.0	10	1.8	1.5362291495737217	5.0	0.0	-0.015825118346450995	-2.180428256364033	0.04043828090231591	11.973749970065626	15.521999844780003
160	2621440	10	1.2	1.2489995996796797	4.0	0.0	10	1.1	1.044030650891055	3.0	0.0	-0.016113768333665984	-2.202379027773006	0.0379882792631019	11.157499972106251	12.546999874530002
164	2686976	10	1.4	2.4166091947189146	8.0	0.0	10	2.1	1.2206555615733703	4.0	0.0	-0.017136120019771644	-2.1900206926170585	0.0414501939430186	11.60049997099875	17.733999822660003
168	2752512	10	0.6	0.66332495807108	2.0	0.0	10	3.1	5.127377497317708	18.0	0.0	-0.01718169611137043	-2.1890366050307577	0.037794781534410446	11.07549997231125	32.74299967257001
172	2818048	10	2.7	3.287856444554719	10.0	0.0	10	1.6	1.42828568570857	5.0	0.0	-0.01609888024615686	-2.179077140759932	0.03857252703733034	10.392249974019375	36.41099963589001
176	2883584	10	1.9	1.374772708486752	5.0	0.0	10	2.1	2.2561028345356955	8.0	0.0	-0.015964993698469838	-2.1746441620309866	0.03568308902920743	11.58849997102875	11.893999881060003
180	2949120	10	1.1	0.9433981132056604	3.0	0.0	10	1.9	1.374772708486752	4.0	0.0	-0.016738818408535912	-2.151265387509687	0.03190571049982502	12.313249969216875	8.524999914750001
184	3014656	10	1.1	1.3	4.0	0.0	10	3.1	5.448853090330111	19.0	0.0	-0.01659627783686348	-2.128884205993782	0.0323889577378308	11.496249971259376	22.294999777050005
188	3080192	10	2.1	2.7	7.0	0.0	10	2.2	2.0396078054371136	7.0	0.0	-0.015401179797575179	-2.1691236468876904	0.03447339755201484	11.489249971276875	21.97299978027
192	3145728	10	1.1	1.1357816691600546	3.0	0.0	10	1.7	1.676305461424021	5.0	0.0	-0.015421830746679036	-2.149358175471051	0.03742809550602026	10.814249972964374	13.068999869310003
196	3211264	10	1.2	1.2489995996796797	4.0	0.0	10	1.4	1.624807680927192	4.0	0.0	-0.01590116750671356	-2.1762046538510007	0.033186459696964814	11.441749971395625	13.160999868390002
200	3276800	10	1.2	1.5362291495737217	4.0	0.0	10	1.5	1.5	4.0	0.0	-0.015830483293199808	-2.150447080308705	0.03779256178526174	10.953749972615626	17.443999825560002
204	3342336	10	1.9	2.211334438749598	8.0	0.0	10	2.3	2.2825424421026654	8.0	0.0	-0.016130719264297877	-2.1177068325658066	0.03608069312382903	11.192999972017502	16.939999830600005
208	3407872	10	2.1	2.7367864366808017	9.0	0.0	10	5.4	3.8262252939417984	15.0	0.0	-0.01710167300495835	-2.11443214344808	0.03587927983234354	12.189999969525	53.28799946712
212	3473408	10	0.9	1.044030650891055	3.0	0.0	10	3.3	1.9519221295943134	7.0	0.0	-0.01592234437537297	-2.0929402731662385	0.0349388212550048	10.602249973494375	13.867999861320003
216	3538944	10	1.4	2.1071307505705477	7.0	0.0	10	4.1	3.047950130825634	11.0	0.0	-0.015661929664510837	-2.14300911851256	0.03768778595836028	11.191249972021875	25.735999742640004
220	3604480	10	1.9	2.662705391138869	8.0	0.0	10	1.8	1.32664991614216	5.0	0.0	-0.01572146031764173	-2.1761936071235035	0.03533128171325499	10.887749972780625	22.35699977643
224	3670016	10	2.7	2.5317977802344322	9.0	0.0	10	2.0	1.7320508075688772	5.0	0.0	-0.016479661143220446	-2.1735407558799658	0.03786481873824406	10.734749973163126	20.994999790050006
228	3735552	10	1.0	1.1832159566199232	4.0	0.0	10	3.3	2.6095976701399777	10.0	0.0	-0.016501173974372018	-2.1543460858604315	0.03217631991384657	11.703749970740624	19.180999808190005
232	3801088	10	5.0	5.9497899122574065	17.0	0.0	10	2.1	1.374772708486752	4.0	0.0	-0.016397764880325898	-2.13348082182436	0.03639400460921482	12.30399996924	16.263999837360004
236	3866624	10	1.5	1.8027756377319946	6.0	0.0	10	2.4	4.054626986542659	14.0	0.0	-0.01550029679573652	-2.1306368979579076	0.03941556025118701	10.821749972945627	60.59299939407001
240	3932160	10	1.4	1.3564659966250538	4.0	0.0	10	1.5	1.8027756377319946	6.0	0.0	-0.01532770720306066	-2.123064276851595	0.03981733271282151	11.20549997198625	21.355999786440005
244	3997696	10	2.7	1.8466185312619388	6.0	0.0	10	4.5	2.9410882339705484	10.0	1.0	-0.01652580053945766	-2.1700682985508957	0.03397787307656026	10.970249972574376	16.729999832700003
248	4063232	10	3.7	4.69148164229596	16.0	0.0	10	3.8	3.8678159211627428	13.0	0.0	-0.015854308673488807	-2.1570898043849196	0.038727522280379255	11.156249972109377	60.784999392150006
252	4128768	10	2.4	2.2891046284519194	7.0	0.0	10	3.1	3.534119409414459	12.0	0.0	-0.016446503723985192	-2.158238837891511	0.03924987431750009	11.89999997025	17.28199982718
256	4194304	10	2.1	3.1128764832546763	9.0	0.0	10	2.1	1.445683229480096	4.0	0.0	-0.016499718925943166	-2.165280726823165	0.03346577136972011	10.922749972693124	42.716999572830005
260	4259840	10	7.1	12.136309158883519	40.0	0.0	10	4.1	3.080584360149872	12.0	0.0	-0.016216309266512966	-2.1309495119020876	0.032475908341694275	9.9269999751825	104.53399895466002
264	4325376	10	1.4	1.8	6.0	0.0	10	3.4	3.7469987990390385	12.0	0.0	-0.015945280335327345	-2.1432091988874156	0.033300458003868105	11.47949997130125	15.649999843500003
268	4390912	10	1.4	1.4966629547095767	4.0	0.0	10	2.8	3.4	10.0	0.0	-0.01618032053933969	-2.117074253437925	0.039355650443054245	10.721999973195	16.932999830670003
272	4456448	10	0.7	0.7810249675906655	2.0	0.0	10	5.8	6.446704584514478	20.0	0.0	-0.01528734233662887	-2.1475866136698016	0.042192254327499186	10.871499972821251	25.493999745060005
276	4521984	10	1.3	1.676305461424021	4.0	0.0	10	1.8	1.6	5.0	0.0	-0.01638697506204137	-2.1024506983951152	0.03940792072852356	10.180249974549376	14.069999859300003
280	4587520	10	2.6	2.764054992217051	9.0	0.0	10	3.7	6.2617888817813085	22.0	0.0	-0.016351631518282866	-2.1330318995081736	0.03832009350869864	10.780249973049374	33.32199966678001
284	4653056	10	3.7	3.0016662039607267	8.0	0.0	10	3.3	3.9255572852781038	10.0	0.0	-0.014468572944991027	-2.115294776636556	0.03893658136155302	10.391999974019999	27.526999724730004
288	4718592	10	1.9	2.9816103031751147	10.0	0.0	10	3.4	3.6110940170535573	11.0	0.0	-0.01636571245834808	-2.135449414229474	0.03662953573906458	11.642749970893124	23.299999767000003
292	4784128	10	4.0	5.89915248150105	20.0	0.0	10	3.6	5.023942674832188	15.0	0.0	-0.016504732128647753	-2.1334922932349514	0.036323518818341144	10.761249973096875	39.82099960179001
296	4849664	10	2.3	2.4919871588754225	7.0	0.0	10	2.6	1.6852299546352718	5.0	0.0	-0.016708153987037535	-2.131932089504054	0.03156279675178518	10.962499972593749	16.05099983949
300	4915200	10	1.9	4.742362280551751	16.0	0.0	10	4.2	3.627671429443411	14.0	1.0	-0.015729118580746677	-2.104978305378831	0.03950601691589504	10.634749973413125	26.125999738740006
304	4980736	10	1.5	1.746424919657298	5.0	0.0	10	1.9	2.6248809496813372	7.0	0.0	-0.016096641567391764	-2.0884093044012926	0.03552204750418687	10.814749972963126	23.330999766690002
308	5046272	10	1.0	1.0954451150103321	3.0	0.0	10	2.5	2.6551836094703507	8.0	0.0	-0.016685921418158844	-2.0828034801101705	0.03386785976313546	10.117499974706252	12.711999872880002
312	5111808	10	4.5	4.153311931459037	14.0	0.0	10	6.2	6.910861017268399	21.0	0.0	-0.016084261173841236	-2.090071124117414	0.032963928394466366	12.43199996892	33.545999664540005
316	5177344	10	2.0	2.898275349237888	9.0	0.0	10	4.0	2.9664793948382653	10.0	0.0	-0.016462000490217087	-2.086063424528897	0.037118271707260724	11.14549997213625	20.465999795340004
320	5242880	10	4.6	3.954743986657038	12.0	0.0	10	2.2	2.749545416973504	9.0	0.0	-0.01634017987161786	-2.0701200413534364	0.03482796208725425	11.08349997229125	25.279999747200005
324	5308416	10	1.4	1.2806248474865698	4.0	0.0	10	2.0	1.4832396974191326	5.0	0.0	-0.015720178502487695	-2.1235872529718534	0.033736298866160204	11.482749971293124	19.117999808820002
328	5373952	10	1.5	2.29128784747792	8.0	0.0	10	3.6	3.773592452822642	13.0	0.0	-0.015845487035693176	-2.130766937908106	0.032733697673621394	11.153249972116875	26.80399973196
332	5439488	10	2.7	2.4919871588754225	7.0	0.0	10	6.2	6.910861017268399	21.0	0.0	-0.015682300958545843	-2.17827937729318	0.032817958870122864	11.150749972123126	31.892999681070005
336	5505024	10	2.6	3.6660605559646724	10.0	0.0	10	2.6	1.3564659966250536	5.0	0.0	-0.015353001414867548	-2.146273955479211	0.03241906138187335	10.871249972821875	18.631999813680004
340	5570560	10	6.4	11.766052864066182	41.0	0.0	10	2.0	1.4832396974191326	4.0	0.0	-0.016273014451874474	-2.132819967743116	0.03587007347586378	10.54949997362625	27.674999723250004
344	5636096	10	2.2	1.7776388834631176	6.0	0.0	10	1.3	1.2688577540449522	4.0	0.0	-0.015850416758910746	-2.130897402541398	0.035170342847145715	11.35349997161625	14.176999858230001
348	5701632	10	4.3	2.7586228448267445	9.0	1.0	10	3.7	5.604462507680822	20.0	0.0	-0.01653469833470163	-2.114503135063527	0.03440880893448812	11.466749971333124	29.760999702390006
352	5767168	10	1.9	1.8681541692269403	6.0	0.0	10	2.0	2.280350850198276	8.0	0.0	-0.016808057124527837	-2.127739103910218	0.028124637918255892	10.970249972574376	25.048999749510003
356	5832704	10	1.3	1.1874342087037917	4.0	0.0	10	2.6	1.1135528725660044	5.0	1.0	-0.015610383688495346	-2.1105633375830366	0.031044614808504515	10.708499973228749	22.49599977504
360	5898240	10	1.5	2.0615528128088303	6.0	0.0	10	3.8	4.069397989875161	12.0	0.0	-0.015428289087958206	-2.14113964614817	0.029629662591050668	11.27599997181	26.528999734710005
364	5963776	10	4.2	5.075431016179809	18.0	0.0	10	3.0	3.0659419433511785	9.0	0.0	-0.015760010060628972	-2.15505640682978	0.0335907709245349	11.0469999723825	30.370999696290003
368	6029312	10	5.8	11.745637488020819	40.0	0.0	10	6.4	6.590902821313632	21.0	0.0	-0.01611410312351631	-2.1557720996677388	0.037292112398422894	10.683499973291251	29.795999702040003
372	6094848	10	2.2	2.891366458960192	10.0	0.0	10	4.6	7.102112361825882	20.0	0.0	-0.01598674292790959	-2.1861660006351906	0.034474122838872294	10.46799997383	24.467999755320005
376	6160384	10	1.9	2.5475478405713994	9.0	0.0	10	1.3	1.1874342087037917	4.0	0.0	-0.016329803715776844	-2.1855533542939303	0.03736310607054054	11.032499972418751	16.44699983553
380	6225920	10	4.9	6.4257295305669375	18.0	0.0	10	2.6	2.2891046284519194	8.0	0.0	-0.015858588527574897	-2.212893505660654	0.028924899910047156	11.604749970988125	19.918999800810003
384	6291456	10	2.2	1.8867962264113207	7.0	0.0	10	3.4	3.2924155266308657	12.0	0.0	-0.016563441736043037	-2.205146143604093	0.033014822126962884	11.383499971541251	24.358999756410007
388	6356992	10	4.7	5.9	20.0	0.0	10	3.8	5.6	20.0	0.0	-0.017254558831479812	-2.1961026437776505	0.03101153935293178	10.393249974016875	33.587999664120005
392	6422528	10	3.6	4.586937976471886	13.0	0.0	10	4.7	5.496362433464518	19.0	0.0	-0.016398742041433382	-2.184283921888432	0.03218836961754889	11.156999972107501	26.757999732420004
396	6488064	10	0.5	0.6708203932499369	2.0	0.0	10	5.3	5.814636704042652	17.0	0.0	-0.015740871971075186	-2.162854815297532	0.03100784685294935	10.132249974669374	21.892999781070003
400	6553600	10	3.4	3.8000000000000003	13.0	0.0	10	6.3	11.367057666784314	40.0	0.0	-0.016074076989291215	-2.14389934368451	0.032199837399862555	10.667249973331874	33.477999665220004
404	6619136	10	3.1	3.176476034853718	9.0	0.0	10	2.4	1.4966629547095764	5.0	0.0	-0.015071496280998407	-2.1364484079440205	0.03794662754897873	10.827749972930626	13.141999868580001
408	6684672	10	2.2	2.1354156504062622	7.0	0.0	10	8.3	11.463420083029323	40.0	0.0	-0.01583258835627929	-2.1301621866987506	0.034679040522582714	11.51749997120625	24.558999754410006
412	6750208	10	0.9	0.8306623862918076	3.0	0.0	10	2.1	1.6401219466856727	5.0	0.0	-0.016191362646603827	-2.092495001634544	0.03924910873153873	11.4229999714425	15.397999846020003
416	6815744	10	2.1	2.4269322199023193	8.0	0.0	10	6.5	6.51536645170477	23.0	0.0	-0.015388770844678358	-2.0805001331188713	0.03406981465750314	10.177749974555624	37.82499962175001
420	6881280	10	1.6	2.65329983228432	9.0	0.0	10	4.3	5.514526271584894	18.0	0.0	-0.0161428532163134	-2.109402403015706	0.031186809236194764	9.394249976514375	36.67199963328
424	6946816	10	2.9	3.7	13.0	0.0	10	8.5	12.901550294441362	40.0	0.0	-0.016143625282727676	-2.1203510038829494	0.030654604698752988	10.168249974579375	80.30399919696002
428	7012352	10	5.2	11.677328461595998	40.0	0.0	10	3.5	2.3345235059857505	8.0	0.0	-0.01429563883087153	-2.1243176756076503	0.03491154491227295	11.49449997126375	25.452999745470002
432	7077888	10	1.6	2.28910462845192	8.0	0.0	10	5.9	11.66576186967658	40.0	0.0	-0.015188900734083632	-2.1620875023536765	0.03665966662429244	9.985999975035002	35.058999649410005
436	7143424	10	4.1	5.61159513863928	18.0	0.0	10	5.6	11.53429668423697	40.0	0.0	-0.01488524031291959	-2.1902285240792607	0.029407757214932512	10.35049997412375	142.94499857055
440	7208960	10	2.3	4.960846701924985	17.0	0.0	10	9.5	12.018735374406077	40.0	0.0	-0.014686627033053115	-2.1860766358879933	0.030747391086283722	11.72749997068125	31.620999683790004
444	7274496	10	1.3	1.8466185312619388	6.0	0.0	10	2.9	3.477067730142742	10.0	0.0	-0.015377387262171508	-2.172622151446525	0.035623947756224184	11.511249971221876	12.576999874230001
448	7340032	10	1.4	2.1999999999999997	7.0	0.0	10	9.2	15.44538766104626	40.0	0.0	-0.015729005007898967	-2.1682360468036372	0.03259852904642055	10.953999972615001	28.810999711890005
452	7405568	10	2.0	2.569046515733026	8.0	0.0	10	2.7	4.583666654546335	16.0	0.0	-0.016133916674169822	-2.1747221745768823	0.03340052661603709	10.9209999726975	39.59199960408001
456	7471104	10	1.8	2.08806130178211	5.0	0.0	10	5.1	11.725612990372827	40.0	0.0	-0.015614725720489882	-2.122482982553483	0.03301553507379623	10.307749974230626	36.09399963906001
460	7536640	10	3.0	2.7202941017470885	7.0	0.0	10	2.7	2.1	7.0	0.0	-0.015715441276855386	-2.1420026717338905	0.03522123803483375	10.4229999739425	17.63399982366
464	7602176	10	2.3	2.758622844826744	8.0	0.0	10	5.7	11.696580696938742	40.0	0.0	-0.016350031959634533	-2.1090795246549914	0.03407055009189615	10.430999973922502	46.50799953492001
468	7667712	10	3.1	6.992138442565336	24.0	0.0	10	7.4	7.683749084919419	24.0	0.0	-0.01593036161118603	-2.108673289198567	0.03654712793269406	10.879249972801876	42.23699957763001
472	7733248	10	5.9	6.876772498781678	18.0	0.0	10	4.2	4.166533331199932	11.0	0.0	-0.015468456480049728	-2.108335435170854	0.03875337767709559	11.660249970849375	26.560999734390006
476	7798784	10	9.2	12.327205684987982	40.0	0.0	10	6.9	4.867237409455183	15.0	0.0	-0.014934336243601319	-2.0960447363855574	0.03855896447771594	10.855999972860001	40.71599959284001
480	7864320	10	3.9	4.27668095606862	11.0	0.0	10	9.2	12.245815611873306	40.0	0.0	-0.0160713558830072	-2.1232993625376184	0.03832483425104379	11.17849997205375	45.277999547220006
484	7929856	10	2.4	3.8781438859330635	13.0	0.0	10	3.0	5.176871642217914	18.0	0.0	-0.016242252859962173	-2.14292783764531	0.035018957255175204	10.457249973856875	26.725999732740004
488	7995392	10	4.8	11.796609682446903	40.0	0.0	10	9.5	11.200446419674531	40.0	1.0	-0.016092278450884723	-2.1593447648223005	0.03753557874585351	11.043749972390625	53.890999461090004
492	8060928	10	6.5	7.338255923582933	20.0	0.0	10	4.0	6.099180272790763	21.0	0.0	-0.015249753121910004	-2.1556438031533998	0.03617046784698442	10.824249972939375	39.115999608840006
496	8126464	10	1.4	1.8000000000000003	5.0	0.0	10	4.7	6.4969223483123155	23.0	0.0	-0.014884166272436486	-2.144292928055082	0.03661043574885017	10.6569999733575	32.29199967708001
500	8192000	10	2.1	2.507987240796891	7.0	0.0	10	7.3	11.908400396358866	40.0	0.0	-0.015118479984207723	-2.1389383994298337	0.03693969510498925	11.17449997206375	26.856999731430005
504	8257536	10	2.2	2.9597297173897483	10.0	0.0	10	3.2	4.019950248448357	12.0	0.0	-0.016149654604442128	-2.165936589015409	0.039219827154291176	11.563499971091252	17.899999821
508	8323072	10	2.0	2.792848008753788	8.0	0.0	10	6.6	11.235657524150511	40.0	0.0	-0.015003244235790565	-2.149473699206721	0.03504427626829628	11.073499972316249	31.653999683460004
512	8388608	10	1.5	2.3769728648009427	8.0	0.0	10	6.9	7.515982969645422	22.0	0.0	-0.014593254671425346	-2.173743617804911	0.0319263662061925	10.806249972984375	29.562999704370004
516	8454144	10	2.1	4.036087214122113	14.0	0.0	10	4.6	4.054626986542659	12.0	0.0	-0.015799416656764563	-2.1499791888143203	0.03576545277237864	10.756749973108125	32.160999678390006
520	8519680	10	1.6	2.65329983228432	9.0	0.0	10	7.9	11.536463929644993	40.0	0.0	-0.01514740587869267	-2.0935773822471226	0.03737718954991496	10.730749973173126	97.29499902705001
524	8585216	10	5.5	5.661271941887264	17.0	0.0	10	4.9	5.923681287847955	20.0	0.0	-0.014158962889612974	-2.087400540492058	0.03720700676398209	10.429499973926251	39.64499960355001
528	8650752	10	1.3	1.9519221295943134	6.0	0.0	10	5.7	6.664082832618455	17.0	0.0	-0.015233614899978955	-2.1544866708657002	0.033394543120729	10.222999974442502	33.98199966018
532	8716288	10	8.6	11.16422858956229	40.0	0.0	10	5.6	5.71314274283428	18.0	0.0	-0.014145224329434537	-2.176877359322446	0.03732900802278098	10.079249974801877	48.16999951830001
536	8781824	10	6.9	11.273420066687837	40.0	0.0	10	8.7	11.384638773364747	40.0	0.0	-0.015073168099607117	-2.1897047159775025	0.034342443799747956	10.292749974268125	126.40999873590002
540	8847360	10	0.8	0.9797958971132712	3.0	0.0	10	4.5	4.588027898781785	15.0	0.0	-0.015301000732731643	-2.170943033965786	0.03386544298105458	11.102249972244376	18.39699981603
544	8912896	10	8.0	11.260550608207398	40.0	0.0	10	8.1	5.821511831131154	20.0	2.0	-0.015198655951213301	-2.1563181999066408	0.03443525960155	10.54399997364	41.19499958805001
548	8978432	10	4.9	11.776671855834312	40.0	0.0	10	4.8	5.268775948927796	17.0	0.0	-0.014130875061753815	-2.206792575387757	0.03382312989208563	11.182249972044374	40.6199995938
552	9043968	10	1.0	1.7888543819998317	6.0	0.0	10	8.5	11.508692367076288	40.0	0.0	-0.015102605314438666	-2.2158488479928686	0.03475763953006431	10.8209999729475	28.812999711870003
556	9109504	10	4.1	7.712976079309464	27.0	0.0	10	8.0	12.47397290361014	40.0	0.0	-0.014427483440474665	-2.236090006694723	0.03555157489238644	11.52049997119875	124.91299875087002
560	9175040	10	4.8	5.946427498927402	19.0	0.0	10	7.0	11.47170431975999	40.0	0.0	-0.015704705902136358	-2.2009152916761408	0.03487802083085504	11.505999971235001	37.90099962099001
564	9240576	10	1.8	2.181742422927143	7.0	0.0	10	5.6	11.629273408085304	40.0	0.0	-0.015009754071447085	-2.1595689329242234	0.03716309098527771	10.936999972657501	28.437999715620002
568	9306112	10	6.7	6.3095166217389425	20.0	0.0	10	3.1	2.3000000000000003	8.0	0.0	-0.013825286847728926	-2.184039806098726	0.038166552584057496	11.506749971233125	42.39099957609
572	9371648	10	6.5	11.412712210513327	40.0	0.0	10	10.0	15.349267083479914	41.0	0.0	-0.015176554126442282	-2.205718929339164	0.03495287159481761	11.207749971980624	52.65099947349001
576	9437184	10	4.9	6.073713855624086	20.0	0.0	10	3.8	6.523802572120036	23.0	0.0	-0.014232250354661977	-2.1910468685331463	0.034071823733724464	11.043499972391249	51.228999487710006
580	9502720	10	1.5	1.6881943016134133	5.0	0.0	10	10.5	12.515989773086266	41.0	0.0	-0.01441898022405005	-2.2114255699198595	0.033226657500133844	10.501749973745627	34.142999658570005
584	9568256	10	2.3	2.685144316419511	10.0	0.0	10	1.5	2.4596747752497685	7.0	0.0	-0.015092023025867825	-2.1952847885785576	0.03497559522535159	11.185749972035627	29.716999702830005
588	9633792	10	4.1	4.3	15.0	0.0	10	3.0	3.22490309931942	10.0	0.0	-0.015329683459862511	-2.1822773513904923	0.03359997409899586	11.064749972338126	34.43199965568001
592	9699328	10	5.7	11.653754759733019	40.0	0.0	10	2.4	3.4698703145794942	12.0	0.0	-0.015519426879311614	-2.1899142511391347	0.037768596333087406	11.005749972485624	31.657999683420005
596	9764864	10	1.0	1.0954451150103321	3.0	0.0	10	1.6	2.4166091947189146	8.0	0.0	-0.01403848933938098	-2.1728893019479076	0.038679184814921705	11.869499970326249	18.035999819640004
600	9830400	10	1.4	1.42828568570857	4.0	0.0	10	0.9	0.9433981132056604	3.0	0.0	-0.014312080836159537	-2.1533794649185753	0.03923707214396267	10.921749972695626	10.515999894840002
604	9895936	10	2.7	4.313930922024599	13.0	0.0	10	7.0	11.497825881443848	40.0	0.0	-0.014619207095461774	-2.178085985056173	0.042964170604814965	10.3199999742	36.270999637290004
608	9961472	10	4.3	11.916794871105234	40.0	0.0	10	5.8	11.461239025515521	40.0	0.0	-0.014060319062739808	-2.1450956163556083	0.04081430345891819	10.179249974551874	48.517999514820005
612	10027008	10	3.5	3.4132096331752027	8.0	0.0	10	5.4	11.568923891183655	40.0	0.0	-0.014910475962968968	-2.121334068256181	0.04024955870474828	9.938249975154376	39.61399960386
616	10092544	10	6.0	3.40587727318528	12.0	2.0	10	3.4	4.882622246293481	16.0	0.0	-0.014692184450708676	-2.1599086669817735	0.03877309398942624	10.188499974528751	31.212999687870006
620	10158080	10	6.3	12.033702672078947	40.0	0.0	10	11.2	13.760813929415658	40.0	0.0	-0.014259364609673416	-2.1218302943085727	0.04137714528823772	10.356249974109375	43.57599956424001
624	10223616	10	3.9	5.61159513863928	19.0	0.0	10	5.7	5.000999900019996	17.0	0.0	-0.01426977421309158	-2.1775119029200782	0.04373022416771904	11.464749971338126	26.418999735810004
628	10289152	10	3.4	5.388877434122992	19.0	0.0	10	7.5	11.324751652906125	40.0	0.0	-0.01444880803653948	-2.1423118037734055	0.03953152923665798	9.979999975050001	47.20299952797001
632	10354688	10	8.7	15.678328992593567	40.0	0.0	10	3.3	2.8301943396169813	7.0	0.0	-0.014304247115762062	-2.0966595483622443	0.040966786323504464	10.329999974175	98.07899901921002
636	10420224	10	1.5	1.746424919657298	5.0	0.0	10	12.1	15.565667348366405	40.0	0.0	-0.014380111270250389	-2.094420924564584	0.039297908947900494	10.546249973634376	34.521999654780004
640	10485760	10	3.3	5.000999900019995	14.0	0.0	10	6.0	5.019960159204453	16.0	0.0	-0.014894791772919594	-2.067097323420891	0.03937878451520784	10.8169999729575	27.506999724930004
644	10551296	10	2.5	3.3541019662496847	11.0	0.0	10	7.3	11.189727431890377	40.0	0.0	-0.013968285921146323	-2.124964743631265	0.03630017752691472	11.545749971135626	26.752999732470006
648	10616832	10	2.5	2.202271554554524	6.0	0.0	10	10.2	11.133732527773425	40.0	0.0	-0.011929301491636918	-2.1413277608905883	0.03778067490778953	12.216249969459376	41.181999588180005
652	10682368	10	2.7	4.428317965096905	15.0	0.0	10	5.0	5.039841267341661	15.0	0.0	-0.014154986678215324	-2.156000174357421	0.03650597385526654	11.179249972051876	28.555999714440006
656	10747904	10	5.4	11.629273408085306	40.0	0.0	10	3.6	2.154065922853802	7.0	0.0	-0.015038570875074214	-2.1371091378489213	0.035204249721544296	11.567999971079999	99.36599900634002
660	10813440	10	2.7	1.7349351572897473	5.0	1.0	10	5.8	6.9397406291589885	21.0	0.0	-0.015224964361177243	-2.1292116763956703	0.03491385800710719	10.943749972640624	29.761999702380006
664	10878976	10	2.7	2.1	7.0	0.0	10	1.8	2.785677655436824	8.0	0.0	-0.01528455630940039	-2.1418427251531793	0.035360548913210305	12.070749969823126	30.134999698650006
668	10944512	10	3.0	4.242640687119285	15.0	0.0	10	1.5	2.5787593916455256	9.0	0.0	-0.016549377620417142	-2.1354928759496183	0.03332970578186723	11.9769999700575	22.915999770840003
672	11010048	10	3.9	3.477067730142742	12.0	0.0	10	8.5	11.289375536317321	40.0	0.0	-0.01508411867047384	-2.1323808628086285	0.03293789622108386	11.5129999712175	43.572999564270006
676	11075584	10	3.8	5.582114294781145	20.0	0.0	10	5.7	5.622277118748239	17.0	0.0	-0.015378425179950382	-2.1528047817689795	0.02889521668053678	10.550499973623749	43.123999568760006
680	11141120	10	4.2	5.362835071116769	15.0	0.0	10	8.7	11.67946916601949	40.0	1.0	-0.014626468302283799	-2.180940650176318	0.028996754007808337	11.467749971330624	44.744999552550006
684	11206656	10	4.1	7.105631569396206	21.0	0.0	10	7.7	11.090987332063813	40.0	0.0	-0.013967797949347702	-2.181537970673292	0.031763227536759656	10.929499972676249	56.02199943978001
688	11272192	10	3.5	4.05585995813465	13.0	0.0	10	2.7	3.3181320046074116	10.0	0.0	-0.014168671917751053	-2.1522082435829684	0.03461105645816973	10.413749973965626	23.708999762910004
692	11337728	10	0.7	0.9000000000000001	2.0	0.0	10	6.2	7.096477999684069	25.0	1.0	-0.01482360343013068	-2.12790497618603	0.03523336529054295	10.971499972571252	38.298999617010004
696	11403264	10	2.1	2.8792360097775944	10.0	0.0	10	11.1	14.679577650600168	40.0	1.0	-0.013814995221538144	-2.1556490632633007	0.03530609989559068	10.885749972785623	34.01999965980001
700	11468800	10	2.5	3.138470965295043	10.0	0.0	10	6.7	7.810889834071404	23.0	0.0	-0.015257050837062013	-2.136970281378351	0.03530865602681176	10.64799997338	33.42599966574001
704	11534336	10	1.7	1.268857754044952	3.0	0.0	10	2.6	1.8547236990991407	5.0	0.0	-0.014980342498302825	-2.1353116827965737	0.037131337988358236	10.279749974300625	23.729999762700004
708	11599872	10	1.3	2.0024984394500787	7.0	0.0	10	4.8	4.5563142999578075	15.0	0.0	-0.013701059655217356	-2.1797228800966733	0.03877515215410826	10.624249973439376	26.176999738230005
712	11665408	10	1.5	2.7658633371878665	9.0	0.0	10	9.7	11.49826073804208	40.0	0.0	-0.014480870749146684	-2.1851062921393662	0.04080363044400655	10.06749997483125	56.16099943839001
716	11730944	10	3.0	4.171330722922842	13.0	0.0	10	5.8	8.45931439302264	27.0	0.0	-0.013688826112319339	-2.2657967505478998	0.033234944330791695	11.112749972218126	31.876999681230004
720	11796480	10	5.1	11.776671855834312	40.0	0.0	10	3.4	3.3823069050575527	11.0	0.0	-0.01440507048484216	-2.2976087081025818	0.03195748522467192	9.039749977400625	40.33299959667001
724	11862016	10	2.0	2.04939015319192	5.0	0.0	10	7.2	7.88416133777081	24.0	0.0	-0.014100302259113708	-2.2750356766198525	0.03355959104024472	9.060249977349375	33.821999661780005
728	11927552	10	5.3	6.618912297349164	23.0	0.0	10	6.4	11.403508232118746	40.0	0.0	-0.01413019271517287	-2.2517527538179225	0.03277837975618162	10.526749973683126	42.7299995727
732	11993088	10	2.1	3.23882694814033	11.0	0.0	10	3.8	4.955804677345546	14.0	0.0	-0.014230115099996379	-2.240673012798079	0.03349758868610488	9.887749975280625	23.756999762430006
736	12058624	10	2.7	2.7946377224964243	9.0	0.0	10	6.9	7.422263805605403	24.0	0.0	-0.015039122021587473	-2.2215043179860294	0.03046013924829639	11.103999972239999	34.13599965864001
740	12124160	10	6.2	5.723635208501674	18.0	0.0	10	9.6	11.757550765359255	40.0	0.0	-0.01489488949388098	-2.191215182115867	0.03472961188165057	10.9469999726325	32.777999672220005
744	12189696	10	2.1	2.662705391138869	8.0	0.0	10	8.3	11.95867885679685	40.0	0.0	-0.015118279948730377	-2.2028298102508153	0.02985159794411419	11.550749971123125	25.986999740130003
748	12255232	10	4.6	5.276362383309168	16.0	0.0	10	6.0	5.639148871948674	20.0	0.0	-0.01508609813112236	-2.204625581471948	0.03199492489663396	11.017749972455626	38.44099961559001
752	12320768	10	2.3	2.72213151776324	8.0	0.0	10	4.8	7.054076835419359	23.0	0.0	-0.01401544781377025	-2.1880577725873045	0.02957833253392799	11.344249971639377	29.946999700530004
756	12386304	10	1.1	2.3853720883753127	8.0	0.0	10	10.5	14.874474780643517	40.0	0.0	-0.014835999741051148	-2.193151821464331	0.03347852123397293	10.816749972958126	37.60699962393001
760	12451840	10	8.0	11.755849607748475	40.0	0.0	10	6.9	11.3	40.0	0.0	-0.014840325821721278	-2.1679254743185403	0.03787538655250989	10.445999973885002	33.83599966164
764	12517376	10	3.2	2.4819347291981715	8.0	0.0	10	6.7	11.49826073804208	40.0	0.0	-0.01429805014143228	-2.1630031315219327	0.03700625632193646	10.619499973451251	30.419999695800005
768	12582912	10	6.2	11.399999999999999	40.0	0.0	10	5.4	11.723480711802278	40.0	0.0	-0.013979869371783495	-2.157704025282212	0.03531302916837574	10.823249972941875	33.45899966541001
772	12648448	10	1.7	2.72213151776324	9.0	0.0	10	10.8	14.78377489006106	40.0	0.0	-0.014553184374562855	-2.1487101860589695	0.037652964932647144	10.046999974882501	26.686999733130005
776	12713984	10	6.9	11.49304137293519	40.0	0.0	10	6.6	11.35957745693034	40.0	0.0	-0.01427253960327895	-2.1703423731251785	0.03624275722163386	9.961249975096875	39.34199960658
780	12779520	10	1.7	1.004987562112089	3.0	0.0	10	4.9	6.090155991434046	22.0	0.0	-0.013113594840583331	-2.1531090535464186	0.042186409890293014	10.423999973939999	26.965999730340005
784	12845056	10	2.4	2.1071307505705477	7.0	0.0	10	5.1	4.867237409455183	15.0	0.0	-0.013277799272884834	-2.1836946877549317	0.046752834066845585	10.673749973315623	24.800999751990002
788	12910592	10	3.6	6.499230723708767	21.0	0.0	10	9.1	12.668464784653269	40.0	0.0	-0.013428197107528256	-2.237254601980653	0.04609959129695207	10.454499973863749	40.25799959742001
792	12976128	10	6.2	8.646386528486914	28.0	0.0	10	7.7	8.438601779915912	24.0	1.0	-0.013919672288228938	-2.2228504317670237	0.04621246441096492	9.906499975233752	37.13299962867001
796	13041664	10	8.9	13.01883251294063	40.0	0.0	10	8.3	12.337341690980272	40.0	0.0	-0.014283873275141891	-2.229245029157645	0.045667584903127355	9.720749975698125	49.28599950714001
800	13107200	10	5.8	6.4	20.0	0.0	10	4.8	3.4871191548325386	11.0	0.0	-0.013144661821413902	-2.2215591666768515	0.04207697595652233	9.377749976555624	22.427999775720004
804	13172736	10	2.6	2.6907248094147422	8.0	0.0	10	7.2	11.504781614615723	40.0	0.0	-0.015376140221244228	-2.175938640804923	0.03886003165178644	11.351249971621876	32.907999670920006
808	13238272	10	5.5	7.749193506423749	27.0	0.0	10	4.4	3.8522720568516444	10.0	0.0	-0.015204528240785222	-2.1713502678000105	0.04131203481962841	10.69549997326125	30.545999694540004
812	13303808	10	2.1	2.2561028345356955	6.0	0.0	10	7.1	7.133722730804723	20.0	1.0	-0.013473187232305962	-2.1460469387719736	0.03981709054954958	10.271249974321876	30.829999691700003
816	13369344	10	10.3	15.159485479395398	40.0	0.0	10	5.6	5.607138307550474	20.0	0.0	-0.012175209947544204	-2.1653538269529204	0.042216001151699156	10.8399999729	42.41199957588
820	13434880	10	2.1	3.1128764832546763	11.0	0.0	10	6.4	6.696267617113283	21.0	0.0	-0.013771742095822768	-2.1833662537446195	0.0414157418762654	10.347749974130625	22.763999772360002
824	13500416	10	3.8	4.686149805543993	15.0	0.0	10	5.5	5.6258332716140815	21.0	0.0	-0.014478225539589195	-2.1705449270927923	0.03744415022663642	11.175249972061875	25.938999740610004
828	13565952	10	1.0	1.1832159566199232	3.0	0.0	10	12.3	15.73562836368475	40.0	0.0	-0.01468391019775622	-2.1713185382607785	0.04344871853180882	11.277249971806874	32.86699967133
832	13631488	10	1.9	1.445683229480096	4.0	0.0	10	8.4	11.280070921762858	40.0	0.0	-0.01443152826051463	-2.1596956201131534	0.04086546164822076	11.818249970454374	25.14099974859
836	13697024	10	8.9	11.742657280190034	40.0	0.0	10	7.5	11.200446419674531	40.0	1.0	-0.014622965452561882	-2.187730562955737	0.04097096687532105	10.8489999728775	47.22199952778001
840	13762560	10	2.2	2.6	8.0	0.0	10	12.8	14.012851244482686	40.0	1.0	-0.01533676188007737	-2.1945945841768184	0.041030215580243785	10.8689999728275	72.48899927511002
844	13828096	10	3.3	5.000999900019995	18.0	0.0	10	7.5	11.218288639538564	40.0	0.0	-0.014108910216586147	-2.1592944883044374	0.03613186050994202	11.267499971831251	33.55099966449001
848	13893632	10	2.5	2.7658633371878665	10.0	0.0	10	7.3	7.40337760755184	23.0	0.0	-0.013024557952886968	-2.206916235157438	0.03322272933673495	12.557999968605	19.589999804100003
852	13959168	10	5.7	7.142128534267639	24.0	0.0	10	7.5	12.085114811204733	40.0	0.0	-0.014780231213966407	-2.1935273158252158	0.03520230506180105	11.448249971379376	38.24299961757001
856	14024704	10	3.5	7.242237223399963	25.0	0.0	10	13.4	11.77454882362802	40.0	0.0	-0.013816052541870655	-2.1682067834065823	0.03799382107867902	11.746499970633751	28.370999716290004
860	14090240	10	6.8	11.582745788456208	40.0	0.0	10	8.7	9.198369420717999	24.0	0.0	-0.014705519922835331	-2.1911112191977553	0.03419833513551855	11.59199997102	37.555999624440005
864	14155776	10	4.0	6.115553940568262	18.0	0.0	10	3.5	3.4713109915419564	11.0	0.0	-0.013695894579024183	-2.1590777186290464	0.038480638852215074	12.058249969854376	17.64099982359
868	14221312	10	5.8	11.591376104673683	40.0	0.0	10	6.8	7.413501197140255	24.0	0.0	-0.012645661747123988	-2.1381996967154677	0.0406410128301516	11.208499971978751	37.06299962937001
872	14286848	10	4.8	3.4	10.0	0.0	10	7.9	12.621014222319854	40.0	0.0	-0.014722634284814478	-2.147128581777073	0.03611516009174342	11.49549997126125	35.30799964692
876	14352384	10	4.0	3.847076812334269	14.0	0.0	10	9.4	11.385956261992227	40.0	0.0	-0.014543488726910829	-2.128542656478093	0.03583857620460123	10.445249973886876	37.14499962855001
880	14417920	10	6.7	11.4109596441316	40.0	0.0	10	1.1	1.8138357147217055	5.0	0.0	-0.012896436381673027	-2.1798018016134013	0.036803143483167794	10.604249973489376	26.855999731440004
884	14483456	10	3.3	2.9	8.0	0.0	10	7.6	11.297787393998881	40.0	1.0	-0.012849061463562093	-2.1871738779253342	0.03570917615062184	10.625249973436874	32.23499967765
888	14548992	10	3.5	5.024937810560445	18.0	0.0	10	7.4	11.508257904652641	40.0	0.0	-0.013790954732412944	-2.1638875526915986	0.03160005510688349	10.16149997459625	32.55899967441
892	14614528	10	7.4	8.97997772825746	25.0	0.0	10	5.8	11.591376104673682	40.0	0.0	-0.014585966926760585	-2.1520897793514897	0.03297260061804709	10.563249973591875	41.944999580550004
896	14680064	10	7.1	11.51911454930456	40.0	1.0	10	8.2	10.851727973000429	40.0	0.0	-0.014536453119643225	-2.185549909642168	0.03326870199955282	10.664499973338751	35.81299964187001
900	14745600	10	1.6	2.5377155080899043	7.0	0.0	10	4.7	5.550675634551167	19.0	0.0	-0.014635935021630795	-2.1759279666064555	0.03471285830045501	10.79049997302375	29.261999707380006
904	14811136	10	2.0	2.6832815729997477	7.0	0.0	10	6.1	11.501738998951419	40.0	0.0	-0.013801901824159267	-2.188243694375501	0.03370702894984738	12.346999969132499	20.675999793240003
908	14876672	10	6.5	11.447707194019246	40.0	0.0	10	12.9	14.48758088847134	40.0	0.0	-0.01462370281508366	-2.1823168866546623	0.03364271045467238	11.744499970638751	46.448999535510005
912	14942208	10	11.2	14.572576985557497	40.0	1.0	10	8.0	11.8911731969558	40.0	0.0	-0.013775686066239573	-2.1743773741245267	0.03154735008779741	12.296499969258752	42.825999571740006
916	15007744	10	3.4	7.592101158440923	26.0	0.0	10	15.6	16.71645895517349	40.0	0.0	-0.014549237972763548	-2.1801757909570054	0.030600473397949145	11.556999971107501	43.60899956391001
920	15073280	10	1.6	2.0591260281974	7.0	0.0	10	3.2	2.4819347291981715	8.0	0.0	-0.015141847277481336	-2.1336759127937435	0.03766084795735873	10.609749973475624	14.371999856280002
924	15138816	10	4.1	6.252199612936234	19.0	0.0	10	8.4	11.976643937263894	40.0	0.0	-0.013998022781740265	-2.1693930375303054	0.04218204311276663	12.360249969099376	24.555999754440005
928	15204352	10	8.9	15.604166110369372	40.0	0.0	10	5.7	5.797413216254298	19.0	0.0	-0.014833390798504383	-2.1403026553745796	0.0362596011217166	13.563999966090002	32.179999678200005
932	15269888	10	4.5	5.2583267300539625	14.0	0.0	10	9.2	11.76265276202609	40.0	0.0	-0.014244952477718915	-2.1602557249600496	0.03104402941405877	12.767749968080624	27.996999720030004
936	15335424	10	7.6	11.2	40.0	1.0	10	9.2	15.471263684650973	40.0	0.0	-0.014463845842641074	-2.1359327507774344	0.03388631364831379	13.731999965670001	85.28699914713002
940	15400960	10	7.3	6.527633568147035	23.0	0.0	10	12.7	10.583477689304212	40.0	1.0	-0.014560259634586792	-2.0995201193092754	0.03913958482812684	10.06849997482875	37.35199962648
944	15466496	10	9.2	12.188519188154071	40.0	0.0	10	7.8	11.382442620105756	40.0	0.0	-0.01350620399272863	-2.0969312933883275	0.04567136149377724	9.953749975115624	128.85799871142004
948	15532032	10	1.7	1.4177446878757824	4.0	0.0	10	10.7	14.940214188558343	40.0	0.0	-0.01361998214613177	-2.0958395896158963	0.039650288289939224	11.167249972081875	31.226999687730004
952	15597568	10	1.9	2.071231517720798	7.0	0.0	10	6.3	3.9255572852781038	15.0	0.0	-0.01466035174082291	-2.110027588684109	0.04230218325921823	10.192999974517502	30.089999699100005
956	15663104	10	2.5	2.3769728648009427	7.0	0.0	10	6.1	5.990826320300064	20.0	1.0	-0.014126164781417866	-2.1579611274338975	0.03915504020386119	9.752249975619375	31.635999683640005
960	15728640	10	8.0	12.409673645990857	40.0	0.0	10	9.4	11.01998185116473	40.0	0.0	-0.01380299971644409	-2.132758085704211	0.04247229423630009	10.790249973024375	24.840999751590005
964	15794176	10	7.4	11.680753400359071	40.0	0.0	10	11.9	14.66594695203825	40.0	0.0	-0.012931971215207828	-2.1004780777094254	0.045763723625070175	11.746749970633125	43.28399956716001
968	15859712	10	2.4	2.1540659228538015	7.0	0.0	10	10.5	11.315917991926241	40.0	0.0	-0.013851540365443313	-2.105984945872596	0.04433451999914019	10.946749972633125	19.676999803230004
972	15925248	10	13.6	14.354093492798492	40.0	1.0	10	6.5	5.408326913195984	17.0	1.0	-0.01333682206174899	-2.0611491896548597	0.046057882015452266	12.239999969400001	27.773999722260005
976	15990784	10	9.5	12.36325199937298	40.0	0.0	10	9.9	15.423683088030563	40.0	0.0	-0.013629708267919602	-2.040163037465089	0.046355746371189	11.495249971261876	35.339999646600006
980	16056320	10	17.2	16.36337373526621	40.0	0.0	10	8.2	11.133732527773425	40.0	1.0	-0.012733997492015571	-2.0701742902725204	0.049449751614098564	11.191249972021875	35.92099964079001
984	16121856	10	6.3	6.325345840347387	20.0	0.0	10	12.0	14.649232061783989	40.0	0.0	-0.014360616663624183	-2.0928528033500395	0.036635210209900904	10.746749973133126	44.46099955539
988	16187392	10	5.2	7.08237248385031	20.0	0.0	10	8.9	11.708543888972702	40.0	0.0	-0.013822266893612536	-2.102147693216377	0.03761488608236069	10.366999974082502	35.169999648300006
992	16252928	10	9.9	15.208221460775748	40.0	0.0	10	12.4	14.270248771482578	40.0	1.0	-0.013912305559406306	-2.114696937082467	0.03549108717919363	10.3969999740075	47.76299952237001
996	16318464	10	2.9	3.207802986469088	9.0	0.0	10	10.0	7.899367063252599	23.0	2.0	-0.013023057034396003	-2.129419545110776	0.03679427201476379	11.498249971254376	33.17499966825
1000	16384000	10	6.5	12.18400590938793	40.0	0.0	10	6.5	5.2583267300539625	15.0	0.0	-0.014029662967362262	-2.1520176304125234	0.03597285473965403	11.706999970732499	35.32099964679001
1004	16449536	10	9.5	12.674778104566565	40.0	0.0	10	8.6	11.324310133513652	40.0	0.0	-0.014324391291992825	-2.189265995989679	0.035431886126942626	10.588749973528126	48.093999519060006
1008	16515072	10	5.0	4.1952353926806065	12.0	0.0	10	10.2	15.295751043999115	40.0	0.0	-0.013554280438057438	-2.178179020456077	0.035934119986041915	10.864749972838124	39.25199960748001
1012	16580608	10	4.0	6.971370023173351	24.0	0.0	10	7.6	11.244554237496478	40.0	0.0	-0.013524916671592677	-2.182321655026244	0.033918833550568274	10.394249974014375	40.07199959928001
1016	16646144	10	12.5	14.793579688500008	40.0	0.0	10	6.1	11.58835622510803	40.0	0.0	-0.014305134831097284	-2.1915932965975946	0.03237541432853683	10.80399997299	42.72899957271001
1020	16711680	10	4.6	4.737087712930805	15.0	0.0	10	6.0	11.61895003862225	40.0	0.0	-0.01511469524327265	-2.2076163339302086	0.030065367441441778	11.336249971659376	34.70299965297001
1024	16777216	10	3.7	3.874274125562103	11.0	0.0	10	6.9	11.246777316191515	40.0	0.0	-0.013060190965768485	-2.1873875556097784	0.0332428050813717	11.618249970954375	28.486999715130004
1028	16842752	10	4.0	6.2289646009589745	21.0	0.0	10	6.1	11.475626344561762	40.0	0.0	-0.01229066087998246	-2.25414848304156	0.032140557689659115	9.936749975158126	41.23099958769001
1032	16908288	10	4.5	6.2809234989768825	22.0	0.0	10	8.7	11.35825690852254	40.0	0.0	-0.012740137483470644	-2.2282267185711397	0.034844146921395085	10.485749973785625	41.29699958703
1036	16973824	10	2.3	3.494281041931229	11.0	0.0	10	6.7	11.35825690852254	40.0	0.0	-0.011850867552593042	-2.2250845305787355	0.037325415542962544	10.542749973643126	37.41899962581
1040	17039360	10	10.9	14.794931564559533	40.0	0.0	10	13.4	13.184839779079608	40.0	0.0	-0.01368160157147305	-2.21569997545845	0.03746216014258246	10.217249974456875	54.30599945694001
1044	17104896	10	3.3	2.5317977802344322	7.0	0.0	10	9.4	12.216382443260363	40.0	0.0	-0.013342904049269967	-2.2359147690391015	0.036073958206423735	10.11849997470375	30.005999699940006
1048	17170432	10	6.9	12.11156472137271	41.0	0.0	10	8.2	8.316249154516717	28.0	0.0	-0.013724809023577166	-2.2287357248527804	0.0316386249387897	10.499749973750626	56.384999436150004
1052	17235968	10	8.8	15.644807445283563	40.0	0.0	10	13.6	14.04421589124861	40.0	1.0	-0.01416048801521492	-2.208316462505302	0.031291599362778255	10.1549999746125	41.91799958082001
1056	17301504	10	14.1	14.672763884149434	40.0	0.0	10	11.1	11.571084650973736	40.0	1.0	-0.012816043608107805	-2.212198632228408	0.03291553598097692	10.977749972555626	43.20399956796001
1060	17367040	10	2.8	2.749545416973504	8.0	0.0	10	6.4	11.586198686368192	40.0	0.0	-0.013789861864176854	-2.2396801484278366	0.03517787321104241	10.387249974031874	38.01299961987
1064	17432576	10	3.0	3.1304951684997055	10.0	0.0	10	10.7	11.832582135780845	40.0	0.0	-0.013588825850496176	-2.2490515160204665	0.03394802050156175	10.777999973055001	41.10299958897001
1068	17498112	10	5.4	7.200000000000001	25.0	0.0	10	8.9	11.970380110923797	40.0	0.0	-0.013780178200027016	-2.2495388013761426	0.03559735201626876	11.479749971300626	34.352999656470004
1072	17563648	10	9.3	11.610770861575041	40.0	0.0	10	14.9	14.257980221616245	40.0	1.0	-0.013706895700819084	-2.241773334408733	0.029316807589544264	10.967499972581251	48.27099951729001
1076	17629184	10	3.6	3.8000000000000003	12.0	0.0	10	7.8	11.249888888340188	40.0	0.0	-0.012944248930444515	-2.2167775057430603	0.03194259739303398	10.9549999726125	30.214999697850004
1080	17694720	10	3.8	3.944616584663204	10.0	0.0	10	7.6	12.101239605924675	40.0	0.0	-0.01278834801499699	-2.2064044026222245	0.03302023190816251	10.970749972573126	31.135999688640005
1084	17760256	10	13.0	13.36413109783049	40.0	0.0	10	10.2	12.302845199383759	40.0	0.0	-0.01340144926489159	-2.209397305814751	0.034964619181357265	10.055749974860625	51.44999948550001
1088	17825792	10	11.5	12.28210079750203	40.0	0.0	10	11.2	15.08509197850646	40.0	0.0	-0.012989823093914532	-2.20289490100643	0.03125608044661339	11.443499971391251	45.02299954977001
1092	17891328	10	7.3	11.567627241573788	40.0	0.0	10	8.5	11.884864324004713	40.0	0.0	-0.012632476827899612	-2.208530671664495	0.0349695174918405	11.034749972413124	39.91399960086001
1096	17956864	10	10.2	15.065191668213185	40.0	0.0	10	3.0	3.605551275463989	12.0	0.0	-0.012882732241624738	-2.205788497893717	0.03458682973120814	11.493999971265001	28.918999710810006
1100	18022400	10	1.4	1.019803902718557	3.0	0.0	10	11.6	14.589036979869508	40.0	1.0	-0.012368417164225393	-2.2156066345847414	0.04757135496755369	11.344999971637499	24.214999757850002
1104	18087936	10	4.6	3.2310988842807027	10.0	0.0	10	13.6	14.2982516413721	40.0	0.0	-0.01281778915884565	-2.2023225027015503	0.04347575769772503	11.917249970206875	26.314999736850005
1108	18153472	10	10.0	11.584472366059664	40.0	0.0	10	10.3	15.166080574756288	40.0	0.0	-0.01202528701707953	-2.2521976478535333	0.041588533025093744	11.337749971655626	33.32699966673
1112	18219008	10	9.5	11.95198728245642	40.0	0.0	10	2.3	2.238302928559939	7.0	0.0	-0.013563606001401414	-2.252868773801892	0.036297906962478046	10.491499973771251	31.209999687900005
1116	18284544	10	3.3	2.238302928559939	7.0	0.0	10	15.7	14.498620624045584	40.0	0.0	-0.012951656825422663	-2.2563207246496355	0.03313173361087927	10.676999973307499	32.68399967316
1120	18350080	10	3.3	4.075536774462966	14.0	0.0	10	8.3	12.377802712921223	40.0	0.0	-0.013200454119052166	-2.2557577612633173	0.040080206755564646	10.241249974396874	34.07299965927
1124	18415616	10	2.9	3.080584360149872	10.0	0.0	10	8.1	11.326517558367179	40.0	1.0	-0.013969509109059227	-2.2207144148818068	0.04379487770619022	10.247249974381875	35.209999647900005
1128	18481152	10	4.6	6.421837743200928	22.0	0.0	10	4.8	4.874423042781576	15.0	0.0	-0.012598981320379916	-2.2365025875622884	0.03840679011373247	9.98949997502625	22.201999777980006
1132	18546688	10	10.0	12.696456198483101	40.0	0.0	10	11.8	10.824047302187846	40.0	0.0	-0.014160775029914897	-2.2456663571442412	0.03789650145911427	11.430249971424375	35.14899964851001
1136	18612224	10	5.2	7.332121111929345	23.0	0.0	10	6.1	5.717516943569122	20.0	0.0	-0.014266045083513207	-2.2323341913679466	0.0386336022792498	12.12349996969125	31.149999688500003
1140	18677760	10	2.4	4.103656905736638	14.0	0.0	10	6.9	8.018104514160438	23.0	0.0	-0.013866774096106203	-2.2263624938990163	0.03401524468436414	12.526749968683125	24.026999759730003
1144	18743296	10	5.7	6.618912297349166	20.0	0.0	10	17.1	15.591343752223539	40.0	0.0	-0.013871627162259677	-2.238096895084101	0.031866415885527744	11.765499970586252	33.53399966466
1148	18808832	10	2.5	2.3345235059857505	7.0	0.0	10	11.4	11.943198901466893	40.0	0.0	-0.0141284737641234	-2.205206346778837	0.03280308578442568	11.26949997182625	31.383999686160006
1152	18874368	10	3.4	2.1999999999999997	8.0	1.0	10	8.0	7.987490219086343	23.0	0.0	-0.012950432838367082	-2.1901176519894094	0.036202281321663574	10.297249974256875	31.446999685530002
1156	18939904	10	10.9	14.727185746095554	40.0	0.0	10	6.5	11.421471008587291	40.0	0.0	-0.0129722382054578	-2.187249985606124	0.031374548772030955	9.398999976502502	47.65499952345001
1160	19005440	10	4.1	4.437341546466758	13.0	0.0	10	8.3	11.593532679903912	40.0	0.0	-0.013970365987673424	-2.148379909271723	0.03198003613367344	9.725249975686877	35.9699996403
1164	19070976	10	9.3	15.421089455677249	40.0	0.0	10	4.5	3.0740852297878796	9.0	0.0	-0.013481280815954918	-2.158116188917264	0.03566791180848201	9.58849997602875	35.60399964396
1168	19136512	10	14.5	14.827339613025663	40.0	0.0	10	11.1	12.218428704215611	40.0	0.0	-0.013046868811069583	-2.158539756907682	0.03907451009902133	10.089249974776875	48.29599951704001
1172	19202048	10	4.5	4.129164564412516	13.0	0.0	10	8.1	6.579513659838393	19.0	0.0	-0.01373767274201472	-2.1813233964356495	0.037888566551974256	10.85149997287125	72.63099927369001
1176	19267584	10	9.6	15.265647709809105	40.0	0.0	10	5.0	4.427188724235731	16.0	0.0	-0.012925920363934796	-2.1812170120788443	0.036392557081700826	10.461999973845	39.152999608470004
1180	19333120	10	11.5	13.492590559266223	40.0	0.0	10	8.8	11.05260150371848	40.0	1.0	-0.013830915644953994	-2.207990819979186	0.04288337097910255	10.845249972886876	31.431999685680005
1184	19398656	10	6.0	5.796550698475776	20.0	0.0	10	6.6	11.47344760741077	40.0	0.0	-0.014346784333329341	-2.208513341614028	0.03817886210735555	10.739499973151252	41.80399958196001
1188	19464192	10	3.1	4.459820624195552	15.0	0.0	10	2.1	1.1357816691600549	4.0	0.0	-0.013968899919806765	-2.1718482546729496	0.03676126863967781	11.628999970927502	18.429999815700004
1192	19529728	10	7.6	11.689311356961966	40.0	0.0	10	10.4	12.216382443260361	40.0	0.0	-0.013323704502127538	-2.159834295286263	0.0385206685516594	10.788749973028125	45.799999542
1196	19595264	10	10.7	11.260994627474076	40.0	0.0	10	12.1	12.242957159118054	40.0	0.0	-0.012822910807273146	-2.174044521919921	0.03827100720168351	10.14949997462625	43.02299956977001
1200	19660800	10	10.0	13.213629327327144	40.0	0.0	10	9.4	12.059850745345068	40.0	0.0	-0.013760657572151063	-2.1731445960920346	0.03757414271818853	11.04049997239875	45.90899954091001
1204	19726336	10	10.4	13.32066064427737	40.0	0.0	10	9.6	10.883014288330234	40.0	0.0	-0.013630107055880436	-2.1421374229345527	0.036588058686729236	10.700249973249376	49.27699950723001
1208	19791872	10	8.1	11.193301568348813	40.0	1.0	10	15.5	14.214429288578561	40.0	0.0	-0.013507311876115915	-2.1530667739850626	0.03599294061242378	10.458749973853124	48.284999517150005
1212	19857408	10	9.2	11.043550153822821	40.0	0.0	10	13.1	14.264992113562487	40.0	1.0	-0.013194265519349598	-2.1524890509985832	0.0372676348352479	10.307499974231252	44.36699955633001
1216	19922944	10	7.8	11.625833303466898	41.0	0.0	10	12.9	14.306991297963384	40.0	0.0	-0.013489682897781366	-2.168111130369362	0.03556990949066502	10.05949997485125	53.876999461230014
1220	19988480	10	19.4	17.413787640832194	40.0	0.0	10	9.4	7.351190379795642	23.0	1.0	-0.013034307639076191	-2.136122189239672	0.037234690249899435	10.93999997265	37.89499962105001
1224	20054016	10	12.0	15.019986684414869	40.0	0.0	10	18.4	15.602563891873668	40.0	3.0	-0.013535839763592811	-2.1380014715351803	0.03774759689107972	11.878249970304374	35.36599964634001
1228	20119552	10	11.9	12.053630158587081	40.0	0.0	10	17.0	13.740451229854134	40.0	2.0	-0.012751519882421722	-2.140328128909638	0.03525510235943221	12.097249969756875	36.766999632330005
1232	20185088	10	21.2	14.232357499725756	41.0	1.0	10	10.8	14.770240350109406	40.0	0.0	-0.012642462278156042	-2.1195794043717244	0.03630401121927996	12.2109999694725	39.10299960897001
1236	20250624	10	9.3	11.696580696938742	40.0	1.0	10	9.5	15.415900881881669	40.0	0.0	-0.013855160278047273	-2.153817924136078	0.0345182361743778	11.4929999712675	41.32399958676
1240	20316160	10	11.6	14.84722196237397	40.0	0.0	10	4.2	4.707440918375928	14.0	0.0	-0.01387144252513396	-2.149102618073076	0.037082569359353786	11.293999971765	32.40099967599001
1244	20381696	10	7.8	11.443775600735973	40.0	0.0	10	16.7	15.956503376366639	40.0	2.0	-0.011675368959303756	-2.1703603066726735	0.035683885989098024	11.372749971568124	46.063999539360005
1248	20447232	10	6.4	11.421033228215387	40.0	0.0	10	8.8	11.634431657799189	40.0	0.0	-0.013704042288521828	-2.1783961129899607	0.032533000103534424	12.395749969010625	34.51399965486001
1252	20512768	10	7.2	11.54816002660164	40.0	0.0	10	12.4	14.705101155721442	40.0	0.0	-0.01278899333180432	-2.154508056515538	0.04194424551241902	12.718749968203126	46.10599953894001
1256	20578304	10	12.7	14.615402833996743	40.0	0.0	10	13.0	11.670475568716126	40.0	2.0	-0.01349484339254656	-2.1600110280250573	0.04080154583364392	12.617749968455625	42.161999578380005
1260	20643840	10	6.5	11.638298844762494	40.0	0.0	10	21.2	18.86690223645631	40.0	0.0	-0.012900253264150858	-2.154625095202596	0.03993377232663347	12.393999969015	40.73799959262001
1264	20709376	10	9.6	15.24598307751914	40.0	0.0	10	13.4	15.100993344810137	40.0	0.0	-0.013088039121158539	-2.156106774781064	0.03966365269127335	12.1049999697375	53.41699946583001
1268	20774912	10	11.0	11.29601699715435	40.0	1.0	10	12.6	11.31547612785251	40.0	2.0	-0.013498522250108466	-2.154848913127231	0.03268297318960025	10.47349997381625	50.01899949981001
1272	20840448	10	7.2	12.584116973391497	40.0	0.0	10	10.8	12.163880959627974	40.0	0.0	-0.013157924176229841	-2.1896148843272547	0.034050008142700636	10.189749974525625	43.02299956977001
1276	20905984	10	6.3	11.524322105876772	40.0	0.0	10	12.7	14.642745644174797	40.0	1.0	-0.012975820540166005	-2.189524814258428	0.03356244556333817	11.144749972138124	45.99299954007001
1280	20971520	10	10.6	13.290598180668917	40.0	0.0	10	11.8	14.790537515587458	40.0	0.0	-0.013677916125531526	-2.2401008479447246	0.033498348237872067	10.7349999731625	53.383999466160006
1284	21037056	10	6.7	12.099999999999998	40.0	0.0	10	7.3	11.747765745025731	40.0	0.0	-0.013130969669718443	-2.2109623722912506	0.031727203766149195	10.031249974921876	42.38899957611001
1288	21102592	10	8.2	11.923086848631105	40.0	0.0	10	15.4	17.67031408888931	40.0	0.0	-0.013835859699382742	-2.213137460021114	0.03468495166576829	10.899749972750627	47.46799952532001
1292	21168128	10	4.4	5.817215828899596	21.0	0.0	10	11.4	15.034626699722212	40.0	0.0	-0.013630666887461767	-2.2079098073328374	0.037297851693190914	11.84649997038375	38.496999615030006
1296	21233664	10	4.0	7.197221686178632	25.0	0.0	10	13.8	11.267652816802618	40.0	0.0	-0.012881844200084085	-2.2280916022920287	0.03090869487562178	12.201249969496875	28.833999711660006
1300	21299200	10	5.0	7.014271166700073	23.0	0.0	10	12.8	12.02331069215131	41.0	0.0	-0.013604063245816382	-2.2317509723365148	0.03258728291887961	12.517249968706876	40.02399959976001
1304	21364736	10	6.9	11.370576062803503	40.0	0.0	10	8.6	12.403225386970924	40.0	0.0	-0.013486715784094484	-2.1992156453623326	0.03720721613693837	11.661749970845626	33.925999660740004
1308	21430272	10	7.2	11.461239025515521	40.0	0.0	10	11.6	14.6574213284602	40.0	0.0	-0.013313610277517447	-2.210182991890356	0.03933500713491854	10.220749974448124	36.98399963016001
1312	21495808	10	7.4	11.697863052711808	40.0	0.0	10	10.6	14.874138630522442	40.0	0.0	-0.014375913954627464	-2.2196718377542997	0.03840440546228042	9.82399997544	47.12299952877
1316	21561344	10	6.7	7.321885003194191	24.0	0.0	10	13.0	14.696938456699069	40.0	0.0	-0.012911538999579723	-2.2211337757777145	0.037792242011775265	9.73349997566625	43.10699956893001
1320	21626880	10	8.0	12.336936410632909	40.0	0.0	10	14.8	16.779749700159417	40.0	0.0	-0.014092382000901698	-2.1742910715659547	0.034631535931142536	10.138249974654375	41.15199958848001
1324	21692416	10	8.2	9.357350052231668	28.0	0.0	10	10.0	12.915107432770352	40.0	0.0	-0.012548033163720456	-2.194641768703734	0.032576791220831694	10.528249973679376	40.70399959296001
1328	21757952	10	8.2	8.009993757800315	21.0	0.0	10	6.9	6.518435395092905	20.0	0.0	-0.013359563300100394	-2.20166294502133	0.036933758408640535	11.443249971391875	29.057999709420006
1332	21823488	10	8.7	11.983738982471206	40.0	0.0	10	9.4	11.324310133513652	40.0	2.0	-0.012740957545739316	-2.1950655179916128	0.03800777527883857	12.449999968875	32.799999672000006
1336	21889024	10	9.4	15.370100845472681	40.0	0.0	10	19.7	17.059015211904818	40.0	0.0	-0.012793878402470015	-2.1945908961394234	0.033044726118728524	12.398999969002501	44.26399955736001
1340	21954560	10	5.8	11.539497389401326	40.0	0.0	10	6.5	11.18257573191436	40.0	2.0	-0.012869079144844428	-2.1816484503658984	0.0378670491005896	11.6809999707975	30.122999698770005
1344	22020096	10	8.3	10.982258419833327	40.0	0.0	10	14.2	17.209299811439163	40.0	0.0	-0.013030311515807873	-2.2131113283514363	0.03625657921279293	10.923249972691874	43.74599956254001
1348	22085632	10	11.6	14.799999999999999	40.0	0.0	10	10.9	14.659126849850233	40.0	0.0	-0.013541274685651312	-2.206775970527135	0.03702338844695346	10.587249973531875	46.19099953809001
1352	22151168	10	5.7	11.679469166019489	40.0	0.0	10	8.6	11.019981851164728	40.0	0.0	-0.013882821242450487	-2.219600125916062	0.03675406629535288	11.687749970780624	34.45899965541001
1356	22216704	10	11.1	12.934063553268942	40.0	0.0	10	19.0	15.152557539900648	40.0	0.0	-0.014319551403811248	-2.186334905297305	0.036667576637956126	11.02799997243	41.1099995889
1360	22282240	10	12.1	12.037026210821342	40.0	1.0	10	13.7	15.026975743641833	40.0	0.0	-0.012430219623556393	-2.2078665095254664	0.03193404591154453	10.056249974859375	57.696999423030014
1364	22347776	10	14.5	17.048460341039597	40.0	0.0	10	7.0	11.899579824514813	40.0	0.0	-0.013116477570139132	-2.2068612672573265	0.03253255958795668	10.242749974393126	53.168999468310005
1368	22413312	10	10.7	14.839474384222642	40.0	0.0	10	5.4	5.295280917949491	16.0	0.0	-0.013737414108400074	-2.2092674719972822	0.03772463761653183	11.910249970224374	31.863999681360006
1372	22478848	10	6.4	7.592101158440923	22.0	0.0	10	12.8	10.684568311354464	40.0	0.0	-0.013128430053708477	-2.207411460348503	0.03947024826946233	10.484749973788125	47.58499952415001
1376	22544384	10	7.7	11.57626882894484	40.0	0.0	10	13.0	15.05323885414697	40.0	0.0	-0.013629277962935707	-2.2177842033579434	0.03338383304693992	9.952499975118752	44.70899955291001
1380	22609920	10	6.3	7.014983962918233	19.0	0.0	10	7.1	5.08822169328342	18.0	1.0	-0.01442999025161707	-2.196533786525008	0.038079753766371106	9.718749975703124	44.91099955089001
1384	22675456	10	8.1	7.51598296964542	25.0	1.0	10	12.5	14.548195764423848	40.0	0.0	-0.013365634480398996	-2.1945914077459574	0.03286030987168163	9.916249975209377	39.67499960325
1388	22740992	10	14.0	14.553350129781116	40.0	0.0	10	23.0	17.25688268488837	40.0	0.0	-0.013150268725282513	-2.236413024132942	0.0393265607764647	11.282749971793125	59.26099940739001
1392	22806528	10	10.2	11.276524287208359	40.0	1.0	10	13.3	15.316984037335809	40.0	0.0	-0.014520509550193548	-2.21866192893918	0.03561626521809932	9.785749975535625	51.12899948871001
1396	22872064	10	2.2	1.9390719429665317	6.0	0.0	10	18.6	17.56245996436718	40.0	1.0	-0.013932860525896316	-2.2030301687806797	0.0380123982282806	9.218499976953751	43.92199956078
1400	22937600	10	5.8	11.522152576667262	40.0	0.0	10	9.1	11.67433081593973	40.0	0.0	-0.013719483480989468	-2.188353818923766	0.03125606944536548	9.570249976074376	35.19599964804
1404	23003136	10	6.5	11.766477807738388	40.0	0.0	10	9.3	11.428473213863695	40.0	0.0	-0.012931900238241308	-2.2150030332483253	0.030856893860314705	11.39149997152125	39.770999602290004
1408	23068672	10	14.7	16.953170794869024	40.0	0.0	10	1.9	1.8681541692269403	6.0	0.0	-0.013648821871450702	-2.211329072483505	0.03530966280591737	11.016749972458127	28.538999714610007
1412	23134208	10	5.9	6.024118192731613	20.0	0.0	10	16.1	16.127306036657206	40.0	0.0	-0.013822447582318587	-2.1795651960089364	0.033568134586089725	11.3829999715425	39.73799960262001
1416	23199744	10	11.3	12.05860688471102	40.0	2.0	10	11.1	15.042938542718309	40.0	0.0	-0.013166266732234392	-2.2094429232362143	0.0327526746710483	12.865249967836874	32.602999673970004
1420	23265280	10	9.2	12.528367810692659	40.0	0.0	10	11.4	10.68831137270991	40.0	0.0	-0.013402377755905937	-2.236693652734623	0.03619165025507289	11.514749971213126	34.785999652140006
1424	23330816	10	8.0	11.670475568716126	40.0	0.0	10	6.2	6.19354502688081	15.0	0.0	-0.013208210110394457	-2.2332250125863444	0.03413611950850916	11.28749997178125	39.258999607410004
1428	23396352	10	5.4	5.851495535331118	17.0	0.0	10	14.5	14.657762448614045	40.0	0.0	-0.013812089592118415	-2.210363576579319	0.03380621036084881	10.965249972586877	37.323999626760006
1432	23461888	10	3.7	5.514526271584895	19.0	0.0	10	16.2	13.105723940324701	40.0	2.0	-0.011776730118664255	-2.195654988060165	0.0365932787109543	9.589249976026876	48.307999516920006
1436	23527424	10	5.9	11.66576186967658	40.0	0.0	10	9.5	5.818075283115543	19.0	1.0	-0.013070234016143361	-2.2225034805804027	0.043105975506838416	9.8469999753825	44.35299955647001
1440	23592960	10	12.7	15.32351134694656	40.0	0.0	10	10.9	14.794931564559533	40.0	0.0	-0.0129123981931611	-2.211148383486414	0.039565477477300916	9.579499976051249	47.82599952174001
1444	23658496	10	5.0	5.674504383644443	15.0	0.0	10	13.3	15.060212481900779	40.0	0.0	-0.012477325863593196	-2.231415105130294	0.04039060137745215	9.27649997680875	51.45099948549001
1448	23724032	10	5.9	6.472248450113763	19.0	1.0	10	15.5	16.596686416269964	40.0	1.0	-0.013613506791238381	-2.2467491450552255	0.03536128638487145	9.06149997734625	44.164999558350004
1452	23789568	10	7.2	11.651609330903607	40.0	0.0	10	9.3	11.00954131651269	40.0	0.0	-0.013309866877360873	-2.227076798445457	0.03446880250344493	10.05249997486875	43.91999956080001
1456	23855104	10	8.9	11.553787257864842	40.0	0.0	10	5.5	3.8275318418009276	12.0	1.0	-0.012817959901317644	-2.2402212170413094	0.038029905540477256	11.136249972159376	31.783999682160005
1460	23920640	10	11.0	14.839137441239636	40.0	0.0	10	12.6	14.82025640803829	40.0	0.0	-0.013331349222250046	-2.228259734577288	0.03250984606615314	11.614249970964375	38.42299961577001
1464	23986176	10	5.9	7.4893257373411135	24.0	0.0	10	16.3	16.056462873248268	40.0	1.0	-0.013683810256315541	-2.239191452428901	0.03365673353389733	11.414249971464374	36.28599963714001
1468	24051712	10	3.4	4.1521078984053394	15.0	0.0	10	13.0	14.52583904633395	40.0	0.0	-0.01303728945504809	-2.2622996144123677	0.028970093191688025	11.588249971029374	30.347999696520002
1472	24117248	10	9.4	11.646458689232535	40.0	0.0	10	10.9	10.97679370308106	40.0	0.0	-0.012910682830371395	-2.253137265407782	0.03244760102487243	10.856499972858751	46.430999535690006
1476	24182784	10	7.3	11.866338946785568	40.0	0.0	10	10.9	14.7	40.0	0.0	-0.013322247047782034	-2.2707136295854036	0.02999771851733775	10.203749974490625	44.26999955730001
1480	24248320	10	12.7	12.32923355282071	40.0	0.0	10	14.7	12.482387592123551	40.0	0.0	-0.012565717165271795	-2.2426600478736956	0.03291963044366302	10.03849997490375	45.75699954243
1484	24313856	10	9.6	11.490865937778581	40.0	1.0	10	9.8	11.889491158161478	40.0	0.0	-0.012810892077322389	-2.2546697107589053	0.033376622417724586	9.776499975558751	46.41699953583001
1488	24379392	10	9.0	8.221921916437786	25.0	0.0	10	9.2	11.408768557561329	40.0	0.0	-0.013221800481144182	-2.267335047088318	0.029144918484836996	10.764499973088748	48.14799951852001
1492	24444928	10	16.7	16.42589419179364	40.0	0.0	10	12.9	14.855638660118254	40.0	0.0	-0.01353769097093648	-2.2607632599899588	0.03016290935606354	11.140749972148123	51.42899948571001
1496	24510464	10	12.8	14.510685717773644	40.0	0.0	10	11.0	11.781341180018513	40.0	1.0	-0.013555104365072262	-2.283422062556511	0.028560130815151085	10.6929999732675	47.366999526330005
1500	24576000	10	3.9	3.176476034853718	10.0	0.0	10	11.2	12.130952147296602	40.0	1.0	-0.013424549733034944	-2.245179722472604	0.03289602401634117	11.348999971627501	25.505999744940006
1504	24641536	10	5.3	4.859012245302536	17.0	0.0	10	11.6	15.311433636338565	40.0	0.0	-0.01283762182707779	-2.228316570089602	0.03283948736156054	11.433999971415002	31.514999684850007
1508	24707072	10	7.3	12.050311199301037	40.0	0.0	10	13.9	14.781407240178453	40.0	0.0	-0.012050394949819599	-2.2638330482071836	0.03040793947170699	10.203999974490001	45.45399954546001
1512	24772608	10	9.1	11.202231920470133	40.0	0.0	10	14.7	11.94194289050153	40.0	2.0	-0.012009369870269926	-2.2754187308365155	0.0335045521267869	10.779999973050002	49.74799950252
1516	24838144	10	4.9	4.570557952810575	14.0	0.0	10	11.6	14.921125962875589	41.0	0.0	-0.013375608447981652	-2.263351099950741	0.03371584632393185	11.134749972163126	38.599999614000005
1520	24903680	10	11.0	12.058192235986288	40.0	0.0	10	20.6	16.52392205258788	40.0	2.0	-0.01275423875498675	-2.2616510388879463	0.03227841314368234	10.808499972978751	43.91699956083001
1524	24969216	10	7.4	11.39473562659529	40.0	0.0	10	8.8	9.346657156438338	26.0	0.0	-0.013001863317044077	-2.2377177151693486	0.031476056471603106	11.220749971948123	41.02299958977001
