iter	frame	n_test	mean_returns	std_returns	max_returns	min_returns	n_test_train	mean_returns_train	std_returns_train	max_returns_train	min_returns_train	actor_loss	entropy_loss	value_loss	training_time	evaluation_time
0	0	10	0.8	0.7483314773547883	2.0	0.0	10	1.2	0.6000000000000001	2.0	0.0	0	0	0	0.0	31.959999680400006
4	65536	10	1.1	0.5385164807134504	2.0	0.0	10	0.8	0.8717797887081347	2.0	0.0	-0.002319354986928094	-2.636151591662148	0.07165736413280037	12.076749969808127	31.946999680530006
8	131072	10	1.0	0.4472135954999579	2.0	0.0	10	2.0	3.7416573867739413	13.0	0.0	-0.004807140415732125	-2.6209202753754224	0.04265118294804935	10.976249972559376	32.735999672640006
12	196608	10	1.4	1.1135528725660042	3.0	0.0	10	0.5	0.6708203932499369	2.0	0.0	-0.0054913825267289135	-2.6108916423978688	0.040711001547003675	11.652999970867501	31.670999683290006
16	262144	10	1.3	1.004987562112089	3.0	0.0	10	2.1	2.7	10.0	0.0	-0.006563929204804981	-2.5706877010369733	0.03051296943325597	11.45349997136625	31.673999683260003
20	327680	10	1.6	0.8	3.0	1.0	10	1.3	1.1	3.0	0.0	-0.006345214098419031	-2.580161509145747	0.041646531157824435	11.326749971683126	30.601999693980005
24	393216	10	1.3	0.9	3.0	0.0	10	1.5	0.806225774829855	3.0	0.0	-0.006063757517015046	-2.591390924879186	0.04295726527478109	11.327999971679999	31.575999684240006
28	458752	10	3.7	4.775981574503821	13.0	0.0	10	1.7	0.7810249675906654	3.0	0.0	-0.00505120919305058	-2.5903114425424594	0.08824754594682065	12.132249969669374	31.154999688450005
32	524288	10	1.2	0.7483314773547882	3.0	0.0	10	2.3	2.72213151776324	10.0	0.0	-0.004556233329650692	-2.584255106477957	0.0894880190902926	11.053749972365624	32.822999671770006
36	589824	10	4.2	5.249761899362675	13.0	0.0	10	2.5	3.5846896657869842	13.0	0.0	-0.005216289733109593	-2.5755655787685834	0.10908516243050405	11.648749970878127	28.946999710530005
40	655360	10	2.7	3.6619666847201113	13.0	0.0	10	2.0	2.8284271247461903	10.0	0.0	-0.004957908950714674	-2.5846180863469668	0.11389844157167461	11.3729999715675	33.04399966956
44	720896	10	3.6	4.7791212581394085	13.0	0.0	10	2.4	3.555277766926235	13.0	1.0	-0.0044541363696739816	-2.5888349013810763	0.12486579946959452	11.134499972163749	28.332999716670002
48	786432	10	3.8	3.994996871087636	13.0	0.0	10	3.5	4.129164564412516	13.0	0.0	-0.0059332567100868336	-2.5870786455558985	0.08460472197321907	11.556999971107501	33.396999666030005
52	851968	10	1.8	0.6000000000000001	3.0	1.0	10	1.6	1.019803902718557	3.0	0.0	-0.005649231389439876	-2.576623442003947	0.0736480986545135	11.00249997249375	32.901999670980004
56	917504	10	3.9	3.9102429592034302	13.0	1.0	10	1.9	1.044030650891055	3.0	0.0	-0.005482017901193828	-2.5627354653987067	0.08640959369049896	10.998249972504375	33.57699966423
60	983040	10	3.9	4.657252408878008	13.0	0.0	10	1.8	0.8717797887081348	3.0	0.0	-0.005867200631347576	-2.5535818683427944	0.062143231366962245	11.498999971252498	30.615999693840006
64	1048576	10	1.7	0.9	3.0	0.0	10	3.7	4.73392015141785	13.0	0.0	-0.004558213023129856	-2.535019541516089	0.08758980252178067	11.05049997237375	33.47299966527
68	1114112	10	3.2	4.935585071701227	13.0	0.0	10	1.6	1.019803902718557	3.0	0.0	-0.004156943189497932	-2.554178709519083	0.11957899759209277	11.300749971748125	31.571999684280005
72	1179648	10	0.5	0.9219544457292888	3.0	0.0	10	3.2	3.370459909270544	13.0	0.0	-0.005236439183196966	-2.553312120072311	0.08717079479115404	11.4329999714175	30.855999691440008
76	1245184	10	2.7	3.5791060336346563	13.0	0.0	10	2.3	3.689173349139343	13.0	0.0	-0.004572016780739149	-2.5600053466673334	0.11670366318379241	11.982249970044375	28.863999711360005
80	1310720	10	2.3	0.7810249675906654	3.0	1.0	10	2.8	3.4871191548325386	13.0	1.0	-0.0054067808396643284	-2.5483515210278687	0.09848239613291955	12.25999996935	30.137999698620007
84	1376256	10	3.4	4.24735211631906	13.0	0.0	10	2.3	3.689173349139343	13.0	0.0	-0.005089983266543972	-2.49158393068983	0.10602656925389647	11.88449997028875	29.565999704340005
88	1441792	10	1.3	1.004987562112089	3.0	0.0	10	3.7	4.775981574503821	13.0	0.0	-0.004574850082289562	-2.5004021199919917	0.14090787307443692	12.460249968849375	26.529999734700006
92	1507328	10	1.4	1.1135528725660042	3.0	0.0	10	3.9	4.635730794599704	13.0	0.0	-0.005408140311113971	-2.5179205459713705	0.1385534015184607	12.346999969132499	28.099999719000007
96	1572864	10	2.2	3.655133376499413	13.0	0.0	10	2.2	2.7856776554368237	10.0	0.0	-0.0047044434063183765	-2.5011482881881153	0.1635083211803609	12.023999969940002	26.343999736560004
100	1638400	10	1.5	0.6708203932499369	2.0	0.0	10	5.0	5.310367218940701	13.0	0.0	-0.006402669683605702	-2.504674789545303	0.0525006674718682	12.182749969543124	29.106999708930005
104	1703936	10	4.0	4.58257569495584	13.0	0.0	10	2.8	2.4819347291981715	10.0	1.0	-0.004793421823206697	-2.509824752546177	0.08367119870285956	13.349749966625625	25.666999743330006
108	1769472	10	1.3	0.9	3.0	0.0	10	0.8	0.7483314773547883	2.0	0.0	-0.005077547223437968	-2.515655117468252	0.08924596893525186	12.280749969298125	27.859999721400005
112	1835008	10	1.9	0.7	3.0	1.0	10	1.7	1.004987562112089	3.0	0.0	-0.004820722756249964	-2.5377138378559563	0.075321629732607	12.898249967754376	26.52799973472
116	1900544	10	1.6	0.9165151389911681	3.0	0.0	10	4.8	5.418486873657626	13.0	0.0	-0.004078711862833056	-2.523763576880459	0.1185203021423988	12.77949996805125	27.764999722350005
120	1966080	10	1.5	1.02469507659596	3.0	0.0	10	4.3	5.139066063011838	13.0	0.0	-0.00541431168134891	-2.5279991549600362	0.07760042504297619	12.562749968593124	26.060999739390002
124	2031616	10	1.6	1.1135528725660044	3.0	0.0	10	1.3	1.004987562112089	3.0	0.0	-0.005373081582290925	-2.529834255312609	0.10571601995485139	12.819749967950626	27.608999723910006
128	2097152	10	2.9	4.459820624195552	13.0	0.0	10	2.4	3.6386810797320503	13.0	0.0	-0.004241133006429893	-2.5485456459053015	0.11590063462068333	12.585749968535627	27.438999725610003
132	2162688	10	2.9	3.562302626111375	13.0	0.0	10	3.3	3.4655446902326914	10.0	0.0	-0.005038256082197788	-2.546473783486071	0.08604118170795011	12.601999968495	27.745999722540002
136	2228224	10	4.2	4.467661580737736	13.0	0.0	10	2.6	3.583294573433784	13.0	0.0	-0.004686233892665108	-2.563026912243413	0.06397801755338675	12.245999969384998	27.421999725780005
140	2293760	10	1.5	0.5	2.0	1.0	10	1.8	0.8717797887081347	3.0	0.0	-0.005652134036929644	-2.561272394887041	0.06648403182321279	12.175999969560003	28.287999717120005
144	2359296	10	1.5	0.9219544457292888	3.0	0.0	10	2.0	1.0	3.0	0.0	-0.004139392209428999	-2.5823970111501375	0.06255449986520228	12.674249968314376	25.62099974379
148	2424832	10	3.8	4.643274706497559	13.0	0.0	10	3.5	4.104875150354759	13.0	0.0	-0.00450445440172561	-2.580513290792121	0.07682118965676771	12.859499967851251	27.415999725840006
152	2490368	10	1.8	0.7483314773547882	3.0	1.0	10	2.1	3.7269290307168443	13.0	0.0	-0.004919993295306843	-2.5672883686729273	0.05738895568243645	12.44399996889	25.809999741900004
156	2555904	10	1.6	1.019803902718557	3.0	0.0	10	4.0	4.604345773288535	13.0	0.0	-0.0038494783241055995	-2.572744759152559	0.1185169193459775	12.22449996943875	27.894999721050006
160	2621440	10	6.4	5.425863986500215	13.0	1.0	10	1.6	1.1135528725660044	3.0	0.0	-0.004008776876502632	-2.5606738872642256	0.08050933789864975	12.201999969495	25.310999746890005
164	2686976	10	1.6	1.019803902718557	3.0	0.0	10	5.6	4.862098312457287	13.0	2.0	-0.004198496353200549	-2.517357629772063	0.09596157224314927	12.279249969301876	27.099999729000007
168	2752512	10	3.0	3.521363372331802	13.0	0.0	10	1.8	0.9797958971132713	3.0	0.0	-0.004570093446827658	-2.5111822582649026	0.08131992188405356	12.321999969195002	28.077999719220003
172	2818048	10	1.8	1.16619037896906	3.0	0.0	10	2.6	3.5552777669262356	13.0	0.0	-0.0046288588438406	-2.509022908644785	0.10124612739225149	12.448249968879374	25.510999744890004
176	2883584	10	2.6	2.5377155080899043	10.0	1.0	10	1.7	1.1874342087037917	3.0	0.0	-0.0044607560286347185	-2.5120832246905453	0.07531092871981046	12.271249969321874	27.693999723060003
180	2949120	10	2.8	3.4871191548325386	13.0	0.0	10	1.5	1.2041594578792296	3.0	0.0	-0.0036835415590559155	-2.517145429786104	0.10419360597619116	12.222249969444375	25.514999744850005
184	3014656	10	2.5	3.640054944640259	13.0	0.0	10	3.9	4.6141087980237305	13.0	0.0	-0.0043719553427756805	-2.52213499172085	0.10331385552505454	12.83649996790875	27.495999725040004
188	3080192	10	5.8	5.381449618829484	13.0	0.0	10	4.7	5.532630477449222	13.0	0.0	-0.004935649754256435	-2.5185049272933755	0.11279684913256256	11.859999970350001	27.672999723270003
192	3145728	10	2.1	3.726929030716845	13.0	0.0	10	2.0	0.8944271909999159	3.0	0.0	-0.004456578798292785	-2.534761562679421	0.14230526074216088	12.91149996772125	24.511999754880005
196	3211264	10	1.7	0.6403124237432849	3.0	1.0	10	3.0	3.492849839314596	13.0	0.0	-0.005177546927437715	-2.5415176026359223	0.17183477484072923	11.90049997024875	28.942999710570007
200	3276800	10	4.5	5.608029957123981	13.0	0.0	10	5.7	4.796873982084582	13.0	2.0	-0.004869231066042916	-2.509236862000711	0.1983488136695838	12.70849996822875	27.056999729430004
204	3342336	10	2.8	3.515679166249389	13.0	0.0	10	6.6	5.2573757712379665	13.0	1.0	-0.0043987239279548425	-2.5253778569253233	0.09995579368286157	11.862499970343752	29.645999703540006
208	3407872	10	5.4	5.043808085167396	13.0	1.0	10	4.3	4.450842616853577	13.0	0.0	-0.005059556086738529	-2.532957449291547	0.1401895017527541	12.236999969407501	27.397999726020004
212	3473408	10	3.2	3.370459909270544	13.0	1.0	10	6.5	5.333854141237834	13.0	1.0	-0.0050685855040557256	-2.5450395119519365	0.09135714612803285	12.7829999680425	27.768999722310003
216	3538944	10	1.1	1.044030650891055	3.0	0.0	10	2.8	3.4871191548325386	13.0	1.0	-0.0047842234290498865	-2.5269758326163165	0.16858023355782772	12.50049996874875	27.273999727260005
220	3604480	10	5.6	4.862098312457287	13.0	2.0	10	5.1	4.635730794599704	13.0	1.0	-0.005841241207839922	-2.498281550643877	0.15365486388667238	12.267999969329999	27.392999726070006
224	3670016	10	3.4	3.2924155266308652	13.0	1.0	10	4.2	4.422668877499197	13.0	1.0	-0.004805351332939879	-2.531069618696568	0.144405742587691	12.820499967948749	26.176999738230005
228	3735552	10	5.3	5.1000000000000005	13.0	0.0	10	2.9	3.477067730142742	13.0	0.0	-0.0053831855663854945	-2.5046567616237874	0.20692057517374832	12.551249968621875	25.596999744030004
232	3801088	10	5.1	5.204805471869242	13.0	1.0	10	5.4	4.431703961232067	13.0	1.0	-0.005508282638434856	-2.5007433938361983	0.16928841614263634	12.885999967784999	26.278999737210004
236	3866624	10	5.5	4.984977432245807	13.0	0.0	10	5.0	5.347896782848375	13.0	0.0	-0.004758449227169879	-2.416944791621531	0.17367170434964369	12.7669999680825	25.589999744100005
240	3932160	10	7.6	5.462600113499065	13.0	0.0	10	6.0	5.2345009313209605	13.0	0.0	-0.006104991120659282	-2.368624008945258	0.2044472285954278	13.01049996747375	25.106999748930004
244	3997696	10	4.2	5.230678732248808	13.0	0.0	10	4.5	5.024937810560445	13.0	0.0	-0.005766699048768889	-2.388871133078643	0.20059600152158832	12.596999968507502	27.013999729860004
248	4063232	10	4.8	5.455272678794342	13.0	0.0	10	4.8	4.853864439804639	13.0	0.0	-0.005209977151089292	-2.401567366965788	0.124943795406904	12.902249967744376	24.163999758360006
252	4128768	10	4.6	5.571355310873647	13.0	0.0	10	5.1	5.281098370604358	13.0	0.0	-0.005057908436435693	-2.4257023158129516	0.14679818428144562	12.1199999697	27.839999721600005
256	4194304	10	7.4	5.660388679233963	13.0	0.0	10	7.5	5.572252686302013	13.0	0.0	-0.005747679237182065	-2.4264254666820873	0.27713411267443533	12.93049996767375	26.262999737370006
260	4259840	10	6.4	5.44426303552648	13.0	0.0	10	5.3	5.119570294468081	13.0	0.0	-0.005556008884647771	-2.426083368306961	0.29241891062566405	12.645249968386874	28.487999715120004
264	4325376	10	4.8	5.3999999999999995	13.0	0.0	10	7.7	5.404627646748664	13.0	0.0	-0.0056255838008131415	-2.406929683931286	0.3110729068348871	12.682999968292501	26.840999731590006
268	4390912	10	2.9	3.4481879299133333	13.0	0.0	10	5.1	5.262128846769148	13.0	0.0	-0.005662940580215408	-2.422601741796704	0.2116409203127601	12.343249969141876	28.3299997167
272	4456448	10	5.7	5.984145720150872	13.0	0.0	10	4.1	4.657252408878008	13.0	0.0	-0.006291655192349997	-2.4199523948095734	0.23139232379147087	12.884499967788749	27.557999724420004
276	4521984	10	3.4	3.261901286060018	13.0	1.0	10	6.0	5.196152422706632	13.0	1.0	-0.00614816271441896	-2.426711556559345	0.22598508323982727	13.204749966988127	27.439999725600007
280	4587520	10	4.5	5.608029957123981	13.0	0.0	10	6.5	5.371219600798314	13.0	0.0	-0.005723899536567624	-2.3914508767418443	0.20331855892258932	13.225999966935	26.818999731810003
284	4653056	10	4.6	5.535341001239218	13.0	0.0	10	2.7	2.570992026436488	10.0	0.0	-0.005962632154463564	-2.4401135690452014	0.27200928265499846	13.115749967210625	25.411999745880003
288	4718592	10	7.1	5.957348403442592	13.0	0.0	10	6.4	5.40740233383831	13.0	1.0	-0.005384775515919138	-2.3983224379504895	0.2391285553791131	13.75049996562375	25.598999744010005
292	4784128	10	6.3	4.94064773081425	13.0	2.0	10	3.8	4.019950248448356	13.0	0.0	-0.005848685854892636	-2.410731312878148	0.29498326852949336	12.451249968871876	20.259999797400006
296	4849664	10	5.1	5.18555686498567	13.0	1.0	10	6.3	5.568662316930341	13.0	0.0	-0.005807968331283941	-2.4005240944507586	0.2945240103953748	11.858749970353125	21.255999787440004
300	4915200	10	7.2	5.844655678480984	13.0	0.0	10	6.6	5.351635264103861	13.0	0.0	-0.005223760841607487	-2.3938076021760613	0.27563388378903037	11.506249971234375	31.477999685220006
304	4980736	10	7.1	5.957348403442592	13.0	0.0	10	10.9	4.2059481689626175	13.0	2.0	-0.005885765399694618	-2.426867209122106	0.2551992987016741	10.960249972599376	21.490999785090004
308	5046272	10	5.2	5.15363949069005	13.0	1.0	10	7.1	5.374941860150675	13.0	1.0	-0.005083639717441739	-2.340739366665041	0.26761055129586553	11.128999972177501	27.959999720400006
312	5111808	10	5.1	5.262128846769148	13.0	0.0	10	9.5	4.801041553663121	13.0	1.0	-0.005565108459173596	-2.4008425347489646	0.2600143852683261	12.114749969713126	30.094999699050003
316	5177344	10	7.2	5.8275209137333865	13.0	0.0	10	6.1	5.146843692983108	13.0	0.0	-0.00583629435701813	-2.350924047086127	0.27624410108579567	12.538749968653125	18.479999815200003
320	5242880	10	8.5	4.984977432245807	13.0	2.0	10	10.3	4.075536774462966	13.0	2.0	-0.005666762960891875	-2.3760208609212	0.2579934050370727	12.548749968628124	25.397999746020005
324	5308416	10	4.3	4.382921400162225	13.0	1.0	10	8.6	5.40740233383831	13.0	1.0	-0.006347230815608511	-2.308212200560139	0.24571344478911167	13.360999966597499	27.551999724480005
328	5373952	10	6.1	5.6824290580701495	13.0	0.0	10	8.9	5.028916384272064	13.0	2.0	-0.0062347469495634125	-2.28932175761456	0.2678553770638141	11.782249970544374	28.845999711540006
332	5439488	10	6.0	5.744562646538029	13.0	0.0	10	4.8	4.791659420284375	13.0	1.0	-0.005102788968314505	-2.3385981393404602	0.28102605755928384	12.39649996900875	20.580999794190003
336	5505024	10	6.4	5.4258639865002145	13.0	1.0	10	7.5	5.554277630799526	13.0	0.0	-0.005097957814920044	-2.3124387311513455	0.23439180770930867	13.02799996743	28.012999719870006
340	5570560	10	6.5	5.315072906367325	13.0	2.0	10	7.5	5.554277630799526	13.0	0.0	-0.004720831519800999	-2.302405724682982	0.1754212918663827	12.534749968663125	27.301999726980004
344	5636096	10	6.1	5.6824290580701495	13.0	0.0	10	6.7	5.158488150611572	13.0	2.0	-0.005815385289679958	-2.283388500174452	0.33135211603989717	13.012499967468749	28.081999719180004
348	5701632	10	6.6	5.257375771237966	13.0	1.0	10	6.3	4.960846701924985	13.0	1.0	-0.0065357942723962325	-2.3174444186260286	0.2778351379579473	12.429999968925	25.398999746010006
352	5767168	10	10.4	3.878143885933063	13.0	3.0	10	6.5	5.352569476429054	13.0	1.0	-0.005566141414749377	-2.3478610090949226	0.2865939695710425	13.347249966631875	27.298999727010003
356	5832704	10	4.7	5.496362433464519	13.0	0.0	10	6.2	5.6000000000000005	13.0	1.0	-0.005960363304727566	-2.314261423803699	0.2903738896991333	12.875999967810001	21.820999781790004
360	5898240	10	6.2	5.617828762075256	13.0	0.0	10	3.7	4.712748667179271	13.0	0.0	-0.0074068417808590995	-2.3030010161385066	0.34428676121075835	13.513499966216251	12.767999872320003
364	5963776	10	3.1	3.419064199455752	13.0	0.0	10	7.4	5.642694391866354	13.0	0.0	-0.006129659321199707	-2.354111425333374	0.2858518422283493	12.390249969024373	27.023999729760007
368	6029312	10	8.6	5.425863986500215	13.0	1.0	10	7.0	6.0332412515993425	13.0	0.0	-0.006342663087046784	-2.355894503248698	0.2630824388196456	12.2049999694875	28.173999718260003
372	6094848	10	4.9	5.374941860150676	13.0	0.0	10	7.2	5.287721626560915	13.0	1.0	-0.005520259999715942	-2.294226377963456	0.29966749030458684	13.013749967465625	18.78499981215
376	6160384	10	5.9	5.838664230797999	13.0	0.0	10	7.2	5.878775382679628	13.0	0.0	-0.006259053588367473	-2.387703813363742	0.24525297709979946	12.39449996901375	27.078999729210004
380	6225920	10	6.1	5.6824290580701495	13.0	0.0	10	6.2	5.015974481593781	13.0	2.0	-0.006203827559107709	-2.3727723581107423	0.23908104838175626	12.507749968730625	21.090999789090006
384	6291456	10	10.6	4.8207883172775805	13.0	0.0	10	7.6	5.44426303552648	13.0	1.0	-0.006359292171756946	-2.3576615872510085	0.27936944735120334	12.395749969010627	30.540999694590006
388	6356992	10	8.5	5.572252686302013	13.0	0.0	10	5.8	5.3814496188294845	13.0	0.0	-0.005745904194562694	-2.3317026468669404	0.23811018619689575	12.972999967567501	25.83299974167
392	6422528	10	7.6	5.425863986500215	13.0	1.0	10	7.3	5.197114584074513	13.0	1.0	-0.00618140431405848	-2.3250296759170324	0.27687932144449856	13.010249967474374	25.741999742580006
396	6488064	10	5.7	4.859012245302536	13.0	0.0	10	6.3	5.496362433464518	13.0	1.0	-0.0050091780086340375	-2.3276534301598146	0.3398175641229923	13.95249996511875	22.902999770970002
400	6553600	10	5.5	4.984977432245807	13.0	0.0	10	5.4	5.0635955604688645	13.0	0.0	-0.0057903992825869355	-2.287857753296793	0.26711881468394455	13.953999965115	23.487999765120005
404	6619136	10	3.3	3.3181320046074116	13.0	1.0	10	8.6	5.425863986500215	13.0	1.0	-0.006139413700381589	-2.2721297043181954	0.3197579984220077	13.629249965926876	25.146999748530003
408	6684672	10	7.0	6.016643582596529	13.0	0.0	10	6.4	5.44426303552648	13.0	1.0	-0.00672232285241693	-2.317209002630932	0.25798508087590166	13.90799996523	23.502999764970003
412	6750208	10	5.0	5.291502622129181	13.0	0.0	10	11.9	3.3	13.0	2.0	-0.005860038903843362	-2.2699724855641286	0.30452279386353337	13.682249965794375	14.908999850910003
416	6815744	10	6.6	5.257375771237966	13.0	1.0	10	5.3	5.1000000000000005	13.0	1.0	-0.004986652820142687	-2.2599626876543217	0.29590724669418916	12.80749996798125	28.788999712110005
420	6881280	10	7.1	5.923681287847955	13.0	0.0	10	7.3	5.197114584074513	13.0	1.0	-0.006709019616420482	-2.238835682238381	0.31219973784413285	12.508749968728127	22.244999777550003
424	6946816	10	8.5	5.5362442142665635	13.0	1.0	10	9.6	5.2	13.0	1.0	-0.005660619872304179	-2.213758736618231	0.30391119712281484	11.73949997065125	26.017999739820006
428	7012352	10	4.6	4.2708313008125245	13.0	1.0	10	8.5	4.984977432245807	13.0	2.0	-0.006508792839596206	-2.3163632201722377	0.2319682752471927	12.13649996965875	28.571999714280004
432	7077888	10	5.8	4.728636167014756	13.0	2.0	10	6.8	5.075431016179809	13.0	2.0	-0.005824721109698851	-2.3684288707888643	0.18907672351119306	13.60849996597875	24.992999750070002
436	7143424	10	6.3	4.94064773081425	13.0	2.0	10	8.7	4.73392015141785	13.0	3.0	-0.006748917373649446	-2.27757246520239	0.2644443614132911	13.176499967058751	25.793999742060006
440	7208960	10	5.6	4.903060268852505	13.0	1.0	10	8.2	5.362835071116769	13.0	1.0	-0.005020490280692978	-2.2313648335794847	0.23220960405409438	13.851249965371876	25.676999743230002
444	7274496	10	6.4	5.425863986500215	13.0	1.0	10	5.7	5.459853477887479	13.0	0.0	-0.006421664505916103	-2.1652911899218488	0.23341574672661677	12.53849996865375	26.795999732040002
448	7340032	10	3.0	3.521363372331802	13.0	0.0	10	9.9	4.742362280551751	13.0	2.0	-0.006643906140415362	-2.218605639802776	0.2529542231668788	12.944749967638124	29.353999706460005
452	7405568	10	4.4	4.363484845854286	13.0	1.0	10	6.3	5.550675634551166	13.0	0.0	-0.006798293790071852	-2.2319571522533517	0.2603309705271843	12.656249968359376	27.288999727110006
456	7471104	10	7.2	5.344155686354955	13.0	0.0	10	9.4	4.923413450036469	13.0	2.0	-0.0055845246085425276	-2.2388287507149	0.2543732463117212	13.265999966835	4.02799995972
460	7536640	10	5.3	5.060632371551998	13.0	1.0	10	7.8	4.707440918375928	13.0	1.0	-0.007065713829303979	-2.271353448194098	0.22371768661927827	12.956749967608127	27.250999727490004
464	7602176	10	7.1	5.957348403442592	13.0	0.0	10	7.9	5.166236541235796	13.0	1.0	-0.006607225503627515	-2.311491394795599	0.21961401850801884	13.719749965700627	26.273999737260006
468	7667712	10	7.5	5.518151864528558	13.0	1.0	10	8.7	5.292447448959697	13.0	1.0	-0.006445163695324014	-2.2652527786915213	0.19762845855320707	12.893999967764998	28.146999718530004
472	7733248	10	7.6	5.462600113499065	13.0	0.0	10	6.3	4.980963762164908	13.0	1.0	-0.005419579338843155	-2.244884500667062	0.2545335950685642	12.866749967833123	27.043999729560007
476	7798784	10	4.8	4.853864439804639	13.0	0.0	10	6.9	6.122907805936653	13.0	0.0	-0.005793489175633225	-2.295975955584893	0.18812799265511168	12.846249967884376	27.701999722980005
480	7864320	10	8.3	5.762811813689564	13.0	1.0	10	5.4	5.043808085167397	13.0	1.0	-0.00591466963122843	-2.228850692278433	0.19080086997274862	12.878249967804377	17.197999828020002
484	7929856	10	3.3	3.348133808556641	13.0	0.0	10	6.6	5.2573757712379665	13.0	1.0	-0.006780797275396293	-2.213298499353646	0.19127232773410144	11.74049997064875	31.836999681630004
488	7995392	10	9.7	5.060632371551998	13.0	1.0	10	5.8	5.418486873657626	13.0	0.0	-0.006500790062323584	-2.311649466313527	0.1534540943331114	11.38849997152875	31.969999680300003
492	8060928	10	1.5	0.9219544457292888	3.0	0.0	10	5.3	5.1000000000000005	13.0	1.0	-0.00665018537914724	-2.2482317261539455	0.20342337283670356	12.232249969419376	28.566999714330006
496	8126464	10	3.9	4.635730794599704	13.0	0.0	10	6.4	5.425863986500215	13.0	1.0	-0.006185899903925789	-2.2453533880557193	0.23414931940580175	12.393499969016252	27.204999727950003
500	8192000	10	5.3	5.119570294468081	13.0	0.0	10	4.4	4.340506882842141	13.0	1.0	-0.005037575338752837	-2.296230435132208	0.22741428372254358	13.127249967181875	28.382999716170005
504	8257536	10	7.3	5.710516614107694	13.0	1.0	10	8.0	5.039841267341661	13.0	1.0	-0.005667869055606247	-2.2569486819340203	0.2575091475663068	12.493249968766875	25.634999743650006
508	8323072	10	6.0	5.744562646538029	13.0	0.0	10	8.8	5.173006862551025	13.0	1.0	-0.005576095882765629	-2.300564775624641	0.20896281742176775	12.996749967508126	27.796999722030005
512	8388608	10	4.9	4.784349485562275	13.0	0.0	10	5.2	5.192301994298868	13.0	0.0	-0.006367082056935119	-2.344212718063783	0.1918653159512892	12.705999968235	25.565999744340004
516	8454144	10	8.6	5.425863986500215	13.0	1.0	10	8.9	4.504442251822083	13.0	1.0	-0.006117647515535279	-2.2769761753690654	0.17588533932684072	13.197999967005	25.489999745100004
520	8519680	10	3.1	3.3896902513356584	13.0	1.0	10	8.4	5.122499389946279	13.0	1.0	-0.0057896430971628105	-2.3064545912128196	0.21495807510113715	12.526749968683125	29.804999701950006
524	8585216	10	8.3	5.78013840664737	13.0	0.0	10	8.9	5.127377497317708	13.0	0.0	-0.005408075356215037	-2.2026161300828444	0.1876662134307839	12.808999967977499	26.480999735190007
528	8650752	10	9.5	5.371219600798314	13.0	0.0	10	6.2	5.5641710972974225	13.0	1.0	-0.004447786847616878	-2.302877296764181	0.1881223190379877	12.752249968119376	28.069999719300004
532	8716288	10	5.4	5.0039984012787215	13.0	1.0	10	8.4	5.122499389946279	13.0	1.0	-0.006657219190465971	-2.2584419645500033	0.18561454643114098	12.53749996865625	25.626999743730003
536	8781824	10	5.3	4.473253849269008	13.0	2.0	10	7.2	5.30659966456864	13.0	1.0	-0.006795745274353066	-2.3267467739741234	0.198627245902193	12.533999968665	27.814999721850004
540	8847360	10	4.1	4.504442251822083	13.0	0.0	10	9.9	4.846648326421054	13.0	0.0	-0.006723103896150241	-2.3044308843795087	0.2326783234942475	12.999249967501875	22.752999772470005
544	8912896	10	7.6	5.4626001134990645	13.0	0.0	10	8.2	4.812483766206386	13.0	1.0	-0.005904504723115444	-2.2041951614309085	0.24236604219571856	13.90799996523	26.319999736800003
548	8978432	10	7.1	5.957348403442592	13.0	0.0	10	7.5	5.518151864528558	13.0	1.0	-0.006017072605855764	-2.2508067734678443	0.2058693709724029	13.454249966364376	27.765999722340002
552	9043968	10	10.4	3.878143885933063	13.0	3.0	10	9.6	5.219195340279955	13.0	1.0	-0.0053751302057672	-2.1532481981061053	0.3759231681854343	12.647249968381875	28.188999718110004
556	9109504	10	5.4	5.023942674832188	13.0	1.0	10	7.0	4.9396356140913875	13.0	1.0	-0.0054607397172499695	-2.2420968858052284	0.24488774180034462	12.43649996890875	14.811999851880001
560	9175040	10	7.5	5.518151864528558	13.0	1.0	10	8.2	5.362835071116769	13.0	1.0	-0.006362068606847972	-2.282454440753328	0.2647095488419068	13.593749966015626	24.652999753470002
564	9240576	10	9.2	5.2687759489277965	13.0	0.0	10	9.3	5.0803543183522155	13.0	1.0	-0.006912870916380523	-2.2550794827575857	0.2838250187240429	13.985749965035627	23.960999760390003
568	9306112	10	8.4	5.678027826631356	13.0	0.0	10	7.1	5.923681287847955	13.0	0.0	-0.006092887454817324	-2.251770781739438	0.22660025781143628	13.633999965915	19.910999800890004
572	9371648	10	6.3	5.532630477449222	13.0	0.0	10	10.7	4.605431575867782	13.0	1.0	-0.00613051578387166	-2.2642072188482487	0.2545595601867214	12.61199996847	24.799999752000005
576	9437184	10	7.3	5.710516614107694	13.0	1.0	10	8.4	5.122499389946279	13.0	1.0	-0.006555540110562873	-2.271140634777003	0.271567379717056	12.605249968486875	22.251999777480002
580	9502720	10	5.3	5.0803543183522155	13.0	1.0	10	8.5	5.5362442142665635	13.0	1.0	-0.006523594392928774	-2.3060159655990167	0.19606789183933612	11.839999970400001	29.073999709260008
584	9568256	10	11.0	4.0	13.0	3.0	10	9.4	5.517245689653488	13.0	0.0	-0.007228829155039479	-2.3280748126465913	0.24182528006498294	11.15849997210375	27.533999724660003
588	9633792	10	10.5	4.364630568559039	13.0	1.0	10	9.8	4.894895300208167	13.0	2.0	-0.007059537445934245	-2.3292225795544814	0.2134961657935016	11.20749997198125	16.314999836850003
592	9699328	10	7.2	5.844655678480983	13.0	0.0	10	7.6	5.4258639865002145	13.0	1.0	-0.006398718818006399	-2.2929179343179564	0.2447137602660456	11.778249970554375	25.466999745330003
596	9764864	10	4.7	5.478138369920935	13.0	0.0	10	5.9	5.3	13.0	0.0	-0.006526896959790785	-2.29296022381342	0.21463257747329187	11.834749970413124	25.482999745170005
600	9830400	10	6.4	5.425863986500215	13.0	1.0	10	7.4	5.642694391866354	13.0	0.0	-0.007266836264383871	-2.2457811184371637	0.2703909145696932	11.893999970265002	25.638999743610004
604	9895936	10	6.0	5.727128425310541	13.0	1.0	10	8.7	5.292447448959697	13.0	1.0	-0.006462327495009825	-2.265540179870964	0.22160937774480635	11.987249970031876	25.471999745280005
608	9961472	10	7.4	5.624944444170094	13.0	1.0	10	9.8	4.915282290977803	13.0	1.0	-0.006668766314672099	-2.2909098364509943	0.2755328726202083	11.785749970535626	27.878999721210008
612	10027008	10	5.3	5.119570294468081	13.0	0.0	10	11.3	3.3181320046074116	13.0	2.0	-0.005719556504128915	-2.3344784550420563	0.2138653381039198	11.156999972107501	22.314999776850005
616	10092544	10	7.2	5.8275209137333865	13.0	0.0	10	10.4	4.586937976471886	13.0	0.0	-0.006683488298132206	-2.2957025391452293	0.2790262310785472	11.794249970514374	20.812999791870002
620	10158080	10	8.6	4.862098312457287	13.0	2.0	10	9.8	4.894895300208167	13.0	2.0	-0.007197170910490686	-2.263954999310381	0.22645554549495817	12.726249968184376	23.022999769770003
624	10223616	10	7.3	5.728001396647874	13.0	1.0	10	7.4	5.102940328869229	13.0	1.0	-0.005419878179399573	-2.2922185781197184	0.20609646986885785	12.616749968458125	22.881999771180006
628	10289152	10	5.6	4.862098312457287	13.0	2.0	10	12.0	3.0	13.0	3.0	-0.00721653421761112	-2.2645033595587307	0.25611622240830884	12.327249969181874	23.191999768080002
632	10354688	10	9.7	4.473253849269008	13.0	3.0	10	8.6	4.862098312457287	13.0	2.0	-0.005782632564057803	-2.312278595822592	0.27109092005498614	12.42799996893	24.320999756790005
636	10420224	10	4.9	4.060788100849391	13.0	2.0	10	6.7	5.158488150611572	13.0	2.0	-0.006638209673146511	-2.293089804311148	0.2667440166419047	11.81949997045125	25.642999743570005
640	10485760	10	6.2	5.617828762075256	13.0	0.0	10	8.5	5.5362442142665635	13.0	1.0	-0.007079782805269558	-2.2703421262521912	0.2569814952754016	11.750249970624376	26.181999738180004
644	10551296	10	6.8	5.075431016179809	13.0	2.0	10	9.6	5.2	13.0	1.0	-0.006533681947911052	-2.2171033221160568	0.2567991314498808	11.58249997104375	26.526999734730005
648	10616832	10	9.8	4.894895300208167	13.0	2.0	10	9.6	4.6303347611160905	13.0	2.0	-0.006014366251575811	-2.2649562455837944	0.19656734344985427	11.605249970986877	27.069999729300005
652	10682368	10	5.5	4.924428900898052	13.0	2.0	10	10.5	4.341658669218482	13.0	2.0	-0.006012002742843922	-2.231929957634176	0.26497549219401206	11.593249971016872	24.141999758580003
656	10747904	10	12.0	3.0	13.0	3.0	10	10.5	4.364630568559039	13.0	1.0	-0.0073561662810099245	-2.28290484821858	0.21328496558232649	11.0489999723775	27.964999720350004
660	10813440	10	6.3	5.532630477449222	13.0	0.0	10	9.6	4.6303347611160905	13.0	2.0	-0.0056574853436832506	-2.2315939140975476	0.2935725918975638	11.054749972363126	18.8799998112
664	10878976	10	6.5	5.352569476429054	13.0	1.0	10	10.0	4.58257569495584	13.0	3.0	-0.005155870059821747	-2.212301822769665	0.2799342581710684	12.086249969784374	18.151999818480004
668	10944512	10	4.9	4.060788100849391	13.0	2.0	10	11.0	4.0	13.0	3.0	-0.006966870102771342	-2.324149337665533	0.18320881286279772	12.427249968931877	15.131999848680001
672	11010048	10	10.7	4.605431575867782	13.0	1.0	10	9.9	4.742362280551751	13.0	2.0	-0.006809278287516265	-2.3622986150307406	0.19185784363983296	12.81549996796125	19.39199980608
676	11075584	10	11.0	4.0	13.0	3.0	10	10.6	4.152107898405339	13.0	2.0	-0.006528593405090696	-2.322600878533182	0.20079219587539177	12.285999969285001	22.990999770090003
680	11141120	10	7.7	5.3113086899558	13.0	2.0	10	9.5	4.780167361086848	13.0	2.0	-0.0074524215880469044	-2.2491405007880534	0.2457318473351331	12.66949996832625	22.965999770340005
684	11206656	10	2.6	3.583294573433784	13.0	0.0	10	6.7	5.21632054229799	13.0	0.0	-0.006438599340917096	-2.2880228656133843	0.21277301383782338	12.76849996807875	25.64099974359
688	11272192	10	7.1	5.906775770248943	13.0	1.0	10	7.1	4.846648326421054	13.0	1.0	-0.005685530449544623	-2.2413321259269905	0.22249326775016376	12.052749969868128	25.747999742520005
692	11337728	10	4.0	3.924283374069717	13.0	0.0	10	8.8	5.15363949069005	13.0	2.0	-0.0060502777165678525	-2.280395313859863	0.15440683600747016	12.346249969134375	25.111999748880002
696	11403264	10	7.3	5.728001396647874	13.0	1.0	10	8.6	5.40740233383831	13.0	1.0	-0.00581483395641712	-2.295665668705386	0.24541505501222247	11.933249970166877	23.528999764710004
700	11468800	10	8.1	5.48543526076099	13.0	0.0	10	8.7	5.273518749374084	13.0	2.0	-0.007117637723408551	-2.261715469025415	0.20675126616241588	14.122249964694376	16.610999833890002
704	11534336	10	7.1	5.957348403442592	13.0	0.0	10	10.6	4.152107898405339	13.0	2.0	-0.006284052671568987	-2.270180649818931	0.23003596375473237	13.238999966902501	20.86199979138
708	11599872	10	8.6	5.44426303552648	13.0	0.0	10	8.5	5.572252686302013	13.0	0.0	-0.0062558523149620375	-2.3058529990496375	0.2430883388092223	12.765999968085	21.233999787660004
712	11665408	10	4.4	4.340506882842141	13.0	1.0	10	10.4	3.878143885933063	13.0	3.0	-0.007102115217263942	-2.213467287289998	0.22629435295986264	12.633249968416875	24.342999756570006
716	11730944	10	8.9	5.028916384272063	13.0	2.0	10	10.4	3.878143885933063	13.0	3.0	-0.006659224628708491	-2.275164981446099	0.21648018882527986	12.0749999698125	15.380999846190003
720	11796480	10	6.3	5.532630477449221	13.0	0.0	10	9.7	4.473253849269009	13.0	3.0	-0.006682096385612885	-2.288108403245682	0.2147802553536779	12.333749969165625	24.155999758440004
724	11862016	10	8.1	5.467174773134658	13.0	1.0	10	11.7	3.0347981810987035	13.0	3.0	-0.006337141450125447	-2.2987188744137304	0.22698357916245762	12.051499969871251	18.406999815930003
728	11927552	10	9.8	4.894895300208167	13.0	2.0	10	7.9	4.570557952810575	13.0	2.0	-0.006290417507091548	-2.21494672921076	0.2200396950127454	10.97449997256375	27.618999723810003
732	11993088	10	10.9	4.2059481689626175	13.0	2.0	10	7.7	5.330103188494572	13.0	1.0	-0.006689033133231734	-2.2204817183486276	0.2268666989554577	11.004999972487502	27.689999723100005
736	12058624	10	7.1	5.39351462406472	13.0	1.0	10	11.8	3.6	13.0	1.0	-0.0065595142871177105	-2.224791166451289	0.24860264606667767	11.042749972393125	19.11199980888
740	12124160	10	8.3	5.78013840664737	13.0	0.0	10	8.8	5.1536394906900505	13.0	2.0	-0.00577545775680712	-2.252312682334411	0.22610537006958437	11.008999972477502	28.113999718860004
744	12189696	10	7.2	5.844655678480984	13.0	0.0	10	7.8	5.2306787322488075	13.0	1.0	-0.005544514469903915	-2.1885955430771005	0.21495689783179275	11.531749971170624	25.689999743100007
748	12255232	10	7.2	5.878775382679628	13.0	0.0	10	11.0	4.0	13.0	3.0	-0.005298106438258275	-2.2047387061206662	0.23223774163737704	11.602749970993125	25.283999747160003
752	12320768	10	6.6	5.257375771237966	13.0	1.0	10	10.6	4.8207883172775805	13.0	0.0	-0.007071232800799511	-2.1446615455300764	0.2507100513254217	12.264749969338125	26.539999734600002
756	12386304	10	6.7	5.158488150611572	13.0	2.0	10	10.6	4.152107898405339	13.0	2.0	-0.007410395681124951	-2.2883238193989315	0.22571755757066783	12.368749969078126	27.205999727940004
760	12451840	10	7.6	5.462600113499065	13.0	0.0	10	10.9	4.205948168962618	13.0	2.0	-0.007245484268275343	-2.2793825092524185	0.21692327050716076	12.312249969219376	28.956999710430004
764	12517376	10	7.5	5.5362442142665635	13.0	1.0	10	7.6	4.882622246293481	13.0	2.0	-0.005691149894738839	-2.3129913059447857	0.15311750015201117	11.353999971615	30.377999696220005
768	12582912	10	5.4	5.0039984012787215	13.0	1.0	10	8.2	5.4	13.0	0.0	-0.006396591408035767	-2.321067365265507	0.19216045975856533	11.487999971279999	28.118999718810006
772	12648448	10	5.4	5.023942674832188	13.0	1.0	10	9.8	4.894895300208167	13.0	2.0	-0.005942687515307051	-2.285020736118553	0.21108373275621856	10.786749973033126	19.038999809610004
776	12713984	10	5.4	5.023942674832188	13.0	1.0	10	8.4	5.122499389946279	13.0	1.0	-0.0058702701347353135	-2.2819922886895294	0.2215534137952014	12.496249968759376	25.014999749850006
780	12779520	10	5.7	6.000833275470999	13.0	0.0	10	12.7	0.9	13.0	10.0	-0.008014881792176949	-2.223913021154012	0.22465465246532682	11.6949999707625	14.165999858340003
784	12845056	10	5.4	5.0039984012787215	13.0	1.0	10	8.4	5.122499389946279	13.0	1.0	-0.005863547261465192	-2.223688187466889	0.18699333900190127	11.722249970694374	27.847999721520004
788	12910592	10	7.7	5.3113086899558	13.0	2.0	10	8.8	5.15363949069005	13.0	2.0	-0.006907844334402544	-2.258545656763687	0.245786118295518	12.244249969389374	26.066999739330004
792	12976128	10	6.1	5.107837115648853	13.0	1.0	10	9.9	4.742362280551751	13.0	2.0	-0.006681016922116038	-2.2708062254010524	0.29375871640364043	12.326249969184376	23.519999764800005
796	13041664	10	6.3	4.960846701924985	13.0	1.0	10	8.8	5.173006862551025	13.0	1.0	-0.007033518534197143	-2.292334844429921	0.2042915039327775	12.971749967570624	23.019999769800002
800	13107200	10	8.7	4.73392015141785	13.0	3.0	10	8.3	5.273518749374083	13.0	0.0	-0.007162698713588093	-2.3212692362632326	0.18760348450921807	12.760499968098749	23.432999765670004
804	13172736	10	7.5	5.554277630799526	13.0	0.0	10	7.6	5.40740233383831	13.0	2.0	-0.006326570795810829	-2.277163828175487	0.17700778357392985	13.063749967340627	21.67299978327
808	13238272	10	5.2	5.15363949069005	13.0	0.0	10	10.0	4.58257569495584	13.0	3.0	-0.006546508267926473	-2.228930420941392	0.19380558179224827	12.735499968161252	21.661999783380004
812	13303808	10	4.2	4.445222154178574	13.0	1.0	10	10.6	4.8	13.0	1.0	-0.005944076043293422	-2.200940159230644	0.17885818772948817	12.535499968661249	22.437999775620003
816	13369344	10	9.4	5.499090833947007	13.0	1.0	10	8.2	5.344155686354955	13.0	1.0	-0.0061156922716990155	-2.219854091373316	0.2147581536720007	13.858749965353125	20.519999794800004
820	13434880	10	8.4	5.678027826631356	13.0	0.0	10	8.6	5.40740233383831	13.0	1.0	-0.0053521957834652	-2.106241680462305	0.26094329494127444	13.549749966125624	22.930999770690004
824	13500416	10	6.9	5.593746508378798	13.0	0.0	10	8.6	5.40740233383831	13.0	1.0	-0.006628554970945953	-2.1170702375749837	0.2187497645078226	13.025999967435	22.919999770800004
828	13565952	10	7.3	5.745432968889291	13.0	0.0	10	9.9	4.742362280551751	13.0	2.0	-0.005483041765460572	-2.190419651339767	0.2333641936759452	12.686249968284377	25.881999741180007
832	13631488	10	11.5	3.6124783736376886	13.0	1.0	10	10.8	4.422668877499197	13.0	1.0	-0.005892784411715563	-2.179528303217351	0.2142489052464906	11.532999971167502	21.178999788210003
836	13697024	10	8.7	5.292447448959697	13.0	1.0	10	10.5	4.364630568559039	13.0	1.0	-0.005482648282885498	-2.229690988626281	0.17930676879356136	12.014999969962501	26.936999730630006
840	13762560	10	7.1	5.957348403442592	13.0	0.0	10	9.8	4.894895300208167	13.0	2.0	-0.006009755674899698	-2.2000503314229922	0.20264407105495652	11.532249971169374	27.737999722620003
844	13828096	10	9.8	4.915282290977803	13.0	1.0	10	11.0	4.0	13.0	3.0	-0.005383115872412835	-2.201635015278202	0.25403802094197486	11.194749972013126	27.281999727180004
848	13893632	10	10.5	4.341658669218482	13.0	2.0	10	6.5	5.352569476429054	13.0	1.0	-0.006300094705340387	-2.199844355155358	0.220662344922609	11.24249997189375	27.400999725990005
852	13959168	10	7.7	5.330103188494572	13.0	1.0	10	9.7	5.060632371551998	13.0	1.0	-0.005531244488671739	-2.1998377589080036	0.23265053438082814	11.202249971994375	27.321999726780003
856	14024704	10	8.8	5.173006862551025	13.0	1.0	10	11.5	3.6124783736376886	13.0	1.0	-0.0060392557467290695	-2.2719987727818522	0.23033946858803148	11.228249971929376	22.362999776370003
860	14090240	10	7.4	5.660388679233963	13.0	0.0	10	9.3	4.495553358597805	13.0	2.0	-0.006824659170783908	-2.315844863411949	0.20389474895211068	11.958499970103752	27.607999723920006
864	14155776	10	8.5	5.572252686302013	13.0	0.0	10	7.7	5.330103188494572	13.0	1.0	-0.005771556895226515	-2.2752518080288393	0.23616128373604187	11.66649997083375	27.641999723580003
868	14221312	10	8.4	5.642694391866353	13.0	1.0	10	9.7	5.060632371551998	13.0	1.0	-0.005242131563802958	-2.262031629445959	0.22037958700708202	12.544749968638126	23.585999764140002
872	14286848	10	9.4	5.553377350765928	13.0	0.0	10	13.0	0.0	13.0	13.0	-0.0068991183330064446	-2.22042575703777	0.18707075759682476	13.274749966813125	18.104999818950002
876	14352384	10	8.8	5.1536394906900505	13.0	2.0	10	11.7	3.0347981810987035	13.0	3.0	-0.005722487335040498	-2.180129788588878	0.2509049113268064	13.093499967266249	21.223999787760004
880	14417920	10	7.3	5.1778373863998475	13.0	2.0	10	11.0	4.0	13.0	3.0	-0.0058631212541469255	-2.139459997192682	0.2690355224875505	12.939749967650625	21.23799978762
884	14483456	10	10.7	4.648655719667784	13.0	0.0	10	11.6	3.32264954516723	13.0	2.0	-0.006654352298244575	-2.2229771835276524	0.17016165616391327	12.80349996799125	23.599999764000007
888	14548992	10	8.7	5.292447448959697	13.0	1.0	10	6.4	4.882622246293481	13.0	1.0	-0.006593490118191916	-2.1778001236633866	0.20144561823532173	12.2249999694375	23.571999764280005
892	14614528	10	7.4	5.083306010855534	13.0	2.0	10	9.5	5.389805191284746	13.0	0.0	-0.0062838158694651595	-2.1738669621666804	0.2595149964444715	12.316249969209375	25.464999745350003
896	14680064	10	7.5	5.554277630799526	13.0	0.0	10	11.6	3.32264954516723	13.0	2.0	-0.006458184128187283	-2.178447986415598	0.22696093917633237	11.784749970538126	25.666999743330006
900	14745600	10	8.3	5.78013840664737	13.0	0.0	10	8.9	5.028916384272064	13.0	2.0	-0.007091176496506853	-2.1527573886258073	0.23325381037522508	12.137999969655002	21.042999789570004
904	14811136	10	10.5	4.364630568559039	13.0	1.0	10	10.7	3.950949253027682	13.0	3.0	-0.006094730521577083	-2.216986017691624	0.23189696993125858	11.931749970170626	25.271999747280002
908	14876672	10	6.1	5.7	13.0	0.0	10	9.9	4.742362280551751	13.0	2.0	-0.00661396199749029	-2.2300165814818595	0.23252896574076767	11.749749970625624	25.290999747090005
912	14942208	10	8.4	5.678027826631356	13.0	0.0	10	10.6	4.1521078984053394	13.0	2.0	-0.0068993291975340395	-2.231866972909343	0.18145791982583478	11.78949997052625	25.05399974946
916	15007744	10	10.5	4.364630568559039	13.0	1.0	10	11.0	4.0	13.0	3.0	-0.006678300758632562	-2.1941028110880967	0.24335937525404683	11.619499970951251	25.034999749650005
920	15073280	10	9.7	5.060632371551998	13.0	1.0	10	8.4	5.102940328869229	13.0	2.0	-0.006620449086077991	-2.2502300240238964	0.19161246474388535	11.66749997083125	28.257999717420002
924	15138816	10	7.0	6.06630035524124	13.0	0.0	10	9.8	4.915282290977803	13.0	1.0	-0.0070197891999329584	-2.2249171508021157	0.18230657921757176	11.137999972155002	32.40099967599001
928	15204352	10	10.6	4.8207883172775805	13.0	0.0	10	12.0	3.0	13.0	3.0	-0.0067553126687558964	-2.169670055083924	0.22668524658429653	11.49049997127375	29.189999708100007
932	15269888	10	8.3	5.814636704042652	13.0	0.0	10	11.8	3.6	13.0	1.0	-0.005171857637901049	-2.2344356574274125	0.19003399195653545	11.010749972473125	18.010999819890003
936	15335424	10	5.1	5.243090691567332	13.0	0.0	10	11.7	3.0347981810987035	13.0	3.0	-0.007304537468217003	-2.241117554172875	0.17167088325520255	10.262249974344376	20.491999795080005
940	15400960	10	7.1	5.39351462406472	13.0	1.0	10	11.5	3.6124783736376886	13.0	1.0	-0.006330114652829855	-2.2118013921062905	0.2717816896143075	11.360749971598127	29.135999708640004
944	15466496	10	9.6	5.219195340279955	13.0	1.0	10	12.0	3.0	13.0	3.0	-0.005851906743067138	-2.2025172385265916	0.26213818366702674	10.777249973056875	28.702999712970005
948	15532032	10	9.4	4.983974317750845	13.0	0.0	10	11.7	3.0347981810987035	13.0	3.0	-0.0068107708810990625	-2.2075087649310885	0.22337725391457694	11.084499972288752	28.129999718700002
952	15597568	10	7.5	5.5362442142665635	13.0	1.0	10	10.5	4.364630568559039	13.0	1.0	-0.006825336783141765	-2.2370712680274507	0.22676956270942736	11.120999972197502	28.293999717060004
956	15663104	10	6.5	5.315072906367325	13.0	2.0	10	11.8	3.6	13.0	1.0	-0.006212973539691192	-2.2651178437098713	0.24093290757361682	11.733249970666876	14.770999852290004
960	15728640	10	6.8	5.075431016179809	13.0	2.0	10	10.9	4.2059481689626175	13.0	2.0	-0.005925530724793741	-2.2102159333906988	0.21471183915559036	12.62799996843	14.087999859120002
964	15794176	10	8.6	5.40740233383831	13.0	1.0	10	12.0	3.0	13.0	3.0	-0.006278392157232022	-2.152470205996729	0.2861175353651229	13.241749966895625	14.198999858010001
968	15859712	10	6.6	5.257375771237966	13.0	1.0	10	8.1	4.90815647672321	13.0	2.0	-0.006101253786226038	-2.1452614414444096	0.26168947151930116	12.821749967945625	23.044999769550007
972	15925248	10	11.9	3.3	13.0	2.0	10	10.4	4.586937976471886	13.0	0.0	-0.0052565231981722025	-2.1947848769722977	0.25546523398231713	12.665249968336875	19.121999808780004
976	15990784	10	12.0	3.0	13.0	3.0	10	10.7	4.605431575867782	13.0	1.0	-0.00542298207260097	-2.1401916789766	0.31375151884888686	11.945499970136249	25.319999746800004
980	16056320	10	11.9	3.3	13.0	2.0	10	10.8	4.422668877499197	13.0	1.0	-0.006172014169314725	-2.1852991702863123	0.2243346559270986	12.623749968440624	20.686999793130006
984	16121856	10	5.0	5.347896782848375	13.0	0.0	10	10.8	4.422668877499197	13.0	1.0	-0.006039952002515652	-2.094209709297027	0.21843493618900123	11.590249971024376	27.327999726720005
988	16187392	10	6.5	5.352569476429054	13.0	1.0	10	8.5	5.518151864528558	13.0	1.0	-0.006376043516808206	-2.148103269214188	0.2654569356736191	12.429999968925	23.39099976609
992	16252928	10	10.2	4.28485705712571	13.0	1.0	10	9.7	5.060632371551998	13.0	1.0	-0.0058830353391321	-2.099382298469408	0.24663716831469357	13.00649996748375	17.196999828030002
996	16318464	10	8.5	5.554277630799526	13.0	0.0	10	12.7	0.9	13.0	10.0	-0.006403478882869658	-2.1995776765240804	0.2600715096458589	12.01849996995375	16.37399983626
1000	16384000	10	9.8	4.915282290977803	13.0	1.0	10	11.9	3.3	13.0	2.0	-0.006320322147630077	-2.131325527803614	0.18499096131819215	10.6269999734325	21.360999786390003
1004	16449536	10	7.5	5.518151864528558	13.0	1.0	10	10.0	4.58257569495584	13.0	3.0	-0.005379150744723949	-2.1862393739529016	0.2684652434071892	11.009499972476249	27.939999720600007
1008	16515072	10	8.8	5.173006862551025	13.0	1.0	10	10.0	4.58257569495584	13.0	3.0	-0.006427330859209052	-2.1544006017586534	0.1691308806008501	12.20449996948875	22.944999770550005
1012	16580608	10	7.7	4.775981574503821	13.0	3.0	10	12.7	0.9	13.0	10.0	-0.006674460886553992	-2.2065550881312546	0.2180922530209088	12.207999969480001	12.760999872390002
1016	16646144	10	7.6	5.44426303552648	13.0	1.0	10	9.8	4.894895300208167	13.0	2.0	-0.006772076448418717	-2.2338747429507584	0.1688864061743428	11.809749970475627	24.975999750240003
1020	16711680	10	7.3	5.780138406647371	13.0	0.0	10	7.4	5.10294032886923	13.0	1.0	-0.006312497934483885	-2.206601013510049	0.22068054754471775	11.670249970824374	28.034999719650006
1024	16777216	10	7.5	5.5	13.0	2.0	10	12.0	3.0	13.0	3.0	-0.0069845376424685825	-2.1890623616878786	0.23381114640010706	12.57649996855875	13.158999868410003
1028	16842752	10	5.5	4.964876634922564	13.0	1.0	10	10.4	4.5431266766402185	13.0	1.0	-0.00721638028745185	-2.2197615750305264	0.1877809530704565	13.890499965273749	22.950999770490004
1032	16908288	10	8.2	5.362835071116769	13.0	1.0	10	12.0	3.0	13.0	3.0	-0.007031247923679402	-2.1333546263737495	0.24550904703563103	13.04349996739125	23.522999764770002
1036	16973824	10	7.4	5.695612346359257	13.0	0.0	10	13.0	0.0	13.0	13.0	-0.007163935352321305	-2.128722441471405	0.20622030333019914	12.729749968175625	12.887999871120002
1040	17039360	10	9.7	5.040833264451424	13.0	2.0	10	10.4	4.5431266766402185	13.0	1.0	-0.0062860591757392965	-2.1455082543442914	0.20473141904029482	13.367749966580627	21.532999784670004
1044	17104896	10	4.6	5.023942674832188	13.0	0.0	10	9.8	4.915282290977803	13.0	1.0	-0.005895370781816492	-2.200946430135979	0.1746240787336621	13.008499967478748	25.361999746380004
1048	17170432	10	8.7	5.273518749374084	13.0	2.0	10	8.2	4.812483766206386	13.0	1.0	-0.005751728763553947	-2.172024118177341	0.22557315561743768	11.616249970959375	24.934999750650004
1052	17235968	10	9.5	5.352569476429054	13.0	1.0	10	12.7	0.9	13.0	10.0	-0.0048155163380656325	-2.1311619503066255	0.18061211090205753	12.666499968333751	18.427999815720003
1056	17301504	10	8.6	5.388877434122992	13.0	2.0	10	11.4	3.0397368307141326	13.0	3.0	-0.005271509923413372	-2.1617876140011547	0.25706570717001426	11.389749971525625	27.955999720440005
1060	17367040	10	8.2	5.3814496188294845	13.0	0.0	10	8.8	5.1536394906900505	13.0	2.0	-0.00582607699410139	-2.1762559610325125	0.22185736938862657	11.874249970314375	28.052999719470005
1064	17432576	10	8.5	5.518151864528558	13.0	1.0	10	12.0	3.0	13.0	3.0	-0.007472370193812977	-2.148924591416785	0.20321699276312305	11.220499971948751	20.974999790250006
1068	17498112	10	8.6	5.44426303552648	13.0	0.0	10	12.0	3.0	13.0	3.0	-0.005810149583340913	-2.1117890549486504	0.25857056519427585	11.75249997061875	19.250999807490004
1072	17563648	10	10.5	4.364630568559039	13.0	1.0	10	12.7	0.9	13.0	10.0	-0.0061522019271209255	-2.1881145236597055	0.1939303877095778	11.779999970550001	24.134999758650004
1076	17629184	10	7.6	5.425863986500215	13.0	1.0	10	10.7	4.605431575867782	13.0	1.0	-0.005417033835370821	-2.1624974705509796	0.24038489998608212	11.373999971564999	27.431999725680004
1080	17694720	10	9.3	5.1000000000000005	13.0	1.0	10	11.4	3.903844259188627	13.0	0.0	-0.006600560660969999	-2.1455741447955567	0.21520739077521747	12.743749968140623	25.90899974091
1084	17760256	10	11.7	3.034798181098703	13.0	3.0	10	11.5	3.6124783736376886	13.0	1.0	-0.007311059015739961	-2.0388533359132315	0.20440901968982433	11.539249971151875	25.902999740970003
1088	17825792	10	8.5	5.5362442142665635	13.0	1.0	10	13.0	0.0	13.0	13.0	-0.005026296833200521	-2.090679518660681	0.18492831970811768	11.318999971702501	17.296999827030003
1092	17891328	10	9.5	5.389805191284746	13.0	0.0	10	13.0	0.0	13.0	13.0	-0.004715220585051872	-2.022249299822203	0.2023011441131802	11.723249970691874	17.810999821890004
1096	17956864	10	6.1	5.699999999999999	13.0	0.0	10	13.0	0.0	13.0	13.0	-0.005518424741271362	-2.069918180289818	0.18878331235195658	12.31449996921375	12.640999873590003
1100	18022400	10	7.7	5.330103188494572	13.0	1.0	10	11.6	3.32264954516723	13.0	2.0	-0.006065661392590559	-2.101216065168054	0.2246926622231198	13.097999967255	26.654999733450005
1104	18087936	10	8.6	5.44426303552648	13.0	0.0	10	10.7	3.9509492530276824	13.0	3.0	-0.005082440005406075	-2.0884266592870278	0.22180397154315526	11.647249970881877	28.369999716300004
1108	18153472	10	8.5	5.572252686302013	13.0	0.0	10	11.3	3.318132004607412	13.0	2.0	-0.00665289957569684	-2.0651753219797717	0.2188077495826347	11.851999970369999	28.244999717550005
1112	18219008	10	7.4	5.642694391866354	13.0	0.0	10	12.0	3.0	13.0	3.0	-0.004627362839046342	-2.095417940149982	0.2141297240518499	11.912249970219376	25.308999746910004
1116	18284544	10	8.8	5.15363949069005	13.0	2.0	10	13.0	0.0	13.0	13.0	-0.005403158065183709	-2.011259599068864	0.228570900445588	12.543999968640001	18.262999817370005
1120	18350080	10	10.6	4.152107898405339	13.0	2.0	10	12.7	0.9	13.0	10.0	-0.006595293151420226	-2.110876438298482	0.1707702413954769	12.811749967970625	16.381999836180004
1124	18415616	10	10.9	4.2059481689626175	13.0	2.0	10	11.7	3.0347981810987035	13.0	3.0	-0.0045824331095674666	-2.150807325814636	0.2435618495159702	13.312249966719376	21.703999782960004
1128	18481152	10	11.0	4.0	13.0	3.0	10	11.0	4.0	13.0	3.0	-0.006840343579112012	-2.1196823266920797	0.25488587435163385	14.478249963804375	24.101999758980003
1132	18546688	10	7.6	5.425863986500215	13.0	1.0	10	10.9	4.205948168962618	13.0	2.0	-0.004658331361618489	-2.1699191230261996	0.1983363303770154	12.52649996868375	26.560999734390006
1136	18612224	10	8.3	5.23545604508337	13.0	1.0	10	12.7	0.9	13.0	10.0	-0.006105440546859786	-2.0915525876290446	0.2880829604973816	11.646999970882499	24.9499997505
1140	18677760	10	11.0	4.0	13.0	3.0	10	11.8	3.6	13.0	1.0	-0.005204453769150787	-2.036256033715092	0.19432589821045443	12.37599996906	17.852999821470004
1144	18743296	10	12.0	3.0	13.0	3.0	10	9.2	5.230678732248808	13.0	1.0	-0.00559317255164636	-2.0668841424418205	0.19634923701612778	11.447749971380626	26.555999734440004
1148	18808832	10	5.6	4.862098312457287	13.0	2.0	10	10.6	4.1521078984053394	13.0	2.0	-0.005090008448026943	-2.1581778176364286	0.19182100183815867	12.585999968534999	19.88299980117
1152	18874368	10	7.5	5.518151864528558	13.0	1.0	10	9.2	4.64327470649756	13.0	2.0	-0.005450976217655218	-2.1594209172065737	0.22501951880582172	11.33999997165	28.122999718770007
1156	18939904	10	10.6	4.8207883172775805	13.0	0.0	10	8.9	5.028916384272064	13.0	2.0	-0.005013031738986542	-2.2183975997243164	0.1844506872780958	11.918249970204375	27.869999721300005
1160	19005440	10	6.2	5.055689863905815	13.0	1.0	10	13.0	0.0	13.0	13.0	-0.006244589932931793	-2.0614272726415033	0.21687726441374297	13.350749966623125	17.26599982734
1164	19070976	10	11.0	4.0	13.0	3.0	10	11.7	3.0347981810987035	13.0	3.0	-0.0061632689048208445	-2.1541282656531764	0.16473907832047674	12.089999969775	26.094999739050003
1168	19136512	10	5.1	5.243090691567332	13.0	0.0	10	13.0	0.0	13.0	13.0	-0.00542140671500032	-2.0144759240634906	0.23509063476110392	12.2549999693625	19.285999807140005
1172	19202048	10	9.8	4.894895300208167	13.0	2.0	10	10.9	4.2059481689626175	13.0	2.0	-0.0049593943156335816	-2.0200858362398333	0.19870165306557178	10.606249973484374	30.709999692900006
1176	19267584	10	7.6	5.425863986500215	13.0	1.0	10	13.0	0.0	13.0	13.0	-0.005952474916422562	-2.074490728261544	0.20099001981086995	11.190749972023125	16.331999836680005
1180	19333120	10	6.1	5.127377497317708	13.0	1.0	10	11.9	3.3	13.0	2.0	-0.005808827655832557	-2.0216366149862766	0.21381878679874486	11.38749997153125	14.978999850210002
1184	19398656	10	8.5	5.5362442142665635	13.0	1.0	10	12.0	3.0	13.0	3.0	-0.004136495843515971	-2.0497680937598806	0.20103370497082182	11.480249971299376	27.030999729690002
1188	19464192	10	9.4	4.94368283772331	13.0	1.0	10	11.0	4.0	13.0	3.0	-0.004798141758738399	-2.00329944222166	0.23593872519235812	11.665749970835625	27.495999725040004
1192	19529728	10	8.2	5.912698199637793	13.0	0.0	10	13.0	0.0	13.0	13.0	-0.006049883781670746	-1.9863943244434508	0.22212001616925897	11.85949997035125	23.623999763760004
1196	19595264	10	8.3	5.78013840664737	13.0	0.0	10	11.9	3.3	13.0	2.0	-0.006282553898272857	-2.101946846673483	0.17892421516278229	12.339749969150624	12.862999871370002
1200	19660800	10	10.9	4.205948168962618	13.0	2.0	10	13.0	0.0	13.0	13.0	-0.005096249512234542	-2.0319999007254137	0.2397404059828434	13.258999966852501	12.223999877760003
1204	19726336	10	4.2	4.467661580737736	13.0	1.0	10	9.5	5.352569476429054	13.0	1.0	-0.00655547140369513	-2.092136720598363	0.22337453080497927	12.705749968235626	23.981999760180003
1208	19791872	10	8.4	5.6780278266313555	13.0	0.0	10	12.0	3.0	13.0	3.0	-0.007134989718163353	-2.130109766897203	0.16614932495301263	13.1709999670725	23.632999763670004
1212	19857408	10	8.5	5.518151864528558	13.0	1.0	10	13.0	0.0	13.0	13.0	-0.004904989756540289	-2.0403511199216577	0.2118628152114993	12.470749968823124	15.324999846750002
1216	19922944	10	6.4	5.388877434122992	13.0	2.0	10	11.5	3.6124783736376886	13.0	1.0	-0.005996333053778069	-1.9963821481075525	0.17610351273818234	13.068249967329374	13.461999865380001
1220	19988480	10	11.9	3.3	13.0	2.0	10	12.0	3.0	13.0	3.0	-0.006057167269900301	-1.9887862253104254	0.15499825999078376	10.978999972552499	28.326999716730008
1224	20054016	10	10.8	4.422668877499197	13.0	1.0	10	10.9	4.2059481689626175	13.0	2.0	-0.006310863076527192	-1.9979347100262852	0.1667539022378768	11.166249972084374	28.385999716140002
1228	20119552	10	8.7	5.273518749374084	13.0	2.0	10	12.0	3.0	13.0	3.0	-0.005497756333507212	-2.0218551752845375	0.19924150281062522	10.785999973035002	28.116999718830005
1232	20185088	10	6.5	5.371219600798314	13.0	0.0	10	10.8	4.422668877499197	13.0	1.0	-0.00529657158227568	-2.089853490174674	0.1570566554079765	10.99199997252	28.221999717780005
1236	20250624	10	7.8	5.211525688318153	13.0	2.0	10	12.7	0.9	13.0	10.0	-0.006792486731885255	-2.0722668491628835	0.16438528854860657	10.935249972661875	17.174999828250005
1240	20316160	10	10.7	4.648655719667784	13.0	0.0	10	11.8	3.6	13.0	1.0	-0.004419123125287297	-1.9623601285559251	0.18221742285380077	11.09749997225625	20.14699979853
1244	20381696	10	8.4	5.678027826631356	13.0	0.0	10	10.8	4.4	13.0	2.0	-0.005600365317173094	-1.9794037489021266	0.256546138448615	11.638749970903127	24.962999750370006
1248	20447232	10	9.9	4.742362280551751	13.0	2.0	10	12.0	3.0	13.0	3.0	-0.0053720488304419564	-1.996580241660916	0.18989231412183577	11.82349997044125	26.728999732710005
1252	20512768	10	6.5	5.352569476429054	13.0	1.0	10	10.9	4.205948168962618	13.0	2.0	-0.005924137320703109	-2.092190104008335	0.16019591019993248	11.791749970520625	26.861999731380003
1256	20578304	10	6.4	5.4626001134990645	13.0	0.0	10	12.7	0.9	13.0	10.0	-0.004892836935541355	-2.096636270264935	0.17315411340814676	12.509999968725001	13.507999864920002
1260	20643840	10	8.6	5.44426303552648	13.0	0.0	10	11.5	3.6124783736376886	13.0	1.0	-0.006131174922573137	-1.9588954396988896	0.3142797959796293	13.038749967403126	10.361999896380002
1264	20709376	10	10.8	4.422668877499197	13.0	1.0	10	12.7	0.9	13.0	10.0	-0.00658347920087118	-1.9952455806640617	0.18790109601087582	13.570749966073125	12.432999875670001
1268	20774912	10	6.2	5.6	13.0	0.0	10	13.0	0.0	13.0	13.0	-0.005733340143715407	-2.0002229621412964	0.22116106761799212	11.9529999701175	15.165999848340002
1272	20840448	10	8.7	5.273518749374084	13.0	2.0	10	12.7	0.9	13.0	10.0	-0.0046967719531149366	-1.9281364577986997	0.21502645094191314	11.585999971035001	13.479999865200002
1276	20905984	10	11.8	3.6	13.0	1.0	10	10.7	4.605431575867782	13.0	1.0	-0.005824701149321799	-1.9519340890599537	0.2141323198030855	12.172499969568749	2.4549999754500003
1280	20971520	10	12.0	3.0	13.0	3.0	10	12.7	0.9	13.0	10.0	-0.004644343068746886	-1.9566806155391803	0.18927191700366972	13.500249966249374	13.00799986992
1284	21037056	10	9.5	5.352569476429054	13.0	1.0	10	13.0	0.0	13.0	13.0	-0.006118282490781522	-1.9393974950379524	0.17265129917986313	11.730499970673751	15.423999845760003
1288	21102592	10	10.7	4.605431575867782	13.0	1.0	10	11.8	3.6	13.0	1.0	-0.005074997031823612	-1.9516851142499356	0.17223395552865162	11.59749997100625	20.71399979286
1292	21168128	10	10.9	4.205948168962618	13.0	2.0	10	13.0	0.0	13.0	13.0	-0.004446077778530506	-1.9482920850770737	0.1918252697014666	11.087999972279999	9.232999907670003
1296	21233664	10	9.5	5.371219600798314	13.0	0.0	10	11.9	3.3	13.0	2.0	-0.0055677075609876885	-2.0735390407667293	0.20399083598565063	11.597749971005625	19.674999803250003
1300	21299200	10	10.7	4.605431575867782	13.0	1.0	10	13.0	0.0	13.0	13.0	-0.005932799129963163	-1.9556801056314825	0.23965796748163304	12.14349996964125	14.951999850480002
1304	21364736	10	7.6	5.4258639865002145	13.0	1.0	10	9.6	4.6303347611160905	13.0	2.0	-0.005590184093937819	-1.9609438824597796	0.19687284115824238	11.742249970644377	25.413999745860007
1308	21430272	10	11.0	4.0	13.0	3.0	10	11.9	3.3	13.0	2.0	-0.00539687227566466	-2.0103781916590497	0.2208226803304951	11.748249970629375	25.239999747600002
1312	21495808	10	6.8	5.075431016179809	13.0	2.0	10	13.0	0.0	13.0	13.0	-0.0054350849671914205	-2.1132365785821388	0.2193000939601458	11.813249970466876	17.25799982742
1316	21561344	10	8.7	5.292447448959697	13.0	1.0	10	13.0	0.0	13.0	13.0	-0.005837635252947985	-2.1170229537069933	0.1725835790677898	11.039249972401874	21.29799978702
1320	21626880	10	8.5	5.518151864528558	13.0	1.0	10	11.8	3.6	13.0	1.0	-0.006407563981398312	-2.019589513329894	0.17846093864339044	11.378749971553125	13.044999869550002
1324	21692416	10	8.7	5.292447448959697	13.0	1.0	10	13.0	0.0	13.0	13.0	-0.006506815258570069	-2.081850409290892	0.1605320886231134	12.141999969645001	18.101999818980005
1328	21757952	10	8.6	5.44426303552648	13.0	0.0	10	11.9	3.3	13.0	2.0	-0.006308974222166171	-2.0115082597127336	0.1943471139715326	11.79649997050875	28.422999715770004
1332	21823488	10	7.6	5.44426303552648	13.0	1.0	10	12.0	3.0	13.0	3.0	-0.004782474686591969	-1.981494566840157	0.18891421055471241	11.059249972351873	28.933999710660007
1336	21889024	10	9.9	4.742362280551751	13.0	2.0	10	10.9	4.205948168962618	13.0	2.0	-0.006199203399431392	-2.0117504073073986	0.1844742223816305	11.100249972249374	30.713999692860003
1340	21954560	10	8.5	5.518151864528558	13.0	1.0	10	13.0	0.0	13.0	13.0	-0.0053544995044407205	-1.952262718027125	0.22389773222769063	10.246249974384375	15.336999846630002
1344	22020096	10	9.9	4.742362280551751	13.0	2.0	10	10.7	3.950949253027682	13.0	3.0	-0.00418313850682737	-1.9269472904979634	0.12995597544169488	12.160249969599375	28.141999718580003
1348	22085632	10	9.3	5.080354318352215	13.0	1.0	10	13.0	0.0	13.0	13.0	-0.006554069147189401	-1.9673906823433478	0.10661807911291249	11.785249970536874	12.562999874370002
1352	22151168	10	11.0	4.0	13.0	3.0	10	12.7	0.9	13.0	10.0	-0.006035881019344769	-1.9369747636684709	0.15020953443199334	12.387249969031878	14.047999859520003
1356	22216704	10	9.4	5.517245689653488	13.0	0.0	10	13.0	0.0	13.0	13.0	-0.004885417071612932	-1.827800458727619	0.11367551810476209	11.1599999721	8.115999918840002
1360	22282240	10	10.6	4.1521078984053394	13.0	2.0	10	13.0	0.0	13.0	13.0	-0.005567354040397147	-1.918299875953646	0.11175905248383056	11.74849997062875	13.621999863780003
1364	22347776	10	9.9	4.742362280551751	13.0	2.0	10	11.6	3.32264954516723	13.0	2.0	-0.006128793487094348	-1.9311288456594013	0.12481325355144826	12.9989999675025	11.034999889650003
1368	22413312	10	10.9	4.2059481689626175	13.0	2.0	10	13.0	0.0	13.0	13.0	-0.00658288516016247	-1.9247424066545327	0.13261901230799666	13.454999966362502	11.056999889430003
1372	22478848	10	10.7	4.605431575867782	13.0	1.0	10	13.0	0.0	13.0	13.0	-0.0046843784495014485	-1.8698282227455916	0.1678455592889588	13.4589999663525	10.331999896680003
1376	22544384	10	10.5	5.004997502496879	13.0	0.0	10	13.0	0.0	13.0	13.0	-0.00527705722627519	-1.9211498732850478	0.18694266597345235	12.590249968524377	14.908999850910003
1380	22609920	10	9.8	4.894895300208167	13.0	2.0	10	12.0	3.0	13.0	3.0	-0.005800881461256974	-1.824486424335528	0.1807050251524167	11.635499970911251	18.498999815010002
1384	22675456	10	10.9	4.2059481689626175	13.0	2.0	10	11.9	3.3	13.0	2.0	-0.00577455320490598	-1.802875342280621	0.1414275644587802	11.312249971719377	15.863999841360004
1388	22740992	10	10.9	4.2059481689626175	13.0	2.0	10	13.0	0.0	13.0	13.0	-0.004750477707411164	-1.8799031660486039	0.10893987350893698	12.361249969096875	11.656999883430002
1392	22806528	10	8.5	5.518151864528558	13.0	1.0	10	12.0	3.0	13.0	3.0	-0.004339248157372229	-1.7740791996955616	0.18075296059696294	13.384249966539377	22.973999770260004
1396	22872064	10	10.9	4.205948168962618	13.0	2.0	10	12.0	3.0	13.0	3.0	-0.0048800446257771385	-1.854303976948621	0.12523833711413573	12.718749968203124	25.33299974667
1400	22937600	10	7.6	5.425863986500215	13.0	1.0	10	13.0	0.0	13.0	13.0	-0.004926363367093567	-1.8585156535656455	0.15498300314197822	12.334499969163751	14.794999852050003
1404	23003136	10	9.4	4.94368283772331	13.0	1.0	10	12.0	3.0	13.0	3.0	-0.00510904617544673	-1.838439695345586	0.13620698594155922	11.468499971328749	20.353999796460002
1408	23068672	10	9.6	4.6303347611160905	13.0	2.0	10	13.0	0.0	13.0	13.0	-0.004881106762793589	-1.83445233708386	0.13062594794704552	11.057499972356249	17.458999825410004
1412	23134208	10	8.6	5.407402333838309	13.0	1.0	10	13.0	0.0	13.0	13.0	-0.005064644927873147	-1.9230613942427957	0.1707409514557287	10.6889999732775	19.832999801670002
1416	23199744	10	10.7	4.605431575867782	13.0	1.0	10	11.6	3.32264954516723	13.0	2.0	-0.0054767181785543816	-1.7921704561134946	0.1368882953978044	11.497749971255626	17.567999824320005
1420	23265280	10	7.8	5.2115256883181535	13.0	2.0	10	13.0	0.0	13.0	13.0	-0.0048618633149482395	-1.8204143045436498	0.14418067556545788	13.22449996693875	13.853999861460002
1424	23330816	10	10.9	4.2059481689626175	13.0	2.0	10	13.0	0.0	13.0	13.0	-0.004784826538027102	-1.9357961178293	0.17099392986627418	12.013249969966875	12.450999875490002
1428	23396352	10	11.8	3.6	13.0	1.0	10	13.0	0.0	13.0	13.0	-0.0053442108104608576	-1.9063613735637102	0.13945673098111092	12.768999968077502	14.082999859170002
1432	23461888	10	10.7	4.648655719667784	13.0	0.0	10	13.0	0.0	13.0	13.0	-0.005941887863312144	-1.772638359232868	0.1459861375472245	12.25599996936	16.372999836270004
1436	23527424	10	8.5	5.572252686302013	13.0	0.0	10	13.0	0.0	13.0	13.0	-0.007012416376283167	-1.7451608601381445	0.12278238806836339	11.094249972264373	16.569999834300003
1440	23592960	10	6.8	5.075431016179809	13.0	2.0	10	13.0	0.0	13.0	13.0	-0.0050144562963023555	-1.7430160192819748	0.13387131980622816	11.365999971585	14.642999853570004
1444	23658496	10	5.8	4.728636167014756	13.0	2.0	10	13.0	0.0	13.0	13.0	-0.005460788325497465	-1.6190203886034422	0.11648399703698681	12.454249968864376	12.845999871540002
1448	23724032	10	10.0	4.58257569495584	13.0	3.0	10	11.0	4.0	13.0	3.0	-0.0046865786445140665	-1.8470422884388005	0.09407993878499667	13.329749966675625	22.767999772320003
1452	23789568	10	7.5	5.554277630799526	13.0	0.0	10	9.9	4.742362280551751	13.0	2.0	-0.004156120724950587	-1.7092956936069004	0.16785577896320475	13.588999966027503	23.648999763510005
1456	23855104	10	7.5	5.518151864528558	13.0	1.0	10	13.0	0.0	13.0	13.0	-0.005280783462447754	-1.7760333094137601	0.1248029436165228	13.550749966123124	12.036999879630002
1460	23920640	10	12.0	3.0	13.0	3.0	10	12.0	3.0	13.0	3.0	-0.005241822285885343	-1.775406341814831	0.1261345122343787	11.38649997153375	22.084999779150003
1464	23986176	10	10.9	4.2059481689626175	13.0	2.0	10	13.0	0.0	13.0	13.0	-0.004631018956815385	-1.7386874169783644	0.12843082987452104	12.465749968835626	14.705999852940002
1468	24051712	10	9.7	5.1000000000000005	13.0	0.0	10	11.9	3.3000000000000003	13.0	2.0	-0.004214503328982848	-1.7809140792124047	0.13640829954272413	10.556749973608126	18.936999810630006
1472	24117248	10	6.5	5.352569476429054	13.0	1.0	10	13.0	0.0	13.0	13.0	-0.0054629351525736485	-1.7849763443696811	0.151595492249396	9.937999975155	22.359999776400002
1476	24182784	10	8.7	4.73392015141785	13.0	3.0	10	13.0	0.0	13.0	13.0	-0.0051704599191675525	-1.7033881779227522	0.12531107356242605	10.744749973138127	12.315999876840003
1480	24248320	10	9.6	5.2	13.0	1.0	10	12.0	3.0	13.0	3.0	-0.003608407760342185	-1.6991265712398624	0.12042870355757289	13.373749966565626	14.644999853550003
1484	24313856	10	9.3	5.080354318352215	13.0	1.0	10	13.0	0.0	13.0	13.0	-0.004320935978744376	-1.6945593404991552	0.12097003882034035	12.83149996792125	10.977999890220001
1488	24379392	10	10.9	4.205948168962618	13.0	2.0	10	13.0	0.0	13.0	13.0	-0.004115521150678104	-1.722971677600675	0.12128234486539673	11.8089999704775	16.715999832840005
1492	24444928	10	9.5	5.371219600798314	13.0	0.0	10	11.7	3.0347981810987035	13.0	3.0	-0.004149573891049602	-1.7030145958775538	0.11525038539318007	10.795749973010626	30.772999692270005
1496	24510464	10	8.6	5.388877434122992	13.0	2.0	10	12.0	3.0	13.0	3.0	-0.001475939905350021	-1.750728433148486	0.11489492556590823	11.253999971865	16.465999835340003
1500	24576000	10	10.9	4.205948168962618	13.0	2.0	10	11.6	3.32264954516723	13.0	2.0	-0.0045286774931337145	-1.756202354844261	0.11200971977860225	11.285749971785625	14.517999854820003
1504	24641536	10	6.9	5.575840743780259	13.0	1.0	10	12.0	3.0	13.0	3.0	-0.004749237874532559	-1.5961889920956167	0.11276175879940496	11.225749971935628	14.410999855890003
1508	24707072	10	10.9	4.2059481689626175	13.0	2.0	10	11.9	3.3	13.0	2.0	-0.0038886713151028932	-1.653233539140866	0.0963290723638849	12.08949996977625	16.512999834870005
1512	24772608	10	12.0	3.0	13.0	3.0	10	13.0	0.0	13.0	13.0	-0.00310332741565729	-1.626746435790681	0.12700137929288838	11.817499970456248	19.106999808930002
1516	24838144	10	8.9	5.028916384272064	13.0	2.0	10	13.0	0.0	13.0	13.0	-0.004801597570607004	-1.5256932723919743	0.05739203356772736	10.77599997306	14.939999850600001
1520	24903680	10	7.9	5.107837115648853	13.0	2.0	10	13.0	0.0	13.0	13.0	-0.006474911244299691	-1.526452722489774	0.052456945815712946	11.593749971015626	14.446999855530002
1524	24969216	10	9.7	5.1000000000000005	13.0	0.0	10	11.7	3.0347981810987035	13.0	3.0	-0.0040767182286191046	-1.610400459250944	0.08679201858533465	11.711249970721875	14.545999854540002
