iter	frame	n_test	mean_returns	std_returns	max_returns	min_returns	n_test_train	mean_returns_train	std_returns_train	max_returns_train	min_returns_train	actor_loss	entropy_loss	value_loss	training_time	evaluation_time
0	0	10	0.0	0.0	0.0	0.0	10	4.0	4.898979485566356	10.0	0.0	0	0	0	0.0	37.77499962225001
4	65536	10	4.0	4.898979485566356	10.0	0.0	10	6.0	4.898979485566356	10.0	0.0	0.002159832069464115	-2.6326516094048285	0.27501343482724105	11.247249971881875	37.424999625750004
8	131072	10	3.0	4.58257569495584	10.0	0.0	10	5.0	5.0	10.0	0.0	-0.00237866136351619	-2.5794091644183093	0.4230593943838169	11.589999971025	35.94799964052
12	196608	10	7.0	4.58257569495584	10.0	0.0	10	6.0	4.898979485566356	10.0	0.0	-0.0033810135315550396	-2.5397763100601085	0.42048316429024846	11.6569999708575	33.413999665860004
16	262144	10	4.0	4.898979485566356	10.0	0.0	10	4.0	4.898979485566356	10.0	0.0	-0.0037931218923697367	-2.554542595875399	0.2844700552226813	11.57049997107375	35.99099964009
20	327680	10	6.0	4.898979485566356	10.0	0.0	10	5.0	5.0	10.0	0.0	-0.004472119860554628	-2.577572996149184	0.38015115319206144	11.70449997073875	32.21499967785001
24	393216	10	2.0	4.0	10.0	0.0	10	2.3	3.9509492530276824	10.0	0.0	-0.005222633773945295	-2.599223809666883	0.27466936717053136	11.438249971404375	37.52399962476001
28	458752	10	4.0	4.898979485566356	10.0	0.0	10	6.0	4.898979485566356	10.0	0.0	-0.00483514554384439	-2.5693534808661376	0.3330372136981075	11.021999972445	28.313999716860003
32	524288	10	6.0	4.898979485566356	10.0	0.0	10	3.0	4.58257569495584	10.0	0.0	-0.005133159140385717	-2.558063491912452	0.23843134890620774	10.954249972614376	39.199999608000006
36	589824	10	2.0	4.0	10.0	0.0	10	2.0	4.0	10.0	0.0	-0.006517529341411801	-2.5111272655295225	0.2576114291367307	10.432249973919374	39.63199960368001
40	655360	10	2.0	4.0	10.0	0.0	10	1.0	3.0	10.0	0.0	-0.005417192385763175	-2.5100034497547217	0.23967428239049346	10.809249972976875	40.35599959644001
44	720896	10	3.0	4.58257569495584	10.0	0.0	10	6.0	4.898979485566356	10.0	0.0	-0.006021826687456546	-2.499118941265293	0.24576246937660368	10.70849997322875	39.61899960381
48	786432	10	4.0	4.898979485566356	10.0	0.0	10	5.0	5.0	10.0	0.0	-0.006020188383121263	-2.5329285186870925	0.23750285894929965	11.13949997215125	39.29399960706
52	851968	10	4.0	4.898979485566356	10.0	0.0	10	4.0	4.898979485566356	10.0	0.0	-0.00672895667766714	-2.4799961668649844	0.2880896574827945	11.10549997223625	32.81199967188
56	917504	10	3.0	4.58257569495584	10.0	0.0	10	3.0	4.58257569495584	10.0	0.0	-0.005220082199898992	-2.432312736655229	0.2394702435842551	10.828749972928124	37.40099962599001
60	983040	10	6.0	4.898979485566356	10.0	0.0	10	0.0	0.0	0.0	0.0	-0.006135522147176092	-2.3864985602594984	0.29520605253085036	11.015749972460625	28.072999719270005
64	1048576	10	5.0	5.0	10.0	0.0	10	3.0	4.58257569495584	10.0	0.0	-0.005570371479457522	-2.4111915104063035	0.2961070532602081	10.3749999740625	40.735999592640006
68	1114112	10	3.0	4.58257569495584	10.0	0.0	10	6.0	4.898979485566356	10.0	0.0	-0.006675644267702793	-2.3976687612618863	0.27516987746198607	10.350749974123127	37.210999627890004
72	1179648	10	4.0	4.898979485566356	10.0	0.0	10	4.0	4.898979485566356	10.0	0.0	-0.006841387729961242	-2.4101249846292334	0.270147783343169	10.810749972973124	26.302999736970005
76	1245184	10	4.0	4.898979485566356	10.0	0.0	10	1.0	3.0	10.0	0.0	-0.005470014339189376	-2.424175326770352	0.20297286331401937	11.77549997056125	36.59899963401
80	1310720	10	2.0	4.0	10.0	0.0	10	4.0	4.898979485566356	10.0	0.0	-0.006774906359372883	-2.4696695156306387	0.23858085132512744	10.872249972819375	39.450999605490004
84	1376256	10	2.0	4.0	10.0	0.0	10	2.0	4.0	10.0	0.0	-0.005988999676732478	-2.4272139094725134	0.23363754228428135	10.908249972729374	41.59499958405001
88	1441792	10	5.0	5.0	10.0	0.0	10	3.0	4.58257569495584	10.0	0.0	-0.0064332470555471906	-2.425431390350734	0.24930389253930108	10.452749973868123	41.57199958428001
92	1507328	10	3.0	4.58257569495584	10.0	0.0	10	5.0	5.0	10.0	0.0	-0.006770048517765895	-2.4150348203845473	0.1894680177595544	10.38399997404	42.96599957034001
96	1572864	10	1.0	3.0	10.0	0.0	10	3.0	4.58257569495584	10.0	0.0	-0.006792930658674463	-2.412277507033998	0.22983676937808578	10.0249999749375	32.645999673540004
100	1638400	10	3.0	4.58257569495584	10.0	0.0	10	4.0	4.898979485566356	10.0	0.0	-0.006728245737785434	-2.425637351717207	0.22558075202762695	10.388249974029376	32.08999967910001
104	1703936	10	3.0	4.58257569495584	10.0	0.0	10	5.0	5.0	10.0	0.0	-0.006339628001363877	-2.4578662288608886	0.19454241316912146	11.464249971339376	41.795999582040004
108	1769472	10	4.0	4.898979485566356	10.0	0.0	10	5.0	5.0	10.0	0.0	-0.006594809540345535	-2.444677230957803	0.2443767760936173	10.73249997316875	32.42699967573
112	1835008	10	6.0	4.898979485566356	10.0	0.0	10	2.0	4.0	10.0	0.0	-0.005554608655708899	-2.4167111811504656	0.24319844286839046	11.221499971946251	36.73999963260001
116	1900544	10	3.0	4.58257569495584	10.0	0.0	10	7.0	4.58257569495584	10.0	0.0	-0.006751306291237981	-2.4142101727394776	0.20521893225956084	11.769999970575	20.129999798700002
120	1966080	10	4.0	4.898979485566356	10.0	0.0	10	3.0	4.58257569495584	10.0	0.0	-0.006251705846156234	-2.3841682198146996	0.2845189116288384	11.82249997044375	34.738999652610005
124	2031616	10	4.0	4.898979485566356	10.0	0.0	10	4.0	4.898979485566356	10.0	0.0	-0.006980451810280869	-2.3853404569127945	0.29066700888874264	11.45849997135375	34.162999658370005
128	2097152	10	7.0	4.58257569495584	10.0	0.0	10	4.0	4.898979485566356	10.0	0.0	-0.0064702681283284715	-2.4047484941759145	0.30353328240977945	11.681999970795003	29.487999705120004
132	2162688	10	5.0	5.0	10.0	0.0	10	5.0	5.0	10.0	0.0	-0.006303895426703699	-2.4080813201740328	0.2421897145046339	11.315999971710001	33.01599966984001
136	2228224	10	4.0	4.898979485566356	10.0	0.0	10	1.3	3.034798181098703	10.0	0.0	-0.005607210395001971	-2.4032680489102987	0.25056066532182375	11.733249970666876	29.33299970667
140	2293760	10	3.0	4.58257569495584	10.0	0.0	10	2.0	4.0	10.0	0.0	-0.007516009106565591	-2.4134277400840656	0.2170660318580657	10.392249974019375	43.21599956784001
144	2359296	10	6.0	4.898979485566356	10.0	0.0	10	2.0	4.0	10.0	0.0	-0.007445562785336649	-2.3926345852505304	0.21829805225964363	10.259499974351252	39.67599960324001
148	2424832	10	5.0	5.0	10.0	0.0	10	4.0	4.898979485566356	10.0	0.0	-0.006908243571047431	-2.3875606355564254	0.2395658762875991	10.285249974286877	41.120999588790006
152	2490368	10	3.0	4.58257569495584	10.0	0.0	10	4.0	4.898979485566356	10.0	0.0	-0.006443094294138115	-2.4034628021200284	0.19999806681737667	10.06399997484	39.304999606950005
156	2555904	10	2.0	4.0	10.0	0.0	10	4.0	4.898979485566356	10.0	0.0	-0.006672308603722259	-2.400745746739967	0.25066576569523985	9.994249975014377	41.57599958424001
160	2621440	10	2.0	4.0	10.0	0.0	10	5.0	5.0	10.0	0.0	-0.00717684098270003	-2.406685349591216	0.20739480742266084	9.43849997640375	32.30299967697
164	2686976	10	4.0	4.898979485566356	10.0	0.0	10	3.0	4.58257569495584	10.0	0.0	-0.005684022720757331	-2.4386987335923154	0.23946519597112162	10.248749974378125	43.13399956866001
168	2752512	10	3.0	4.58257569495584	10.0	0.0	10	3.0	4.58257569495584	10.0	0.0	-0.006076820793142063	-2.4176523235902097	0.2275329404273544	9.986749975033126	42.81699957183001
172	2818048	10	7.0	4.58257569495584	10.0	0.0	10	4.0	4.898979485566356	10.0	0.0	-0.006290400629295204	-2.342236349736053	0.2856730503353427	9.835999975410001	32.43199967568001
176	2883584	10	3.0	4.58257569495584	10.0	0.0	10	5.0	5.0	10.0	0.0	-0.00703194306381915	-2.3772864984976483	0.25234873481570613	10.943999972639999	40.25699959743
180	2949120	10	6.0	4.898979485566356	10.0	0.0	10	2.0	4.0	10.0	0.0	-0.0070008218843803155	-2.3938998130450457	0.23915539353457363	10.698249973254377	36.63599963364001
184	3014656	10	4.3	4.73392015141785	10.0	0.0	10	6.0	4.898979485566356	10.0	0.0	-0.006966132745100201	-2.3966559566544414	0.20833275992736688	11.148499972128752	31.312999686870004
188	3080192	10	3.0	4.58257569495584	10.0	0.0	10	3.0	4.58257569495584	10.0	0.0	-0.007046095770292285	-2.4021135640622377	0.21841786768495758	12.115249969711876	35.899999641
192	3145728	10	6.0	4.898979485566356	10.0	0.0	10	5.0	5.0	10.0	0.0	-0.006351895727923421	-2.407870900876836	0.2383336657409955	11.659499970851252	36.297999637020006
196	3211264	10	4.0	4.898979485566356	10.0	0.0	10	5.0	5.0	10.0	0.0	-0.007336482014421927	-2.4049556575693907	0.26424951134601377	11.644249970889375	37.13499962865001
200	3276800	10	5.0	5.0	10.0	0.0	10	3.0	4.58257569495584	10.0	0.0	-0.0057528124034504635	-2.4334784420776674	0.19262962964840363	11.318749971703127	34.00799965992001
204	3342336	10	4.0	4.898979485566356	10.0	0.0	10	4.0	4.898979485566356	10.0	0.0	-0.006772893380812957	-2.4108160408806873	0.2092531999976021	11.465999971335	30.147999698520003
208	3407872	10	6.0	4.898979485566356	10.0	0.0	10	2.0	4.0	10.0	0.0	-0.0071117744075176875	-2.364577767503317	0.2167831143759376	11.846749970383126	21.023999789760005
212	3473408	10	4.0	4.898979485566356	10.0	0.0	10	4.0	4.898979485566356	10.0	0.0	-0.006345505878871244	-2.367473875236265	0.22023726159275217	12.092749969768127	33.77499966225
216	3538944	10	6.0	4.898979485566356	10.0	0.0	10	4.0	4.898979485566356	10.0	0.0	-0.005187712211475177	-2.4191852234267492	0.2186821475397244	12.140999969647503	31.886999681130007
220	3604480	10	5.0	5.0	10.0	0.0	10	10.0	0.0	10.0	10.0	-0.0071596224459850935	-2.433005558694284	0.17588288148895634	12.289999969275001	26.208999737910005
224	3670016	10	2.0	4.0	10.0	0.0	10	6.3	5.21632054229799	13.0	0.0	-0.00736555645243219	-2.4435312124528257	0.18829150169989087	10.69549997326125	36.41799963582
228	3735552	10	4.0	4.898979485566356	10.0	0.0	10	6.0	4.898979485566356	10.0	0.0	-0.0066793751265337604	-2.470745133599563	0.15150124795398506	10.7469999731325	38.31199961688
232	3801088	10	3.0	4.58257569495584	10.0	0.0	10	5.0	5.0	10.0	0.0	-0.00855937408203894	-2.4559377627993384	0.1713876339117971	10.694999973262501	40.93399959066
236	3866624	10	3.0	4.58257569495584	10.0	0.0	10	5.0	5.0	10.0	0.0	-0.007802949009698121	-2.4207412473819323	0.17035684445650556	10.667999973330001	37.300999626990006
240	3932160	10	3.0	4.58257569495584	10.0	0.0	10	4.0	4.898979485566356	10.0	0.0	-0.00731997861217826	-2.38324134275327	0.16884752943284317	10.77449997306375	39.710999602890006
244	3997696	10	4.0	4.898979485566356	10.0	0.0	10	5.0	5.0	10.0	0.0	-0.007979570693126103	-2.4189225209219827	0.1965487474991782	11.088249972279375	30.297999697020003
248	4063232	10	4.0	4.898979485566356	10.0	0.0	10	5.3	5.367494760127856	13.0	0.0	-0.0073137056622990795	-2.404534612842268	0.1975440856173992	9.898999975252499	43.93999956060001
252	4128768	10	3.0	4.58257569495584	10.0	0.0	10	2.0	4.0	10.0	0.0	-0.007509935935079921	-2.435576081022234	0.1624510802625028	9.82849997542875	42.478999575210004
256	4194304	10	5.0	5.0	10.0	0.0	10	7.0	4.58257569495584	10.0	0.0	-0.007516070069389115	-2.467355144263584	0.13619535632254567	10.306249974234376	30.363999696360004
260	4259840	10	6.0	4.898979485566356	10.0	0.0	10	3.0	4.58257569495584	10.0	0.0	-0.006602506701932542	-2.462243641159748	0.16883083702789922	9.632499975918751	46.62099953379001
264	4325376	10	5.0	5.0	10.0	0.0	10	5.0	5.0	10.0	0.0	-0.007523975162080139	-2.406126186001002	0.19412289418120654	10.3189999742025	42.57299957427001
268	4390912	10	6.0	4.898979485566356	10.0	0.0	10	7.0	4.58257569495584	10.0	0.0	-0.008308625827686888	-2.3943413940558185	0.2068982074442557	10.399999974	35.274999647250006
272	4456448	10	3.0	4.58257569495584	10.0	0.0	10	3.0	4.58257569495584	10.0	0.0	-0.007645817598850928	-2.4471668971015967	0.18433869612656104	10.506749973733125	42.884999571150004
276	4521984	10	5.0	5.0	10.0	0.0	10	4.0	4.898979485566356	10.0	0.0	-0.005400915612621932	-2.3785846429572377	0.20433591055728376	10.4149999739625	42.29899957701001
280	4587520	10	5.0	5.0	10.0	0.0	10	3.0	4.58257569495584	10.0	0.0	-0.0065046299441034305	-2.3827048860491864	0.18845646702273577	10.413499973966251	43.14999956850001
284	4653056	10	5.0	5.0	10.0	0.0	10	5.3	4.775981574503821	10.0	0.0	-0.006464731604797857	-2.410159972555713	0.19983449048454147	10.3089999742275	42.948999570510004
288	4718592	10	5.0	5.0	10.0	0.0	10	3.0	4.58257569495584	10.0	0.0	-0.006288987375179543	-2.3953416270502705	0.221947794912236	10.819249972951875	40.494999595050004
292	4784128	10	4.0	4.898979485566356	10.0	0.0	10	4.0	4.898979485566356	10.0	0.0	-0.007156540760218992	-2.40041580274532	0.20019171757400867	10.505249973736875	45.20599954794001
296	4849664	10	6.3	5.21632054229799	13.0	0.0	10	4.0	4.898979485566356	10.0	0.0	-0.006881616879168327	-2.418052742626715	0.19394617727489596	9.587249976031874	23.061999769380005
300	4915200	10	4.0	4.898979485566356	10.0	0.0	10	5.0	5.0	10.0	0.0	-0.007097005832463002	-2.413601502524729	0.21071441391771534	12.183499969541248	35.86399964136
304	4980736	10	2.0	4.0	10.0	0.0	10	6.0	4.898979485566356	10.0	0.0	-0.007103205359441246	-2.444944927835096	0.17765706077230106	11.839999970400001	37.765999622340004
308	5046272	10	4.0	4.898979485566356	10.0	0.0	10	5.3	4.775981574503821	10.0	0.0	-0.006673057980062717	-2.417185524847646	0.20031896278038125	11.459749971350625	40.64199959358001
312	5111808	10	4.0	4.898979485566356	10.0	0.0	10	3.3	4.473253849269009	10.0	0.0	-0.006331878049066406	-2.4274109003399484	0.1917169343790879	10.800749972998126	39.41899960581
316	5177344	10	5.0	5.0	10.0	0.0	10	7.3	4.196427051671457	10.0	0.0	-0.00669815446893412	-2.44836898122556	0.13846274207766465	11.178249972054374	38.17899961821001
320	5242880	10	2.0	4.0	10.0	0.0	10	5.0	5.0	10.0	0.0	-0.0073433576561234195	-2.454801273586944	0.19188855485544007	10.761999973095001	34.74499965255
324	5308416	10	5.0	5.0	10.0	0.0	10	4.0	4.898979485566356	10.0	0.0	-0.006096219560854586	-2.4763942855003784	0.16402887039040556	11.614749970963127	38.810999611890004
328	5373952	10	2.0	4.0	10.0	0.0	10	6.0	4.898979485566356	10.0	0.0	-0.006262143659674724	-2.439334407194671	0.19081124389729598	11.089499972276249	39.540999604590006
332	5439488	10	3.3	5.1	13.0	0.0	10	4.0	4.898979485566356	10.0	0.0	-0.006740319392727555	-2.422128282235087	0.20118501306899308	11.25849997185375	28.797999712020005
336	5505024	10	4.3	4.73392015141785	10.0	0.0	10	4.0	4.898979485566356	10.0	0.0	-0.006887901847716825	-2.428445371235767	0.20218979409962778	12.26249996934375	30.392999696070007
340	5570560	10	2.3	4.648655719667784	13.0	0.0	10	6.0	4.898979485566356	10.0	0.0	-0.006582475974858206	-2.4332002274641	0.20315982259556367	12.761249968096875	32.55699967443001
344	5636096	10	5.0	5.0	10.0	0.0	10	3.0	4.58257569495584	10.0	0.0	-0.006820034915307483	-2.437002027774316	0.2392213262057958	12.76049996809875	29.076999709230005
348	5701632	10	4.0	4.898979485566356	10.0	0.0	10	4.0	4.898979485566356	10.0	0.0	-0.006523159117253168	-2.444096036000766	0.22257102480323288	12.54049996864875	17.743999822560003
352	5767168	10	7.0	4.58257569495584	10.0	0.0	10	7.0	4.58257569495584	10.0	0.0	-0.006661201115915666	-2.446658961220035	0.19671165553045597	12.585999968535	31.988999680110005
356	5832704	10	5.0	5.0	10.0	0.0	10	4.3	4.73392015141785	10.0	0.0	-0.0066456616434505626	-2.4237909687020847	0.21038146547644326	12.286499969283751	33.71999966280001
360	5898240	10	7.0	4.58257569495584	10.0	0.0	10	5.0	5.0	10.0	0.0	-0.006865546611043408	-2.409510870523596	0.22533979466321208	12.185999969535	33.47199966528001
364	5963776	10	4.0	4.898979485566356	10.0	0.0	10	5.0	5.0	10.0	0.0	-0.005374799367974517	-2.4156610392001263	0.20751651079405378	12.207999969480001	23.746999762530002
368	6029312	10	5.3	4.775981574503821	10.0	0.0	10	3.0	4.58257569495584	10.0	0.0	-0.006158979550759429	-2.434749650204875	0.2241475729348723	10.73649997315875	38.88999961110001
372	6094848	10	4.3	4.73392015141785	10.0	0.0	10	3.6	4.340506882842141	10.0	0.0	-0.005895681229950623	-2.4682128203324365	0.17741077422489437	10.679749973300625	38.20699961793001
376	6160384	10	2.0	4.0	10.0	0.0	10	5.0	5.0	10.0	0.0	-0.006265790460580043	-2.449640763047473	0.24792462662384232	11.215249971961876	29.905999700940004
380	6225920	10	5.0	5.0	10.0	0.0	10	5.3	5.367494760127857	13.0	0.0	-0.006519109080351594	-2.4243246935266165	0.25037951050822516	10.0369999749075	41.91699958083001
384	6291456	10	5.6	5.141984052872977	13.0	0.0	10	6.3	4.605431575867781	10.0	0.0	-0.006729776298527718	-2.3996966329697504	0.281109028466566	10.005999974985	42.570999574290006
388	6356992	10	5.0	5.0	10.0	0.0	10	5.6	5.141984052872977	13.0	0.0	-0.006555351534718768	-2.4590668303193133	0.19553205229167836	10.186999974532501	42.88199957118
392	6422528	10	2.0	4.0	10.0	0.0	10	5.0	5.0	10.0	0.0	-0.005144029299794215	-2.423206160213459	0.2500565387048122	10.756999973107503	35.68699964313
396	6488064	10	5.0	5.0	10.0	0.0	10	8.0	4.0	10.0	0.0	-0.0067956269575809945	-2.4472778660489958	0.18230702058686188	10.497249973756876	29.048999709510003
400	6553600	10	5.0	5.0	10.0	0.0	10	5.0	5.0	10.0	0.0	-0.006622041276606579	-2.452151472114397	0.23781506908753342	9.84749997538125	43.60799956392
404	6619136	10	3.0	4.58257569495584	10.0	0.0	10	3.0	4.58257569495584	10.0	0.0	-0.0060785596087684765	-2.4597783731838794	0.20439634718355285	10.0029999749925	42.93799957062001
408	6684672	10	3.6	4.983974317750846	13.0	0.0	10	7.0	4.58257569495584	10.0	0.0	-0.006837657533242417	-2.4667462927513744	0.20943312608628406	10.03449997491375	42.948999570510004
412	6750208	10	5.3	4.775981574503821	10.0	0.0	10	5.0	5.0	10.0	0.0	-0.006600730030711324	-2.4536361815956407	0.23038148474031958	9.8969999752575	25.215999747840005
416	6815744	10	6.3	5.21632054229799	13.0	0.0	10	8.0	4.0	10.0	0.0	-0.006310654565771885	-2.4241313161907705	0.2623657158613095	11.077749972305625	37.61499962385001
420	6881280	10	5.6	5.141984052872976	13.0	0.0	10	6.3	5.21632054229799	13.0	0.0	-0.006777886697112727	-2.43533903086646	0.1948463749713638	11.23849997190375	34.06499965935
424	6946816	10	3.0	4.58257569495584	10.0	0.0	10	5.3	4.775981574503821	10.0	0.0	-0.007958051145052993	-2.452963190518606	0.1985418497533166	11.443499971391251	31.061999689380006
428	7012352	10	3.0	4.58257569495584	10.0	0.0	10	3.0	4.58257569495584	10.0	0.0	-0.006697140361726536	-2.384663549313893	0.24146646320788104	12.155249969611877	33.53699966463
432	7077888	10	0.0	0.0	0.0	0.0	10	8.3	4.243819034784589	13.0	0.0	-0.006824082129137502	-2.338480554277492	0.24102635601508274	12.249249969376875	32.59199967408001
436	7143424	10	3.6	4.340506882842141	10.0	0.0	10	4.0	4.898979485566356	10.0	0.0	-0.006113246031691082	-2.374572723856576	0.22559399512419576	12.527249968681874	25.139999748600005
440	7208960	10	6.0	4.898979485566356	10.0	0.0	10	6.0	4.898979485566356	10.0	0.0	-0.007227759853630098	-2.3312738088325142	0.19500244763821611	12.32349996919125	22.662999773370004
444	7274496	10	2.0	4.0	10.0	0.0	10	5.0	5.0	10.0	0.0	-0.007364673162091857	-2.293875798344085	0.23555975917135652	10.73549997316125	36.99099963009001
448	7340032	10	7.0	4.58257569495584	10.0	0.0	10	10.3	0.9	13.0	10.0	-0.006946819341347718	-2.2963575445207054	0.2915239001631056	11.277749971805624	36.83799963162001
452	7405568	10	5.3	4.775981574503821	10.0	0.0	10	3.3	4.473253849269008	10.0	0.0	-0.006655400560009857	-2.37095768228311	0.22125012859880946	11.064499972338751	38.54899961451
456	7471104	10	4.6	4.5431266766402185	10.0	0.0	10	7.3	4.196427051671457	10.0	0.0	-0.007335484257503759	-2.326146619772996	0.24850204863790934	11.255249971861875	32.63899967361001
460	7536640	10	3.3	4.473253849269008	10.0	0.0	10	3.6	4.340506882842141	10.0	0.0	-0.006923301595822574	-2.318147991852884	0.22059234524331411	11.108249972229373	38.76699961233001
464	7602176	10	4.6	4.5431266766402185	10.0	0.0	10	6.3	5.21632054229799	13.0	0.0	-0.006338488001899687	-2.310633674023263	0.23541562086002515	11.766749970583126	36.77099963229001
468	7667712	10	5.0	5.0	10.0	0.0	10	4.9	4.323193264243457	10.0	0.0	-0.0070605559259923545	-2.2935894129271306	0.23376475458392298	11.648999970877501	37.41899962581
472	7733248	10	6.3	4.605431575867782	10.0	0.0	10	6.3	4.605431575867782	10.0	0.0	-0.0076379896216093295	-2.3322683644845523	0.23929948590065797	11.171749972070627	34.799999652000004
476	7798784	10	2.3	3.9509492530276824	10.0	0.0	10	7.6	4.476605857119878	13.0	0.0	-0.006019157539998508	-2.3177969006269783	0.24092553460323524	10.11199997472	41.68599958314001
480	7864320	10	4.9	4.968903299521938	13.0	0.0	10	6.3	4.605431575867781	10.0	0.0	-0.007179758966695787	-2.302356662609756	0.21289975504346273	10.455749973860625	42.973999570260005
484	7929856	10	5.0	5.0	10.0	0.0	10	4.3	4.73392015141785	10.0	0.0	-0.007087391732531247	-2.3043849540336603	0.2236348034891488	9.998249975004374	43.56099956439001
488	7995392	10	3.9	4.182104733265297	10.0	0.0	10	5.6	5.141984052872976	13.0	0.0	-0.005950344100091108	-2.34642710015571	0.26579804669159557	9.8569999753575	44.25199955748001
492	8060928	10	6.3	4.605431575867782	10.0	0.0	10	3.0	4.58257569495584	10.0	0.0	-0.00701137709426224	-2.29614680733207	0.23972741279116544	9.967499975081251	44.52199955478
496	8126464	10	5.3	4.775981574503821	10.0	0.0	10	4.0	4.898979485566356	10.0	0.0	-0.007291317424307248	-2.3268375990351173	0.20635406290514985	10.070749974823126	43.68199956318001
500	8192000	10	4.6	4.5431266766402185	10.0	0.0	10	5.3	4.775981574503821	10.0	0.0	-0.006525340861649937	-2.3258430756689283	0.21214638306722525	10.077249974806875	36.405999635940006
504	8257536	10	2.6	3.878143885933063	10.0	0.0	10	3.9	4.846648326421054	13.0	0.0	-0.007229681678993044	-2.3592349760260345	0.18864404478007973	9.811249975471876	46.4799995352
508	8323072	10	3.6	4.543126676640219	10.0	0.0	10	4.2	3.994996871087636	10.0	0.0	-0.007013545051931991	-2.3403899791385654	0.19539455873408554	9.565499976086251	45.874999541250006
512	8388608	10	1.6	3.0397368307141326	10.0	0.0	10	4.2	4.686149805543993	13.0	0.0	-0.006376288323678067	-2.356288457664773	0.1791120481801219	10.084749974788124	43.123999568760006
516	8454144	10	6.0	4.898979485566356	10.0	0.0	10	6.9	4.592385001282013	13.0	0.0	-0.006887209668891826	-2.358247918141603	0.18812475335997708	10.49199997377	39.922999600770005
520	8519680	10	3.0	4.58257569495584	10.0	0.0	10	6.0	4.898979485566356	10.0	0.0	-0.006368203592444206	-2.3510687348777775	0.23225604103942332	10.850749972873125	40.35799959642
524	8585216	10	6.3	4.605431575867782	10.0	0.0	10	7.0	4.58257569495584	10.0	0.0	-0.006711388779784096	-2.389608829964629	0.2035692604046605	10.518499973703749	34.38599965614001
528	8650752	10	4.3	5.330103188494571	13.0	0.0	10	1.3	3.034798181098703	10.0	0.0	-0.006947449068203202	-2.3520325196319534	0.2110225738116827	9.81849997545375	40.181999598180006
532	8716288	10	6.3	4.605431575867781	10.0	0.0	10	3.0	4.58257569495584	10.0	0.0	-0.007188840006932251	-2.3525322549078056	0.25449295494537993	9.638249975904374	36.12099963879001
536	8781824	10	5.9	4.2296571965113205	10.0	0.0	10	2.6	3.878143885933063	10.0	0.0	-0.007893459353996097	-2.333485106384075	0.22204949720001857	9.881999975295003	43.92299956077001
540	8847360	10	5.3	4.775981574503821	10.0	0.0	10	5.0	5.0	10.0	0.0	-0.006689770580639685	-2.375415098916411	0.2128865026336682	9.869249975326877	44.84199955158
544	8912896	10	4.3	4.73392015141785	10.0	0.0	10	6.6	4.923413450036469	13.0	0.0	-0.006664920718840206	-2.3539407151472282	0.24497545958117886	9.997249975006875	44.27099955729001
548	8978432	10	5.0	5.0	10.0	0.0	10	7.3	4.859012245302536	13.0	0.0	-0.007457344886593902	-2.4150696692335223	0.1725875285739977	10.117249974706874	35.5399996446
552	9043968	10	4.3	5.330103188494571	13.0	0.0	10	5.0	5.0	10.0	0.0	-0.007993924918159277	-2.4459530087744423	0.20643484714463722	9.459249976351874	44.70899955291001
556	9109504	10	5.3	4.775981574503821	10.0	0.0	10	3.3	4.473253849269008	10.0	0.0	-0.007172269100779166	-2.4344085601416565	0.17735835706209402	9.769749975575625	37.855999621440006
560	9175040	10	7.0	4.58257569495584	10.0	0.0	10	4.0	4.898979485566356	10.0	0.0	-0.007269597017360922	-2.40232805137644	0.1832534121934667	9.801749975495625	40.76999959230001
564	9240576	10	5.3	4.775981574503821	10.0	0.0	10	2.3	3.9509492530276824	10.0	0.0	-0.008138458813604801	-2.4082018780186587	0.20290621810341747	9.602249975994377	43.70499956295001
568	9306112	10	5.3	5.367494760127856	13.0	0.0	10	5.3	5.367494760127857	13.0	0.0	-0.007804043233687647	-2.4010640231254	0.2174603218607084	9.924249975189376	43.53699956463001
572	9371648	10	7.3	4.196427051671457	10.0	0.0	10	7.0	4.58257569495584	10.0	0.0	-0.007260724358125187	-2.3909710568679254	0.1850670480442239	10.359249974101875	32.497999675020004
576	9437184	10	2.3	3.9509492530276824	10.0	0.0	10	6.3	4.605431575867782	10.0	0.0	-0.007209725150921791	-2.381539252649026	0.21395622098452355	10.229999974425	37.09399962906001
580	9502720	10	5.3	4.775981574503821	10.0	0.0	10	5.3	4.775981574503821	10.0	0.0	-0.007557682449685428	-2.408846681065772	0.21973934751819435	10.279749974300625	39.24999960750001
584	9568256	10	2.3	3.9509492530276824	10.0	0.0	10	2.6	3.878143885933063	10.0	0.0	-0.00735548850615568	-2.423113954311528	0.1705565134196141	10.0329999749175	41.802999581970006
588	9633792	10	4.0	4.898979485566356	10.0	0.0	10	4.6	4.5431266766402185	10.0	0.0	-0.007093001786889503	-2.3954789636023994	0.17434244166485355	10.330499974173751	40.94699959053001
592	9699328	10	7.3	4.859012245302536	13.0	0.0	10	5.3	4.775981574503821	10.0	0.0	-0.007070582046426524	-2.3964886861530044	0.190282905454484	10.572249973569376	40.65199959348001
596	9764864	10	4.3	4.73392015141785	10.0	0.0	10	4.0	4.898979485566356	10.0	0.0	-0.006971879475896906	-2.344953658435855	0.2056598226946443	10.052249974869376	41.947999580520005
600	9830400	10	3.6	4.340506882842141	10.0	0.0	10	3.0	4.58257569495584	10.0	0.0	-0.008422392037605607	-2.361845855665547	0.1807712375308521	9.85049997537375	43.58099956419001
604	9895936	10	5.0	5.0	10.0	0.0	10	6.0	4.898979485566356	10.0	0.0	-0.006763783696344029	-2.357241540901686	0.1967477636827722	9.749249975626876	37.023999629760006
608	9961472	10	6.3	4.605431575867782	10.0	0.0	10	7.0	4.58257569495584	10.0	0.0	-0.006245221039793904	-2.3471953568397748	0.2080269406022497	10.57949997355125	11.038999889610002
612	10027008	10	5.0	5.0	10.0	0.0	10	6.6	4.923413450036469	13.0	0.0	-0.007672003733921858	-2.3921273820093942	0.23060163496143585	11.736999970657502	35.79399964206
616	10092544	10	2.9	3.7802116342871597	10.0	0.0	10	4.3	4.73392015141785	10.0	0.0	-0.007509128134012487	-2.368544677646597	0.16322288505274538	11.44249997139375	36.37699963623001
620	10158080	10	4.3	4.73392015141785	10.0	0.0	10	4.6	5.161395160225576	13.0	0.0	-0.0063609603523868494	-2.3569774327207136	0.20478930516208338	11.313999971715	34.54199965458001
624	10223616	10	3.0	4.58257569495584	10.0	0.0	10	9.0	3.0	10.0	0.0	-0.007574574385640334	-2.373831910144374	0.22401481585106287	11.367749971580626	36.85599963144001
628	10289152	10	3.0	4.58257569495584	10.0	0.0	10	8.3	3.4655446902326914	10.0	0.0	-0.007204908328738508	-2.4207258793176893	0.20895611166640057	11.657249970856874	42.48699957513001
632	10354688	10	4.0	4.898979485566356	10.0	0.0	10	9.6	2.3748684174075834	13.0	3.0	-0.006383674553279763	-2.4033656689007965	0.17712490747700343	10.35649997410875	41.21099958789001
636	10420224	10	5.3	4.775981574503821	10.0	0.0	10	2.0	4.0	10.0	0.0	-0.00764854206662736	-2.402259078868334	0.1982343755455947	10.468249973829376	36.73199963268001
640	10485760	10	3.3	4.473253849269008	10.0	0.0	10	1.6	3.0397368307141326	10.0	0.0	-0.007442901705702945	-2.388809993614271	0.2023811065381058	10.492749973768126	40.287999597120006
644	10551296	10	2.0	4.0	10.0	0.0	10	6.6	4.2708313008125245	10.0	0.0	-0.007067448694085409	-2.381363793959514	0.21413610407714664	10.4229999739425	42.61499957385001
648	10616832	10	3.0	4.58257569495584	10.0	0.0	10	7.3	4.859012245302536	13.0	0.0	-0.00550145877608572	-2.4045792567212	0.23587612572463013	10.073249974816875	41.89299958107001
652	10682368	10	4.3	4.73392015141785	10.0	0.0	10	3.0	4.58257569495584	10.0	0.0	-0.007950526872345477	-2.4319407167484286	0.14777514740527137	10.792249973019375	30.412999695870006
656	10747904	10	6.3	5.21632054229799	13.0	0.0	10	8.6	3.7202150475476548	13.0	0.0	-0.0080781763782168	-2.4025299720447024	0.18233478913357437	10.591249973521876	41.55499958445001
660	10813440	10	4.3	4.73392015141785	10.0	0.0	10	8.3	4.243819034784589	13.0	0.0	-0.007016264584183842	-2.418098427103404	0.2089433997341401	10.124499974688751	36.63599963364001
664	10878976	10	4.0	4.898979485566356	10.0	0.0	10	5.3	4.775981574503821	10.0	0.0	-0.007028776838701538	-2.4377313079877547	0.15204569804450555	10.767249973081876	30.298999697010004
668	10944512	10	1.3	3.034798181098703	10.0	0.0	10	4.3	5.330103188494571	13.0	0.0	-0.0070895730500718365	-2.4487120084397334	0.20556834982118963	11.144499972138751	31.787999682120006
672	11010048	10	5.3	4.775981574503821	10.0	0.0	10	7.2	5.617828762075256	16.0	0.0	-0.008122857052879228	-2.447230964644143	0.19871220595927389	11.724499970688749	36.49999963500001
676	11075584	10	2.3	3.9509492530276824	10.0	0.0	10	6.3	4.605431575867781	10.0	0.0	-0.006856566027528394	-2.4629983899411916	0.14405808076314072	11.5249999711875	37.42099962579
680	11141120	10	2.9	4.504442251822083	13.0	0.0	10	4.6	5.161395160225576	13.0	0.0	-0.007703262579329378	-2.4310882759542083	0.16042840184214496	11.537749971155627	37.34899962651
684	11206656	10	3.0	4.58257569495584	10.0	0.0	10	3.3	4.473253849269008	10.0	0.0	-0.006559800402024262	-2.473561318954456	0.13070473554734846	11.729749970675627	31.344999686550004
688	11272192	10	6.0	4.898979485566356	10.0	0.0	10	9.3	3.2264531609803355	13.0	0.0	-0.007638347746668382	-2.4135204104055203	0.15676928465173795	11.7569999706075	30.013999699860005
692	11337728	10	8.0	4.0	10.0	0.0	10	7.0	4.58257569495584	10.0	0.0	-0.007186346199138761	-2.420124654716483	0.15971894048353258	11.959749970100626	32.34499967655
696	11403264	10	6.0	4.898979485566356	10.0	0.0	10	7.0	4.58257569495584	10.0	0.0	-0.006959220097878287	-2.434686201060518	0.15538406587760328	11.85349997036625	34.46899965531001
700	11468800	10	3.3	4.473253849269008	10.0	0.0	10	6.0	4.898979485566356	10.0	0.0	-0.006795228676511875	-2.4472792940769432	0.17263868123357248	11.939999970150001	24.500999754990005
704	11534336	10	4.3	4.73392015141785	10.0	0.0	10	4.0	4.898979485566356	10.0	0.0	-0.00709358272359855	-2.4197879306934937	0.2048337013868209	11.821999970445	30.878999691210005
708	11599872	10	4.3	4.73392015141785	10.0	0.0	10	6.6	4.923413450036469	13.0	0.0	-0.00639908118252342	-2.3884306771055406	0.1963702870793979	10.550249973624375	30.282999697170006
712	11665408	10	4.3	4.73392015141785	10.0	0.0	10	6.0	4.898979485566356	10.0	0.0	-0.006552840220971259	-2.3889824646209648	0.20657536292159456	10.283249974291873	42.713999572860004
716	11730944	10	6.0	4.898979485566356	10.0	0.0	10	7.3	4.859012245302536	13.0	0.0	-0.0071128225140625395	-2.4299778861256423	0.1644412737634103	10.507499973731251	40.76799959232001
720	11796480	10	5.3	4.775981574503821	10.0	0.0	10	5.0	5.0	10.0	0.0	-0.006264134282854884	-2.44148357435464	0.18449312989851283	10.695749973260625	40.50399959496001
724	11862016	10	4.6	5.161395160225576	13.0	0.0	10	2.3	3.950949253027682	10.0	0.0	-0.0075229359734340015	-2.3603710132365396	0.21287734028218008	11.507749971230625	36.60199963398
728	11927552	10	4.9	4.968903299521938	13.0	0.0	10	5.3	4.775981574503821	10.0	0.0	-0.007628688505482933	-2.383430075893878	0.18886134057511533	11.09599997226	39.71199960288001
732	11993088	10	7.0	4.58257569495584	10.0	0.0	10	7.3	4.196427051671457	10.0	0.0	-0.0066177050884186645	-2.3605687665467223	0.19950650847611845	11.237749971905625	25.593999744060007
736	12058624	10	6.3	5.21632054229799	13.0	0.0	10	4.0	4.898979485566356	10.0	0.0	-0.007696706582572439	-2.350964858883106	0.22557857459544772	10.44849997387875	31.246999687530003
740	12124160	10	4.6	4.5431266766402185	10.0	0.0	10	8.0	4.0	10.0	0.0	-0.007737564383005941	-2.296055507917445	0.23128660517508567	10.359249974101875	41.06199958938
744	12189696	10	5.0	5.0	10.0	0.0	10	8.0	4.0	10.0	0.0	-0.007368614356730832	-2.357503359270888	0.1748453194559029	10.69049997327375	16.39499983605
748	12255232	10	4.0	4.898979485566356	10.0	0.0	10	7.3	4.196427051671457	10.0	0.0	-0.006212566236434631	-2.342710673565019	0.20479730483494743	10.91849997270375	41.74699958253001
752	12320768	10	2.0	4.0	10.0	0.0	10	6.9	3.8845849199110063	10.0	0.0	-0.00670688683921845	-2.2947221296622167	0.25072914654260786	10.77249997306875	42.11199957888001
756	12386304	10	7.3	4.196427051671457	10.0	0.0	10	6.6	4.923413450036469	13.0	0.0	-0.006642082739356373	-2.3019382082011544	0.2350810731826722	10.208249974479376	43.657999563420006
760	12451840	10	6.6	5.660388679233963	16.0	0.0	10	4.0	4.898979485566356	10.0	0.0	-0.007717995146882493	-2.3045396479550515	0.23228959457391765	9.88249997529375	18.583999814160002
764	12517376	10	4.3	4.73392015141785	10.0	0.0	10	2.0	4.0	10.0	0.0	-0.007243392056962326	-2.347075395041596	0.22869145557385678	12.46049996884875	26.17599973824
768	12582912	10	6.3	4.605431575867782	10.0	0.0	10	4.6	4.5431266766402185	10.0	0.0	-0.007864183689676757	-2.3766350992031806	0.2195368824918865	12.623749968440626	21.918999780810005
772	12648448	10	5.6	4.521061822182926	10.0	0.0	10	7.3	4.196427051671457	10.0	0.0	-0.00748479233923361	-2.3970583451277516	0.18299680092638868	12.674249968314374	26.506999734930005
776	12713984	10	2.9	4.011234224026316	10.0	0.0	10	7.0	4.58257569495584	10.0	0.0	-0.007490223874333841	-2.3737796939920295	0.217216400872641	11.944249970139374	31.245999687540003
780	12779520	10	3.6	4.340506882842141	10.0	0.0	10	5.0	5.0	10.0	0.0	-0.006592165189351043	-2.3850860096513284	0.24107342226403117	11.128999972177501	38.112999618870006
784	12845056	10	6.0	4.898979485566356	10.0	0.0	10	4.3	4.73392015141785	10.0	0.0	-0.007857272466117216	-2.3687457141792962	0.19154172435270286	11.700999970747501	26.70799973292
788	12910592	10	5.3	5.367494760127856	13.0	0.0	10	6.0	4.898979485566356	10.0	0.0	-0.006362513395838158	-2.369068994871363	0.1912599558121909	9.769999975575	33.95699966043001
792	12976128	10	5.3	4.775981574503821	10.0	0.0	10	2.9	3.7802116342871597	10.0	0.0	-0.007236552964821245	-2.3669557568945554	0.209512294248274	9.90349997524125	43.892999561070006
796	13041664	10	6.3	4.605431575867781	10.0	0.0	10	4.0	4.898979485566356	10.0	0.0	-0.007879322119846826	-2.3807106561962406	0.17474444550194015	10.239249974401876	42.75799957242001
800	13107200	10	5.0	5.0	10.0	0.0	10	5.3	4.775981574503821	10.0	0.0	-0.007500982820730217	-2.396956170348983	0.17431938615363962	10.17449997456375	34.19699965803001
804	13172736	10	4.0	4.898979485566356	10.0	0.0	10	5.0	5.0	10.0	0.0	-0.006219271629216586	-2.402531201390501	0.18926185476174398	10.163749974590624	34.77299965227001
808	13238272	10	5.0	5.0	10.0	0.0	10	7.0	4.58257569495584	10.0	0.0	-0.007507343756339498	-2.392307576784639	0.23779089001324355	10.540749973648124	31.548999684510004
812	13303808	10	4.0	4.898979485566356	10.0	0.0	10	4.0	4.898979485566356	10.0	0.0	-0.0071634766856546305	-2.412956277278049	0.1899624244732966	10.916249972709375	39.560999604390005
816	13369344	10	3.3	4.473253849269008	10.0	0.0	10	6.6	4.923413450036469	13.0	0.0	-0.007227577164035702	-2.410014611728282	0.19338416298389155	11.711249970721875	29.686999703130006
820	13434880	10	7.3	4.196427051671457	10.0	0.0	10	4.6	4.5431266766402185	10.0	0.0	-0.007096028949054568	-2.384456654141318	0.24547922034363906	12.274749969313124	25.629999743700004
824	13500416	10	7.0	4.58257569495584	10.0	0.0	10	6.9	4.592385001282013	13.0	0.0	-0.007663706193054401	-2.370743403585165	0.21439077609779386	12.70149996824625	33.396999666030005
828	13565952	10	6.0	4.898979485566356	10.0	0.0	10	7.3	4.196427051671457	10.0	0.0	-0.0067430256972884645	-2.375471365701073	0.22179178053065482	12.383499969041251	26.503999734960004
832	13631488	10	4.0	4.898979485566356	10.0	0.0	10	7.3	4.196427051671457	10.0	0.0	-0.007794191584653749	-2.3643739519040556	0.19817475087739017	12.773749968065625	34.869999651300006
836	13697024	10	7.0	4.58257569495584	10.0	0.0	10	5.6	5.695612346359257	13.0	0.0	-0.006873513651237553	-2.3730639937034903	0.1993961295991806	12.21949996945125	35.290999647090004
840	13762560	10	3.0	4.58257569495584	10.0	0.0	10	6.0	4.898979485566356	10.0	0.0	-0.007517842313190124	-2.3861367774504374	0.21584643677422588	12.064749969838125	32.57399967426
844	13828096	10	4.0	4.898979485566356	10.0	0.0	10	6.3	4.605431575867782	10.0	0.0	-0.00720860262103183	-2.374275482943693	0.19574205583095544	11.614749970963127	26.844999731550004
848	13893632	10	1.3	3.0347981810987035	10.0	0.0	10	7.0	4.58257569495584	10.0	0.0	-0.007957406418810889	-2.3510848951870904	0.2259745628648051	11.853749970365625	36.22499963775001
852	13959168	10	7.0	4.58257569495584	10.0	0.0	10	4.0	4.898979485566356	10.0	0.0	-0.007093500391287516	-2.3744823507974715	0.21361386300323004	12.110499969723751	24.951999750480006
856	14024704	10	1.3	3.034798181098703	10.0	0.0	10	2.9	3.7802116342871597	10.0	0.0	-0.00744400782103253	-2.3789795535311558	0.1783371855474263	12.03449996991375	28.469999715300002
860	14090240	10	5.0	5.0	10.0	0.0	10	5.9	4.437341546466758	10.0	0.0	-0.007624661026475279	-2.368161797276815	0.18158362190831162	11.84449997038875	34.44899965551
864	14155776	10	5.0	5.0	10.0	0.0	10	3.3	5.1	13.0	0.0	-0.006809160537056228	-2.3360401811749223	0.22050677982655978	11.966499970083753	37.53799962462
868	14221312	10	8.0	4.0	10.0	0.0	10	4.6	5.1613951602255765	13.0	0.0	-0.0073843520990409025	-2.3702073467289066	0.24088631443653624	11.550749971123127	28.528999714710004
872	14286848	10	6.0	4.898979485566356	10.0	0.0	10	4.6	4.737087712930804	10.0	0.0	-0.007889676867395223	-2.368092111996499	0.2046274154544306	11.80349997049125	26.669999733300006
876	14352384	10	4.3	4.73392015141785	10.0	0.0	10	8.3	3.4655446902326914	10.0	0.0	-0.007350971654727565	-2.384379247575978	0.2589291897332661	11.122749972193125	37.74099962259
880	14417920	10	5.0	5.0	10.0	0.0	10	5.0	5.0	10.0	0.0	-0.00778946020889136	-2.396759316075525	0.21320740286523457	11.200499971998749	38.86799961132001
884	14483456	10	5.0	5.0	10.0	0.0	10	5.6	5.141984052872977	13.0	0.0	-0.006992734257315325	-2.344182369365488	0.18395394100443624	10.756749973108125	42.85499957145
888	14548992	10	5.6	5.141984052872976	13.0	0.0	10	4.3	4.73392015141785	10.0	0.0	-0.007959322758101794	-2.37138977373773	0.18981124466480995	11.106249972234375	38.37099961629001
892	14614528	10	7.0	4.58257569495584	10.0	0.0	10	3.3	4.473253849269008	10.0	0.0	-0.008353023677388265	-2.3429574367943635	0.1928661032378937	11.781999970545	36.07099963929
896	14680064	10	5.6	4.521061822182927	10.0	0.0	10	4.6	4.5431266766402185	10.0	0.0	-0.007923755097871561	-2.3840341689686135	0.21014017019715428	12.025249969936876	34.550999654490006
900	14745600	10	6.3	4.605431575867781	10.0	0.0	10	6.6	4.2708313008125245	10.0	0.0	-0.00795210170365186	-2.3779336161918	0.1974290886998654	12.455249968861876	20.184999798150002
904	14811136	10	3.3	4.473253849269008	10.0	0.0	10	3.6	4.983974317750845	13.0	0.0	-0.007025157251090353	-2.3626233734212922	0.2173134429774811	11.096749972258126	39.473999605260005
908	14876672	10	6.2	4.6000000000000005	13.0	0.0	10	6.6	4.2708313008125245	10.0	0.0	-0.008023386213985208	-2.363846150291098	0.162301575282446	11.337249971656876	34.53499965465
912	14942208	10	6.0	4.898979485566356	10.0	0.0	10	4.3	4.73392015141785	10.0	0.0	-0.00699349727001301	-2.381679894775413	0.1913476813540466	11.02849997242875	31.832999681670003
916	15007744	10	4.0	4.898979485566356	10.0	0.0	10	7.2	4.214261501141095	13.0	0.0	-0.007577567239239933	-2.363304599873413	0.18657897581575886	10.536749973658127	32.57399967426
920	15073280	10	3.0	4.58257569495584	10.0	0.0	10	4.0	4.898979485566356	10.0	0.0	-0.007449612139510867	-2.3849680247405347	0.1706824775141752	11.4009999714975	34.1799996582
924	15138816	10	5.0	5.0	10.0	0.0	10	5.9	4.437341546466758	10.0	0.0	-0.006663089272997415	-2.394762056319804	0.14791484998240073	10.50549997373625	43.66999956330001
928	15204352	10	4.3	5.330103188494571	13.0	0.0	10	3.3	5.1	13.0	0.0	-0.006987262417047894	-2.430010452613428	0.1949404616016239	9.98799997503	41.58999958410001
932	15269888	10	6.0	4.898979485566356	10.0	0.0	10	4.0	4.898979485566356	10.0	0.0	-0.007274367889446556	-2.383467125147656	0.23281807139574212	9.816749975458125	43.25799956742001
936	15335424	10	4.6	5.161395160225576	13.0	0.0	10	5.6	4.521061822182926	10.0	0.0	-0.007819471911508192	-2.395885618774864	0.17503195355064824	10.16149997459625	43.64099956359001
940	15400960	10	4.0	4.898979485566356	10.0	0.0	10	4.6	5.161395160225576	13.0	0.0	-0.006937952733283399	-2.428684445465936	0.1629468900913137	10.18049997454875	45.56799954432
944	15466496	10	7.0	4.58257569495584	10.0	0.0	10	7.0	4.58257569495584	10.0	0.0	-0.007638501186913172	-2.40503272389155	0.14185297029788357	9.937749975155626	33.45399966546
948	15532032	10	3.6	4.983974317750845	13.0	0.0	10	6.0	4.898979485566356	10.0	0.0	-0.007485153470475816	-2.3930247597387164	0.18969342537421405	9.901499975246251	39.01999960980001
952	15597568	10	4.3	4.73392015141785	10.0	0.0	10	3.0	4.58257569495584	10.0	0.0	-0.007956102780634654	-2.3781171860800545	0.16669702334145262	10.18349997454125	43.03199956968
956	15663104	10	7.0	4.58257569495584	10.0	0.0	10	7.3	4.196427051671457	10.0	0.0	-0.007311099251785564	-2.331132222965919	0.16757365927527706	9.786749975533127	43.79799956202001
960	15728640	10	5.3	5.367494760127857	13.0	0.0	10	8.0	4.0	10.0	0.0	-0.007403936561318316	-2.354299237085515	0.1461452002640074	10.056249974859373	26.881999731180006
964	15794176	10	2.3	4.648655719667783	13.0	0.0	10	5.3	5.367494760127857	13.0	0.0	-0.008178678202114747	-2.375110337884179	0.1548450996472322	9.974249975064374	44.83099955169001
968	15859712	10	8.6	3.720215047547655	13.0	0.0	10	5.3	4.775981574503821	10.0	0.0	-0.007427861246302141	-2.40159501607038	0.12296211989867833	9.409999976475	43.524999564750004
972	15925248	10	5.0	5.0	10.0	0.0	10	8.3	4.243819034784589	13.0	0.0	-0.00798656308484346	-2.371516130617587	0.1690887636328933	9.85549997536125	40.77599959224001
976	15990784	10	7.0	4.58257569495584	10.0	0.0	10	6.0	4.898979485566356	10.0	0.0	-0.007048127942828396	-2.3556601030160893	0.15032110190936693	10.053499974866252	43.374999566250004
980	16056320	10	6.6	4.923413450036469	13.0	0.0	10	4.9	4.323193264243458	10.0	0.0	-0.006967192495602554	-2.3581800011324154	0.18131300254078003	9.986749975033126	39.11799960882001
984	16121856	10	2.6	3.8781438859330635	10.0	0.0	10	7.6	5.102940328869229	13.0	0.0	-0.00750717866243593	-2.3203720944689623	0.19324686003698566	9.906749975233126	43.229999567700006
988	16187392	10	5.0	5.0	10.0	0.0	10	8.9	3.9357337308308855	13.0	0.0	-0.007088935026199354	-2.3564686375388564	0.1727792823041556	10.15549997461125	26.019999739800003
992	16252928	10	6.9	4.592385001282013	13.0	0.0	10	7.0	4.58257569495584	10.0	0.0	-0.008008893629342057	-2.359102874748538	0.18235299175568312	11.48449997128875	27.153999728460004
996	16318464	10	7.3	4.196427051671457	10.0	0.0	10	5.6	5.141984052872976	13.0	0.0	-0.007243390267076753	-2.3690530282771456	0.18942041545685412	11.287749971780626	39.33699960663001
1000	16384000	10	6.6	4.2708313008125245	10.0	0.0	10	3.3	4.473253849269008	10.0	0.0	-0.007672088976615938	-2.3546371904543024	0.18249289154036763	10.975999972559999	39.113999608860006
1004	16449536	10	6.3	4.605431575867782	10.0	0.0	10	7.3	4.196427051671457	10.0	0.0	-0.008016450118777226	-2.3789390273397664	0.19735754938913438	11.101999972245	37.21499962785001
1008	16515072	10	5.9	4.887739763939975	13.0	0.0	10	4.6	5.161395160225576	13.0	0.0	-0.007555735876365321	-2.3264798345725244	0.18906681253157545	11.846249970384374	31.217999687820004
1012	16580608	10	4.6	5.1613951602255765	13.0	0.0	10	8.0	4.0	10.0	0.0	-0.006772760514550978	-2.3558510365615	0.18970686071128426	11.416249971459376	22.062999779370003
1016	16646144	10	6.3	5.21632054229799	13.0	0.0	10	2.6	4.1036569057366385	10.0	0.0	-0.008059646184007677	-2.302510636308356	0.18881080390781338	11.686999970782502	22.656999773430005
1020	16711680	10	5.0	5.0	10.0	0.0	10	6.9	5.204805471869242	13.0	0.0	-0.007315360124110903	-2.3397767342673306	0.1568688592554888	12.254249969364373	35.43299964567001
1024	16777216	10	4.0	4.898979485566356	10.0	0.0	10	7.9	4.036087214122113	13.0	0.0	-0.006426719300419728	-2.3503486238455253	0.16781289904803387	12.297749969255626	18.2199998178
1028	16842752	10	5.6	5.141984052872976	13.0	0.0	10	9.6	2.3748684174075834	13.0	3.0	-0.0073030784786444446	-2.3518731243942064	0.21070416005616988	12.801749967995626	22.689999773100006
1032	16908288	10	4.0	4.898979485566356	10.0	0.0	10	4.9	4.323193264243458	10.0	0.0	-0.007882235158616727	-2.3666209278025643	0.2007697533296523	12.000249969999375	36.125999638740005
1036	16973824	10	3.6	4.340506882842142	10.0	0.0	10	6.6	4.2708313008125245	10.0	0.0	-0.0070757935674824616	-2.3762790384400176	0.18673703150120297	11.855999970360001	30.067999699320005
1040	17039360	10	5.6	4.521061822182927	10.0	0.0	10	3.9	4.182104733265296	10.0	0.0	-0.007836390458065409	-2.3286554413595026	0.19030625852326047	11.982749970043127	34.51899965481
1044	17104896	10	2.9	4.011234224026316	10.0	0.0	10	6.3	4.605431575867782	10.0	0.0	-0.0073786156734254975	-2.3506422710950345	0.1928058858604807	12.469749968825626	33.03499966965
1048	17170432	10	3.6	4.340506882842141	10.0	0.0	10	6.0	4.898979485566356	10.0	0.0	-0.008457249303650953	-2.4083949622983347	0.15359176911055517	12.6949999682625	25.147999748520004
1052	17235968	10	4.9	4.323193264243458	10.0	0.0	10	8.3	4.243819034784589	13.0	0.0	-0.006531571675245919	-2.404310236124088	0.17869310451672737	11.3609999715975	33.03499966965
1056	17301504	10	5.6	4.521061822182927	10.0	0.0	10	4.3	4.73392015141785	10.0	0.0	-0.007739301988398072	-2.3491019604143286	0.19083988835288979	11.521499971196251	26.225999737740004
1060	17367040	10	2.6	4.1036569057366385	10.0	0.0	10	6.3	4.605431575867781	10.0	0.0	-0.008245557024313059	-2.3531398572060023	0.1952111325023379	9.778249975554376	30.144999698550006
1064	17432576	10	5.0	5.0	10.0	0.0	10	5.0	5.0	10.0	0.0	-0.007848108952901205	-2.3485484468477336	0.19052164751293493	10.20799997448	42.05399957946001
1068	17498112	10	4.0	4.898979485566356	10.0	0.0	10	6.0	4.898979485566356	10.0	0.0	-0.008309204301484284	-2.373490869751693	0.13596820868687598	10.075749974810627	39.92999960070001
1072	17563648	10	2.3	4.648655719667783	13.0	0.0	10	9.6	1.2	10.0	6.0	-0.00854232649273547	-2.369106225422602	0.19149406159164545	9.726999975682501	44.56199955438
1076	17629184	10	7.3	4.196427051671457	10.0	0.0	10	8.0	4.0	10.0	0.0	-0.007266017884074067	-2.3062773866039206	0.23036297159974245	9.81449997546375	27.559999724400004
1080	17694720	10	5.3	4.775981574503821	10.0	0.0	10	7.0	4.58257569495584	10.0	0.0	-0.007934913300315379	-2.3188399918445466	0.1763820317390114	10.804499972988749	34.2599996574
1084	17760256	10	4.0	4.898979485566356	10.0	0.0	10	7.9	4.036087214122113	13.0	0.0	-0.00789837812447214	-2.3381950927325312	0.20244394659749884	10.07549997481125	43.90499956095001
1088	17825792	10	1.6	3.0397368307141326	10.0	0.0	10	8.8	3.994996871087636	13.0	3.0	-0.008106107000523104	-2.348139978700657	0.1930165107471354	10.390749974023127	31.517999684820005
1092	17891328	10	3.3	4.473253849269008	10.0	0.0	10	3.6	4.983974317750845	13.0	0.0	-0.008313188592832864	-2.315326437112908	0.13553938741625612	11.032249972419375	36.36699963633
1096	17956864	10	5.2	4.749736834815167	13.0	0.0	10	7.6	3.7469987990390385	10.0	0.0	-0.008181078310126093	-2.3549073783090413	0.17123886847947467	10.85599997286	37.555999624440005
1100	18022400	10	9.3	3.2264531609803355	13.0	0.0	10	6.0	4.898979485566356	10.0	0.0	-0.0075163918898449944	-2.3671246690072505	0.18117529710730154	10.273999974315002	37.78499962215
1104	18087936	10	6.6	4.923413450036469	13.0	0.0	10	5.3	5.367494760127856	13.0	0.0	-0.00721054437039204	-2.307343172289985	0.21241807376615834	10.3369999741575	34.78999965210001
1108	18153472	10	7.3	4.196427051671457	10.0	0.0	10	6.5	4.4777226354476225	13.0	0.0	-0.008349583061357135	-2.359308267387359	0.23661315423144827	10.37349997406625	42.32399957676
1112	18219008	10	4.3	4.73392015141785	10.0	0.0	10	5.2	4.749736834815167	13.0	0.0	-0.008079154338466961	-2.410396578160178	0.17140803608499622	10.536249973659375	45.24499954755
1116	18284544	10	5.9	4.887739763939975	13.0	0.0	10	6.6	5.499090833947008	13.0	0.0	-0.00843327837025522	-2.3432292588097794	0.1951307317349206	9.809999975475	46.31099953689001
1120	18350080	10	6.3	4.605431575867782	10.0	0.0	10	6.6	4.476605857119878	10.0	0.0	-0.007564547419982421	-2.3826774281761627	0.15102978103462691	9.93949997515125	34.180999658190004
1124	18415616	10	3.9	4.846648326421054	13.0	0.0	10	5.9	4.887739763939975	13.0	0.0	-0.006923619181671123	-2.3680001047767174	0.1829590675385697	9.72949997567625	47.60899952391001
1128	18481152	10	4.3	4.73392015141785	10.0	0.0	10	6.3	5.21632054229799	13.0	0.0	-0.008500263312295323	-2.4008751235884924	0.14274776593536814	9.757249975606877	26.531999734680003
1132	18546688	10	5.6	5.695612346359257	13.0	0.0	10	5.9	5.4671747731346585	13.0	0.0	-0.00833680065174591	-2.3852572637298577	0.15684976000257145	10.362249974094375	33.96199966038001
1136	18612224	10	4.0	4.898979485566356	10.0	0.0	10	6.3	4.605431575867781	10.0	0.0	-0.007768451118963875	-2.394264233359638	0.135848552052061	11.31649997170875	31.248999687510004
1140	18677760	10	3.3	5.1	13.0	0.0	10	4.3	4.73392015141785	10.0	0.0	-0.008876434337238023	-2.4085018607452016	0.1813440693663902	11.30949997172625	25.941999740580005
1144	18743296	10	3.0	4.58257569495584	10.0	0.0	10	6.0	4.898979485566356	10.0	0.0	-0.009150553521629837	-2.3659258085011587	0.15363012167266576	12.036249969909376	28.318999716810005
1148	18808832	10	6.3	4.605431575867782	10.0	0.0	10	5.0	5.0	10.0	0.0	-0.006814441900029298	-2.4083736163849268	0.1801708269055761	12.382249969044373	35.94799964052
1152	18874368	10	7.0	4.58257569495584	10.0	0.0	10	5.3	4.775981574503821	10.0	0.0	-0.007890199933562735	-2.401020044831668	0.1522220906953398	11.389999971524999	39.10499960895
1156	18939904	10	4.0	4.898979485566356	10.0	0.0	10	6.6	4.2708313008125245	10.0	0.0	-0.007230574793088815	-2.3954106492289133	0.16710612509832048	10.943749972640624	26.597999734020004
1160	19005440	10	9.3	3.2264531609803355	13.0	0.0	10	7.3	4.196427051671457	10.0	0.0	-0.007736826348670743	-2.3905559279017963	0.18369151137718412	11.599999971	23.581999764180004
1164	19070976	10	5.6	5.141984052872976	13.0	0.0	10	8.6	4.454211490264018	13.0	0.0	-0.009054831351898362	-2.3515301567846776	0.18559217645095213	12.27549996931125	24.200999757990004
1168	19136512	10	5.3	5.367494760127857	13.0	0.0	10	8.9	3.9357337308308855	13.0	0.0	-0.008272044968531114	-2.3356269372056837	0.17121099554702363	12.451999968870002	28.228999717710003
1172	19202048	10	4.3	4.73392015141785	10.0	0.0	10	7.0	4.58257569495584	10.0	0.0	-0.0076918281427294476	-2.3874765160179683	0.17727384279808547	12.237749969405625	21.854999781450005
1176	19267584	10	2.3	3.9509492530276824	10.0	0.0	10	9.3	2.1	10.0	3.0	-0.007581520878191746	-2.356894373648228	0.19226539932361691	10.841999972895001	28.471999715280006
1180	19333120	10	7.2	3.682390527904394	10.0	0.0	10	9.6	2.3748684174075834	13.0	3.0	-0.008061952141127504	-2.356602380427611	0.19021361489971939	9.95349997511625	45.18799954812001
1184	19398656	10	3.6	4.983974317750845	13.0	0.0	10	6.3	5.21632054229799	13.0	0.0	-0.007184187159367724	-2.3381406091201584	0.2049694345119172	9.43599997641	40.24999959750001
1188	19464192	10	4.6	4.737087712930805	10.0	0.0	10	5.9	4.2296571965113205	10.0	0.0	-0.008416231827476986	-2.350863424195343	0.16443032086666248	10.056249974859375	40.925999590740005
1192	19529728	10	4.0	4.898979485566356	10.0	0.0	10	7.0	4.58257569495584	10.0	0.0	-0.007847684092758923	-2.305355943499273	0.207330311006069	10.80649997298375	32.1199996788
1196	19595264	10	5.3	4.775981574503821	10.0	0.0	10	5.3	4.775981574503821	10.0	0.0	-0.007235199389322589	-2.332807217792061	0.207229420676351	9.8009999754975	31.903999680960005
1200	19660800	10	7.6	4.476605857119878	13.0	0.0	10	1.2	1.9899748742132397	6.0	0.0	-0.008419309724894491	-2.32986195112834	0.163123458218843	9.94349997514125	37.018999629810004
1204	19726336	10	5.0	5.0	10.0	0.0	10	7.6	3.7469987990390385	10.0	0.0	-0.006863718698890698	-2.331929708277662	0.21469848073024275	9.985749975035624	39.642999603570004
1208	19791872	10	6.3	4.605431575867781	10.0	0.0	10	8.6	4.454211490264018	13.0	0.0	-0.006981412957005645	-2.3494017990963134	0.19076363872301774	10.0529999748675	42.89799957102001
1212	19857408	10	4.5	4.5	13.0	0.0	10	4.3	5.330103188494572	13.0	0.0	-0.007358448666452403	-2.379104618977043	0.19219040573745705	10.271749974320626	42.56599957434001
1216	19922944	10	5.6	5.141984052872976	13.0	0.0	10	8.9	3.9357337308308855	13.0	0.0	-0.007017121926034007	-2.343292069687732	0.2232958709898946	9.908249975229374	36.30699963693001
1220	19988480	10	6.3	5.21632054229799	13.0	0.0	10	6.3	5.21632054229799	13.0	0.0	-0.007457723221837885	-2.3563321677376035	0.24890894874821104	9.506749976233126	41.91399958086001
1224	20054016	10	7.0	4.58257569495584	10.0	0.0	10	8.3	3.4655446902326914	10.0	0.0	-0.008655209692438224	-2.325101755317246	0.22610924747590294	10.526749973683126	36.33299963667
1228	20119552	10	5.0	5.0	10.0	0.0	10	7.0	4.58257569495584	10.0	0.0	-0.007401788361511463	-2.305991348880727	0.20082954687768367	9.92749997518125	41.85899958141001
1232	20185088	10	5.6	4.521061822182927	10.0	0.0	10	5.6	4.521061822182927	10.0	0.0	-0.008118721282156434	-2.341287071262298	0.22946735624317188	10.237499974406251	42.30199957698001
1236	20250624	10	5.9	4.437341546466758	10.0	0.0	10	6.3	4.605431575867782	10.0	0.0	-0.0069538550516913865	-2.3553705088824244	0.2052035531746674	10.94649997263375	30.148999698510007
1240	20316160	10	5.3	4.775981574503821	10.0	0.0	10	7.0	4.58257569495584	10.0	0.0	-0.00715351877125979	-2.3783823845293206	0.18712559045516297	10.096499974758752	32.475999675240004
1244	20381696	10	2.3	3.9509492530276824	10.0	0.0	10	2.9	3.7802116342871597	10.0	0.0	-0.007233629082449182	-2.387368427961733	0.21138825746534698	9.183249977041875	47.26699952733001
1248	20447232	10	3.3	5.1	13.0	0.0	10	9.3	2.1	10.0	3.0	-0.008150373460981897	-2.4125513953437663	0.18349606611717148	9.333499976666252	34.78999965210001
1252	20512768	10	7.3	4.859012245302536	13.0	0.0	10	4.9	4.968903299521938	13.0	0.0	-0.007631897106990345	-2.380109814058172	0.20802845446709456	9.157249977106874	45.231999547680005
1256	20578304	10	6.9	3.8845849199110063	10.0	0.0	10	3.3	4.473253849269008	10.0	0.0	-0.007503898136874849	-2.391349797198423	0.18856409236687183	9.538999976152502	30.399999696000002
1260	20643840	10	4.6	4.5431266766402185	10.0	0.0	10	6.0	4.898979485566356	10.0	0.0	-0.008021958455248045	-2.3434055494807917	0.18050893456347014	10.52149997369625	31.037999689620005
1264	20709376	10	5.3	4.775981574503821	10.0	0.0	10	7.3	4.196427051671457	10.0	0.0	-0.007398957422221955	-2.3816547043624174	0.174814622054914	11.065749972335626	44.165999558340005
1268	20774912	10	3.3	4.473253849269008	10.0	0.0	10	6.6	4.923413450036469	13.0	0.0	-0.007676735899125649	-2.396217698602615	0.1809411275322506	9.575749976060624	41.83799958162001
1272	20840448	10	5.6	4.521061822182927	10.0	0.0	10	5.6	5.141984052872977	13.0	0.0	-0.008332832553041	-2.3890587709839033	0.17340430048971597	10.111749974720626	46.48399953516001
1276	20905984	10	8.0	4.0	10.0	0.0	10	8.3	4.243819034784589	13.0	0.0	-0.008656983874069277	-2.339760288352428	0.23924150206760933	9.453749976365627	21.400999785990003
1280	20971520	10	4.3	4.73392015141785	10.0	0.0	10	4.3	4.73392015141785	10.0	0.0	-0.007365310829442417	-2.357591276121923	0.18760937256336482	11.750999970622502	23.375999766240007
1284	21037056	10	5.3	5.367494760127857	13.0	0.0	10	6.9	4.592385001282014	13.0	0.0	-0.007518362724845765	-2.3730663133175827	0.1896744207281482	12.204999969487503	24.281999757180003
1288	21102592	10	3.5	3.7483329627982624	10.0	0.0	10	5.9	4.887739763939975	13.0	0.0	-0.00805586825215627	-2.3546005137295545	0.19950570567605921	12.338999969152502	31.830999681690006
1292	21168128	10	7.2	5.617828762075256	16.0	0.0	10	8.3	3.4655446902326914	10.0	0.0	-0.00855261541105736	-2.3035615655367114	0.25657570607771085	12.361749969095627	27.669999723300005
1296	21233664	10	5.6	4.521061822182926	10.0	0.0	10	6.3	5.21632054229799	13.0	0.0	-0.008686596131463772	-2.3140255756749277	0.19299661373882276	12.662249968344376	36.256999637430006
1300	21299200	10	3.9	4.846648326421054	13.0	0.0	10	4.9	4.323193264243457	10.0	0.0	-0.008612294614989526	-2.33944970096617	0.1830599449073819	12.0399999699	35.036999649630005
1304	21364736	10	2.9	4.504442251822083	13.0	0.0	10	5.3	4.775981574503821	10.0	0.0	-0.008498835049091765	-2.3060519668044575	0.17137488953846697	11.9409999701475	34.506999654930006
1308	21430272	10	3.3	4.473253849269008	10.0	0.0	10	7.0	4.58257569495584	10.0	0.0	-0.008475300557950172	-2.3597849182809973	0.15066099514546696	12.270249969324375	35.53899964461001
1312	21495808	10	3.6	4.340506882842141	10.0	0.0	10	2.6	3.8781438859330635	10.0	0.0	-0.0077302622561982995	-2.3637932064653815	0.13916831066313598	11.627749970930626	35.69299964307
1316	21561344	10	6.0	4.898979485566356	10.0	0.0	10	6.0	4.898979485566356	10.0	0.0	-0.008596586769589288	-2.344629712158588	0.1878598851421738	11.79199997052	31.588999684110004
1320	21626880	10	2.0	4.0	10.0	0.0	10	6.3	5.21632054229799	13.0	0.0	-0.007947307620048779	-2.3263820953727374	0.21038503445976925	11.64349997089125	39.69799960302001
1324	21692416	10	7.0	4.58257569495584	10.0	0.0	10	7.3	4.859012245302536	13.0	0.0	-0.006595478930871289	-2.3042197622442093	0.19796696287690763	10.977749972555626	41.627999583720005
1328	21757952	10	7.0	4.58257569495584	10.0	0.0	10	5.6	5.695612346359257	13.0	0.0	-0.0075988568597765	-2.292292157570159	0.21676976898910605	10.96849997257875	15.462999845370001
1332	21823488	10	4.3	4.73392015141785	10.0	0.0	10	4.3	4.73392015141785	10.0	0.0	-0.008607637837195228	-2.335447221751124	0.19060490596606197	12.237999969405001	19.279999807200003
1336	21889024	10	6.3	5.21632054229799	13.0	0.0	10	4.9	4.323193264243458	10.0	0.0	-0.007919646313675557	-2.3029271709506913	0.1765621785511435	11.670499970823752	38.69999961300001
1340	21954560	10	5.6	4.521061822182927	10.0	0.0	10	6.3	4.605431575867781	10.0	0.0	-0.007172623524801112	-2.340826255335953	0.2162533866326751	11.732249970669374	36.129999638700006
1344	22020096	10	5.6	5.141984052872976	13.0	0.0	10	7.0	4.58257569495584	10.0	0.0	-0.00790438043540661	-2.3395600390977456	0.20389812585015565	12.720249968199376	29.738999702610005
1348	22085632	10	5.6	5.141984052872977	13.0	0.0	10	8.0	4.0	10.0	0.0	-0.007889703975187972	-2.378349137555174	0.21797327353521567	12.462999968842501	24.867999751320003
1352	22151168	10	6.3	4.605431575867782	10.0	0.0	10	7.3	4.196427051671457	10.0	0.0	-0.007687626556119403	-2.345311807845112	0.22870264727723477	11.366249971584374	35.761999642380005
1356	22216704	10	5.3	5.367494760127857	13.0	0.0	10	8.0	4.0	10.0	0.0	-0.007976476349619073	-2.34605132515629	0.18761221806427084	11.536749971158125	35.73299964267
1360	22282240	10	5.6	5.141984052872977	13.0	0.0	10	8.3	3.4655446902326914	10.0	0.0	-0.007480045934980769	-2.3660999186355833	0.18838915902090167	11.228999971927502	39.92899960071001
1364	22347776	10	6.2	4.6000000000000005	13.0	0.0	10	7.3	4.196427051671457	10.0	0.0	-0.007634805453980243	-2.3330042955829366	0.2280767555110995	11.366499971583753	13.517999864820004
1368	22413312	10	6.9	4.592385001282014	13.0	0.0	10	9.3	2.1	10.0	3.0	-0.007500287457461102	-2.364110020053491	0.20283548345539087	10.3809999740475	43.614999563850006
1372	22478848	10	6.0	4.898979485566356	10.0	0.0	10	9.0	3.0	10.0	0.0	-0.007667484901007953	-2.344217993074845	0.22253426495794512	10.63649997340875	31.317999686820006
1376	22544384	10	5.3	5.367494760127856	13.0	0.0	10	6.6	4.923413450036469	13.0	0.0	-0.008036277847846806	-2.3757632372288735	0.18602509608417137	9.886749975283125	31.282999687170005
1380	22609920	10	2.3	3.9509492530276824	10.0	0.0	10	7.3	4.196427051671457	10.0	0.0	-0.008162788141270019	-2.2652769359573406	0.20028027082880245	9.470749976323125	45.13599954864001
1384	22675456	10	6.9	4.592385001282014	13.0	0.0	10	7.6	4.476605857119878	13.0	0.0	-0.00724293333451331	-2.3388664397147814	0.20903639726025952	9.654249975864376	26.352999736470007
1388	22740992	10	4.3	4.73392015141785	10.0	0.0	10	7.6	3.7469987990390385	10.0	0.0	-0.008040795502055578	-2.3936910055567853	0.13084350773322587	10.64449997338875	39.434999605650006
1392	22806528	10	7.6	3.7469987990390385	10.0	0.0	10	8.3	4.243819034784589	13.0	0.0	-0.007628007805693728	-2.339828721935204	0.18758820228187237	10.622749973443126	44.55899955441001
1396	22872064	10	5.6	4.521061822182926	10.0	0.0	10	7.3	4.196427051671457	10.0	0.0	-0.008592128456878153	-2.300088686008074	0.19276047682244338	10.026749974933125	45.85699954143001
1400	22937600	10	6.3	4.605431575867782	10.0	0.0	10	6.3	4.605431575867781	10.0	0.0	-0.007567149929369996	-2.31138271565997	0.21651965827598796	9.611499975971249	22.631999773680004
1404	23003136	10	2.6	3.8781438859330635	10.0	0.0	10	6.6	4.923413450036469	13.0	0.0	-0.00746573614422074	-2.324596186236787	0.21523039335626507	10.437999973905	39.73499960265001
1408	23068672	10	6.3	5.21632054229799	13.0	0.0	10	5.9	5.4671747731346585	13.0	0.0	-0.0076344149242313	-2.3962103523301472	0.14183297208585116	10.747249973131876	39.63999960360001
1412	23134208	10	7.0	4.58257569495584	10.0	0.0	10	4.6	5.1613951602255765	13.0	0.0	-0.00767275029567938	-2.3710109017803087	0.16913580590028546	10.310749974223125	19.661999803380002
1416	23199744	10	9.3	2.1	10.0	3.0	10	7.0	4.58257569495584	10.0	0.0	-0.007256570849830392	-2.3368866987575685	0.18593526878009564	11.722749970693126	22.275999777240003
1420	23265280	10	5.9	4.887739763939975	13.0	0.0	10	5.9	4.2296571965113205	10.0	0.0	-0.008032262643379647	-2.3173033269812793	0.17466895272688032	12.141999969645	34.55399965446001
1424	23330816	10	4.3	4.73392015141785	10.0	0.0	10	8.0	4.0	10.0	0.0	-0.007391893665487006	-2.333363393699456	0.21353436414411592	12.0669999698325	25.525999744740005
1428	23396352	10	6.3	4.605431575867782	10.0	0.0	10	8.6	3.7202150475476548	13.0	0.0	-0.00784689491086702	-2.3562463271150285	0.15469212455926273	11.231249971921873	18.40899981591
1432	23461888	10	4.9	4.968903299521937	13.0	0.0	10	8.6	3.720215047547655	13.0	0.0	-0.007813565133897185	-2.339813239628725	0.18868216916815958	10.5289999736775	33.95899966041001
1436	23527424	10	3.9	4.846648326421054	13.0	0.0	10	5.6	4.521061822182927	10.0	0.0	-0.007031898534958557	-2.3516109806829846	0.1971779020763431	10.699749973250626	32.23499967765
1440	23592960	10	3.6	4.340506882842141	10.0	0.0	10	7.0	4.58257569495584	10.0	0.0	-0.007406432454886322	-2.356024843705647	0.1889326545833935	10.71649997320875	24.077999759220003
1444	23658496	10	5.2	4.749736834815167	13.0	0.0	10	5.2	4.749736834815167	13.0	0.0	-0.008867132532320974	-2.328320185100891	0.18849709441784485	11.118249972204374	40.72099959279
1448	23724032	10	6.0	4.898979485566356	10.0	0.0	10	7.0	4.58257569495584	10.0	0.0	-0.008699090808480534	-2.3383312694776137	0.14188223703217762	11.056249972359376	38.619999613800005
1452	23789568	10	4.2	5.287721626560915	13.0	0.0	10	5.6	5.141984052872976	13.0	0.0	-0.008020091218969754	-2.3242526002290687	0.1915085921640633	11.104749972238125	37.85799962142001
1456	23855104	10	6.9	3.8845849199110063	10.0	0.0	10	7.9	4.72122865364515	13.0	0.0	-0.00768798619093966	-2.3327927139951674	0.19182323297660636	11.13149997217125	33.85599966144001
1460	23920640	10	7.6	5.102940328869229	13.0	0.0	10	7.6	5.10294032886923	13.0	0.0	-0.008236730242415396	-2.337632983679455	0.2002330757468979	10.4869999737825	37.365999626340006
1464	23986176	10	8.6	3.720215047547655	13.0	0.0	10	9.3	3.2264531609803355	13.0	0.0	-0.007862004035905142	-2.36844673231408	0.17163561888113885	10.5089999737275	25.636999743630003
1468	24051712	10	4.2	4.686149805543993	13.0	0.0	10	6.6	4.2708313008125245	10.0	0.0	-0.007674905247574898	-2.374053741247517	0.1515807143720295	9.980749975048125	45.57799954422001
1472	24117248	10	6.0	4.898979485566356	10.0	0.0	10	7.3	4.196427051671457	10.0	0.0	-0.007344875173499021	-2.368025180947477	0.19072807252282967	10.212999974467499	34.13699965863
1476	24182784	10	4.3	4.73392015141785	10.0	0.0	10	8.3	4.243819034784589	13.0	0.0	-0.008912403140414037	-2.3601020373429114	0.159156935893805	10.569499973576251	42.033999579660005
1480	24248320	10	6.3	4.605431575867781	10.0	0.0	10	9.3	3.2264531609803355	13.0	0.0	-0.008330766061025487	-2.3780978865927835	0.1435195215983449	10.545749973635624	22.634999773650005
1484	24313856	10	3.3	4.473253849269008	10.0	0.0	10	6.6	4.923413450036469	13.0	0.0	-0.007330269675694986	-2.3489608936048483	0.1954818914130352	10.006749974983126	35.32899964671001
1488	24379392	10	5.6	5.141984052872976	13.0	0.0	10	9.3	2.1	10.0	3.0	-0.008097963118179164	-2.3531727614534415	0.1848927497050291	9.88649997528375	43.26399956736001
1492	24444928	10	5.3	4.775981574503821	10.0	0.0	10	5.6	5.695612346359257	13.0	0.0	-0.007807048977858818	-2.2978153449883623	0.20216268640389212	10.67449997331375	40.74499959255
1496	24510464	10	4.6	5.161395160225576	13.0	0.0	10	9.6	3.411744421846396	13.0	0.0	-0.007522771839956839	-2.3522678114507065	0.19082681079890862	10.731249973171876	44.59299955407001
1500	24576000	10	8.0	4.0	10.0	0.0	10	3.6	4.340506882842141	10.0	0.0	-0.008085578824715356	-2.328631505127574	0.17683948822960954	9.873749975315624	42.85099957149001
1504	24641536	10	6.0	4.898979485566356	10.0	0.0	10	6.3	5.21632054229799	13.0	0.0	-0.007873417272789906	-2.3203019994067136	0.1996040529518773	10.069999974825	42.70799957292
1508	24707072	10	7.3	4.859012245302536	13.0	0.0	10	7.9	5.3188344587888805	13.0	0.0	-0.007664217485509832	-2.333952980493771	0.18923927989058872	10.21999997445	43.829999561700006
1512	24772608	10	5.9	5.467174773134658	13.0	0.0	10	8.6	3.720215047547655	13.0	0.0	-0.007567671514880132	-2.337701921418184	0.21617256211348637	9.76649997558375	42.973999570260005
1516	24838144	10	6.0	4.898979485566356	10.0	0.0	10	5.9	4.887739763939975	13.0	0.0	-0.008056322924322214	-2.3437616549474383	0.14732291027921146	11.04799997238	39.12399960876001
1520	24903680	10	5.6	5.141984052872977	13.0	0.0	10	6.0	4.898979485566356	10.0	0.0	-0.007537256794545773	-2.3667618406333792	0.19107182570295	11.438499971403752	37.15899962841001
1524	24969216	10	4.0	4.898979485566356	10.0	0.0	10	9.3	3.2264531609803355	13.0	0.0	-0.008064064552924176	-2.3823961041869595	0.1830437679118727	11.768249970579374	12.514999874850002
