iter	frame	n_test	mean_returns	std_returns	max_returns	min_returns	n_test_train	mean_returns_train	std_returns_train	max_returns_train	min_returns_train	actor_loss	entropy_loss	value_loss	training_time	evaluation_time
0	0	10	1.2	3.6000000000000005	12.0	0.0	10	2.4	4.31740662898458	11.0	0.0	0	0	0	0.0	26.488999735110006
4	65536	10	4.7	5.1778373863998475	11.0	0.0	10	3.6	4.882622246293481	11.0	0.0	0.0044403984158253446	-2.569206495812137	0.2228840763914127	11.961999970095002	25.472999745270002
8	131072	10	1.4	3.2310988842807022	11.0	0.0	10	0.2	0.6000000000000001	2.0	0.0	-0.0023735821884912616	-2.57400005532314	0.1049348874645586	11.615499970961249	25.430999745690006
12	196608	10	2.4	4.317406628984581	11.0	0.0	10	2.5	4.522167621838006	12.0	0.0	-0.00171211393153854	-2.585302943715365	0.10049757453497456	11.660499970848749	25.618999743810004
16	262144	10	2.5	4.272001872658765	11.0	0.0	10	1.4	3.2310988842807022	11.0	0.0	-0.002449070905992056	-2.6042852125832643	0.13792426983630915	11.6209999709475	25.125999748740004
20	327680	10	3.8	4.728636167014756	11.0	0.0	10	2.5	4.272001872658765	11.0	0.0	-0.0032514209229953907	-2.6248619255669543	0.11934501139057627	11.691999970769999	29.454999705450003
24	393216	10	3.8	4.955804677345546	12.0	0.0	10	1.7	3.6345563690772495	12.0	0.0	-0.002823411447943691	-2.6075417173172823	0.12640844827442874	10.717749973205624	30.852999691470007
28	458752	10	0.3	0.45825756949558394	1.0	0.0	10	3.8	4.791659420284375	11.0	0.0	-0.0032402204581517763	-2.611463742679524	0.22751984804982225	10.590499973523748	32.31799967682
32	524288	10	0.1	0.30000000000000004	1.0	0.0	10	4.7	5.386093203798093	12.0	0.0	-0.003101250750640374	-2.587517094839294	0.15078510179476343	9.87249997531875	34.73399965266001
36	589824	10	1.5	3.2326459750489227	11.0	0.0	10	0.6	0.9165151389911681	3.0	0.0	-0.003849658542299726	-2.61396730415613	0.17069486177610987	9.66349997584125	34.353999656460005
40	655360	10	2.9	4.158124577258358	11.0	0.0	10	4.7	5.568662316930341	12.0	0.0	-0.0043424498285300145	-2.6293813558660837	0.15247444674957483	9.901999975245	33.40399966596001
44	720896	10	4.5	5.518151864528558	12.0	0.0	10	2.4	4.8	12.0	0.0	-0.00424802149989785	-2.64154149316054	0.18709535910351238	9.71249997571875	33.10899966891001
48	786432	10	4.9	5.223983154643591	12.0	0.0	10	0.5	0.6708203932499369	2.0	0.0	-0.005075228577048063	-2.6315026156346666	0.13752778090345777	9.731749975670626	32.94199967058
52	851968	10	1.6	3.4985711369071804	12.0	0.0	10	0.9	0.8306623862918076	2.0	0.0	-0.0049993203642110665	-2.607506175564312	0.1653689365894569	10.365999974085	33.34499966655
56	917504	10	4.8	5.287721626560914	12.0	0.0	10	5.9	5.337602458033007	12.0	0.0	-0.0040424442979234984	-2.572303580473139	0.13873010961601195	9.80149997549625	32.87799967122
60	983040	10	2.4	4.31740662898458	11.0	0.0	10	2.6	4.498888751680798	12.0	0.0	-0.004706999252564457	-2.5856222656656085	0.11245351332077348	9.928749975178127	32.2599996774
64	1048576	10	6.4	5.332916650389353	12.0	0.0	10	4.9	5.412023651093923	12.0	0.0	-0.004612523002050132	-2.5846121084978018	0.10898752779107845	10.04449997488875	32.00399967996
68	1114112	10	2.6	4.737087712930805	13.0	0.0	10	2.1	3.0479501308256345	11.0	0.0	-0.004855840490663936	-2.5737169258099057	0.17233798697658284	10.5089999737275	30.666999693330006
72	1179648	10	2.5	4.272001872658765	11.0	0.0	10	4.8	5.287721626560915	12.0	0.0	-0.004484029243776391	-2.5960752986150797	0.18630301779678932	10.619499973451251	29.614999703850003
76	1245184	10	1.7	3.4942810419312296	12.0	0.0	10	1.5	3.2326459750489227	11.0	0.0	-0.005014118267438232	-2.578265232075899	0.13486482958301493	11.092249972269375	28.101999718980004
80	1310720	10	1.4	3.555277766926235	12.0	0.0	10	1.6	3.2619012860600183	11.0	0.0	-0.0042485090496909295	-2.555160219204497	0.17077496785754256	11.1589999721025	27.208999727910005
84	1376256	10	3.8	5.3999999999999995	13.0	0.0	10	7.0	5.531726674375733	12.0	0.0	-0.005338811880139352	-2.5497817866331696	0.10757051022999774	10.939749972650626	28.578999714210006
88	1441792	10	1.3	3.257299494980466	11.0	0.0	10	1.4	3.2310988842807022	11.0	0.0	-0.004749068172522503	-2.566078078976201	0.13678166074805695	11.010749972473125	27.788999722110006
92	1507328	10	1.4	3.261901286060018	11.0	0.0	10	2.5	4.272001872658765	11.0	0.0	-0.004314304918358059	-2.6103389185928165	0.12647549112096484	11.021749972445626	28.226999717730006
96	1572864	10	4.8	5.491812087098393	12.0	0.0	10	2.9	4.6141087980237305	13.0	0.0	-0.00508260739244895	-2.61215786360313	0.16302410367885548	11.55199997112	24.906999750930005
100	1638400	10	0.4	0.66332495807108	2.0	0.0	10	2.6	4.223742416388575	11.0	0.0	-0.004599876529155	-2.5947792601862725	0.15424916852831919	11.64649997088375	24.529999754700004
104	1703936	10	0.1	0.30000000000000004	1.0	0.0	10	1.2	3.2802438933713454	11.0	0.0	-0.004551966868177246	-2.595121539858859	0.18615173368017432	11.511749971220626	24.680999753190004
108	1769472	10	4.0	4.878524367060187	12.0	0.0	10	3.5	5.142956348249516	12.0	0.0	-0.004959154301194469	-2.5333011222227055	0.14016733247258006	11.471749971320625	24.849999751500004
112	1835008	10	4.0	4.878524367060187	12.0	0.0	10	1.4	3.555277766926235	12.0	0.0	-0.0048739510549316405	-2.5492152097152623	0.1443327549539413	11.553999971115001	27.676999723230004
116	1900544	10	3.7	4.817675788178362	11.0	0.0	10	3.9	4.678675026115834	11.0	0.0	-0.005686371627854949	-2.5718532624148542	0.16429410632540534	10.94249997264375	27.494999725050004
120	1966080	10	1.7	3.5227829907617076	12.0	0.0	10	4.2	4.791659420284375	12.0	0.0	-0.005526195493106331	-2.6033886569013345	0.10863932690538051	11.215999971959999	27.393999726060002
124	2031616	10	4.9	5.629387178015028	13.0	0.0	10	3.7	5.441507144165117	12.0	0.0	-0.005322177078951824	-2.5922575441282807	0.1558282112850847	10.822249972944375	27.695999723040007
128	2097152	10	1.3	3.257299494980466	11.0	0.0	10	3.0	4.560701700396552	13.0	0.0	-0.005087331662026071	-2.585538401930418	0.1725748863357099	10.9529999726175	28.048999719510004
132	2162688	10	2.7	4.428317965096906	12.0	0.0	10	2.4	3.2924155266308652	12.0	0.0	-0.0054436411052937355	-2.5688720293150684	0.18009010591841357	10.832249972919376	27.767999722320006
136	2228224	10	3.8	4.728636167014756	11.0	0.0	10	1.1	3.3000000000000003	11.0	0.0	-0.0062853899840897174	-2.5408150948420922	0.20203119615161466	11.007999972479999	27.967999720320005
140	2293760	10	6.1	5.5578772926361015	13.0	0.0	10	5.3	5.404627646748664	12.0	0.0	-0.006423237606757233	-2.5363227225681615	0.17428868681239534	10.821749972945625	30.596999694030007
144	2359296	10	5.6	5.607138307550475	12.0	0.0	10	6.0	5.422176684690384	12.0	0.0	-0.007031009192234148	-2.5347749637903862	0.13666683441777472	10.313749974215623	30.263999697360003
148	2424832	10	2.8	4.445222154178573	12.0	0.0	10	3.7	5.254521862167861	13.0	0.0	-0.007109885939995081	-2.535222443177464	0.1635744555217256	10.228249974429376	31.004999689950004
152	2490368	10	1.6	3.2	11.0	0.0	10	3.8	5.2115256883181535	13.0	0.0	-0.005934919564715763	-2.528502754603691	0.17396984084559772	10.343999974139999	31.457999685420003
156	2555904	10	2.6	4.737087712930805	13.0	0.0	10	5.2	5.015974481593781	12.0	0.0	-0.006962224408685808	-2.519976171091955	0.14745774848092388	10.558999973602502	33.82699966173001
160	2621440	10	1.5	3.2015621187164243	11.0	0.0	10	6.4	5.76541412215983	14.0	0.0	-0.007178573123847994	-2.5376244284052754	0.10606952600317975	9.582999976042501	31.616999683830006
164	2686976	10	4.9	5.430469592954186	12.0	0.0	10	3.7	4.838388161361178	11.0	0.0	-0.0064724325183536735	-2.529137819741965	0.16156240620830054	9.9449999751375	33.91999966080001
168	2752512	10	5.7	5.459853477887479	13.0	0.0	10	3.6	4.862098312457287	11.0	0.0	-0.006000193989753931	-2.5245126483194884	0.17398243380139927	9.932999975167501	31.257999687420003
172	2818048	10	4.8	5.30659966456864	12.0	0.0	10	3.6	5.295280917949491	12.0	0.0	-0.00671163382433524	-2.51789754602907	0.2162413986484959	9.9209999751975	32.199999678000005
176	2883584	10	4.5	5.315072906367325	11.0	0.0	10	5.4	4.841487374764082	12.0	0.0	-0.0075494892181589765	-2.5075928516557413	0.1652062717497864	10.002249974994376	30.729999692700005
180	2949120	10	2.9	4.6141087980237305	12.0	0.0	10	4.0	5.0990195135927845	12.0	0.0	-0.0067460339504523525	-2.5384646229285224	0.14603784135573786	10.099499974751248	31.553999684460003
184	3014656	10	4.6	5.238320341483519	11.0	0.0	10	5.8	5.230678732248808	11.0	0.0	-0.00643906837218539	-2.538968523078928	0.16767821381605433	10.189499974526251	32.303999676960004
188	3080192	10	2.9	4.2059481689626175	11.0	0.0	10	4.1	5.048762224545736	12.0	0.0	-0.006519834510302886	-2.530106211438476	0.16355612336816874	10.71549997321125	30.571999694280006
192	3145728	10	2.2	3.736308338453881	13.0	0.0	10	7.0	5.744562646538029	13.0	0.0	-0.007503253023794332	-2.5090027573077993	0.1823818954293935	10.711249973221875	29.160999708390005
196	3211264	10	5.2	5.436910887627275	12.0	0.0	10	6.4	5.083306010855534	13.0	0.0	-0.006712466096873447	-2.511589675880115	0.14829774975473667	10.93249997266875	28.550999714490004
200	3276800	10	6.1	5.5578772926361015	13.0	0.0	10	5.4	5.660388679233963	14.0	0.0	-0.0059945504562893765	-2.4934148711349033	0.16087004098296814	11.083749972290626	27.560999724390005
204	3342336	10	2.5	4.295346318982906	11.0	0.0	10	2.9	4.592385001282013	12.0	0.0	-0.007228279201783268	-2.5188689378260345	0.17140165613730968	11.289249971776874	27.335999726640004
208	3407872	10	2.8	4.1182520563948	11.0	0.0	10	8.0	5.310367218940701	14.0	0.0	-0.006658746695306057	-2.542086494200868	0.1618849756803613	11.525999971185	27.113999728860005
212	3473408	10	5.0	5.138093031466052	12.0	0.0	10	2.3	4.360045871318328	11.0	0.0	-0.007877438045789959	-2.5577146085419296	0.14009372349145274	11.453249971366876	26.188999738110006
216	3538944	10	5.8	5.230678732248808	11.0	0.0	10	6.0	5.422176684690384	12.0	0.0	-0.007121985806574503	-2.5593855129993246	0.13914613113841362	11.43449997141375	26.423999735760002
220	3604480	10	4.1	5.281098370604357	13.0	0.0	10	4.8	5.075431016179809	11.0	0.0	-0.006645494075721407	-2.572397653987273	0.15189190385833182	11.24949997187625	26.569999734300005
224	3670016	10	3.8	4.749736834815167	11.0	0.0	10	3.9	4.968903299521937	12.0	0.0	-0.006620224630061574	-2.5477732665666406	0.1745950582565788	11.31449997171375	26.157999738420006
228	3735552	10	4.8	5.287721626560915	12.0	0.0	10	4.6	4.565084884205331	11.0	0.0	-0.006269016377653916	-2.5147293629609657	0.18042074374837824	10.954999972612502	26.787999732120003
232	3801088	10	3.9	4.928488612140643	12.0	0.0	10	3.9	5.337602458033007	12.0	0.0	-0.007788474292381549	-2.5220391226167926	0.1458322796430646	11.49249997126875	24.88599975114
236	3866624	10	3.5	5.142956348249516	12.0	0.0	10	6.0	5.422176684690384	12.0	0.0	-0.008067967034618009	-2.508588132497624	0.1419883112585658	11.585249971036875	25.386999746130005
240	3932160	10	2.7	4.220189569201839	11.0	0.0	10	3.9	5.146843692983108	12.0	0.0	-0.0076821603231899726	-2.496497486768388	0.14226185528942223	11.492249971269374	25.347999746520003
244	3997696	10	4.5	4.738143096192854	12.0	1.0	10	4.4	5.043808085167397	13.0	0.0	-0.007622234862047062	-2.4710684589951133	0.1991184049388974	11.528249971179376	28.509999714900005
248	4063232	10	2.5	4.272001872658765	11.0	0.0	10	7.2	5.325410782277739	13.0	0.0	-0.007180676423720414	-2.471467065057007	0.18691711684604517	10.899749972750627	28.52199971478
252	4128768	10	4.8	5.287721626560915	12.0	0.0	10	6.0	5.621387729022079	12.0	0.0	-0.006959944640162751	-2.440749630077748	0.20507289389495703	11.105749972235627	27.294999727050005
256	4194304	10	3.5	5.142956348249516	12.0	0.0	10	4.8	5.287721626560915	12.0	0.0	-0.007349977526086927	-2.444133671366884	0.1810477096398828	11.03149997242125	27.228999727710004
260	4259840	10	2.8	4.66476151587624	13.0	0.0	10	3.0	4.8373546489791295	14.0	0.0	-0.008359283341368843	-2.474508295198807	0.15446688427222566	11.190499972023751	28.698999713010007
264	4325376	10	5.9	5.3188344587888805	12.0	0.0	10	5.6	5.141984052872976	13.0	0.0	-0.007761799210533677	-2.45553068294378	0.161305446393749	10.81049997297375	29.026999709730006
268	4390912	10	4.6	5.660388679233963	13.0	0.0	10	4.9	5.430469592954186	12.0	0.0	-0.008345131623213283	-2.460631087166055	0.15445454129892514	10.534499973663749	29.110999708890006
272	4456448	10	2.7	4.172529209005013	11.0	0.0	10	6.4	6.16765757804371	16.0	0.0	-0.008172103707448237	-2.4413584195017863	0.16549622498591388	10.383499974041252	29.885999701140005
276	4521984	10	1.6	3.2310988842807027	11.0	0.0	10	8.2	4.975942121849892	12.0	0.0	-0.008410600432735052	-2.428085485841231	0.1503980000501917	10.848499972878752	27.540999724590005
280	4587520	10	2.4	3.4409301068170506	12.0	0.0	10	2.5	4.522167621838006	12.0	0.0	-0.008036206807821987	-2.44342536702135	0.16637441188226576	10.81749997295625	28.68199971318
284	4653056	10	3.1	4.036087214122113	11.0	0.0	10	7.3	5.020956084253277	12.0	0.0	-0.007621233952213928	-2.3965253579106984	0.140075750944825	10.645249973386877	28.918999710810006
288	4718592	10	5.1	5.467174773134658	12.0	0.0	10	5.1	5.699999999999999	13.0	0.0	-0.008130911643458675	-2.382851657519877	0.17574209749109754	10.595249973511875	30.026999699730005
292	4784128	10	2.3	4.360045871318328	11.0	0.0	10	4.1	5.028916384272063	12.0	0.0	-0.007731999592379999	-2.384943112482548	0.17326518425775747	10.55549997361125	28.339999716600005
296	4849664	10	4.9	5.48543526076099	13.0	0.0	10	6.6	5.0635955604688645	12.0	0.0	-0.00726544072358702	-2.4084317383641576	0.18984014352668702	10.744999973137501	28.796999712030004
300	4915200	10	4.0	5.366563145999495	14.0	0.0	10	6.2	5.878775382679627	14.0	0.0	-0.008279756451628022	-2.409277200447886	0.15892827547983343	11.809499970476251	24.276999757230005
304	4980736	10	2.8	4.142463035441596	11.0	0.0	10	6.3	5.423098745182499	14.0	0.0	-0.008046695151653443	-2.3800820780301395	0.17339184071304256	11.724749970688125	24.524999754750002
308	5046272	10	6.2	6.063002556489648	14.0	0.0	10	6.7	5.568662316930341	14.0	1.0	-0.008400453149416724	-2.3474257983305598	0.16151503083786756	12.007249969981874	23.575999764240006
312	5111808	10	3.8	5.015974481593781	12.0	0.0	10	8.1	5.107837115648854	12.0	0.0	-0.007374512793669096	-2.3453493538042625	0.17944686097396773	12.042999969892499	14.535999854640002
316	5177344	10	1.4	3.2310988842807022	11.0	0.0	10	5.4	5.624944444170094	13.0	0.0	-0.008812433757754985	-2.3542918485930904	0.16832967395693	12.671499968321251	21.630999783690005
320	5242880	10	5.8	5.436910887627275	12.0	0.0	10	9.2	4.686149805543993	14.0	0.0	-0.008715035480237788	-2.356522085520526	0.1872849974896627	12.6049999684875	24.4699997553
324	5308416	10	4.0	4.898979485566356	12.0	0.0	10	8.6	5.6780278266313555	13.0	0.0	-0.009555904433823833	-2.3346189531238846	0.1682373926954806	12.933999967665	25.023999749760005
328	5373952	10	2.6	3.2619012860600183	11.0	0.0	10	7.2	5.134199061197375	12.0	0.0	-0.008167250210800604	-2.332928453639522	0.16851373604916536	12.146499969633751	26.261999737380005
332	5439488	10	4.1	4.988987873306568	12.0	0.0	10	7.8	5.015974481593781	13.0	0.0	-0.00802762939481961	-2.3201034464008803	0.17146845074757458	11.524749971188125	27.549999724500005
336	5505024	10	7.4	5.295280917949491	13.0	0.0	10	4.5	4.883646178829912	13.0	0.0	-0.009178510550811638	-2.3096644900816816	0.1792474929832712	11.220749971948125	27.913999720860005
340	5570560	10	5.2	5.946427498927402	16.0	0.0	10	8.9	5.3	14.0	0.0	-0.008540789006494198	-2.312029363967544	0.19811514219688983	11.012999972467501	27.853999721460003
344	5636096	10	6.4	5.71314274283428	14.0	0.0	10	7.2	5.546169849544819	14.0	0.0	-0.008555028650959537	-2.322287693377823	0.19475379568669057	11.07949997230125	33.439999665600006
348	5701632	10	8.3	5.040833264451424	12.0	0.0	10	4.3	4.712748667179271	12.0	0.0	-0.008769515580748344	-2.3307328817800728	0.19459257474625655	9.893999975265	33.41099966589001
352	5767168	10	3.4	4.983974317750844	11.0	0.0	10	6.3	5.745432968889291	13.0	0.0	-0.009411128843192987	-2.3342808532270123	0.16623196423184802	9.997749975005625	33.118999668810005
356	5832704	10	5.7	4.94064773081425	12.0	0.0	10	4.6	4.963869458396343	13.0	0.0	-0.008242430795134448	-2.332647914444808	0.18844557613654936	10.157249974606875	29.658999703410004
360	5898240	10	4.5	5.518151864528558	12.0	0.0	10	6.0	5.196152422706632	13.0	0.0	-0.008801944123653711	-2.2816448258963744	0.21698169695126296	10.333249974166876	30.324999696750005
364	5963776	10	3.9	4.72122865364515	11.0	0.0	10	10.4	5.122499389946279	16.0	0.0	-0.008546356620191695	-2.311057549971012	0.15189117758194412	10.86249997284375	26.735999732640003
368	6029312	10	3.6	5.295280917949491	12.0	0.0	10	4.0	4.878524367060187	12.0	0.0	-0.008648827355812284	-2.3193252208399784	0.17108503541058342	11.060749972348123	25.858999741410006
372	6094848	10	4.6	5.257375771237966	11.0	0.0	10	3.9	5.127377497317708	13.0	0.0	-0.008988329742021243	-2.3542027570338484	0.14437175393152885	11.234749971913125	25.354999746450005
376	6160384	10	7.5	4.695742752749559	12.0	0.0	10	10.1	3.419064199455752	14.0	3.0	-0.008462928432312812	-2.259782182438219	0.18622443357405358	12.04149996989625	22.749999772500004
380	6225920	10	5.2	5.211525688318153	12.0	0.0	10	6.5	5.783597496368502	14.0	0.0	-0.009964368666434974	-2.2654231610521207	0.16935515712424298	12.1569999696075	24.668999753310004
384	6291456	10	4.1	5.430469592954186	13.0	0.0	10	9.9	4.805205510693585	14.0	0.0	-0.008934963017033311	-2.349486132218081	0.14718121148975385	11.635749970910627	25.390999746090003
388	6356992	10	3.8	4.791659420284375	11.0	0.0	10	7.9	5.146843692983108	13.0	0.0	-0.008677096905563475	-2.3309892910277625	0.16140125403051658	11.473749971315625	25.382999746170004
392	6422528	10	6.1	5.575840743780259	12.0	0.0	10	7.3	5.568662316930341	12.0	0.0	-0.008780840768844708	-2.303507630783776	0.16343852154139402	11.612249970969375	25.289999747100005
396	6488064	10	3.4	4.903060268852505	14.0	0.0	10	6.4	6.053098380168622	14.0	0.0	-0.009825920355258809	-2.3034241917316796	0.1522725290304999	11.493999971265	28.530999714690005
400	6553600	10	8.4	4.6946778377222005	12.0	0.0	10	4.0	4.8373546489791295	12.0	0.0	-0.008610969866834933	-2.3255138966005564	0.15574800725956126	10.961749972595625	29.820999701790008
404	6619136	10	8.1	5.166236541235796	14.0	0.0	10	4.1	5.629387178015029	13.0	0.0	-0.008636529430390665	-2.336336771403767	0.1696943084843022	11.24149997189625	25.494999745050006
408	6684672	10	7.3	5.675385449465085	15.0	0.0	10	9.7	3.950949253027682	13.0	1.0	-0.008807351787549673	-2.3270530176718935	0.14826476261958807	10.499499973751252	30.708999692910005
412	6750208	10	5.1	5.088221693283421	12.0	0.0	10	4.9	4.482186966202994	12.0	0.0	-0.007748372536703657	-2.298258180180202	0.17189294610244601	10.459999973849998	30.319999696800004
416	6815744	10	4.4	5.388877434122992	11.0	0.0	10	7.6	4.409081537009721	12.0	1.0	-0.008740985682681827	-2.392544915029529	0.16581908611716092	10.347499974131251	33.14799966852001
420	6881280	10	2.8	4.66476151587624	13.0	0.0	10	5.5	5.5901699437494745	13.0	0.0	-0.009121905732434769	-2.3984947077915066	0.14552002033875994	9.757749975605627	33.51899966481
424	6946816	10	4.8	5.134199061197375	11.0	0.0	10	7.4	5.4808758424178885	13.0	0.0	-0.008772644859765854	-2.370424483966274	0.15438725960695376	10.37449997406375	32.777999672220005
428	7012352	10	7.2	5.723635208501674	13.0	0.0	10	5.0	5.157518783291051	12.0	0.0	-0.008597802299556805	-2.3698381083721958	0.14939537743723366	10.81549997296125	28.463999715360004
432	7077888	10	4.9	5.682429058070149	14.0	0.0	10	6.5	5.352569476429054	13.0	0.0	-0.008898290911305767	-2.2436515189853665	0.18458782724355116	11.033749972415627	28.106999718930005
436	7143424	10	7.8	5.8275209137333865	14.0	0.0	10	3.5	4.588027898781785	13.0	0.0	-0.009012314274181758	-2.339521805201653	0.15583867795383843	11.17599997206	28.022999719770006
440	7208960	10	2.5	4.295346318982906	11.0	0.0	10	8.1	4.887739763939975	12.0	0.0	-0.009168423129221916	-2.342488296085966	0.12879132237496002	12.4129999689675	22.253999777460006
444	7274496	10	5.4	5.517245689653489	13.0	0.0	10	7.3	5.78013840664737	13.0	0.0	-0.007807061320308249	-2.313800923285266	0.1559937198794314	13.047999967380003	21.2699997873
448	7340032	10	5.2	5.3999999999999995	13.0	0.0	10	4.1	5.223983154643591	13.0	0.0	-0.007277267601087426	-2.323047801610242	0.1727663865909071	13.167999967080002	20.875999791240005
452	7405568	10	4.8	5.095095681142799	11.0	0.0	10	7.3	5.710516614107694	15.0	0.0	-0.00895699645629138	-2.3350746107649303	0.1522110542900011	13.832499965418751	18.501999814980003
456	7471104	10	3.6	5.295280917949491	12.0	0.0	10	3.4	4.1521078984053394	12.0	0.0	-0.008333833739360523	-2.326695474243192	0.1637170444227338	13.693249965766876	14.470999855290003
460	7536640	10	6.2	5.878775382679628	14.0	0.0	10	7.2	5.325410782277739	13.0	0.0	-0.008225288435270404	-2.333578099564022	0.17672666323392971	12.351749969120625	23.0799997692
464	7602176	10	2.9	4.4147480109288235	12.0	0.0	10	5.9	6.139218191268331	16.0	0.0	-0.008726316663342507	-2.311728601413565	0.1400637747573984	12.59349996851625	22.934999770650002
468	7667712	10	5.7	5.3113086899558	11.0	0.0	10	10.4	4.6303347611160905	15.0	0.0	-0.008514170349697618	-2.3435259359620644	0.1519274141015552	12.473999968815	19.001999809980003
472	7733248	10	8.8	4.534313619501853	13.0	1.0	10	5.0	5.9833101206606365	14.0	0.0	-0.009274690544411362	-2.262169912221823	0.18383385145984452	12.593749968515624	22.976999770230005
476	7798784	10	3.9	4.928488612140643	12.0	0.0	10	10.2	3.9191835884530852	14.0	2.0	-0.008450178343717968	-2.2734844185527243	0.15986668301322735	12.260249969349374	23.127999768720002
480	7864320	10	6.0	5.2345009313209605	12.0	0.0	10	5.6	6.452906321960671	17.0	0.0	-0.009047763457568851	-2.2763848600400522	0.1573998538302833	12.304999969237501	23.13599976864
484	7929856	10	4.0	5.0990195135927845	12.0	0.0	10	8.6	5.4808758424178885	14.0	0.0	-0.009661871133685116	-2.3133926811391343	0.13405999889132159	12.8399999679	21.17399978826
488	7995392	10	5.9	5.337602458033007	12.0	0.0	10	4.9	5.223983154643591	12.0	0.0	-0.00899067523669474	-2.316287122425556	0.15095388980872565	12.728749968178125	22.866999771330004
492	8060928	10	7.1	5.412023651093923	12.0	0.0	10	6.5	5.766281297335398	13.0	0.0	-0.008790636300842852	-2.3162487345507974	0.17151974512340112	12.8809999677975	20.493999795060002
496	8126464	10	4.1	5.028916384272063	13.0	0.0	10	6.1	5.337602458033007	12.0	0.0	-0.008976609137157738	-2.3069389758091168	0.20998452415365132	12.696499968258749	20.738999792610006
500	8192000	10	1.9	3.477067730142742	12.0	0.0	10	4.2	4.812483766206386	12.0	0.0	-0.00859309810434674	-2.3433194977584333	0.15601363885143477	12.802499967993748	24.312999756870003
504	8257536	10	5.9	5.3188344587888805	12.0	0.0	10	8.0	5.549774770204643	16.0	0.0	-0.008986048785091775	-2.3205608971483223	0.1429848847761819	12.107249969731877	23.11199976888
508	8323072	10	9.3	4.428317965096905	12.0	0.0	10	6.2	6.029925372672534	13.0	0.0	-0.00941500379751385	-2.3455926028430927	0.15164319967513187	12.600249968499377	23.170999768290002
512	8388608	10	6.0	5.656854249492381	13.0	0.0	10	8.3	5.3113086899558	14.0	0.0	-0.009186359293636266	-2.4017356432956056	0.1393728651116398	12.329749969175626	22.468999775310003
516	8454144	10	5.3	4.817675788178362	11.0	0.0	10	6.4	5.083306010855534	13.0	0.0	-0.009129367139655845	-2.3659510709364335	0.15057496755988503	12.343749969140625	23.20799976792
520	8519680	10	6.9	5.539855593785817	15.0	0.0	10	5.5	5.5901699437494745	13.0	0.0	-0.00898258516975863	-2.3707058874283367	0.15527991816957068	12.555749968610625	22.357999776420005
524	8585216	10	6.7	4.980963762164908	13.0	0.0	10	7.8	5.3814496188294845	14.0	0.0	-0.008635115064266148	-2.332067347820068	0.14999264640102497	12.4869999687825	23.408999765910004
528	8650752	10	3.9	5.127377497317708	12.0	0.0	10	8.7	4.73392015141785	13.0	0.0	-0.009710546860837433	-2.3595241727954006	0.15496926496985086	12.023249969941876	23.256999767430006
532	8716288	10	6.2	5.491812087098393	13.0	0.0	10	6.6	5.2573757712379665	13.0	1.0	-0.008851653339952036	-2.313364031173215	0.155174689894521	11.987499970031251	18.147999818520002
536	8781824	10	6.9	5.448853090330111	12.0	0.0	10	6.5	5.748912940721924	13.0	0.0	-0.008428847520646095	-2.341470767810423	0.15853995067589072	11.965249970086877	9.036999909630003
540	8847360	10	3.4	4.498888751680797	12.0	0.0	10	6.8	5.528109984434102	14.0	0.0	-0.009296604976894047	-2.340256723021076	0.1524993969589564	11.826749970433125	24.945999750540004
544	8912896	10	6.0	5.215361924162119	12.0	0.0	10	6.8	6.161168720299745	16.0	0.0	-0.008557084345453951	-2.330308553830434	0.12772271579042802	12.159749969600625	22.99599977004
548	8978432	10	4.4	5.4808758424178885	14.0	0.0	10	9.8	4.995998398718719	14.0	0.0	-0.008459295780719732	-2.3607633111401953	0.11988770580222592	12.128249969679374	15.988999840110003
552	9043968	10	4.1	4.867237409455184	12.0	0.0	10	6.4	5.713142742834281	14.0	0.0	-0.008769671084939777	-2.356155737989087	0.12973167008610728	12.34349996914125	21.935999780640003
556	9109504	10	4.9	5.821511831131154	13.0	0.0	10	10.4	3.583294573433783	13.0	2.0	-0.008774314499225258	-2.3501204125618655	0.1366156180402138	12.903249967741875	20.260999797390003
560	9175040	10	3.8	5.436910887627274	14.0	0.0	10	6.8	5.861740355901138	14.0	0.0	-0.009417968548939828	-2.3688873447493752	0.17097039068820322	13.59449996601375	20.33099979669
564	9240576	10	2.9	4.3920382511995495	12.0	0.0	10	7.7	5.330103188494572	12.0	0.0	-0.009003178848587453	-2.3528101392123	0.11857741542167093	13.314249966714376	21.726999782730005
568	9306112	10	5.9	5.717516943569122	12.0	0.0	10	6.4	4.923413450036469	12.0	0.0	-0.008792883184462816	-2.348759660873527	0.15437810967309998	12.353999969115	21.37399978626
572	9371648	10	5.9	5.539855593785816	12.0	0.0	10	8.4	5.517245689653488	13.0	0.0	-0.008736113969461648	-2.35738219296218	0.11598229104376173	12.457749968855627	22.035999779640004
576	9437184	10	5.4	5.043808085167397	12.0	0.0	10	8.7	5.1000000000000005	13.0	0.0	-0.009648657351949546	-2.3579571766185263	0.12535120359247523	12.4069999689825	22.856999771430004
580	9502720	10	4.0	5.059644256269407	12.0	0.0	10	9.7	4.648655719667784	13.0	0.0	-0.008570409907726336	-2.363864781709642	0.13572325121439335	12.171499969571252	16.895999831040005
584	9568256	10	7.6	5.462600113499065	14.0	0.0	10	8.5	5.643580423808985	14.0	0.0	-0.00757108433190254	-2.3725068442535644	0.15009479502515138	11.505749971235625	27.750999722490004
588	9633792	10	6.3	5.441507144165117	14.0	0.0	10	8.8	4.621688003316537	12.0	0.0	-0.009129411522997287	-2.360115098210696	0.17537860392007748	10.790749973023129	28.225999717740002
592	9699328	10	5.1	5.262128846769148	12.0	0.0	10	7.7	5.550675634551167	16.0	0.0	-0.00823425392117337	-2.3647308297475576	0.12062980524404698	11.9809999700475	27.589999724100004
596	9764864	10	9.3	4.69148164229596	13.0	0.0	10	3.9	4.90815647672321	12.0	0.0	-0.008356632815511657	-2.407914347695819	0.1243757749002012	11.02649997243375	19.056999809430003
600	9830400	10	8.0	5.039841267341661	12.0	0.0	10	10.7	3.348133808556641	14.0	1.0	-0.008155935615285865	-2.3854887656866146	0.15151088473671467	11.178249972054374	21.345999786540002
604	9895936	10	8.3	5.848931526355904	16.0	0.0	10	3.7	4.817675788178362	11.0	0.0	-0.008768526326999307	-2.3635759922386814	0.15466963653393756	9.684999975787498	33.31599966684001
608	9961472	10	6.1	5.146843692983108	12.0	0.0	10	6.1	5.734980383575867	12.0	0.0	-0.008625019709457308	-2.3670422780034914	0.12443970406373495	9.587249976031876	33.137999668620004
612	10027008	10	6.7	5.4230987451825	14.0	0.0	10	7.8	5.635601121442148	14.0	0.0	-0.008212054681031186	-2.396918674060369	0.15033103236914838	10.727749973180625	31.155999688440005
616	10092544	10	7.4	5.730619512757761	14.0	0.0	10	7.4	5.4808758424178885	13.0	0.0	-0.008411153456445374	-2.351553263518633	0.15858622173058093	10.776749973058125	29.869999701300006
620	10158080	10	6.4	5.678027826631356	13.0	0.0	10	10.1	4.2059481689626175	14.0	1.0	-0.009023800331275634	-2.3521206078463415	0.16803225042721184	11.04749997238125	29.167999708320004
624	10223616	10	5.8	5.635601121442148	13.0	0.0	10	8.4	4.903060268852505	13.0	0.0	-0.009079926037544938	-2.3872242045896064	0.1540931216280581	11.153749972115627	27.921999720780004
628	10289152	10	5.9	5.717516943569122	12.0	0.0	10	7.1	5.5578772926361015	14.0	1.0	-0.008731559203018411	-2.360364046943682	0.13009226018139106	11.594249971014376	25.284999747150003
632	10354688	10	4.9	5.028916384272063	11.0	0.0	10	7.8	5.509990925582365	15.0	0.0	-0.008616340510658557	-2.3571000220903158	0.14582677362519894	12.16949996957625	20.978999790210004
636	10420224	10	8.6	5.122499389946279	14.0	0.0	10	7.3	5.604462507680822	13.0	0.0	-0.007788518183383192	-2.3808862216774083	0.12884669959134304	11.484749971288126	17.542999824570003
640	10485760	10	8.3	4.817675788178362	12.0	0.0	10	9.3	3.9255572852781047	12.0	1.0	-0.008823109881925847	-2.359598457567471	0.16906034168578457	11.534499971163752	24.892999751070004
644	10551296	10	5.2	5.6	13.0	0.0	10	7.6	5.851495535331117	13.0	0.0	-0.007484616478125434	-2.366730957976808	0.1576582564187232	12.141999969645	25.04599974954
648	10616832	10	4.0	4.878524367060187	12.0	0.0	10	6.4	5.332916650389353	14.0	0.0	-0.008144723856943375	-2.4165156803991494	0.16286732867836665	12.32249996919375	22.83599977164
652	10682368	10	7.7	5.21632054229799	14.0	0.0	10	8.1	5.127377497317708	13.0	0.0	-0.009744736726331433	-2.3947619271764067	0.14087763962731054	12.412249968969375	19.064999809350006
656	10747904	10	6.9	5.838664230798	14.0	0.0	10	6.7	5.622277118748239	14.0	0.0	-0.009404641053688037	-2.368586445601419	0.16153110554311398	10.895749972760624	27.752999722470005
660	10813440	10	5.2	5.861740355901139	15.0	0.0	10	7.6	5.102940328869229	12.0	0.0	-0.008756170662003387	-2.351606160157339	0.16127978480914093	11.608249970979378	24.685999753140003
664	10878976	10	3.0	4.358898943540674	12.0	0.0	10	8.4	5.3516352641038605	14.0	0.0	-0.009691973664506156	-2.369954650353881	0.13446890910617998	11.6409999708975	24.639999753600005
668	10944512	10	3.8	5.4	13.0	0.0	10	8.2	5.134199061197375	14.0	0.0	-0.00850437428412925	-2.3362666043192393	0.12297360737458395	11.642249970894376	25.043999749560005
672	11010048	10	5.2	5.249761899362675	13.0	0.0	10	5.2	5.3814496188294845	15.0	0.0	-0.007857734448195243	-2.356719813995441	0.13373101524546968	11.63599997091	25.04599974954
676	11075584	10	4.0	4.857983120596447	12.0	0.0	10	10.2	4.28485705712571	15.0	1.0	-0.00876626039977295	-2.334538598612155	0.154395301305749	11.922249970194377	24.270999757290006
680	11141120	10	6.1	5.7870545184921145	14.0	0.0	10	7.2	5.095095681142799	12.0	0.0	-0.00795201877835028	-2.3765083250908106	0.11056954241758181	11.8449999703875	22.958999770410003
684	11206656	10	6.3	5.831809324729334	15.0	0.0	10	7.1	5.008991914547277	13.0	0.0	-0.009450616566255968	-2.3004739008931097	0.15436007080854391	12.009999969975	23.552999764470005
688	11272192	10	6.6	5.936328831862332	14.0	0.0	10	8.8	5.8275209137333865	14.0	0.0	-0.008800363851143694	-2.308299623189327	0.15237768373106622	11.882999970292499	17.951999820480005
692	11337728	10	4.0	5.118593556827891	13.0	0.0	10	9.0	5.2345009313209605	15.0	0.0	-0.00897785608107225	-2.3497992925381714	0.13946757502953286	11.428999971427501	25.775999742240003
696	11403264	10	7.9	4.887739763939975	12.0	0.0	10	4.2	4.489988864128729	11.0	0.0	-0.00903657474946008	-2.3044783967319704	0.13146251493005964	11.433249971416876	25.929999740700005
700	11468800	10	9.5	4.8218253804964775	14.0	0.0	10	5.3	5.550675634551166	13.0	0.0	-0.009403666357917525	-2.3200520572629815	0.15221538509519303	11.174249972064375	17.390999826090003
704	11534336	10	9.8	4.214261501141095	13.0	1.0	10	3.9	4.784349485562275	11.0	0.0	-0.008418388709926592	-2.363562774908704	0.15345325940242335	11.701999970745	26.191999738080003
708	11599872	10	6.0	5.639148871948674	13.0	0.0	10	9.8	5.055689863905815	15.0	0.0	-0.008260720309154335	-2.3802702697618905	0.13389098060785284	11.298749971753125	26.103999738960002
712	11665408	10	4.9	5.048762224545735	11.0	0.0	10	7.4	5.161395160225576	13.0	0.0	-0.00866213663449153	-2.3896611628427364	0.13148058382976874	11.729249970676875	24.708999752910003
716	11730944	10	5.8	5.418486873657627	12.0	0.0	10	8.9	5.3188344587888805	14.0	0.0	-0.008625666095830408	-2.361461383355044	0.14105541195492868	12.291749969270628	20.061999799380004
720	11796480	10	6.4	5.834380858325929	13.0	0.0	10	4.8	5.706137047074843	13.0	0.0	-0.008118763361444632	-2.322978968179641	0.1766661719700696	11.652749970868124	20.686999793130006
724	11862016	10	7.1	5.61159513863928	12.0	0.0	10	5.9	4.928488612140643	13.0	0.0	-0.008549505535806145	-2.371022298685094	0.1404351521292322	11.46149997134625	25.180999748190004
728	11927552	10	5.5	4.5661800227323495	14.0	0.0	10	9.7	4.450842616853577	14.0	0.0	-0.008081695475152067	-2.3348104330452055	0.1422751084753189	11.554249971114375	25.83299974167
732	11993088	10	4.2	4.578209256903839	11.0	0.0	10	9.4	4.800000000000001	14.0	0.0	-0.008958607018612943	-2.2901190790135297	0.17077459540612297	11.408249971479375	20.041999799580005
736	12058624	10	5.1	5.356304696336832	12.0	0.0	10	9.8	4.770744176750625	14.0	0.0	-0.00847577445683411	-2.3255548127056636	0.15796727646669836	10.580749973548125	28.394999716050005
740	12124160	10	1.4	3.3226495451672293	11.0	0.0	10	5.0	5.347896782848375	12.0	0.0	-0.008090271751892397	-2.3751694681753173	0.12873733174267005	10.67349997331625	29.331999706680005
744	12189696	10	7.9	4.968903299521937	12.0	0.0	10	5.3	5.9506302187247355	14.0	0.0	-0.009039822179115295	-2.336203333988817	0.13743903649470554	10.82799997293	31.428999685710004
748	12255232	10	4.3	4.73392015141785	12.0	0.0	10	8.6	5.499090833947008	14.0	0.0	-0.008636560261048391	-2.3441188929023355	0.13695665866572562	10.75149997312125	29.728999702710006
752	12320768	10	7.4	4.882622246293481	12.0	0.0	10	7.3	6.0835844697020525	15.0	0.0	-0.008203681116107944	-2.326114170010973	0.14858484972893668	11.25599997186	27.879999721200004
756	12386304	10	6.6	5.748043145279966	15.0	0.0	10	8.7	5.386093203798093	15.0	0.0	-0.007840897332942976	-2.2772756216538053	0.19505379121891867	11.536249971159375	20.236999797630002
760	12451840	10	5.1	5.3	12.0	0.0	10	8.0	5.215361924162119	14.0	0.0	-0.007698832205082817	-2.306127247470801	0.15253597775747918	11.05049997237375	18.897999811020004
764	12517376	10	8.4	5.535341001239218	13.0	0.0	10	6.3	5.367494760127856	12.0	0.0	-0.008710002901658076	-2.319305812077525	0.14485905566296023	11.15599997211	22.718999772810005
768	12582912	10	9.1	5.503635162326805	18.0	0.0	10	8.5	5.277309920783504	15.0	0.0	-0.008999028057862827	-2.259936103982755	0.16298707029636655	10.307249974231874	29.202999707970005
772	12648448	10	5.4	6.135144660071187	15.0	0.0	10	7.5	5.572252686302013	13.0	0.0	-0.008262383277773268	-2.296017614264533	0.16615178853405288	10.385999974035	30.359999696400003
776	12713984	10	7.3	5.441507144165117	14.0	0.0	10	8.3	5.197114584074513	14.0	0.0	-0.00859601135411941	-2.297278885800752	0.11934892606920039	10.3169999742075	30.421999695780006
780	12779520	10	5.1	5.3563046963368315	12.0	0.0	10	9.7	4.69148164229596	14.0	0.0	-0.008777127646373083	-2.2949536440366076	0.1305564855244608	10.313499974216251	21.318999786810004
784	12845056	10	5.0	5.366563145999495	13.0	0.0	10	5.8	5.015974481593781	14.0	0.0	-0.007880584704644889	-2.3367811712175315	0.1644212013560128	10.452249973869375	31.463999685360005
788	12910592	10	6.1	5.127377497317708	12.0	0.0	10	5.0	5.157518783291051	12.0	0.0	-0.009231407320484658	-2.3386077878423324	0.1186461935161889	10.567749973580625	32.40499967595001
792	12976128	10	3.7	5.040833264451424	12.0	0.0	10	6.2	6.04648658313239	14.0	0.0	-0.008610770054486953	-2.331811268881452	0.1240416009936415	10.120249974699373	26.260999737390005
796	13041664	10	4.1	5.262128846769148	13.0	0.0	10	7.8	5.2306787322488075	13.0	0.0	-0.008923031575533383	-2.324106673157513	0.12653394476744725	10.219749974450625	24.418999755810006
800	13107200	10	4.8	5.509990925582365	12.0	0.0	10	6.0	5.674504383644443	14.0	0.0	-0.008445060047081612	-2.3465750885545646	0.1266111960347482	10.234999974412501	34.40699965593
804	13172736	10	10.1	4.2296571965113205	14.0	1.0	10	8.0	5.60357029044876	14.0	0.0	-0.008037261486981884	-2.3376468814957936	0.12937959367613847	10.819249972951875	30.743999692560006
808	13238272	10	7.3	5.604462507680821	13.0	0.0	10	5.4	5.517245689653488	13.0	0.0	-0.007215447269579208	-2.29540747380188	0.13254805846932163	10.295249974261875	31.448999685510007
812	13303808	10	4.6	5.642694391866353	12.0	0.0	10	6.6	5.4808758424178885	13.0	0.0	-0.009494546600986632	-2.2477137766920627	0.11727382288024121	10.229249974426876	30.298999697010004
816	13369344	10	5.4	5.6780278266313555	13.0	0.0	10	6.3	6.0174745533321525	15.0	0.0	-0.009289539151361817	-2.2383129743390238	0.12786928221493157	10.508249973729376	30.184999698150005
820	13434880	10	7.9	6.20403094769844	16.0	0.0	10	5.6	5.9363288318623315	14.0	0.0	-0.008415797238166716	-2.283602967620439	0.1128571318189711	10.358749974103127	30.300999696990004
824	13500416	10	5.6	5.122499389946279	13.0	0.0	10	9.0	5.513619500836088	14.0	0.0	-0.008957202654504826	-2.2689438683411316	0.11872337912524833	10.85749997285625	27.188999728110005
828	13565952	10	5.5	5.142956348249516	13.0	0.0	10	8.4	5.3516352641038605	14.0	0.0	-0.008844612757142087	-2.292674210925495	0.11276225472867589	10.244749974388125	22.021999779780003
832	13631488	10	5.6	5.607138307550474	13.0	0.0	10	9.7	4.428317965096905	13.0	1.0	-0.008538076808407622	-2.335529001807274	0.10755045877735814	10.259249974351876	29.851999701480004
836	13697024	10	4.9	5.85576638878294	14.0	0.0	10	7.4	6.26418390534633	17.0	0.0	-0.00952825605682729	-2.3018840499308006	0.1158543422619892	10.1629999745925	23.085999769140003
840	13762560	10	8.7	5.1778373863998475	15.0	0.0	10	11.5	0.6708203932499369	13.0	11.0	-0.008877903542255072	-2.291504797597446	0.09477325721898407	9.694249975764375	25.930999740690005
844	13828096	10	7.3	5.478138369920935	14.0	0.0	10	6.2	5.473572873361603	13.0	0.0	-0.008435607132651526	-2.26849483923329	0.12646539632155412	10.746249973134375	33.38799966612
848	13893632	10	3.8	4.489988864128729	13.0	0.0	10	8.7	4.920365840057018	14.0	0.0	-0.008009831953813119	-2.255803535146973	0.13721027557550614	9.929999975175	33.30399966696001
852	13959168	10	7.6	5.4808758424178885	14.0	0.0	10	3.7	5.254521862167861	12.0	0.0	-0.007710722599267869	-2.228470841811426	0.14825144005015958	9.57049997607375	33.55799966442
856	14024704	10	5.8	5.436910887627275	12.0	0.0	10	7.1	5.223983154643591	12.0	0.0	-0.008225737480695794	-2.2610941626259753	0.14463459877342874	10.282249974294377	30.609999693900004
860	14090240	10	8.8	5.878775382679628	15.0	0.0	10	6.4	5.517245689653488	14.0	0.0	-0.008544878232916138	-2.2822290408220796	0.11027970392815652	10.749749973125624	26.330999736690003
864	14155776	10	4.1	5.243090691567332	13.0	0.0	10	6.1	6.315853069855251	17.0	0.0	-0.007986494162122307	-2.318158206598881	0.10651998546727554	11.94799997013	25.752999742470003
868	14221312	10	6.2	5.075431016179809	12.0	0.0	10	6.8	6.508456038109192	16.0	0.0	-0.008156021780813903	-2.2752496647451546	0.12072400988063828	10.981499972546251	29.680999703190007
872	14286848	10	5.4	4.94368283772331	12.0	0.0	10	8.8	5.230678732248808	14.0	0.0	-0.008008394932781913	-2.2411676940967604	0.1271428880925408	14.9669999625825	22.049999779500006
876	14352384	10	8.6	5.276362383309167	13.0	0.0	10	7.7	5.967411499134277	15.0	0.0	-0.008619940933397388	-2.2827645984894382	0.10786019737950467	12.8329999679175	18.110999818890004
880	14417920	10	5.4	5.936328831862332	14.0	0.0	10	5.1	5.3563046963368315	12.0	0.0	-0.00905441261811239	-2.294870555161799	0.08757262629475925	12.1949999695125	22.552999774470006
884	14483456	10	7.6	5.407402333838309	15.0	0.0	10	9.0	4.6475800154489	13.0	1.0	-0.007878863938243994	-2.2252561547027674	0.10590782027054056	12.16749996958125	11.400999885990002
888	14548992	10	3.6	4.882622246293481	11.0	0.0	10	5.0	6.164414002968976	14.0	0.0	-0.007952242545576043	-2.2473375745260213	0.12123306040010133	11.18849997202875	30.390999696090002
892	14614528	10	4.3	4.73392015141785	12.0	0.0	10	8.3	5.441507144165117	12.0	0.0	-0.007880781723025145	-2.2605050352841305	0.11208215637982867	11.381999971545001	20.810999791890005
896	14680064	10	6.4	5.4626001134990645	13.0	0.0	10	8.2	4.955804677345547	13.0	0.0	-0.008432822419946055	-2.225492638614416	0.12714361956881287	11.355999971610002	32.55999967440001
900	14745600	10	7.3	5.386093203798093	13.0	0.0	10	9.0	4.049691346263317	13.0	1.0	-0.008391674169347923	-2.317775492625399	0.1412875994815155	11.313249971716873	30.211999697880003
904	14811136	10	6.7	5.883026432033091	13.0	0.0	10	10.4	5.4626001134990645	17.0	0.0	-0.008770031434016539	-2.293747894226991	0.0809893753139999	11.55949997110125	21.259999787400005
908	14876672	10	3.9	5.146843692983109	13.0	0.0	10	5.1	6.300000000000001	14.0	0.0	-0.007855425282378108	-2.269037643832042	0.11429953135445944	11.590499971023752	30.594999694050003
912	14942208	10	6.4	5.4808758424178885	13.0	0.0	10	7.7	5.762811813689564	14.0	0.0	-0.0093918423447191	-2.2426324285714254	0.1124054065322761	12.000749969998125	28.368999716310004
916	15007744	10	7.6	5.238320341483518	13.0	1.0	10	10.0	5.118593556827891	15.0	0.0	-0.00748269909837259	-2.2486422158918904	0.14035985206033508	11.980499970048749	17.926999820730003
920	15073280	10	4.9	5.430469592954186	12.0	0.0	10	8.2	5.979966555090422	15.0	0.0	-0.0073597860117149425	-2.301808647571641	0.11871999415574103	12.569749968575625	25.548999744510002
924	15138816	10	6.0	5.639148871948674	12.0	0.0	10	10.5	5.277309920783504	17.0	0.0	-0.0075141683887274815	-2.296557428696939	0.12794140212767757	12.281749969295626	27.386999726130004
928	15204352	10	7.3	5.586591089385369	13.0	0.0	10	8.0	4.979959839195493	13.0	0.0	-0.0074113874462920235	-2.3004779838112763	0.13444023407216163	13.894249965264375	29.843999701560005
932	15269888	10	4.9	5.412023651093923	12.0	0.0	10	8.7	4.859012245302537	14.0	0.0	-0.008784762534251537	-2.3074470234493876	0.10085589468670336	13.342249966644374	20.972999790270002
936	15335424	10	5.4	5.425863986500215	14.0	0.0	10	5.2	5.6	13.0	0.0	-0.007076596869582771	-2.3449087215007527	0.1256598654693103	11.57649997105875	28.350999716490005
940	15400960	10	5.8	5.81033561853358	12.0	0.0	10	9.5	4.201190307520001	13.0	1.0	-0.0076332432234197875	-2.2985304914504106	0.10427401617324955	13.23349996691625	29.339999706600004
944	15466496	10	9.4	6.280127387243033	16.0	0.0	10	10.6	4.983974317750845	17.0	0.0	-0.008242982083528881	-2.2779119956107374	0.12455139451449347	12.316999969207501	33.1499996685
948	15532032	10	7.5	4.780167361086848	12.0	0.0	10	6.5	5.239274758971894	13.0	0.0	-0.008780964611706587	-2.294917826612155	0.11712434176532538	12.413249968966875	24.468999755310005
952	15597568	10	7.2	5.723635208501674	13.0	0.0	10	11.5	3.442382895611701	15.0	2.0	-0.007773939582369134	-2.245864125355585	0.1477352148932182	12.7649999680875	28.819999711800005
956	15663104	10	8.9	5.448853090330111	14.0	0.0	10	8.5	5.554277630799526	15.0	0.0	-0.008485596570330736	-2.2408461320052844	0.13378725688442228	12.916249967709376	32.63499967365
960	15728640	10	7.5	5.73149195236284	13.0	0.0	10	6.2	5.96322060635023	17.0	0.0	-0.008365320707867097	-2.230609963105225	0.13216740489181503	12.6489999683775	27.060999729390005
964	15794176	10	8.2	5.2115256883181535	13.0	0.0	10	5.5	5.352569476429054	13.0	0.0	-0.00779335782296955	-2.292225541929049	0.10445989768174448	13.298749966753126	31.089999689100004
968	15859712	10	5.2	5.844655678480984	14.0	0.0	10	6.3	5.158488150611572	12.0	0.0	-0.007975577225582314	-2.2539485591288964	0.1346063435247893	13.261749966845624	28.352999716470006
972	15925248	10	6.6	5.0635955604688645	12.0	0.0	10	11.9	3.014962686336267	16.0	4.0	-0.008235102972069835	-2.2991550363688824	0.09758380927525966	13.189999967024999	27.546999724530004
976	15990784	10	4.9	5.223983154643591	12.0	0.0	10	6.7	6.017474553332153	17.0	0.0	-0.007715480660817465	-2.301671315986566	0.1302703573077571	12.773999968065	30.667999693320006
980	16056320	10	5.6	5.141984052872976	13.0	0.0	10	8.2	5.2306787322488075	14.0	1.0	-0.007772831611670358	-2.293200671433946	0.10895948584298269	12.725999968185	19.260999807390004
984	16121856	10	4.7	5.367494760127857	12.0	0.0	10	7.8	5.055689863905815	13.0	0.0	-0.008837358149613618	-2.289615424732284	0.12720879802397012	12.945999967635	30.219999697800002
988	16187392	10	6.1	5.3563046963368315	12.0	0.0	10	6.5	6.135959582656978	14.0	0.0	-0.007667150779333068	-2.300599368670349	0.12039712171057904	12.398999969002501	31.266999687330003
992	16252928	10	9.3	5.0803543183522155	16.0	0.0	10	7.9	5.752390807307862	14.0	0.0	-0.007643277021201898	-2.32592674817255	0.10840849196961277	12.115249969711876	30.243999697560003
996	16318464	10	5.1	5.664803615307419	13.0	0.0	10	8.0	5.761944116355173	16.0	0.0	-0.00927321132040068	-2.3128799520507224	0.10585758639949065	12.247499969381249	30.998999690010002
1000	16384000	10	8.3	5.459853477887479	13.0	0.0	10	10.0	5.138093031466052	14.0	0.0	-0.007764447566942834	-2.31183264132101	0.10853210610448775	13.123749967190626	19.255999807440002
1004	16449536	10	6.3	5.158488150611572	13.0	0.0	10	9.4	4.498888751680798	13.0	0.0	-0.007783047727973027	-2.282492426296734	0.12386451353736158	13.153999967115	13.518999864810002
1008	16515072	10	9.6	4.1036569057366385	13.0	1.0	10	7.4	5.4808758424178885	13.0	0.0	-0.00775246099187409	-2.329873203988567	0.11779369575607124	12.93599996766	29.577999704220005
1012	16580608	10	9.6	4.409081537009721	14.0	0.0	10	7.9	5.337602458033007	14.0	0.0	-0.006664116475716044	-2.2858862551652464	0.1217201336470611	13.102999967242502	8.971999910280001
1016	16646144	10	7.3	5.478138369920935	15.0	0.0	10	9.6	4.7791212581394085	16.0	1.0	-0.007644385387227706	-2.2983181399693127	0.1416672090852212	13.053749967365626	27.835999721640004
1020	16711680	10	8.6	4.608687448721165	13.0	1.0	10	7.9	5.906775770248943	15.0	0.0	-0.007325696952188357	-2.240769391025144	0.0991349191844885	12.028249969929375	33.036999669630006
1024	16777216	10	6.1	5.734980383575867	13.0	0.0	10	8.6	6.036555309114628	17.0	0.0	-0.008214503399715346	-2.275707078239694	0.08819851782806387	12.607249968481876	22.67599977324
1028	16842752	10	9.7	4.94064773081425	14.0	0.0	10	5.4	5.553377350765928	15.0	0.0	-0.007553118755642198	-2.2865470546088993	0.12271791838849046	13.479999966300001	26.405999735940004
1032	16908288	10	4.8	5.912698199637793	13.0	0.0	10	6.1	5.5578772926361015	13.0	0.0	-0.008676491904837281	-2.2713083249944805	0.09680625814712208	13.06749996733125	33.009999669900004
1036	16973824	10	3.9	4.928488612140643	12.0	0.0	10	11.4	3.1999999999999997	16.0	3.0	-0.007441875885416263	-2.271617196263674	0.11797415056433976	12.3909999690225	23.736999762630003
1040	17039360	10	6.1	5.734980383575867	13.0	0.0	10	7.7	5.568662316930341	13.0	0.0	-0.007676613043368687	-2.246764545405318	0.11670648282109443	12.938749967653125	30.461999695380005
1044	17104896	10	3.8	4.770744176750625	11.0	0.0	10	9.7	4.94064773081425	14.0	0.0	-0.008639529664236603	-2.2737675778682807	0.10545581543185278	12.329749969175626	31.755999682440006
1048	17170432	10	2.6	4.223742416388575	11.0	0.0	10	5.6	5.782732917920384	14.0	0.0	-0.008296166766482644	-2.2748189243291494	0.09781674232556736	12.22849996942875	30.779999692200008
1052	17235968	10	8.4	5.370288632839021	14.0	0.0	10	7.1	5.430469592954186	12.0	0.0	-0.0077336470632092145	-2.318514935430771	0.10712471327715084	13.390249966524376	28.527999714720004
1056	17301504	10	6.5	5.06458290484024	13.0	0.0	10	7.1	5.223983154643591	12.0	0.0	-0.008602637867032218	-2.332066667333707	0.07952798343366473	12.647249968381875	32.434999675650005
1060	17367040	10	5.9	5.127377497317708	11.0	0.0	10	6.1	5.575840743780259	12.0	0.0	-0.007753032142420148	-2.324488346533238	0.08218574821869006	12.40349996899125	29.925999700740004
1064	17432576	10	9.1	5.243090691567332	14.0	0.0	10	7.8	5.929586832149437	16.0	0.0	-0.007444903806706239	-2.357080906384033	0.09998212602345011	12.6529999683675	33.755999662440004
1068	17498112	10	7.1	5.204805471869242	12.0	0.0	10	7.4	5.0635955604688645	14.0	2.0	-0.008836185569623893	-2.3289329158820644	0.08209651556407814	12.137999969655	30.840999691590007
1072	17563648	10	6.2	5.455272678794342	12.0	0.0	10	6.7	6.512296062065975	17.0	0.0	-0.0074102489881181875	-2.318239656345958	0.125130936179935	12.59649996850875	29.625999703740007
1076	17629184	10	6.9	5.448853090330111	12.0	0.0	10	9.9	3.9102429592034307	13.0	0.0	-0.00838551628510042	-2.3061891021909102	0.10632202823625388	12.654749968363125	24.027999759720004
1080	17694720	10	8.8	4.955804677345546	13.0	0.0	10	6.1	5.3376024580330075	12.0	0.0	-0.008295974516279944	-2.363086094212743	0.08506537169728949	12.141499969646251	30.740999692590005
1084	17760256	10	8.0	4.6475800154489	11.0	0.0	10	7.2	5.74108003776293	14.0	0.0	-0.007394747470685974	-2.2667123871667365	0.11292769203804053	13.250499966873749	28.447999715520005
1088	17825792	10	7.1	5.412023651093923	12.0	0.0	10	9.8	4.467661580737736	13.0	0.0	-0.007621614355042533	-2.243015053137941	0.12665015838031446	12.615249968461875	27.441999725580004
1092	17891328	10	4.3	6.245798587850877	15.0	0.0	10	9.0	5.761944116355173	14.0	0.0	-0.007429315790264598	-2.223809761074003	0.13568721267843958	12.082249969794375	17.903999820960003
1096	17956864	10	4.5	5.200961449578338	14.0	0.0	10	8.2	5.192301994298868	13.0	0.0	-0.007963718411478624	-2.267583985887196	0.09979142934441428	12.465749968835626	29.055999709440005
1100	18022400	10	9.9	4.592385001282014	14.0	0.0	10	6.2	5.827520913733386	13.0	0.0	-0.007124923894041147	-2.3065543544870017	0.10779771770314284	13.057749967355626	25.643999743560002
1104	18087936	10	2.9	4.72122865364515	13.0	0.0	10	6.6	6.232174580353153	14.0	0.0	-0.007713125346026508	-2.2731742334978184	0.09088190519856447	12.8809999677975	28.301999716980003
1108	18153472	10	7.3	5.23545604508337	13.0	0.0	10	6.3	6.372597586541928	15.0	0.0	-0.00828967696881339	-2.3012680160588963	0.0722400911930825	13.565749966085624	17.01499982985
1112	18219008	10	6.3	5.496362433464518	14.0	0.0	10	6.3	5.797413216254298	13.0	0.0	-0.0071926576964350475	-2.2797618729481592	0.10291498083480555	12.50549996873625	30.426999695730004
1116	18284544	10	6.3	5.197114584074513	13.0	0.0	10	5.8	5.653317610041028	14.0	0.0	-0.007404774518804739	-2.317697696146341	0.11989872424079995	12.5629999685925	30.143999698560002
1120	18350080	10	4.4	6.086049621881176	17.0	0.0	10	6.1	5.629387178015028	14.0	0.0	-0.008125343002638495	-2.2845789738103193	0.09518275024774855	13.832999965417498	28.706999712930006
1124	18415616	10	8.7	5.404627646748664	15.0	0.0	10	8.1	6.394528911499267	17.0	0.0	-0.006918458301280175	-2.281338681539679	0.10705196441122619	12.884249967789376	27.137999728620006
1128	18481152	10	8.2	5.436910887627275	14.0	0.0	10	7.6	5.10294032886923	14.0	0.0	-0.008571586825399458	-2.240648130342415	0.09940760690304275	13.235999966909999	28.733999712660005
1132	18546688	10	9.9	4.414748010928823	15.0	0.0	10	4.9	5.821511831131154	13.0	0.0	-0.008082856173503008	-2.25855648494082	0.10171933075284853	12.895999967760002	30.077999699220005
1136	18612224	10	6.2	5.844655678480984	13.0	0.0	10	8.3	5.514526271584895	14.0	0.0	-0.006934956476960956	-2.2785736022006216	0.09153888004964982	12.031249969921875	21.452999785470002
1140	18677760	10	6.3	5.950630218724736	13.0	0.0	10	6.8	5.912698199637793	13.0	0.0	-0.0074510418554806284	-2.284108909229928	0.11556090642270452	12.325999969185	27.287999727120006
1144	18743296	10	3.2	4.728636167014756	14.0	0.0	10	10.3	3.769615364994153	14.0	2.0	-0.008237445820720082	-2.2828833061065494	0.11373965642782402	12.81549996796125	29.284999707150003
1148	18808832	10	8.4	5.370288632839021	14.0	0.0	10	7.0	5.118593556827891	13.0	0.0	-0.00805881946059981	-2.31842560545295	0.08175600528796738	13.160749967098125	18.21699981783
1152	18874368	10	7.1	5.107837115648853	12.0	0.0	10	7.1	5.629387178015028	13.0	0.0	-0.007016597626591682	-2.2592854422957664	0.10195037205417674	12.94649996763375	28.593999714060004
1156	18939904	10	8.2	5.491812087098393	15.0	0.0	10	6.9	5.7870545184921145	13.0	0.0	-0.007422055745170473	-2.2566609380278706	0.0954696400922927	12.675749968310626	29.852999701470008
1160	19005440	10	7.4	5.083306010855534	13.0	0.0	10	4.1	5.629387178015028	13.0	0.0	-0.0075547616050256694	-2.2985730938702593	0.09806501200798116	13.020499967448748	18.84799981152
1164	19070976	10	9.7	3.716180835212409	13.0	1.0	10	9.6	4.923413450036469	14.0	0.0	-0.008031728831835401	-2.2321085455675385	0.11325261682489225	12.788499968028749	21.537999784620002
1168	19136512	10	6.1	5.974110812497538	14.0	0.0	10	6.4	6.468384651518493	15.0	0.0	-0.008130900757413425	-2.2509395999351858	0.10774211343807719	12.237749969405623	31.451999685480008
1172	19202048	10	6.0	5.674504383644443	14.0	0.0	10	3.3	4.62709412050371	13.0	0.0	-0.008341637157819857	-2.26790793464799	0.11715039601881393	12.39949996900125	29.216999707830002
1176	19267584	10	6.3	5.3113086899558	13.0	0.0	10	8.5	5.220153254455275	13.0	0.0	-0.007618744570627986	-2.2766207081688234	0.12905640052839362	12.119749969700624	19.86199980138
1180	19333120	10	7.0	5.549774770204643	13.0	0.0	10	7.8	5.509990925582365	14.0	0.0	-0.007217983442848562	-2.311086182552243	0.10321274860463028	13.01449996746375	28.110999718890007
1184	19398656	10	7.4	5.0635955604688645	12.0	0.0	10	9.4	4.758150901348127	13.0	0.0	-0.006678768784606046	-2.2944175772462416	0.11022981064953313	12.384499969038751	31.66699968333001
1188	19464192	10	3.6	4.862098312457287	11.0	0.0	10	5.6	6.16765757804371	16.0	0.0	-0.007141092565854808	-2.2732620187219292	0.11935666050915622	12.347249969131877	30.389999696100006
1192	19529728	10	7.5	5.426785420486054	14.0	0.0	10	9.6	5.083306010855534	15.0	1.0	-0.008922884091872559	-2.306493416188306	0.09654223584185223	12.270749969323125	23.349999766500005
1196	19595264	10	5.3	5.797413216254298	15.0	0.0	10	10.6	4.363484845854286	17.0	2.0	-0.008512113543194349	-2.2825506252652974	0.10566492932524058	12.291249969271876	20.096999799030005
1200	19660800	10	6.6	5.332916650389354	13.0	0.0	10	6.6	5.71314274283428	14.0	0.0	-0.006504996312822459	-2.2679481429479402	0.1089151153848364	13.692249965769374	27.690999723090002
1204	19726336	10	6.7	5.797413216254298	14.0	0.0	10	8.7	4.94064773081425	14.0	0.0	-0.008026022172162592	-2.2405106000751904	0.1332320889008836	11.674749970813124	33.610999663890006
1208	19791872	10	4.7	5.568662316930341	12.0	0.0	10	6.5	5.004997502496879	12.0	0.0	-0.008256314713181428	-2.2303344704371018	0.12823374335249632	12.782499968043751	29.852999701470008
1212	19857408	10	2.7	4.428317965096906	12.0	0.0	10	6.7	6.1489836558572835	17.0	0.0	-0.008275157021718974	-2.25534094349892	0.11359350172550862	12.491249968771877	34.521999654780004
1216	19922944	10	4.1	5.048762224545736	12.0	0.0	10	10.2	5.035871324805669	15.0	0.0	-0.007851785773194977	-2.241454022392597	0.11029511440638176	12.53599996866	27.121999728780004
1220	19988480	10	6.1	5.028916384272063	11.0	0.0	10	7.6	5.499090833947008	14.0	0.0	-0.00835091612108064	-2.3053911450090627	0.10165770312022707	13.5009999662475	24.911999750880003
1224	20054016	10	5.2	5.635601121442148	13.0	0.0	10	4.8	4.853864439804639	13.0	0.0	-0.0074189424114140725	-2.2470910745505246	0.10836574965735228	12.629749968425626	32.06199967938
1228	20119552	10	6.3	5.967411499134277	14.0	0.0	10	9.3	4.712748667179271	13.0	0.0	-0.007673172776583523	-2.2004258729708877	0.13721924754913797	12.990999967522502	31.76299968237001
1232	20185088	10	6.2	5.114684741017769	12.0	0.0	10	5.5	5.661271941887264	14.0	0.0	-0.007735151988327507	-2.2685167811931457	0.11982485933999017	12.745749968135625	33.57399966426
1236	20250624	10	8.3	4.69148164229596	12.0	0.0	10	6.5	5.5901699437494745	14.0	0.0	-0.00857217281162309	-2.316514812168574	0.1015068044547426	12.466249968834376	23.285999767140005
1240	20316160	10	9.9	4.134005321718878	14.0	1.0	10	7.6	5.902541825349483	14.0	0.0	-0.008554031693184047	-2.254965228104144	0.10106960135856229	12.934999967662499	29.805999701940006
1244	20381696	10	5.2	4.915282290977803	11.0	0.0	10	8.8	5.635601121442148	14.0	0.0	-0.00744559238393222	-2.2341309286810302	0.10982914147530602	12.447749968880625	22.470999775290004
1248	20447232	10	7.0	5.347896782848375	12.0	0.0	10	7.9	5.752390807307862	14.0	0.0	-0.007727246005544335	-2.2741433503841746	0.0952962974064747	12.078499969803753	29.444999705550003
1252	20512768	10	5.8	5.230678732248808	11.0	0.0	10	7.7	5.831809324729333	15.0	0.0	-0.008259624494155411	-2.2860176834069623	0.12463205337467925	12.76949996807625	29.425999705740004
1256	20578304	10	7.5	5.661271941887264	15.0	0.0	10	9.4	5.96992462263972	17.0	0.0	-0.007915861595781016	-2.2641014727578477	0.0917215353791364	12.088249969779378	30.187999698120002
1260	20643840	10	8.3	5.496362433464518	14.0	0.0	10	8.2	5.793099343184096	15.0	0.0	-0.008160351119900383	-2.245938626194493	0.07854008572910176	12.858999967852501	21.623999783760002
1264	20709376	10	8.0	5.272570530585627	13.0	0.0	10	7.5	5.554277630799526	13.0	0.0	-0.007324578974622543	-2.2680672206105545	0.1276590519762178	12.254749969363127	31.926999680730006
1268	20774912	10	3.1	4.805205510693586	14.0	0.0	10	10.0	4.0743097574926725	13.0	2.0	-0.00814642385654858	-2.31098766352502	0.07268928665841914	13.079249967301875	31.024999689750004
1272	20840448	10	4.1	4.825971404805461	11.0	0.0	10	8.2	6.47765389628066	16.0	0.0	-0.008196930269206117	-2.256575345757982	0.08986843632529339	12.9529999676175	32.1499996785
1276	20905984	10	8.7	4.267317658670374	13.0	1.0	10	5.3	5.177837386399847	13.0	0.0	-0.007419631012893246	-2.296991648534082	0.10859581667885224	12.236249969409375	29.915999700840004
1280	20971520	10	6.1	5.39351462406472	13.0	0.0	10	6.2	5.878775382679628	14.0	0.0	-0.0069746854198466934	-2.293778538464983	0.0875479658819188	12.580249968549374	31.441999685580004
1284	21037056	10	3.8	5.3999999999999995	13.0	0.0	10	7.1	5.61159513863928	12.0	0.0	-0.007951070970881128	-2.2879445451101574	0.10585140331011332	12.345499969136252	31.665999683340004
1288	21102592	10	3.8	5.230678732248808	12.0	0.0	10	9.8	4.749736834815167	14.0	0.0	-0.008101305746463795	-2.296297607083336	0.0832208336321872	12.833499967916252	31.206999687930004
1292	21168128	10	3.0	4.604345773288535	12.0	0.0	10	4.6	5.44426303552648	12.0	0.0	-0.007882333143937907	-2.240904507304255	0.10966682184586982	12.340249969149374	30.604999693950006
1296	21233664	10	7.4	5.219195340279955	12.0	0.0	10	8.3	6.450581369148055	15.0	0.0	-0.008836178656251501	-2.240966143474	0.1121890375972277	12.748999968127501	30.231999697680003
1300	21299200	10	4.5	4.695742752749559	12.0	0.0	10	6.8	5.775811631277461	14.0	0.0	-0.008115841351418997	-2.218621546792349	0.1236423764559479	12.77599996806	30.387999696120005
1304	21364736	10	6.8	5.96322060635023	16.0	0.0	10	9.6	4.1521078984053394	13.0	0.0	-0.0071584369281300735	-2.228603320585006	0.1280674474025231	12.972749967568127	31.677999683220005
1308	21430272	10	4.2	4.578209256903839	11.0	0.0	10	9.9	4.52658811910251	14.0	1.0	-0.007458216469918435	-2.1873398023552104	0.14114249787220123	13.475249966311875	24.778999752210005
1312	21495808	10	8.2	4.975942121849892	12.0	0.0	10	8.9	5.6471231613982	17.0	0.0	-0.0072663690005669475	-2.246848910812935	0.1110199106120653	12.411999968970001	28.337999716620004
1316	21561344	10	4.2	5.4	13.0	0.0	10	7.0	5.347896782848375	12.0	0.0	-0.007692325772149141	-2.135751922702839	0.09488557491549653	13.027499967431252	30.892999691070006
1320	21626880	10	4.8	5.30659966456864	12.0	0.0	10	10.2	4.935585071701227	14.0	0.0	-0.007859006661510546	-2.2028391756306247	0.12447855814305193	12.547249968631876	22.589999774100004
1324	21692416	10	4.3	5.532630477449222	14.0	0.0	10	6.7	5.984145720150872	15.0	0.0	-0.006738572101823181	-2.235765255754752	0.08966786910156174	13.042249967394374	29.311999706880005
1328	21757952	10	4.6	5.238320341483518	11.0	0.0	10	6.6	5.141984052872976	12.0	0.0	-0.007868501446651377	-2.2559972626601072	0.10677687031035982	12.973749967565624	28.233999717660005
1332	21823488	10	5.6	5.8	15.0	0.0	10	8.5	5.352569476429054	12.0	0.0	-0.007894436558759326	-2.2785910688450657	0.08834884811514213	12.947749967630626	29.601999703980006
1336	21889024	10	5.5	5.371219600798314	13.0	0.0	10	7.7	5.728001396647874	13.0	0.0	-0.007590216394538105	-2.3052641026757907	0.07536271648317341	13.14049996714875	29.340999706590004
1340	21954560	10	6.3	5.550675634551167	12.0	0.0	10	5.2	5.844655678480984	14.0	0.0	-0.00761047263385537	-2.2258533187375487	0.11232121481631921	13.1209999671975	29.828999701710007
1344	22020096	10	5.8	5.4	14.0	0.0	10	7.2	5.706137047074843	13.0	0.0	-0.007110042307600151	-2.277886559328582	0.10191521241509756	13.59549996601125	28.033999719660002
1348	22085632	10	6.1	5.374941860150675	14.0	0.0	10	8.5	6.135959582656978	16.0	0.0	-0.0075338743837502315	-2.3053001759035108	0.09903900122480094	13.3609999665975	28.846999711530007
1352	22151168	10	2.7	4.220189569201839	11.0	0.0	10	10.3	4.817675788178362	15.0	0.0	-0.008799112778123237	-2.2736880454039436	0.08413674557326001	13.14799996713	22.359999776400002
1356	22216704	10	10.7	3.3778691508109073	14.0	1.0	10	7.1	5.664803615307418	14.0	0.0	-0.007551560851851203	-2.2350402794933704	0.10968364696428064	12.712499968218749	31.068999689310004
1360	22282240	10	6.9	5.448853090330111	12.0	0.0	10	5.0	5.385164807134504	12.0	0.0	-0.008768117168373554	-2.273766490083514	0.10382948810860533	12.6029999684925	28.037999719620004
1364	22347776	10	9.6	3.6660605559646724	13.0	1.0	10	8.4	5.535341001239218	13.0	0.0	-0.007819820623903411	-2.2856318004531997	0.1231534363728875	13.237999966904999	17.836999821630002
1368	22413312	10	5.7	5.814636704042653	16.0	0.0	10	6.1	5.430469592954186	12.0	0.0	-0.0076943119121267506	-2.2758779399209783	0.07870303993845719	12.141499969646251	25.787999742120004
1372	22478848	10	4.9	5.821511831131154	13.0	0.0	10	6.1	6.139218191268331	13.0	0.0	-0.008854921050126441	-2.2134636091867104	0.08003485120464884	12.159249969601875	29.549999704500006
1376	22544384	10	2.8	4.214261501141095	11.0	0.0	10	6.1	5.068530358989674	13.0	1.0	-0.007945343632936783	-2.20322463638482	0.12148590407931434	13.8709999653225	28.165999718340004
1380	22609920	10	8.5	5.426785420486054	14.0	0.0	10	7.2	5.706137047074843	13.0	0.0	-0.007065077345509191	-2.2378918526225684	0.08239532955840004	13.38049996654875	30.591999694080005
1384	22675456	10	6.9	6.204030947698439	16.0	0.0	10	9.8	5.035871324805669	15.0	0.0	-0.007921747748477509	-2.1449656037242053	0.10584914888860127	13.069999967325	16.622999833770002
1388	22740992	10	6.1	5.923681287847954	13.0	0.0	10	7.1	5.629387178015028	13.0	0.0	-0.007603278504086584	-2.203389917581238	0.08420975664529448	13.161499967096251	12.360999876390002
1392	22806528	10	5.9	5.734980383575867	13.0	0.0	10	9.9	4.036087214122113	13.0	1.0	-0.007438838170687338	-2.242748468880684	0.08906225079208477	12.833749967915626	30.439999695600005
1396	22872064	10	1.9	3.176476034853718	11.0	0.0	10	4.4	4.651881339845203	12.0	0.0	-0.008473928562152159	-2.165267809999938	0.09225781439463403	12.851249967871876	28.175999718240003
1400	22937600	10	7.2	5.30659966456864	12.0	0.0	10	9.9	4.158124577258358	14.0	0.0	-0.00711216789373074	-2.1829835348040834	0.10222058567550668	12.834999967912502	21.904999780950003
1404	23003136	10	3.0	4.358898943540674	12.0	0.0	10	11.0	3.7416573867739413	17.0	1.0	-0.008075078089928083	-2.1931319557329347	0.11066223641015213	11.904249970239377	25.168999748310004
1408	23068672	10	7.3	5.675385449465085	15.0	0.0	10	7.4	5.678027826631356	13.0	0.0	-0.008636551942203521	-2.2356598300393165	0.10159085860659423	13.525249966186877	28.581999714180004
1412	23134208	10	6.1	5.3188344587888805	12.0	0.0	10	8.3	6.1163714733492105	16.0	0.0	-0.006843554596237352	-2.212261368600555	0.11862903312165125	13.02649996743375	29.990999700090004
1416	23199744	10	5.0	5.549774770204643	12.0	0.0	10	9.0	4.494441010848846	13.0	0.0	-0.007933799507637852	-2.216654687888987	0.10092268879250187	12.263499969341249	30.462999695370005
1420	23265280	10	8.1	5.107837115648854	12.0	0.0	10	8.7	5.532630477449222	13.0	0.0	-0.008440328804711779	-2.2065986442254197	0.12375826422232936	13.185999967035	30.753999692460006
1424	23330816	10	4.5	5.315072906367325	11.0	0.0	10	8.8	5.509990925582365	16.0	0.0	-0.007691534400193998	-2.2158665133194617	0.09751541539010879	13.205999966984999	22.24099977759
1428	23396352	10	5.0	5.796550698475776	14.0	0.0	10	7.7	4.879549159502341	13.0	0.0	-0.007810662419711139	-2.2117015046557644	0.1166095083923614	13.350499966623751	21.414999785850004
1432	23461888	10	7.1	5.838664230798	15.0	0.0	10	10.9	3.7	13.0	0.0	-0.008631233857472376	-2.202845307458455	0.12636463358302882	12.127749969680623	15.888999841110001
1436	23527424	10	1.9	3.269556544854363	11.0	0.0	10	3.1	4.036087214122113	11.0	0.0	-0.007657802570783678	-2.175829641294328	0.10180486403897403	12.405999968984998	30.505999694940005
1440	23592960	10	4.5	5.333854141237834	14.0	0.0	10	8.8	4.556314299957807	13.0	0.0	-0.006657660761057572	-2.2439254097786616	0.11048435131489225	12.767249968081876	29.797999702020004
1444	23658496	10	4.8	5.528109984434102	13.0	0.0	10	7.6	6.1838499334961226	16.0	0.0	-0.007016756029039564	-2.277838311852168	0.11848709335247747	13.404249966489376	30.134999698650006
1448	23724032	10	5.1	5.906775770248943	14.0	0.0	10	9.7	4.172529209005013	12.0	0.0	-0.009283123704278097	-2.2526226438718986	0.0954313969605846	11.899249970251875	22.147999778520003
1452	23789568	10	9.0	5.916079783099616	14.0	0.0	10	10.8	2.7129319932501073	13.0	3.0	-0.008124110137701965	-2.270211351178041	0.08700495604295469	12.128249969679377	27.903999720960005
1456	23855104	10	6.0	5.830951894845301	13.0	0.0	10	11.0	4.857983120596447	17.0	1.0	-0.008802120150896254	-2.2577927681438656	0.08517590529019003	11.904749970238127	23.795999762040005
1460	23920640	10	5.9	5.52177507691141	15.0	0.0	10	10.6	3.6110940170535577	13.0	0.0	-0.00863670267336676	-2.2607162666946117	0.09854985791939377	12.355749969110626	19.128999808710006
1464	23986176	10	6.1	5.734980383575867	13.0	0.0	10	8.9	6.122907805936653	17.0	0.0	-0.007437458239244887	-2.249097987775172	0.09437441964582018	12.903499967741249	30.120999698790005
1468	24051712	10	3.8	5.015974481593781	12.0	0.0	10	11.1	3.8845849199110067	15.0	0.0	-0.007486080585121515	-2.246434901917422	0.10411254761742601	12.623249968441874	30.088999699110005
1472	24117248	10	6.0	6.04979338490167	14.0	0.0	10	8.5	5.408326913195984	14.0	0.0	-0.0061711979984707165	-2.2492453056217725	0.10901092170223034	12.323749969190626	26.891999731080002
1476	24182784	10	7.2	4.749736834815167	11.0	0.0	10	6.0	5.621387729022079	13.0	0.0	-0.007076058633043638	-2.20991283383794	0.11290069024144261	12.549249968626876	30.561999694380006
1480	24248320	10	3.3	4.075536774462966	11.0	0.0	10	8.2	5.827520913733386	14.0	0.0	-0.00726861838651	-2.2683013228199393	0.10797878272172322	12.259249969351877	32.796999672030005
1484	24313856	10	4.1	4.805205510693585	12.0	0.0	10	8.6	4.63033476111609	14.0	1.0	-0.007558010088482081	-2.284956445058589	0.0832494698999034	12.474999968812499	30.073999699260007
1488	24379392	10	5.9	5.52177507691141	12.0	0.0	10	7.9	5.107837115648853	13.0	0.0	-0.007580893302594396	-2.331436775381894	0.10066847296469573	12.217249969456875	33.90299966097
1492	24444928	10	5.7	5.367494760127858	14.0	0.0	10	10.4	3.52703841770968	13.0	0.0	-0.007764536622238703	-2.24937321470592	0.07991488952288558	12.732249968169375	22.417999775820004
1496	24510464	10	4.0	4.878524367060187	12.0	0.0	10	7.6	5.678027826631356	14.0	0.0	-0.0080722502477712	-2.2924441295461055	0.10225045136663144	13.154249967114374	29.842999701570005
1500	24576000	10	5.4	5.102940328869229	13.0	0.0	10	7.3	5.831809324729334	14.0	0.0	-0.008210476266315679	-2.2753169484549916	0.09347935939630912	12.127749969680625	32.627999673720005
1504	24641536	10	5.3	5.532630477449222	13.0	0.0	10	9.1	5.223983154643591	14.0	0.0	-0.007630057986224932	-2.2890594028035545	0.11447201761155995	12.890249967774373	30.116999698830007
1508	24707072	10	5.2	6.4156059729381765	15.0	0.0	10	8.9	4.548626166217663	12.0	1.0	-0.007253670398467165	-2.1816925975394574	0.11690675171116137	13.0289999674275	32.55699967443001
1512	24772608	10	7.5	5.852349955359813	15.0	0.0	10	7.2	5.344155686354955	12.0	0.0	-0.0068734815036314975	-2.2237068064677987	0.10882481147643316	12.344749969138125	25.038999749610007
1516	24838144	10	6.1	5.3376024580330075	12.0	0.0	10	11.8	4.190465367951393	16.0	0.0	-0.007110724165479276	-2.2225872946450558	0.1039302570559478	13.288749966778125	23.096999769030006
1520	24903680	10	6.5	5.371219600798314	13.0	0.0	10	11.3	3.63455636907725	15.0	1.0	-0.008467967451327673	-2.233661594257537	0.08924868263461103	12.373749969065624	21.267999787320004
1524	24969216	10	9.2	4.728636167014756	16.0	2.0	10	10.4	4.386342439892261	15.0	2.0	-0.008061315773748037	-2.232879454658295	0.11847696510306426	13.011749967470626	27.227999727720007
