iter	frame	n_test	mean_returns	std_returns	max_returns	min_returns	n_test_train	mean_returns_train	std_returns_train	max_returns_train	min_returns_train	actor_loss	entropy_loss	value_loss	training_time	evaluation_time
0	0	10	4.0	4.898979485566356	10.0	0.0	10	0.0	0.0	0.0	0.0	0	0	0	0.0	37.07499962925001
4	65536	10	2.0	4.0	10.0	0.0	10	4.0	4.898979485566356	10.0	0.0	0.014045988516098026	-2.414430255439707	0.5748724941496751	11.913749970215626	29.167999708320004
8	131072	10	6.0	4.898979485566356	10.0	0.0	10	4.0	4.898979485566356	10.0	0.0	-0.0023303390211365394	-2.4138045233953935	0.4800000371842765	11.9069999702325	25.485999745140006
12	196608	10	4.0	4.898979485566356	10.0	0.0	10	2.0	4.0	10.0	0.0	-0.0021811896850372397	-2.423673366254428	0.45099413995589793	12.633749968415625	23.602999763970004
16	262144	10	4.0	4.898979485566356	10.0	0.0	10	3.0	4.58257569495584	10.0	0.0	-0.0026982256504418716	-2.390376080820313	0.4636800383355514	13.69649996575875	21.156999788430003
20	327680	10	5.0	5.0	10.0	0.0	10	6.0	4.898979485566356	10.0	0.0	-0.002497384069751177	-2.417259764916233	0.5831773888954017	13.620749965948127	15.008999849910003
24	393216	10	6.0	4.898979485566356	10.0	0.0	10	4.0	4.898979485566356	10.0	0.0	-0.002363916834288758	-2.3875849542514915	0.5308590446977172	13.227749966930626	21.355999786440005
28	458752	10	3.0	4.58257569495584	10.0	0.0	10	5.0	5.0	10.0	0.0	-0.0036706283956357403	-2.3936750414460946	0.6058088484520477	13.433999966415001	16.997999830020003
32	524288	10	3.0	4.58257569495584	10.0	0.0	10	4.0	4.898979485566356	10.0	0.0	-0.004820987046921655	-2.415412559853718	0.43753219360274215	12.777249968056877	23.535999764640007
36	589824	10	3.0	4.58257569495584	10.0	0.0	10	5.0	5.0	10.0	0.0	-0.004277153873933269	-2.4479097920093116	0.37927911892307764	12.471749968820625	18.000999819990003
40	655360	10	3.0	4.58257569495584	10.0	0.0	10	4.0	4.898979485566356	10.0	0.0	-0.004799477203763342	-2.4466716272070483	0.4234648852478429	12.19949996950125	24.205999757940003
44	720896	10	3.0	4.58257569495584	10.0	0.0	10	7.0	4.58257569495584	10.0	0.0	-0.005272945395878265	-2.4606781624177883	0.42379430335567586	13.513249966216875	21.070999789290006
48	786432	10	5.0	5.0	10.0	0.0	10	3.0	4.58257569495584	10.0	0.0	-0.005424015439268357	-2.358763046316967	0.4493417512778273	12.952999967617501	23.92299976077
52	851968	10	7.0	4.58257569495584	10.0	0.0	10	3.0	4.58257569495584	10.0	0.0	-0.004456441715613369	-2.3670165362475317	0.3979911785158193	13.1789999670525	19.871999801280005
56	917504	10	4.0	4.898979485566356	10.0	0.0	10	2.3	3.950949253027682	10.0	0.0	-0.00594820820150326	-2.379763734589481	0.3417702790304152	12.937249967656873	20.21099979789
60	983040	10	5.0	5.0	10.0	0.0	10	6.0	4.898979485566356	10.0	0.0	-0.006527040121532786	-2.433710366233991	0.3101534930045188	12.802749967993124	23.299999767000003
64	1048576	10	4.0	4.898979485566356	10.0	0.0	10	4.0	4.898979485566356	10.0	0.0	-0.007233947446825197	-2.4490006513826086	0.31926919625229855	12.5989999685025	23.115999768840002
68	1114112	10	2.0	4.0	10.0	0.0	10	3.0	4.58257569495584	10.0	0.0	-0.004950782705630421	-2.40489408100429	0.3279542183782771	12.382999969042501	23.24299976757
72	1179648	10	5.0	5.0	10.0	0.0	10	4.0	4.898979485566356	10.0	0.0	-0.0068057729724573775	-2.443166481697376	0.2940243842394842	12.54449996863875	23.751999762480004
76	1245184	10	5.0	5.0	10.0	0.0	10	4.0	4.898979485566356	10.0	0.0	-0.0074781791740650425	-2.44411020700506	0.26665739572623265	12.304749969238124	26.361999736380003
80	1310720	10	4.0	4.898979485566356	10.0	0.0	10	5.0	5.0	10.0	0.0	-0.006644241673626024	-2.4538276813851767	0.288192196098249	11.487749971280625	26.33599973664
84	1376256	10	5.0	5.0	10.0	0.0	10	5.0	5.0	10.0	0.0	-0.00694316131727778	-2.44433921053379	0.2712565621389018	11.475749971310625	28.123999718760004
88	1441792	10	3.0	4.58257569495584	10.0	0.0	10	4.0	4.898979485566356	10.0	0.0	-0.0075332745707818154	-2.442106778168605	0.2846197012204979	11.306749971733126	16.98699983013
92	1507328	10	7.0	4.58257569495584	10.0	0.0	10	6.0	4.898979485566356	10.0	0.0	-0.007052848735710437	-2.430925421163538	0.34819753588585933	12.1789999695525	15.727999842720003
96	1572864	10	5.0	5.0	10.0	0.0	10	1.3	3.034798181098703	10.0	0.0	-0.00734783757236537	-2.4494109697571997	0.31179703660165836	11.817249970456874	24.087999759120006
100	1638400	10	3.0	4.58257569495584	10.0	0.0	10	3.0	4.58257569495584	10.0	0.0	-0.006922392011384085	-2.4485652220678817	0.2880216690722095	12.08549996978625	24.727999752720006
104	1703936	10	4.0	4.898979485566356	10.0	0.0	10	3.0	4.58257569495584	10.0	0.0	-0.007378956666029689	-2.455801692845911	0.2503360425792638	12.26799996933	24.702999752970005
108	1769472	10	6.0	4.898979485566356	10.0	0.0	10	4.0	4.898979485566356	10.0	0.0	-0.0076686539715607885	-2.4743637340670266	0.22879598318388958	12.499249968751876	21.538999784610006
112	1835008	10	4.0	4.898979485566356	10.0	0.0	10	4.0	4.898979485566356	10.0	0.0	-0.006895732280594118	-2.4693701711705005	0.25775510908213495	12.418499968953748	18.284999817150002
116	1900544	10	5.0	5.0	10.0	0.0	10	3.0	4.58257569495584	10.0	0.0	-0.00710077785017353	-2.4585304828904113	0.2586397236564553	12.513249968716874	11.095999889040002
120	1966080	10	4.0	4.898979485566356	10.0	0.0	10	3.0	4.58257569495584	10.0	0.0	-0.007673837297068315	-2.396901629615492	0.2889237003099959	13.904249965239375	15.854999841450002
124	2031616	10	2.3	3.950949253027682	10.0	0.0	10	4.0	4.898979485566356	10.0	0.0	-0.0076511495054762185	-2.4038401591260623	0.3006594419787065	14.52149996369625	13.155999868440002
128	2097152	10	4.0	4.898979485566356	10.0	0.0	10	4.3	4.73392015141785	10.0	0.0	-0.007477743909303373	-2.4043121981103117	0.2360933660283623	12.737249968156874	23.879999761200004
132	2162688	10	4.0	4.898979485566356	10.0	0.0	10	5.0	5.0	10.0	0.0	-0.008316374380575179	-2.4206627778670935	0.272722465733839	12.581249968546876	20.000999799990005
136	2228224	10	3.0	4.58257569495584	10.0	0.0	10	2.0	4.0	10.0	0.0	-0.008326788373821102	-2.457855137429908	0.2671223343071741	12.283749969290625	18.962999810370004
140	2293760	10	4.0	4.898979485566356	10.0	0.0	10	7.0	4.58257569495584	10.0	0.0	-0.008001945482722947	-2.449780049168191	0.21394603324688088	11.81149997047125	20.438999795610002
144	2359296	10	4.0	4.898979485566356	10.0	0.0	10	5.0	5.0	10.0	0.0	-0.007347816030680195	-2.4125448363493147	0.26269548461209175	11.748249970629374	20.313999796860003
148	2424832	10	2.0	4.0	10.0	0.0	10	3.0	4.58257569495584	10.0	0.0	-0.007693837151041836	-2.4004204072041286	0.25862906668745556	11.38149997154625	27.755999722440006
152	2490368	10	5.0	5.0	10.0	0.0	10	4.0	4.898979485566356	10.0	0.0	-0.007893181788339742	-2.420483357952231	0.31084061193456847	11.389499971526252	23.142999768570004
156	2555904	10	6.0	4.898979485566356	10.0	0.0	10	5.0	5.0	10.0	0.0	-0.008655441795486092	-2.365555457524412	0.2748344801080043	11.398249971504375	27.260999727390004
160	2621440	10	3.0	4.58257569495584	10.0	0.0	10	7.0	4.58257569495584	10.0	0.0	-0.00826526655302589	-2.3723694232615222	0.23510517270649217	12.141749969645627	21.479999785200004
164	2686976	10	4.0	4.898979485566356	10.0	0.0	10	3.0	4.58257569495584	10.0	0.0	-0.008588045206442732	-2.363381017995061	0.26448028112800637	12.484249968789376	25.656999743430003
168	2752512	10	4.0	4.898979485566356	10.0	0.0	10	3.0	4.58257569495584	10.0	0.0	-0.008021178678744018	-2.379053957512516	0.2356738700906811	12.134249969664374	26.742999732570002
172	2818048	10	5.0	5.0	10.0	0.0	10	6.0	4.898979485566356	10.0	0.0	-0.008932100056254347	-2.3422407853150347	0.2680777337433298	11.959999970100002	19.285999807140005
176	2883584	10	7.0	4.58257569495584	10.0	0.0	10	3.0	4.58257569495584	10.0	0.0	-0.008553969384308364	-2.4031593797087774	0.25905566007925673	12.86749996783125	25.131999748680006
180	2949120	10	3.0	4.58257569495584	10.0	0.0	10	4.3	4.73392015141785	10.0	0.0	-0.006602193718127183	-2.3884368511533283	0.2820820871757185	12.138249969654375	17.830999821690003
184	3014656	10	4.0	4.898979485566356	10.0	0.0	10	7.0	4.58257569495584	10.0	0.0	-0.00759026875475441	-2.42571841651762	0.25711679781902763	13.132249967169376	24.720999752790004
188	3080192	10	1.0	3.0	10.0	0.0	10	4.0	4.898979485566356	10.0	0.0	-0.007115474527853057	-2.351213161899107	0.3019757220827893	12.416749968958126	28.505999714940003
192	3145728	10	2.0	4.0	10.0	0.0	10	4.0	4.898979485566356	10.0	0.0	-0.008864163657852349	-2.4048594084857227	0.2633707217287357	11.184249972039375	18.569999814300004
196	3211264	10	5.0	5.0	10.0	0.0	10	5.0	5.0	10.0	0.0	-0.009423981977537533	-2.352462996794111	0.27046187389929094	12.371749969070624	18.94399981056
200	3276800	10	5.0	5.0	10.0	0.0	10	5.0	5.0	10.0	0.0	-0.008042292583691562	-2.3922131108732603	0.2555644758710783	13.002999967492501	13.508999864910002
204	3342336	10	3.0	4.58257569495584	10.0	0.0	10	6.3	5.21632054229799	13.0	0.0	-0.008435465508561899	-2.4282433214241066	0.24276342923397262	11.371249971571874	20.933999790660003
208	3407872	10	7.0	4.58257569495584	10.0	0.0	10	2.0	4.0	10.0	0.0	-0.007959312629968796	-2.4097481839332175	0.29329668091038424	11.734499970663752	25.775999742240003
212	3473408	10	3.3	4.473253849269008	10.0	0.0	10	4.0	4.898979485566356	10.0	0.0	-0.007985076029477067	-2.405468066282837	0.2423486592926958	11.776999970557501	28.400999715990004
216	3538944	10	3.3	4.473253849269008	10.0	0.0	10	4.0	4.898979485566356	10.0	0.0	-0.007744371874450448	-2.4170159943367615	0.26657325507779694	11.130249972174376	28.068999719310003
220	3604480	10	4.0	4.898979485566356	10.0	0.0	10	3.3	4.473253849269008	10.0	0.0	-0.008664294286979981	-2.394270191340588	0.2588758452836224	11.056999972357499	28.650999713490005
224	3670016	10	2.3	3.9509492530276824	10.0	0.0	10	3.0	4.58257569495584	10.0	0.0	-0.009109512280965643	-2.400459090618584	0.2212863483546142	12.18749996953125	28.74599971254
228	3735552	10	4.0	4.898979485566356	10.0	0.0	10	2.0	4.0	10.0	0.0	-0.007672270790670102	-2.4167505202160133	0.22565281109396473	11.018249972454374	29.257999707420005
232	3801088	10	5.3	4.775981574503821	10.0	0.0	10	4.9	4.323193264243458	10.0	0.0	-0.0077525422594699935	-2.398361461608125	0.22258659201528638	11.797999970505	26.724999732750007
236	3866624	10	5.0	5.0	10.0	0.0	10	7.6	3.746998799039039	10.0	0.0	-0.008695338245468006	-2.3697143542284937	0.2618615571136691	13.05949996735125	23.683999763160006
240	3932160	10	5.0	5.0	10.0	0.0	10	4.0	4.898979485566356	10.0	0.0	-0.007725478219480024	-2.364583251130636	0.2568434149069766	13.05199996737	19.23199980768
244	3997696	10	3.0	4.58257569495584	10.0	0.0	10	4.3	4.73392015141785	10.0	0.0	-0.00701723578506938	-2.3795711942021884	0.23223567813699275	12.16049996959875	23.656999763430004
248	4063232	10	4.0	4.898979485566356	10.0	0.0	10	4.3	5.330103188494571	13.0	0.0	-0.0075862964384194025	-2.3962186473098774	0.2520238288105263	12.8399999679	14.492999855070003
252	4128768	10	6.0	4.898979485566356	10.0	0.0	10	3.0	4.58257569495584	10.0	0.0	-0.00744362837984299	-2.348323916150888	0.2545952742343681	12.495249968761874	23.473999765260004
256	4194304	10	5.3	5.367494760127857	13.0	0.0	10	4.0	4.898979485566356	10.0	0.0	-0.00747960103685122	-2.3694670495902925	0.269831997624741	12.437749968905626	21.527999784720002
260	4259840	10	3.0	4.58257569495584	10.0	0.0	10	3.3	4.473253849269008	10.0	0.0	-0.008105082438977089	-2.3526365978055277	0.27755968564713573	12.077499969806249	22.866999771330004
264	4325376	10	5.3	4.775981574503821	10.0	0.0	10	8.0	4.0	10.0	0.0	-0.008013919019275647	-2.3398896279480503	0.26661525850200984	11.185999972035	27.999999720000005
268	4390912	10	7.3	4.859012245302536	13.0	0.0	10	3.3	4.473253849269008	10.0	0.0	-0.008108704078408321	-2.344473622495099	0.26628355384203606	11.370999971572498	27.673999723260003
272	4456448	10	7.0	4.58257569495584	10.0	0.0	10	4.6	4.5431266766402185	10.0	0.0	-0.00874583383877657	-2.360704781862559	0.2536902849608646	11.364999971587501	22.425999775740003
276	4521984	10	5.0	5.0	10.0	0.0	10	7.3	4.196427051671457	10.0	0.0	-0.007753348976419744	-2.3475327116785873	0.25270890860979905	11.769249970576874	29.774999702250003
280	4587520	10	2.3	3.950949253027682	10.0	0.0	10	5.0	5.0	10.0	0.0	-0.007764771576249296	-2.365766465417476	0.22589904284855997	11.157249972106875	17.726999822730004
284	4653056	10	4.6	5.161395160225576	13.0	0.0	10	4.0	4.898979485566356	10.0	0.0	-0.008418167443204928	-2.4116457127006057	0.19143787660814948	10.897999972755002	31.551999684480005
288	4718592	10	5.3	4.775981574503821	10.0	0.0	10	7.3	4.859012245302536	13.0	0.0	-0.008270269312305983	-2.3696565402065946	0.23233775729997713	10.585999973535001	27.033999729660003
292	4784128	10	4.3	4.73392015141785	10.0	0.0	10	2.0	4.0	10.0	0.0	-0.007522979585523936	-2.306178755817989	0.2711413743002402	11.188249972029375	32.437999675620006
296	4849664	10	3.3	4.473253849269008	10.0	0.0	10	4.6	5.71314274283428	13.0	0.0	-0.007230821620249573	-2.34506995454838	0.26224756160502766	10.397749974005626	26.796999732030006
300	4915200	10	5.0	5.0	10.0	0.0	10	7.3	4.859012245302536	13.0	0.0	-0.007722521144189328	-2.3350822848629442	0.2756747319075896	9.967249975081875	34.21799965782001
304	4980736	10	2.0	4.0	10.0	0.0	10	4.9	4.968903299521938	13.0	0.0	-0.008148782905118453	-2.3202444635398236	0.26496657897131265	11.115749972210626	28.813999711860006
308	5046272	10	1.0	3.0	10.0	0.0	10	4.0	4.898979485566356	10.0	0.0	-0.008225741739556317	-2.3168853692780504	0.28370087932323595	11.105749972235627	21.339999786600004
312	5111808	10	6.3	4.605431575867781	10.0	0.0	10	4.3	4.73392015141785	10.0	0.0	-0.007829680737301333	-2.357807544124887	0.24368949216425148	11.973249970066874	23.967999760320005
316	5177344	10	5.0	5.0	10.0	0.0	10	2.0	4.0	10.0	0.0	-0.009067725044855965	-2.387496885905318	0.2069103768811165	11.252999971867501	26.585999734140003
320	5242880	10	1.3	3.034798181098703	10.0	0.0	10	4.0	4.898979485566356	10.0	0.0	-0.008086580314199779	-2.4259860289549993	0.19060904158156433	11.973749970065624	23.337999766620005
324	5308416	10	3.3	4.473253849269008	10.0	0.0	10	5.0	5.0	10.0	0.0	-0.008341182901596158	-2.383558846761848	0.2073906574492688	10.554499973613751	21.43799978562
328	5373952	10	4.0	4.898979485566356	10.0	0.0	10	5.3	4.775981574503821	10.0	0.0	-0.009529736124849055	-2.40335634077389	0.20148046824844998	11.239749971900624	28.722999712770005
332	5439488	10	5.0	5.0	10.0	0.0	10	7.6	4.476605857119878	13.0	0.0	-0.008061759379182451	-2.3357827089777343	0.22783119058346762	11.445249971386875	29.090999709090006
336	5505024	10	4.0	4.898979485566356	10.0	0.0	10	5.3	5.367494760127857	13.0	0.0	-0.008646131409789695	-2.3384692020761904	0.20980986609111213	10.980999972547501	29.901999700980006
340	5570560	10	6.3	5.21632054229799	13.0	0.0	10	4.3	4.73392015141785	10.0	0.0	-0.008905918461380967	-2.3995693571849532	0.19967110841007327	10.69449997326375	29.502999704970005
344	5636096	10	6.3	5.21632054229799	13.0	0.0	10	5.0	5.0	10.0	0.0	-0.00856877039194411	-2.4242669540105233	0.18645993292252047	10.925999972685002	24.183999758160006
348	5701632	10	4.6	5.161395160225576	13.0	0.0	10	3.0	4.58257569495584	10.0	0.0	-0.0076479175420815695	-2.4219313311040818	0.19981773956149576	11.187749972030627	27.813999721860004
352	5767168	10	4.3	5.330103188494571	13.0	0.0	10	3.3	5.1	13.0	0.0	-0.008163886086911864	-2.439325441662687	0.1697994908141049	10.796999973007502	31.806999681930005
356	5832704	10	4.3	4.73392015141785	10.0	0.0	10	6.0	4.898979485566356	10.0	0.0	-0.00793676013965916	-2.452436655504349	0.16836884910970454	10.314749974213127	25.037999749620003
360	5898240	10	4.6	5.161395160225576	13.0	0.0	10	2.6	3.8781438859330635	10.0	0.0	-0.007422380194672371	-2.4260437560534585	0.19823304608261957	11.297249971756875	30.528999694710006
364	5963776	10	4.0	4.898979485566356	10.0	0.0	10	4.0	4.898979485566356	10.0	0.0	-0.008157360483042535	-2.415862269447921	0.21460402754693939	10.59249997351875	31.192999688070007
368	6029312	10	4.6	4.737087712930804	10.0	0.0	10	2.0	4.0	10.0	0.0	-0.008505610412332769	-2.363279285284074	0.20024742696210993	10.781999973045	22.27299977727
372	6094848	10	4.0	4.898979485566356	10.0	0.0	10	7.0	4.58257569495584	10.0	0.0	-0.0075960146706438615	-2.4009028273306754	0.22192917684264882	11.63599997091	31.676999683230004
376	6160384	10	5.2	4.749736834815167	13.0	0.0	10	5.6	4.521061822182926	10.0	0.0	-0.006877841296238569	-2.365321626019456	0.21194018165235862	11.337249971656874	25.962999740370005
380	6225920	10	3.0	4.58257569495584	10.0	0.0	10	5.3	5.367494760127856	13.0	0.0	-0.008367860007372906	-2.3991329443935876	0.16775347616638717	11.132249972169376	25.346999746530006
384	6291456	10	4.3	4.73392015141785	10.0	0.0	10	6.0	4.898979485566356	10.0	0.0	-0.007339242536993653	-2.39103043551175	0.23334921242101148	11.041499972396249	27.854999721450003
388	6356992	10	6.0	4.898979485566356	10.0	0.0	10	5.0	5.0	10.0	0.0	-0.008032241119884365	-2.394727517911687	0.2130329759259143	11.206749971983125	21.64399978356
392	6422528	10	4.3	4.73392015141785	10.0	0.0	10	5.3	5.367494760127856	13.0	0.0	-0.007344259190927469	-2.398886990794001	0.20491525381221182	11.070749972323126	28.419999715800007
396	6488064	10	5.9	4.437341546466758	10.0	0.0	10	3.3	4.473253849269008	10.0	0.0	-0.007283195971315311	-2.429269194349917	0.18339323545447966	11.69199997077	27.662999723370003
400	6553600	10	2.0	4.0	10.0	0.0	10	5.0	5.0	10.0	0.0	-0.007755005588277041	-2.40658707891668	0.196463899821688	11.617999970955001	26.775999732240003
404	6619136	10	6.0	4.898979485566356	10.0	0.0	10	6.0	4.898979485566356	10.0	0.0	-0.008508532142234038	-2.396027594555177	0.21946324824863434	11.847249970381874	19.021999809780002
408	6684672	10	0.0	0.0	0.0	0.0	10	6.3	4.605431575867782	10.0	0.0	-0.008536628024578274	-2.3913698293261194	0.1913727487548521	12.185749969535625	24.660999753390005
412	6750208	10	3.0	4.58257569495584	10.0	0.0	10	3.3	4.473253849269008	10.0	0.0	-0.008805262515723533	-2.42000876093531	0.17675559919348938	11.936999970157501	25.295999747040003
416	6815744	10	2.3	3.950949253027682	10.0	0.0	10	3.0	4.58257569495584	10.0	0.0	-0.00807050565745976	-2.401327659436268	0.20360838355859132	11.709749970725625	19.782999802170004
420	6881280	10	7.0	4.58257569495584	10.0	0.0	10	4.0	4.898979485566356	10.0	0.0	-0.007461014692864535	-2.405302022643671	0.21056668597874093	12.167749969580626	23.950999760490003
424	6946816	10	6.3	5.21632054229799	13.0	0.0	10	3.3	4.473253849269008	10.0	0.0	-0.008943731873819753	-2.3824413068594366	0.21364309450248667	12.0609999698475	24.572999754270004
428	7012352	10	2.0	4.0	10.0	0.0	10	5.3	4.775981574503821	10.0	0.0	-0.008800148378509611	-2.4009349790694747	0.22367257125829282	12.35599996911	17.951999820480005
432	7077888	10	5.0	5.0	10.0	0.0	10	5.9	4.887739763939975	13.0	0.0	-0.007834078323657567	-2.416308728105457	0.18369927441650402	11.610999970972498	19.825999801740004
436	7143424	10	4.3	4.73392015141785	10.0	0.0	10	7.0	4.58257569495584	10.0	0.0	-0.007696501727985833	-2.3964878467209236	0.22376596335474294	10.728499973178751	31.394999686050003
440	7208960	10	3.0	4.58257569495584	10.0	0.0	10	5.0	5.0	10.0	0.0	-0.008794642103560115	-2.354403999699277	0.19275322694186206	10.878749972803126	30.748999692510004
444	7274496	10	1.0	3.0	10.0	0.0	10	5.3	4.775981574503821	10.0	0.0	-0.008754622561352617	-2.3916198708109264	0.22153668087772546	11.626249970934376	19.930999800690003
448	7340032	10	4.0	4.898979485566356	10.0	0.0	10	4.0	4.898979485566356	10.0	0.0	-0.008901366960630036	-2.3497154387370887	0.1978594129699001	11.5409999711475	16.441999835580003
452	7405568	10	4.0	4.898979485566356	10.0	0.0	10	5.0	5.0	10.0	0.0	-0.00963655526862837	-2.3352086740286504	0.21719748307240525	11.2009999719975	31.082999689170002
456	7471104	10	5.0	5.0	10.0	0.0	10	4.0	4.898979485566356	10.0	0.0	-0.00675207798172778	-2.3384602713135823	0.25308224028444526	10.836749972908123	32.18699967813
460	7536640	10	4.3	4.73392015141785	10.0	0.0	10	3.0	4.58257569495584	10.0	0.0	-0.009310270590746772	-2.417824260638627	0.1820561755258938	10.960749972598125	30.992999690070004
464	7602176	10	6.0	4.898979485566356	10.0	0.0	10	3.6	4.340506882842141	10.0	0.0	-0.008865551629227962	-2.4063489558773	0.18433201435275015	10.527249973681874	31.028999689710005
468	7667712	10	6.3	4.605431575867781	10.0	0.0	10	6.0	4.898979485566356	10.0	0.0	-0.009319858656089527	-2.3650398251930946	0.1576119797760975	11.125249972186875	21.387999786120005
472	7733248	10	4.3	4.73392015141785	10.0	0.0	10	5.3	4.775981574503821	10.0	0.0	-0.009566328921425954	-2.3921863185854364	0.14916402193095188	12.21749996945625	26.809999731900003
476	7798784	10	4.3	4.73392015141785	10.0	0.0	10	6.0	4.898979485566356	10.0	0.0	-0.009058067748776518	-2.351897204670693	0.1973759305147366	12.181999969545	21.490999785090004
480	7864320	10	9.0	3.0	10.0	0.0	10	4.3	4.73392015141785	10.0	0.0	-0.008015349574405852	-2.353301912301022	0.2026578268446026	12.038749969903126	22.269999777300004
484	7929856	10	3.9	4.182104733265296	10.0	0.0	10	2.6	3.8781438859330635	10.0	0.0	-0.009359438633444406	-2.3855827944972647	0.18542442003196163	12.03349996991625	27.240999727590005
488	7995392	10	3.0	4.58257569495584	10.0	0.0	10	4.6	5.161395160225576	13.0	0.0	-0.009120423542258699	-2.3675964596388135	0.1825105276079102	11.876749970308126	20.591999794080003
492	8060928	10	4.0	4.898979485566356	10.0	0.0	10	4.0	4.898979485566356	10.0	0.0	-0.008689087142864219	-2.351539723330163	0.19089277412616554	11.977249970056874	25.498999745010003
496	8126464	10	4.0	4.898979485566356	10.0	0.0	10	5.3	5.367494760127857	13.0	0.0	-0.008726817650616638	-2.3743139577418915	0.22050724114167503	12.317749969205625	21.423999785760003
500	8192000	10	7.6	4.476605857119878	13.0	0.0	10	7.3	4.196427051671457	10.0	0.0	-0.00881749529222068	-2.353857862207472	0.23530389428171175	11.924249970189376	15.277999847220002
504	8257536	10	1.0	3.0	10.0	0.0	10	3.0	4.58257569495584	10.0	0.0	-0.008822614282498328	-2.360686920337343	0.20211495456974377	12.714999968212501	16.092999839070004
508	8323072	10	6.3	4.605431575867782	10.0	0.0	10	6.0	4.898979485566356	10.0	0.0	-0.008586390532415479	-2.3848931786913927	0.15974481177094035	12.334249969164373	19.912999800870004
512	8388608	10	6.0	4.898979485566356	10.0	0.0	10	5.3	5.367494760127856	13.0	0.0	-0.008800898102883375	-2.3556161371399913	0.18203063012377688	12.112249969719377	17.895999821040004
516	8454144	10	3.3	4.473253849269008	10.0	0.0	10	5.6	5.141984052872976	13.0	0.0	-0.009677067254923101	-2.3799086732173445	0.16543951023509343	11.735249970661874	24.127999758720005
520	8519680	10	3.3	4.473253849269008	10.0	0.0	10	4.6	4.5431266766402185	10.0	0.0	-0.007780366891689083	-2.379150899500179	0.22355735982612598	12.27149996932125	25.516999744830002
524	8585216	10	4.9	4.323193264243458	10.0	0.0	10	6.6	4.2708313008125245	10.0	0.0	-0.008681305040535372	-2.3866224261619093	0.19342686621940902	13.2569999668575	21.797999782020003
528	8650752	10	6.6	4.923413450036469	13.0	0.0	10	6.0	4.898979485566356	10.0	0.0	-0.008486556495907292	-2.404302812862287	0.1832603347917733	12.988999967527501	15.676999843230002
532	8716288	10	5.0	5.0	10.0	0.0	10	6.0	4.898979485566356	10.0	0.0	-0.009151216073968094	-2.387135656922748	0.16938500050243108	12.357749969105624	23.569999764300004
536	8781824	10	2.0	4.0	10.0	0.0	10	4.3	4.73392015141785	10.0	0.0	-0.00936969022246576	-2.407868986077623	0.16159421203837354	12.354249969114376	23.798999762010002
540	8847360	10	7.6	3.746998799039039	10.0	0.0	10	5.6	5.695612346359257	13.0	0.0	-0.007492055543305998	-2.3912086658172442	0.19205316301607764	12.974249967564377	21.124999788750003
544	8912896	10	3.3	4.473253849269008	10.0	0.0	10	5.6	5.141984052872976	13.0	0.0	-0.007615490784211135	-2.384989735732392	0.1811441844916648	13.145249967136875	20.689999793100004
548	8978432	10	4.6	4.5431266766402185	10.0	0.0	10	5.9	5.467174773134658	13.0	0.0	-0.00840367188997107	-2.3951785065222255	0.22157037923288012	13.61449996596375	19.680999803190005
552	9043968	10	3.0	4.58257569495584	10.0	0.0	10	5.3	4.775981574503821	10.0	0.0	-0.008916940107439635	-2.41982654208567	0.17962862223378276	13.731249965671875	21.538999784610006
556	9109504	10	6.0	4.898979485566356	10.0	0.0	10	8.0	4.0	10.0	0.0	-0.00810109778019265	-2.4013032016636977	0.19472107265910207	13.408749966478126	16.056999839430002
560	9175040	10	5.0	5.0	10.0	0.0	10	5.3	4.775981574503821	10.0	0.0	-0.008962227510868191	-2.4376859885895152	0.1443499592758604	13.06799996733	20.95799979042
564	9240576	10	3.6	4.340506882842141	10.0	0.0	10	4.3	4.73392015141785	10.0	0.0	-0.009004136083272352	-2.4518549365231435	0.17748707212831985	13.844749965388123	14.899999851000002
568	9306112	10	3.6	4.983974317750845	13.0	0.0	10	8.0	4.0	10.0	0.0	-0.00751048924740323	-2.4345569955753463	0.20545729038028043	14.01349996496625	14.283999857160003
572	9371648	10	4.3	4.73392015141785	10.0	0.0	10	3.3	5.1	13.0	0.0	-0.0087760943245741	-2.4708228779245567	0.15653913016352622	13.132499967168751	20.504999794950002
576	9437184	10	4.3	4.73392015141785	10.0	0.0	10	3.0	4.58257569495584	10.0	0.0	-0.007933370935544528	-2.45714666172102	0.1474698874945806	13.45149996637125	21.612999783870002
580	9502720	10	7.3	4.859012245302536	13.0	0.0	10	6.3	4.605431575867782	10.0	0.0	-0.008964673282789517	-2.4144421242145966	0.16971835306009028	13.393999966515	22.726999772730004
584	9568256	10	7.0	4.58257569495584	10.0	0.0	10	4.0	4.898979485566356	10.0	0.0	-0.008940782920923073	-2.4084365117027926	0.1746036040725226	12.640249968399376	14.155999858440003
588	9633792	10	2.3	3.9509492530276824	10.0	0.0	10	6.3	4.605431575867781	10.0	0.0	-0.008158438288833707	-2.399161606777141	0.18508694513014676	12.604749968488125	22.39699977603
592	9699328	10	3.0	4.58257569495584	10.0	0.0	10	8.3	4.243819034784589	13.0	0.0	-0.008815333534879474	-2.4228835848430217	0.1696544536988789	13.131999967170001	23.993999760060003
596	9764864	10	4.3	5.330103188494571	13.0	0.0	10	6.6	4.923413450036469	13.0	0.0	-0.008600646153671078	-2.4366377341195937	0.13878156507183878	12.305499969236251	27.063999729360006
600	9830400	10	6.0	4.898979485566356	10.0	0.0	10	5.0	5.0	10.0	0.0	-0.008821492545687747	-2.383883841087452	0.20982046718075745	11.337749971655626	26.843999731560004
604	9895936	10	6.3	4.605431575867782	10.0	0.0	10	5.6	4.521061822182927	10.0	0.0	-0.009081918461524606	-2.3906262862178926	0.20487507415043044	11.290249971774376	30.677999693220006
608	9961472	10	4.3	4.73392015141785	10.0	0.0	10	3.9	4.846648326421053	13.0	0.0	-0.008629425253285854	-2.3540556751223	0.18011814516955438	11.321249971696874	31.445999685540006
612	10027008	10	4.3	4.73392015141785	10.0	0.0	10	8.3	3.4655446902326914	10.0	0.0	-0.009286630473315847	-2.376935461909334	0.1883599469241987	11.536249971159375	30.046999699530005
616	10092544	10	6.6	4.2708313008125245	10.0	0.0	10	5.5	4.5	13.0	0.0	-0.008277803588242557	-2.4047838273126283	0.14705778889688836	11.90449997023875	26.460999735390004
620	10158080	10	5.6	5.141984052872977	13.0	0.0	10	4.0	4.898979485566356	10.0	0.0	-0.009020550068847588	-2.4247471339958375	0.1682811116158758	13.15549996711125	19.918999800810003
624	10223616	10	4.3	4.73392015141785	10.0	0.0	10	8.3	3.4655446902326914	10.0	0.0	-0.008514542750185507	-2.392100480446388	0.1542987006866143	12.436749968908126	23.791999762080007
628	10289152	10	5.3	4.775981574503821	10.0	0.0	10	4.3	4.73392015141785	10.0	0.0	-0.008097231850484547	-2.3666067915676465	0.18700813942503508	13.023249967441874	23.632999763670004
632	10354688	10	8.3	3.4655446902326914	10.0	0.0	10	7.0	4.58257569495584	10.0	0.0	-0.008124703673944281	-2.3425259314520837	0.17103730000636522	12.855749967860625	16.826999831730003
636	10420224	10	6.0	4.898979485566356	10.0	0.0	10	4.0	4.898979485566356	10.0	0.0	-0.00925263080377918	-2.377625368287849	0.15434444476794779	12.827499967931251	20.632999793670002
640	10485760	10	6.0	4.898979485566356	10.0	0.0	10	4.3	4.73392015141785	10.0	0.0	-0.008989783718459005	-2.3786295674747056	0.19821947089194275	12.394249969014375	21.848999781510003
644	10551296	10	3.0	4.58257569495584	10.0	0.0	10	7.6	3.746998799039039	10.0	0.0	-0.007740980037651818	-2.393316519507808	0.1927659179193646	11.664249970839377	29.249999707500006
648	10616832	10	4.3	4.73392015141785	10.0	0.0	10	6.0	4.898979485566356	10.0	0.0	-0.007561746258762106	-2.412505184359382	0.18275755595374749	12.26049996934875	27.71099972289
652	10682368	10	6.0	4.898979485566356	10.0	0.0	10	8.0	4.0	10.0	0.0	-0.009082835857916251	-2.4220626600047233	0.15731865360004596	11.279249971801876	20.091999799080003
656	10747904	10	7.0	4.58257569495584	10.0	0.0	10	3.0	4.58257569495584	10.0	0.0	-0.008161192642606035	-2.411190906909275	0.16607730981405627	12.04399996989	25.622999743770006
660	10813440	10	4.0	4.898979485566356	10.0	0.0	10	7.0	4.58257569495584	10.0	0.0	-0.008485094446794557	-2.4047855757155414	0.19660783231073037	11.8489999703775	28.144999718550004
664	10878976	10	1.3	3.034798181098703	10.0	0.0	10	3.6	4.340506882842142	10.0	0.0	-0.008228731857395854	-2.4149219416049887	0.15181910144135913	11.57949997105125	28.175999718240003
668	10944512	10	3.0	4.58257569495584	10.0	0.0	10	4.0	4.898979485566356	10.0	0.0	-0.008610887420533897	-2.3716448468479663	0.1854876940100642	12.204499969488749	27.967999720320005
672	11010048	10	7.0	4.58257569495584	10.0	0.0	10	5.6	4.521061822182927	10.0	0.0	-0.007407858109052746	-2.338396464541357	0.22977017267386798	11.725249970686876	20.264999797350004
676	11075584	10	5.0	5.0	10.0	0.0	10	6.2	3.8935844667863573	10.0	0.0	-0.008730787955149366	-2.395660613724387	0.1663286433537147	11.116749972208124	27.965999720340005
680	11141120	10	3.0	4.58257569495584	10.0	0.0	10	4.0	4.898979485566356	10.0	0.0	-0.00807094329539627	-2.4015232247592824	0.1974227773596085	11.391499971521249	27.615999723840005
684	11206656	10	6.3	4.605431575867781	10.0	0.0	10	4.3	4.73392015141785	10.0	0.0	-0.009042336587570109	-2.3941281460215222	0.16774545452983242	11.8709999703225	29.414999705850004
688	11272192	10	7.0	4.58257569495584	10.0	0.0	10	6.3	4.605431575867781	10.0	0.0	-0.00771810109937726	-2.3968568888790123	0.15282484685651973	11.366999971582501	23.596999764030006
692	11337728	10	4.3	4.73392015141785	10.0	0.0	10	5.6	4.521061822182926	10.0	0.0	-0.00813006814047989	-2.3691318827386483	0.16977277070378066	11.149249972126874	28.717999712820003
696	11403264	10	2.6	3.8781438859330635	10.0	0.0	10	2.6	3.8781438859330635	10.0	0.0	-0.008149645040612025	-2.3546256594390664	0.168040162245313	11.13749997215625	21.262999787370006
700	11468800	10	5.0	5.0	10.0	0.0	10	3.3	4.473253849269008	10.0	0.0	-0.008584152035549325	-2.3587308349735228	0.1672425299398237	11.177999972055002	21.196999788030002
704	11534336	10	3.9	5.028916384272063	13.0	0.0	10	7.9	4.036087214122113	13.0	0.0	-0.00912660582764272	-2.381949233263964	0.133578184046838	10.885999972785001	29.297999707020004
708	11599872	10	4.3	5.330103188494571	13.0	0.0	10	3.6	4.340506882842141	10.0	0.0	-0.00829250430529122	-2.3858221096295398	0.15150679576495127	10.88449997278875	26.306999736930003
712	11665408	10	6.3	4.605431575867781	10.0	0.0	10	6.3	5.21632054229799	13.0	0.0	-0.00875278991497682	-2.408272752908343	0.14180103881980585	11.220749971948125	30.854999691450004
716	11730944	10	3.6	4.983974317750845	13.0	0.0	10	4.3	4.73392015141785	10.0	0.0	-0.008168622161730213	-2.400024493285357	0.1259185782657777	10.529749973675624	33.43199966568001
720	11796480	10	4.3	4.73392015141785	10.0	0.0	10	3.6	4.543126676640219	10.0	0.0	-0.008729413427318103	-2.3621726505481284	0.15858844712587275	10.550499973623749	33.87899966121
724	11862016	10	4.0	4.898979485566356	10.0	0.0	10	5.3	4.775981574503821	10.0	0.0	-0.00805402732210273	-2.355128374947157	0.17883208679345555	10.78649997303375	31.112999688870005
728	11927552	10	3.0	4.58257569495584	10.0	0.0	10	2.0	4.0	10.0	0.0	-0.00794518727745831	-2.378722659995727	0.15527160308879473	11.315749971710625	28.468999715310005
732	11993088	10	4.0	4.898979485566356	10.0	0.0	10	5.3	4.775981574503821	10.0	0.0	-0.008100221711240248	-2.346270364775236	0.17511951463645933	11.259499971851252	28.171999718280006
736	12058624	10	2.3	3.9509492530276824	10.0	0.0	10	7.9	4.72122865364515	13.0	0.0	-0.007527553444079953	-2.405276857065944	0.16280155371110042	11.556749971108124	26.437999735620004
740	12124160	10	4.0	4.898979485566356	10.0	0.0	10	3.9	4.182104733265296	10.0	0.0	-0.008029188833837662	-2.356147688878516	0.2178834032350811	11.65449997086375	23.199999768
744	12189696	10	4.3	4.73392015141785	10.0	0.0	10	4.3	5.330103188494571	13.0	0.0	-0.008302952467646757	-2.3662750842689255	0.15254982753309507	11.150249972124374	24.531999754680005
748	12255232	10	3.0	4.58257569495584	10.0	0.0	10	5.6	4.521061822182926	10.0	0.0	-0.0075680811609950445	-2.4115654277276284	0.16659652401199546	11.3909999715225	28.357999716420004
752	12320768	10	4.6	5.71314274283428	13.0	0.0	10	6.3	4.605431575867782	10.0	0.0	-0.008177414433760914	-2.4005018271488834	0.15583917411594	11.463999971339998	26.665999733340005
756	12386304	10	2.3	3.9509492530276824	10.0	0.0	10	4.6	4.5431266766402185	10.0	0.0	-0.008261196571511838	-2.3391223919935276	0.15322397321729192	11.1149999722125	28.898999711010006
760	12451840	10	6.6	4.923413450036469	13.0	0.0	10	7.0	4.58257569495584	10.0	0.0	-0.008785750745113315	-2.3284516828813593	0.20813054472833964	11.824749970438125	23.520999764790005
764	12517376	10	4.0	4.898979485566356	10.0	0.0	10	6.9	5.204805471869242	13.0	0.0	-0.007956577517466375	-2.3587658253835295	0.173931342453894	12.478249968804375	22.671999773280003
768	12582912	10	6.3	5.21632054229799	13.0	0.0	10	6.0	4.898979485566356	10.0	0.0	-0.007627171303398828	-2.3412110405708413	0.19122751815736128	12.37249996906875	25.797999742020004
772	12648448	10	5.6	4.521061822182927	10.0	0.0	10	6.3	5.21632054229799	13.0	0.0	-0.00799570916729035	-2.3286294636684906	0.1692887073361613	11.801999970495	28.509999714900005
776	12713984	10	6.3	4.605431575867781	10.0	0.0	10	6.3	5.21632054229799	13.0	0.0	-0.007747531301398329	-2.3599798478211342	0.18230477330548955	11.225749971935628	20.134999798650004
780	12779520	10	8.3	4.243819034784589	13.0	0.0	10	5.2	4.284857057125709	10.0	0.0	-0.00794790040929278	-2.324864307797174	0.18900146930993272	12.054999969862502	20.99299979007
784	12845056	10	6.0	4.898979485566356	10.0	0.0	10	5.0	5.0	10.0	0.0	-0.00784268044823732	-2.356163598351616	0.18455817812373007	12.30799996923	28.526999714730007
788	12910592	10	4.3	4.73392015141785	10.0	0.0	10	7.3	4.196427051671457	10.0	0.0	-0.00871023022925243	-2.4089904325677938	0.15356296097501887	11.171999972070001	29.474999705250006
792	12976128	10	6.3	5.21632054229799	13.0	0.0	10	3.3	4.473253849269008	10.0	0.0	-0.009238675965760683	-2.4402050894937175	0.1476141376422311	10.8949999727625	29.862999701370004
796	13041664	10	1.3	3.034798181098703	10.0	0.0	10	5.3	4.775981574503821	10.0	0.0	-0.00869626058587285	-2.4350985012895476	0.1652016102474703	11.687999970780002	16.9299998307
800	13107200	10	3.3	4.473253849269008	10.0	0.0	10	6.3	4.605431575867781	10.0	0.0	-0.00829117385399852	-2.4574241238259478	0.14011413408536014	12.020749969948126	25.815999741840002
804	13172736	10	3.0	4.58257569495584	10.0	0.0	10	7.3	4.196427051671457	10.0	0.0	-0.007974482999167469	-2.4542093895302783	0.12775448902421094	12.040749969898124	25.423999745760003
808	13238272	10	5.3	4.775981574503821	10.0	0.0	10	3.3	4.473253849269008	10.0	0.0	-0.008665425437667055	-2.4446658787565014	0.14676661935347854	12.044749969888127	26.831999731680003
812	13303808	10	3.3	5.1	13.0	0.0	10	5.3	4.775981574503821	10.0	0.0	-0.007689328150978315	-2.4281987942709375	0.14394865610379068	11.429499971426251	29.388999706110003
816	13369344	10	3.0	4.58257569495584	10.0	0.0	10	3.6	4.340506882842141	10.0	0.0	-0.007696659732681366	-2.42103766873095	0.14325794079400928	11.594999971012498	30.902999690970002
820	13434880	10	4.3	5.330103188494571	13.0	0.0	10	7.0	4.58257569495584	10.0	0.0	-0.007377615379623442	-2.4245656602042573	0.15938273000733305	10.737749973155625	29.14099970859
824	13500416	10	5.9	4.887739763939975	13.0	0.0	10	4.9	4.323193264243457	10.0	0.0	-0.007977103381944921	-2.4469049421384166	0.1637177419057319	11.40049997149875	29.709999702900006
828	13565952	10	8.0	4.0	10.0	0.0	10	7.0	4.58257569495584	10.0	0.0	-0.008639365780567319	-2.3932747242341903	0.1416950806982986	10.888499972778751	27.27499972725
832	13631488	10	3.0	4.58257569495584	10.0	0.0	10	6.2	4.6000000000000005	13.0	0.0	-0.009521008936259205	-2.4194982521199155	0.1300343570241604	11.332499971668751	31.301999686980004
836	13697024	10	3.6	4.983974317750845	13.0	0.0	10	8.0	4.0	10.0	0.0	-0.00806163978426716	-2.381002430866493	0.1636024718778531	10.485499973786249	31.714999682850006
840	13762560	10	5.3	5.367494760127856	13.0	0.0	10	7.6	5.102940328869229	13.0	0.0	-0.008570828932550612	-2.4006706895910415	0.15650122611084544	10.517999973705	31.108999688910007
844	13828096	10	3.6	4.983974317750845	13.0	0.0	10	5.3	4.775981574503821	10.0	0.0	-0.008704120338434006	-2.370941464852679	0.15310485620629866	10.514249973714376	32.46199967538001
848	13893632	10	5.3	5.367494760127856	13.0	0.0	10	5.6	4.521061822182927	10.0	0.0	-0.007790294225234075	-2.3392669282900393	0.12609148505382572	10.57199997357	32.67999967320001
852	13959168	10	3.2	4.6000000000000005	13.0	0.0	10	5.3	5.367494760127857	13.0	0.0	-0.007850073289259166	-2.3279470476070014	0.1499762793381004	10.09349997476625	24.549999754500003
856	14024704	10	4.9	4.968903299521938	13.0	0.0	10	6.3	5.21632054229799	13.0	0.0	-0.007367468035672135	-2.336321030810494	0.16211377082566533	11.75449997061375	33.21899966781
860	14090240	10	4.0	4.898979485566356	10.0	0.0	10	7.3	4.859012245302536	13.0	0.0	-0.00793364253734096	-2.3567179339656037	0.13601647432407998	12.48799996878	30.394999696050004
864	14155776	10	5.6	4.521061822182927	10.0	0.0	10	3.0	4.58257569495584	10.0	0.0	-0.00809936483747669	-2.306766693550465	0.15580344858198147	10.375749974060625	18.089999819100004
868	14221312	10	6.9	3.8845849199110063	10.0	0.0	10	5.6	4.715930449020639	10.0	0.0	-0.008100221885863231	-2.372812509289575	0.1719396865437138	12.129749969675625	21.226999787730005
872	14286848	10	3.3	4.473253849269008	10.0	0.0	10	2.3	3.950949253027682	10.0	0.0	-0.00822581255160113	-2.3379553578842156	0.1618160597501023	12.203749969490625	22.693999773060003
876	14352384	10	3.6	4.983974317750845	13.0	0.0	10	9.0	3.0	10.0	0.0	-0.008927362754224481	-2.323232613261929	0.23968019458141693	12.766249968084377	15.750999842490002
880	14417920	10	5.9	4.887739763939975	13.0	0.0	10	7.6	4.476605857119878	13.0	0.0	-0.00858390629735689	-2.332946605737381	0.17525703799637452	13.862249965344375	20.657999793420004
884	14483456	10	5.6	5.141984052872976	13.0	0.0	10	7.6	5.102940328869229	13.0	0.0	-0.008630504856238555	-2.2995943797219494	0.1709384755053379	12.298999969252499	24.581999754180003
888	14548992	10	6.6	4.923413450036469	13.0	0.0	10	3.9	4.846648326421054	13.0	0.0	-0.007798136123201578	-2.2997123522151086	0.16110692039627006	11.96349997009125	28.284999717150004
892	14614528	10	6.6	4.2708313008125245	10.0	0.0	10	7.0	4.58257569495584	10.0	0.0	-0.007423021907455364	-2.336545722936586	0.19664425175761713	13.827249965431875	18.13299981867
896	14680064	10	6.2	5.2115256883181535	13.0	0.0	10	9.9	3.5623026261113755	13.0	0.0	-0.007993364953185391	-2.336176415041123	0.13767066332629738	12.845249967886875	22.566999774330004
900	14745600	10	8.0	4.0	10.0	0.0	10	6.6	4.2708313008125245	10.0	0.0	-0.008285149591499927	-2.372158507258953	0.16295427850612798	12.566749968583126	33.21899966781
904	14811136	10	4.9	4.968903299521937	13.0	0.0	10	5.6	4.521061822182927	10.0	0.0	-0.00818032120065535	-2.3121870902752373	0.21727491074772384	13.76799996558	25.677999743220006
908	14876672	10	9.0	3.0	10.0	0.0	10	4.6	4.5431266766402185	10.0	0.0	-0.00732975562080098	-2.3803069514536923	0.13321616506989425	13.544749966138125	21.078999789210005
912	14942208	10	7.9	4.253234063627348	13.0	0.0	10	6.3	5.21632054229799	13.0	0.0	-0.007849123446947203	-2.3803066757822102	0.1675883225611618	12.137249969656875	30.029999699700006
916	15007744	10	7.2	4.874423042781576	13.0	0.0	10	6.6	5.499090833947008	13.0	0.0	-0.008101451150413401	-2.3784703162815166	0.17983128974514037	13.47349996631625	25.942999740570006
920	15073280	10	7.6	5.102940328869229	13.0	0.0	10	5.3	4.775981574503821	10.0	0.0	-0.00817097850970715	-2.3261024502476952	0.20827223280758764	13.4889999662775	24.240999757590004
924	15138816	10	4.3	4.73392015141785	10.0	0.0	10	3.3	4.473253849269008	10.0	0.0	-0.008483218375078403	-2.327665403242833	0.19120210554632147	13.62849996592875	23.972999760270003
928	15204352	10	5.6	4.521061822182927	10.0	0.0	10	4.9	4.323193264243458	10.0	0.0	-0.008364350129075934	-2.3141257089946135	0.2160704056507283	12.48449996878875	26.242999737570003
932	15269888	10	4.6	4.5431266766402185	10.0	0.0	10	5.0	5.0	10.0	0.0	-0.008440421342766026	-2.313771346963826	0.16296892914154773	12.346499969133749	30.935999690640006
936	15335424	10	4.3	4.73392015141785	10.0	0.0	10	4.6	4.5431266766402185	10.0	0.0	-0.007771133366783596	-2.337207344427631	0.18333360333569454	11.744499970638751	28.454999715450004
940	15400960	10	7.3	4.859012245302536	13.0	0.0	10	5.9	5.990826320300064	13.0	0.0	-0.008700653495001	-2.3361883583218184	0.14793465440172743	11.918249970204375	24.870999751290004
944	15466496	10	5.3	4.775981574503821	10.0	0.0	10	7.5	4.006245124802026	13.0	0.0	-0.008317676654509361	-2.3668042294699174	0.14459064073596256	11.22449997193875	27.201999727980006
948	15532032	10	2.6	3.8781438859330635	10.0	0.0	10	5.3	5.367494760127857	13.0	0.0	-0.008827666147216355	-2.429380918289483	0.17022734389729832	11.157999972105001	30.337999696620006
952	15597568	10	4.6	4.5431266766402185	10.0	0.0	10	4.6	5.161395160225576	13.0	0.0	-0.007845782147737497	-2.3973785387959246	0.17348993955856387	12.37649996905875	21.52599978474
956	15663104	10	6.0	4.898979485566356	10.0	0.0	10	6.9	5.204805471869242	13.0	0.0	-0.00804026297350519	-2.4466503384147584	0.15575286573660185	11.474749971313125	26.096999739030007
960	15728640	10	4.0	4.898979485566356	10.0	0.0	10	5.2	4.28485705712571	10.0	0.0	-0.007370232436329269	-2.429976947352487	0.172790190186979	11.229999971925	31.328999686710006
964	15794176	10	8.3	3.4655446902326914	10.0	0.0	10	7.3	4.196427051671457	10.0	0.0	-0.00871756571753839	-2.4222923042833844	0.17905778024653535	11.323499971691252	26.988999730110006
968	15859712	10	3.6	4.340506882842141	10.0	0.0	10	3.9	4.182104733265296	10.0	0.0	-0.008752765242204554	-2.3543346447280347	0.18087713798796995	11.664249970839375	29.672999703270005
972	15925248	10	5.3	4.775981574503821	10.0	0.0	10	4.3	4.73392015141785	10.0	0.0	-0.007412340229303523	-2.3498333913620333	0.16852127828742489	10.984749972538125	29.068999709310003
976	15990784	10	4.3	4.73392015141785	10.0	0.0	10	5.9	4.887739763939975	13.0	0.0	-0.007871883082557433	-2.363310321919311	0.2052735865367954	12.344749969138125	22.101999778980005
980	16056320	10	5.3	4.775981574503821	10.0	0.0	10	4.9	4.323193264243458	10.0	0.0	-0.008365847855846828	-2.3954912272580606	0.14210961905069522	12.370749969073124	24.014999759850003
984	16121856	10	5.2	4.749736834815167	13.0	0.0	10	7.3	4.859012245302536	13.0	0.0	-0.008075437032319707	-2.373302598547082	0.23595383853987698	12.509999968725	18.77199981228
988	16187392	10	7.6	3.746998799039039	10.0	0.0	10	5.9	4.887739763939975	13.0	0.0	-0.007699714235469824	-2.397508268305265	0.1930470446234023	11.22799997193	27.734999722650002
992	16252928	10	7.2	4.422668877499196	13.0	0.0	10	4.3	4.73392015141785	10.0	0.0	-0.00837314437046583	-2.4031193080028044	0.17621471273119005	11.294249971764375	28.614999713850004
996	16318464	10	8.0	4.0	10.0	0.0	10	3.9	4.846648326421054	13.0	0.0	-0.007896937499416596	-2.3941036832818985	0.18962783271334177	11.53349997116625	24.977999750220004
1000	16384000	10	1.9	3.014962686336267	10.0	0.0	10	6.3	4.605431575867781	10.0	0.0	-0.0075711640448688335	-2.407125316309526	0.13073842885783918	12.178749969553126	26.470999735290004
1004	16449536	10	4.6	4.5431266766402185	10.0	0.0	10	4.9	4.323193264243457	10.0	0.0	-0.007743871517759309	-2.4064681477821503	0.16682990429116448	11.971749970070626	25.824999741750002
1008	16515072	10	4.3	4.73392015141785	10.0	0.0	10	7.0	4.58257569495584	10.0	0.0	-0.008342210527532987	-2.4187544407907873	0.16958900081400305	11.959999970100002	25.747999742520005
1012	16580608	10	7.3	4.196427051671457	10.0	0.0	10	5.9	4.887739763939975	13.0	0.0	-0.008755873487641263	-2.4230771906633395	0.1571963326065657	12.346499969133749	15.997999840020002
1016	16646144	10	8.6	3.7202150475476548	13.0	0.0	10	5.2	4.749736834815167	13.0	0.0	-0.008356639110427652	-2.416571939733231	0.1669832154313629	12.399749969000624	22.841999771580003
1020	16711680	10	4.3	4.73392015141785	10.0	0.0	10	5.6	5.695612346359257	13.0	0.0	-0.00886954809204097	-2.3885365175699627	0.1406943024920892	12.502249968744376	23.15599976844
1024	16777216	10	7.0	4.58257569495584	10.0	0.0	10	3.6	4.340506882842141	10.0	0.0	-0.008085061249470525	-2.3959531707056025	0.1571633719365003	12.552749968618127	25.219999747800003
1028	16842752	10	3.9	4.846648326421054	13.0	0.0	10	6.3	4.605431575867781	10.0	0.0	-0.008733061187437167	-2.4166186523900417	0.1491129951551451	12.735999968160002	22.113999778860006
1032	16908288	10	3.3	4.473253849269008	10.0	0.0	10	4.3	4.73392015141785	10.0	0.0	-0.0079872634333562	-2.4021745271962023	0.16383908175087988	12.692249968269374	18.043999819560003
1036	16973824	10	4.3	4.73392015141785	10.0	0.0	10	4.6	4.5431266766402185	10.0	0.0	-0.00825785079516288	-2.3594707496489997	0.18366244348025976	13.159249967101875	20.504999794950002
1040	17039360	10	7.3	4.196427051671457	10.0	0.0	10	7.0	4.58257569495584	10.0	0.0	-0.008844554188108616	-2.368629087757698	0.1473420541580022	13.67449996581375	20.802999791970006
1044	17104896	10	3.6	4.983974317750845	13.0	0.0	10	6.0	4.898979485566356	10.0	0.0	-0.008117585163202972	-2.362893486770225	0.19213925144806776	13.1349999671625	21.273999787260003
1048	17170432	10	5.0	5.0	10.0	0.0	10	6.3	5.21632054229799	13.0	0.0	-0.007791615573091142	-2.3591578451321764	0.20478762521137936	13.162749967093124	17.860999821390003
1052	17235968	10	6.5	4.924428900898052	13.0	0.0	10	8.0	4.0	10.0	0.0	-0.007666768806110278	-2.341049951567772	0.17554091838843444	13.209249966976875	23.37099976629
1056	17301504	10	6.0	4.898979485566356	10.0	0.0	10	8.0	4.0	10.0	0.0	-0.007961385426601582	-2.3580662282831852	0.18639931616294345	12.967749967580627	29.143999708560003
1060	17367040	10	5.6	5.6956123463592565	13.0	0.0	10	7.3	4.859012245302536	13.0	0.0	-0.00793024259027491	-2.363873208316296	0.17417586670615903	12.180249969549374	27.151999728480007
1064	17432576	10	6.5	4.924428900898052	13.0	0.0	10	5.6	5.141984052872976	13.0	0.0	-0.007787055017410963	-2.3726890556526237	0.18684279016445884	12.315749969210623	32.887999671120006
1068	17498112	10	6.0	4.898979485566356	10.0	0.0	10	6.6	4.923413450036469	13.0	0.0	-0.008785356798089613	-2.3347478581023053	0.16863817533584136	10.615499973461251	24.603999753960004
1072	17563648	10	10.0	0.0	10.0	10.0	10	4.9	4.323193264243458	10.0	0.0	-0.008237019672733301	-2.310747503993611	0.1896714423585549	11.362749971593123	29.927999700720004
1076	17629184	10	5.3	4.775981574503821	10.0	0.0	10	5.6	5.141984052872976	13.0	0.0	-0.008040217526661278	-2.35757704054593	0.18537325262644608	11.120749972198125	29.928999700710005
1080	17694720	10	6.3	5.21632054229799	13.0	0.0	10	6.6	5.499090833947008	13.0	0.0	-0.007849666359501763	-2.357513608786262	0.17973883269655505	11.504749971238125	24.785999752140004
1084	17760256	10	2.0	4.0	10.0	0.0	10	8.0	4.0	10.0	0.0	-0.00853768718815338	-2.4169087457126066	0.15049259192294845	12.878749967803126	32.203999677960006
1088	17825792	10	6.6	4.923413450036469	13.0	0.0	10	3.9	4.182104733265296	10.0	0.0	-0.008068935661027211	-2.3901425051186234	0.17745642688139512	10.644749973388125	32.778999672210006
1092	17891328	10	7.3	4.196427051671457	10.0	0.0	10	6.9	5.752390807307862	13.0	0.0	-0.009367044643047091	-2.402447034665033	0.15550671492946042	10.26849997432875	26.75199973248
1096	17956864	10	3.0	4.58257569495584	10.0	0.0	10	7.3	4.859012245302536	13.0	0.0	-0.008810394379595517	-2.4245503244258635	0.1500711142860491	10.097249974756874	34.505999654940005
1100	18022400	10	5.6	4.521061822182926	10.0	0.0	10	8.3	4.243819034784589	13.0	0.0	-0.007928893725958808	-2.420872608568423	0.17472042110480787	12.344249969139375	22.904999770950006
1104	18087936	10	8.3	3.4655446902326914	10.0	0.0	10	7.2	5.055689863905815	16.0	0.0	-0.008243987462012648	-2.363151013605004	0.1528430426489296	10.552499973618751	31.107999688920007
1108	18153472	10	5.9	4.2296571965113205	10.0	0.0	10	4.3	4.73392015141785	10.0	0.0	-0.008001597473670297	-2.382164512823236	0.13983211579517774	11.114749972213126	28.466999715330005
1112	18219008	10	7.3	4.859012245302536	13.0	0.0	10	9.3	3.2264531609803355	13.0	0.0	-0.00851405607835798	-2.399973439423585	0.13181163206254795	11.8669999703325	31.558999684410008
1116	18284544	10	4.0	4.898979485566356	10.0	0.0	10	5.0	5.0	10.0	0.0	-0.00862130019384426	-2.3764958105989358	0.16147259054575697	11.204249971989375	33.12499966875001
1120	18350080	10	5.6	5.141984052872976	13.0	0.0	10	5.9	4.887739763939975	13.0	0.0	-0.008395081067378811	-2.365942455581737	0.1553845388342507	11.28949997177625	28.900999710990003
1124	18415616	10	6.0	4.898979485566356	10.0	0.0	10	9.9	2.5865034312755126	13.0	3.0	-0.008899769075451956	-2.372500891239668	0.18324319783552045	12.569499968576253	19.023999809760003
1128	18481152	10	4.0	4.898979485566356	10.0	0.0	10	7.6	4.476605857119878	13.0	0.0	-0.008198587584405986	-2.3364880976627282	0.1605177766010597	12.80549996798625	20.654999793450003
1132	18546688	10	4.6	4.5431266766402185	10.0	0.0	10	5.3	5.367494760127857	13.0	0.0	-0.007872754074104081	-2.35535629069112	0.1660416598724467	13.696749965758126	11.67399988326
1136	18612224	10	3.3	4.473253849269008	10.0	0.0	10	6.3	4.605431575867781	10.0	0.0	-0.007923237668145882	-2.3286987391668736	0.18566865208176891	13.513749966215626	28.611999713880003
1140	18677760	10	6.9	4.592385001282014	13.0	0.0	10	5.9	4.887739763939975	13.0	0.0	-0.008450364353574354	-2.3798669474824794	0.14540095555944105	12.405999968985	29.248999707510002
1144	18743296	10	6.3	4.605431575867782	10.0	0.0	10	5.3	5.367494760127856	13.0	0.0	-0.008826379204937522	-2.3474820328293724	0.1651519565515792	11.088249972279375	18.326999816730005
1148	18808832	10	3.3	4.473253849269008	10.0	0.0	10	5.6	4.521061822182926	10.0	0.0	-0.0074027068104916445	-2.397609178968859	0.20780342070083838	11.631749970920625	30.830999691690003
1152	18874368	10	6.2	4.6000000000000005	13.0	0.0	10	4.0	4.898979485566356	10.0	0.0	-0.007848234196384925	-2.4086435981069356	0.1726473724134481	11.710249970724375	28.336999716630004
1156	18939904	10	5.6	4.521061822182927	10.0	0.0	10	5.6	4.715930449020639	10.0	0.0	-0.007874654137077804	-2.412232602384745	0.16861570516086552	12.748749968128127	17.47399982526
1160	19005440	10	8.0	4.0	10.0	0.0	10	6.6	4.2708313008125245	10.0	0.0	-0.007769125403783784	-2.424852929756776	0.16790146697115824	13.741999965645002	22.953999770460005
1164	19070976	10	4.3	5.330103188494571	13.0	0.0	10	7.6	4.476605857119878	13.0	0.0	-0.008118023871917911	-2.3947147053965883	0.18948121180646763	13.566499966083752	25.738999742610005
1168	19136512	10	9.6	3.411744421846396	13.0	0.0	10	7.3	4.859012245302536	13.0	0.0	-0.00845114102688246	-2.4108527722430266	0.14087181536876014	12.087749969780624	28.158999718410005
1172	19202048	10	3.9	4.182104733265297	10.0	0.0	10	4.3	4.73392015141785	10.0	0.0	-0.008472865235516639	-2.3970891334103017	0.16041628502500963	11.769249970576876	31.042999689570003
1176	19267584	10	5.6	4.521061822182927	10.0	0.0	10	7.0	4.58257569495584	10.0	0.0	-0.007679111745456332	-2.43218061302599	0.18545817054118047	10.415249973961876	30.188999698110006
1180	19333120	10	4.3	4.73392015141785	10.0	0.0	10	4.9	4.968903299521938	13.0	0.0	-0.009371375775657125	-2.4082025858238154	0.14321179399327252	11.95249997011875	28.900999710990003
1184	19398656	10	6.3	5.21632054229799	13.0	0.0	10	5.6	5.141984052872976	13.0	0.0	-0.008568805023077032	-2.4176400400663334	0.1625411006607923	11.727249970681877	21.084999789150004
1188	19464192	10	6.6	4.2708313008125245	10.0	0.0	10	6.6	4.923413450036469	13.0	0.0	-0.008259476295025422	-2.382175783068151	0.18015758768951803	13.511749966220625	21.719999782800002
1192	19529728	10	9.3	2.1	10.0	3.0	10	3.3	4.473253849269008	10.0	0.0	-0.009143812197743866	-2.387844815601524	0.1595404939559807	11.969249970076875	26.243999737560003
1196	19595264	10	5.0	5.0	10.0	0.0	10	6.2	4.6000000000000005	13.0	0.0	-0.008606813463921668	-2.3933143265535857	0.14352246341352717	12.138749969653126	25.358999746410007
1200	19660800	10	6.0	4.898979485566356	10.0	0.0	10	9.0	3.0	10.0	0.0	-0.0074440990130346186	-2.3915979735545543	0.14927565987840027	12.45999996885	9.244999907550001
1204	19726336	10	7.0	4.58257569495584	10.0	0.0	10	7.0	4.58257569495584	10.0	0.0	-0.007270161808720025	-2.4143721334604766	0.14047410531679314	12.102749969743126	22.43299977567
1208	19791872	10	3.3	4.473253849269008	10.0	0.0	10	7.3	4.859012245302536	13.0	0.0	-0.007708433903144821	-2.4183278528317014	0.14827276702667522	12.217749969455626	25.150999748490005
1212	19857408	10	4.6	4.5431266766402185	10.0	0.0	10	7.6	4.476605857119878	13.0	0.0	-0.00789698306449482	-2.3677930655595847	0.16448626308540737	13.25449996686375	23.273999767260005
1216	19922944	10	4.3	4.73392015141785	10.0	0.0	10	6.2	4.1182520563948	10.0	0.0	-0.008390571084454684	-2.375799635798612	0.19716503065509172	13.909749965225624	19.080999809190004
1220	19988480	10	5.6	5.141984052872976	13.0	0.0	10	5.3	4.775981574503821	10.0	0.0	-0.00748578185612978	-2.3455094742318545	0.19431574252583036	13.320499966698751	16.54299983457
1224	20054016	10	5.3	4.775981574503821	10.0	0.0	10	6.5	3.7483329627982624	10.0	0.0	-0.007987757299893148	-2.3472388806480904	0.17500735964976166	13.3189999667025	23.686999763130004
1228	20119552	10	7.9	4.72122865364515	13.0	0.0	10	6.3	4.605431575867781	10.0	0.0	-0.007664834099877038	-2.362666693580405	0.23244327614767007	12.929249967676874	12.084999879150002
1232	20185088	10	7.3	4.196427051671457	10.0	0.0	10	5.9	4.2296571965113205	10.0	0.0	-0.008028431428477976	-2.3903113899125232	0.17407109276130528	13.930499965173748	19.384999806150006
1236	20250624	10	7.0	4.58257569495584	10.0	0.0	10	6.9	4.592385001282014	13.0	0.0	-0.00810444379179757	-2.425554168468378	0.1819970304112049	14.029999964925002	25.953999740460006
1240	20316160	10	7.3	4.859012245302536	13.0	0.0	10	7.3	4.859012245302536	13.0	0.0	-0.008573495022893793	-2.389111707359039	0.18890473927576532	12.202749969493127	16.195999838040006
1244	20381696	10	6.3	4.605431575867781	10.0	0.0	10	6.9	4.592385001282013	13.0	0.0	-0.007067952680266738	-2.4012443842969446	0.15881562603845892	13.18749996703125	23.475999765240005
1248	20447232	10	6.6	4.2708313008125245	10.0	0.0	10	6.3	5.21632054229799	13.0	0.0	-0.00909614226501756	-2.365869827322086	0.18760927865500523	13.021499967446251	25.856999741430002
1252	20512768	10	4.3	4.73392015141785	10.0	0.0	10	8.6	4.454211490264018	13.0	0.0	-0.008661890270566738	-2.361324339859085	0.16371967835819495	12.392249969019375	25.157999748420004
1256	20578304	10	4.3	4.73392015141785	10.0	0.0	10	8.2	3.5156791662493894	13.0	3.0	-0.008276875624735138	-2.3242041540705056	0.19925180448006283	13.160249967099377	24.531999754680005
1260	20643840	10	5.0	5.0	10.0	0.0	10	5.6	5.141984052872976	13.0	0.0	-0.00872183646091289	-2.3378015431313353	0.20743549783726414	13.409999966475	7.996999920030001
1264	20709376	10	2.6	3.8781438859330635	10.0	0.0	10	3.9	4.846648326421054	13.0	0.0	-0.008094158893442262	-2.4050078141170905	0.20199190574767154	13.15149996712125	22.0799997792
1268	20774912	10	4.3	4.73392015141785	10.0	0.0	10	5.5	5.123475382979799	13.0	0.0	-0.008915296787544238	-2.3743159892668673	0.17420822931191118	13.68449996578875	21.215999787840005
1272	20840448	10	7.6	3.746998799039039	10.0	0.0	10	6.6	5.499090833947008	13.0	0.0	-0.008633093269670914	-2.3438552143715112	0.1982506006594369	13.817999965455	23.368999766310004
1276	20905984	10	4.0	4.898979485566356	10.0	0.0	10	7.0	4.58257569495584	10.0	0.0	-0.00876316703609488	-2.3417284486238676	0.17425090002874877	13.26749996683125	14.591999854080003
1280	20971520	10	5.0	5.0	10.0	0.0	10	5.2	4.749736834815167	13.0	0.0	-0.008769644602879384	-2.3252584310930757	0.19040339500212147	13.340749966648126	20.837999791620003
1284	21037056	10	5.6	5.141984052872976	13.0	0.0	10	6.3	5.21632054229799	13.0	0.0	-0.009435397748880865	-2.355421830965098	0.19600956039013653	13.760249965599375	22.001999779980004
1288	21102592	10	6.3	4.605431575867782	10.0	0.0	10	4.6	4.5431266766402185	10.0	0.0	-0.009289459397165096	-2.3676074492451926	0.17276004971688963	12.76249996809375	23.064999769350006
1292	21168128	10	5.3	4.775981574503821	10.0	0.0	10	8.3	3.4655446902326914	10.0	0.0	-0.009241361642981758	-2.3423108431243804	0.17708873855588922	13.556249966109375	13.186999868130002
1296	21233664	10	4.6	4.5431266766402185	10.0	0.0	10	6.6	4.923413450036469	13.0	0.0	-0.009104517699861907	-2.3763926374423674	0.17378213293592396	12.454249968864376	28.113999718860004
1300	21299200	10	7.2	5.455272678794342	13.0	0.0	10	6.6	4.923413450036469	13.0	0.0	-0.008680000104813363	-2.3702394636983297	0.16546320991108807	13.466749966333124	16.255999837440005
1304	21364736	10	4.3	4.73392015141785	10.0	0.0	10	5.3	4.775981574503821	10.0	0.0	-0.008731238475168832	-2.3783633333947365	0.18630731321172342	12.153749969615626	24.351999756480005
1308	21430272	10	5.0	5.0	10.0	0.0	10	6.6	4.2708313008125245	10.0	0.0	-0.009011860116183485	-2.397926531482298	0.19850157199222404	12.76449996808875	14.951999850480002
1312	21495808	10	5.3	4.775981574503821	10.0	0.0	10	2.9	3.7802116342871597	10.0	0.0	-0.008713542963052547	-2.3575348652927026	0.1799559090099039	12.295249969261874	25.987999740120003
1316	21561344	10	6.6	4.923413450036469	13.0	0.0	10	6.6	4.923413450036469	13.0	0.0	-0.009102111666795747	-2.359681603563397	0.16148886160484618	12.16799996958	24.556999754430002
1320	21626880	10	5.0	5.0	10.0	0.0	10	4.0	4.898979485566356	10.0	0.0	-0.009121008558354649	-2.3501764235432603	0.18922162892188496	12.96649996758375	22.791999772080004
1324	21692416	10	4.0	4.898979485566356	10.0	0.0	10	8.9	3.0805843601498726	13.0	3.0	-0.00859438782604138	-2.351370329413256	0.1547067026291319	13.346749966633125	14.983999850160002
1328	21757952	10	5.3	4.775981574503821	10.0	0.0	10	5.6	4.521061822182927	10.0	0.0	-0.00876808761100841	-2.3688531118150626	0.1599295060759834	13.812499965468751	17.253999827460003
1332	21823488	10	5.3	5.367494760127856	13.0	0.0	10	9.0	3.0	10.0	0.0	-0.008069860638966692	-2.3534645311566402	0.18205857034428394	13.260999966847502	16.275999837240004
1336	21889024	10	6.1	4.109744517606903	13.0	0.0	10	5.3	4.775981574503821	10.0	0.0	-0.008438026948806725	-2.349005229526449	0.15435454581498081	12.99949996750125	22.919999770800004
1340	21954560	10	5.6	5.141984052872976	13.0	0.0	10	6.9	5.204805471869242	13.0	0.0	-0.009022332557196916	-2.345332485689793	0.15182127670045234	12.92399996769	22.326999776730005
1344	22020096	10	6.3	5.21632054229799	13.0	0.0	10	4.3	4.73392015141785	10.0	0.0	-0.008200325645758125	-2.3718709073973607	0.14760860123996647	12.470749968823128	23.237999767620003
1348	22085632	10	8.0	4.0	10.0	0.0	10	7.6	5.102940328869229	13.0	0.0	-0.00896642448209579	-2.352774043632839	0.16849941424822465	13.279499966801248	16.316999836830004
1352	22151168	10	6.9	4.592385001282014	13.0	0.0	10	6.6	4.923413450036469	13.0	0.0	-0.007929935547288942	-2.3932337261726966	0.17624258271445295	12.443749968890625	28.614999713850004
1356	22216704	10	6.3	4.605431575867782	10.0	0.0	10	3.6	4.340506882842141	10.0	0.0	-0.007900469347467581	-2.4073541807607515	0.15983300056816666	12.026249969934375	19.11499980885
1360	22282240	10	4.6	4.5431266766402185	10.0	0.0	10	5.3	4.775981574503821	10.0	0.0	-0.008061688256696781	-2.40488312368376	0.15960384888153703	12.407749968980625	26.828999731710006
1364	22347776	10	3.3	4.473253849269008	10.0	0.0	10	8.9	3.9357337308308855	13.0	0.0	-0.008538521512511634	-2.368074695022592	0.180741754807331	12.504999968737499	28.357999716420004
1368	22413312	10	2.6	3.8781438859330635	10.0	0.0	10	4.0	4.898979485566356	10.0	0.0	-0.008416619632379803	-2.380893836170778	0.16969879652778883	11.6929999707675	24.68199975318
1372	22478848	10	4.6	5.1613951602255765	13.0	0.0	10	9.0	3.0	10.0	0.0	-0.007943339412204504	-2.4006546907109745	0.14441679695979434	12.067749969830624	28.133999718660004
1376	22544384	10	3.6	4.340506882842141	10.0	0.0	10	7.9	4.72122865364515	13.0	0.0	-0.009203054786011565	-2.3714101113392307	0.16446476885887942	10.52749997368125	35.10799964892
1380	22609920	10	3.3	4.473253849269008	10.0	0.0	10	5.2	4.749736834815167	13.0	0.0	-0.008344986376909426	-2.378280341377476	0.16619685011115967	9.929749975175625	34.252999657470006
1384	22675456	10	2.6	3.8781438859330635	10.0	0.0	10	8.0	4.0	10.0	0.0	-0.007950954878126767	-2.380793521553631	0.14628950861931883	11.058249972354375	27.502999724970003
1388	22740992	10	6.6	4.2708313008125245	10.0	0.0	10	8.9	3.0805843601498726	13.0	3.0	-0.0082827216262722	-2.3604573505644875	0.1573634662035845	10.916249972709377	29.566999704330005
1392	22806528	10	8.2	4.28485705712571	13.0	0.0	10	6.9	5.204805471869242	13.0	0.0	-0.007951671230108278	-2.389644436289298	0.1703265784906993	11.775999970560001	26.613999733860005
1396	22872064	10	6.3	4.605431575867781	10.0	0.0	10	9.6	3.411744421846396	13.0	0.0	-0.008796632684297189	-2.404959097254099	0.16836957321300622	12.39049996902375	18.444999815550002
1400	22937600	10	5.3	5.367494760127857	13.0	0.0	10	6.9	3.8845849199110063	10.0	0.0	-0.008201943648959008	-2.3800114316249266	0.18072886592378137	11.326499971683752	17.846999821530005
1404	23003136	10	4.9	4.323193264243458	10.0	0.0	10	5.6	4.521061822182927	10.0	0.0	-0.008333054312102461	-2.401320683209303	0.1551116442456696	12.5789999685525	25.593999744060007
1408	23068672	10	5.6	5.695612346359257	13.0	0.0	10	6.6	4.476605857119878	10.0	0.0	-0.008782125278528377	-2.358012238892659	0.16475038795257574	13.299249966751875	20.862999791370004
1412	23134208	10	5.3	4.775981574503821	10.0	0.0	10	8.2	4.28485705712571	13.0	0.0	-0.008712876090008127	-2.357600204401004	0.1789218052104003	12.408749968978126	25.634999743650006
1416	23199744	10	6.2	4.1182520563948	10.0	0.0	10	4.3	4.73392015141785	10.0	0.0	-0.008480572470666962	-2.36664607847913	0.20582964455427447	13.391749966520624	26.645999733540005
1420	23265280	10	4.6	4.5431266766402185	10.0	0.0	10	6.0	4.898979485566356	10.0	0.0	-0.008990480048217824	-2.3680520005540964	0.14967654341203995	11.909749970225626	26.630999733690004
1424	23330816	10	8.0	4.0	10.0	0.0	10	7.9	4.72122865364515	13.0	0.0	-0.008383175755055332	-2.3957290324060017	0.17523436238716078	12.599749968500625	28.561999714380004
1428	23396352	10	4.3	4.73392015141785	10.0	0.0	10	7.3	4.196427051671457	10.0	0.0	-0.009200017313814562	-2.424543301011888	0.1705146879556231	11.96249997009375	23.130999768690003
1432	23461888	10	5.3	4.775981574503821	10.0	0.0	10	9.9	3.5623026261113755	13.0	0.0	-0.009057939248089106	-2.3940117927878792	0.17671469504035522	12.003999969990002	15.334999846650003
1436	23527424	10	6.3	4.605431575867781	10.0	0.0	10	6.0	4.898979485566356	10.0	0.0	-0.009045340762559754	-2.4101975259654447	0.14235064618669296	13.398999966502501	18.246999817530003
1440	23592960	10	7.0	4.58257569495584	10.0	0.0	10	5.3	5.367494760127857	13.0	0.0	-0.009078458765507294	-2.404958598065199	0.15331189581148233	12.228749969428124	25.457999745420004
1444	23658496	10	5.0	5.0	10.0	0.0	10	7.3	4.859012245302536	13.0	0.0	-0.008385215581898853	-2.3706837318851703	0.16990219737806364	12.941749967645624	19.465999805340005
1448	23724032	10	3.0	4.58257569495584	10.0	0.0	10	4.9	5.539855593785817	13.0	0.0	-0.008746685886154912	-2.3209928743607064	0.1688253814178679	13.272249966819375	25.629999743700004
1452	23789568	10	3.9	4.182104733265297	10.0	0.0	10	5.9	4.2296571965113205	10.0	0.0	-0.008595557792749661	-2.339516353860183	0.1680239999181344	13.101999967245	22.706999772930004
1456	23855104	10	4.6	4.5431266766402185	10.0	0.0	10	9.5	3.7483329627982624	13.0	0.0	-0.008149866865157104	-2.3642743152897436	0.15010206795596645	13.436499966408752	22.851999771480003
1460	23920640	10	3.3	4.473253849269008	10.0	0.0	10	5.6	4.521061822182926	10.0	0.0	-0.009141372356940654	-2.3611317448342017	0.15643777836347253	13.0799999673	28.562999714370005
1464	23986176	10	5.3	5.367494760127856	13.0	0.0	10	3.3	4.473253849269008	10.0	0.0	-0.00832051896490796	-2.3737932366640266	0.1639609979294811	12.120749969698126	24.238999757610003
1468	24051712	10	5.6	4.715930449020639	10.0	0.0	10	7.3	4.196427051671457	10.0	0.0	-0.009162600878835823	-2.3287694575943654	0.18779438087933592	12.211749969470624	29.960999700390005
1472	24117248	10	4.3	5.330103188494572	13.0	0.0	10	7.9	4.253234063627348	13.0	0.0	-0.009009050999916177	-2.340849103783115	0.21254547015722888	12.834249967914374	20.593999794060004
1476	24182784	10	6.6	4.2708313008125245	10.0	0.0	10	5.0	5.0	10.0	0.0	-0.007871426872739114	-2.3494449528591264	0.19016216770938044	12.412249968969375	20.209999797900004
1480	24248320	10	7.3	4.859012245302536	13.0	0.0	10	6.3	4.605431575867782	10.0	0.0	-0.008361572651097651	-2.3592799551810932	0.16749983186020093	13.071249967321876	25.55699974443
1484	24313856	10	6.3	5.21632054229799	13.0	0.0	10	8.9	4.635730794599704	13.0	0.0	-0.009360639185853175	-2.34698387459308	0.18032477390626228	11.787249970531876	22.989999770100003
1488	24379392	10	7.0	4.58257569495584	10.0	0.0	10	9.2	4.1182520563948	13.0	0.0	-0.0081920748359411	-2.3606321337346925	0.14994554825427836	11.069999972325	13.626999863730003
1492	24444928	10	3.6	4.983974317750845	13.0	0.0	10	7.6	3.97994974842648	10.0	0.0	-0.008613721891088166	-2.32958132997724	0.17986421603388075	11.537749971155625	26.768999732310004
1496	24510464	10	3.6	4.340506882842141	10.0	0.0	10	7.5	4.695742752749559	13.0	0.0	-0.008740800608998652	-2.3470674725908953	0.14618980215581345	11.726249970684375	28.852999711470005
1500	24576000	10	6.0	4.898979485566356	10.0	0.0	10	7.6	4.476605857119878	13.0	0.0	-0.00819693148186572	-2.2875414960187013	0.1435471412886659	11.0229999724425	19.952999800470003
1504	24641536	10	7.6	3.7469987990390385	10.0	0.0	10	8.9	3.0805843601498726	13.0	3.0	-0.009107934952793141	-2.262052476170467	0.19116988000020818	12.863749967840624	27.044999729550007
1508	24707072	10	5.0	5.0	10.0	0.0	10	8.0	4.0	10.0	0.0	-0.008036383783364338	-2.3267723344326217	0.18633931881048868	11.991999970020002	27.669999723300005
1512	24772608	10	4.6	4.5431266766402185	10.0	0.0	10	6.6	4.923413450036469	13.0	0.0	-0.008166127084282118	-2.3252492991647915	0.17998031354186703	11.761249970596873	25.410999745890006
1516	24838144	10	4.6	4.5431266766402185	10.0	0.0	10	5.6	5.141984052872976	13.0	0.0	-0.00781888150635297	-2.378207869580017	0.16794890419693217	12.13549996966125	27.353999726460003
1520	24903680	10	2.0	4.0	10.0	0.0	10	6.9	4.592385001282013	13.0	0.0	-0.008508460588041548	-2.3619006373011437	0.17646736642059788	11.585249971036873	29.638999703610004
1524	24969216	10	5.3	4.775981574503821	10.0	0.0	10	4.9	4.5265881191025095	10.0	0.0	-0.007804507006863905	-2.301754037299398	0.18917767344555583	12.103999969740004	28.507999714920004
