iter	frame	n_test	mean_returns	std_returns	max_returns	min_returns	n_test_train	mean_returns_train	std_returns_train	max_returns_train	min_returns_train	actor_loss	entropy_loss	value_loss	training_time	evaluation_time
0	0	10	0.2	0.6000000000000001	2.0	0.0	10	0.4	0.8000000000000002	2.0	0.0	0	0	0	0.0	13.364999866350002
4	65536	10	0.6	0.9165151389911679	2.0	0.0	10	0.2	0.6000000000000001	2.0	0.0	-3.968350938107955e-05	-2.6080670751398047	0.08970943398925739	12.134499969663752	9.75399990246
8	131072	10	0.6	0.9165151389911679	2.0	0.0	10	0.6	1.8000000000000003	6.0	0.0	-0.005037502300264994	-2.6012124888372847	0.05488263264037185	14.162249964594375	7.443999925560001
12	196608	10	1.2	1.8330302779823358	4.0	0.0	10	1.6	1.7435595774162693	4.0	0.0	-0.006012193862847872	-2.5537240080358807	0.059878918801716204	12.478999968802501	9.16799990832
16	262144	10	0.6	1.2806248474865698	4.0	0.0	10	1.4	1.8	6.0	0.0	-0.007026907591833627	-2.513441209729956	0.05768833863724116	13.300249966749375	9.940999900590002
20	327680	10	1.8	1.4000000000000001	4.0	0.0	10	2.4	1.9595917942265424	6.0	0.0	-0.008209573101697124	-2.4231022295811964	0.05888890474421287	12.658749968353122	3.4399999656000007
24	393216	10	1.6	1.7435595774162695	6.0	0.0	10	0.8	1.32664991614216	4.0	0.0	-0.007203070642549404	-2.3191660044161653	0.05223273687141438	11.126749972183125	9.195999908040001
28	458752	10	2.6	2.6907248094147422	8.0	0.0	10	1.6	2.3323807579381204	8.0	0.0	-0.007910931845884935	-2.339059881622326	0.049192933321773255	13.340999966647502	14.450999855490004
32	524288	10	1.2	1.32664991614216	4.0	0.0	10	1.4	1.2806248474865698	4.0	0.0	-0.00879577791207272	-2.3638846201222425	0.04489058003448484	10.73049997317375	8.179999918200002
36	589824	10	2.2	1.8867962264113207	6.0	0.0	10	1.0	1.3416407864998738	4.0	0.0	-0.00784617090700342	-2.357144035153424	0.045869243908552085	13.257999966855001	15.207999847920002
40	655360	10	1.4	1.562049935181331	4.0	0.0	10	1.4	1.562049935181331	4.0	0.0	-0.00763743127917399	-2.2667874915026722	0.05905579177358006	10.945999972635	26.970999730290004
44	720896	10	2.2	2.4413111231467406	6.0	0.0	10	2.2	2.08806130178211	6.0	0.0	-0.008556589404500596	-2.3158036443165644	0.050434144169736995	12.099249969751876	15.695999843040003
48	786432	10	1.0	1.3416407864998738	4.0	0.0	10	1.6	2.4979991993593593	8.0	0.0	-0.008393260981731175	-2.289126120269266	0.043017221455017046	10.937749972655624	19.804999801950004
52	851968	10	1.2	1.32664991614216	4.0	0.0	10	2.8	2.7129319932501073	8.0	0.0	-0.009347240169150704	-2.3493516889747506	0.04725799743990812	11.4569999713575	3.1919999680800006
56	917504	10	1.2	1.6	4.0	0.0	10	2.2	2.6	8.0	0.0	-0.007086326401369404	-2.328823506589537	0.045132327858934826	11.3949999715125	19.756999802430006
60	983040	10	1.2	1.5999999999999999	4.0	0.0	10	1.2	1.32664991614216	4.0	0.0	-0.009783607520948371	-2.3071501103620506	0.036989456523858134	9.701249975746876	3.9599999604000007
64	1048576	10	3.4	2.3748684174075834	8.0	0.0	10	1.0	1.3416407864998738	4.0	0.0	-0.009064613515537051	-2.28269801265065	0.03533148846686653	12.203249969491877	16.439999835600005
68	1114112	10	1.8	1.886796226411321	6.0	0.0	10	1.4	1.562049935181331	4.0	0.0	-0.009612613473017556	-2.2744654687856682	0.0414748460515661	10.5109999737225	13.203999867960002
72	1179648	10	1.8	1.077032961426901	4.0	0.0	10	1.8	2.08806130178211	6.0	0.0	-0.010666533726281766	-2.2951051292412883	0.039629255591954606	11.378749971553123	19.886999801130003
76	1245184	10	1.4	1.8	4.0	0.0	10	2.0	2.1908902300206643	6.0	0.0	-0.009305244689070829	-2.331855098163572	0.037063047829259094	11.85149997037125	15.743999842560003
80	1310720	10	3.0	1.61245154965971	6.0	0.0	10	1.6	1.7435595774162693	4.0	0.0	-0.01091489642938834	-2.2869675902130147	0.03888778279440832	10.066249974834376	24.413999755860004
84	1376256	10	1.0	2.04939015319192	6.0	0.0	10	3.0	2.4083189157584592	6.0	0.0	-0.01069180893086205	-2.2389248507869555	0.044174280866725237	10.9009999727475	9.808999901910001
88	1441792	10	1.2	2.0396078054371136	6.0	0.0	10	3.0	1.61245154965971	6.0	0.0	-0.010521925138280704	-2.222610997425459	0.03717685608814952	12.0589999698525	9.283999907160002
92	1507328	10	1.6	1.9595917942265424	6.0	0.0	10	1.6	1.7435595774162693	6.0	0.0	-0.01019022183163502	-2.2341682039357527	0.038281670554123445	10.812999972967502	6.033999939660001
96	1572864	10	1.8	1.661324772583615	4.0	0.0	10	2.2	2.6	8.0	0.0	-0.01074039163489628	-2.295664493997178	0.0360538886512016	12.367999969080003	2.8699999713000004
100	1638400	10	1.6	1.4966629547095767	4.0	0.0	10	2.4	2.33238075793812	6.0	0.0	-0.01062889085622614	-2.264906535310057	0.0413099761892851	10.954249972614376	28.695999713040006
104	1703936	10	0.4	0.8000000000000002	2.0	0.0	10	1.4	1.562049935181331	4.0	0.0	-0.01041526583758888	-2.2592872006327873	0.037506510189242316	10.81849997295375	7.321999926780001
108	1769472	10	1.4	1.562049935181331	4.0	0.0	10	3.0	2.7202941017470885	8.0	0.0	-0.010419159508098044	-2.3059213283242848	0.039238496854073594	12.724749968188126	10.277999897220003
112	1835008	10	2.2	2.08806130178211	6.0	0.0	10	2.6	2.009975124224178	6.0	0.0	-0.010368494650549537	-2.2809041810639994	0.03689614968222867	10.659249973351875	18.89099981109
116	1900544	10	1.2	1.6	4.0	0.0	10	1.6	1.4966629547095767	4.0	0.0	-0.01043887947538473	-2.2509604491432205	0.03940733562511612	9.705749975735625	11.705999882940002
120	1966080	10	1.4	1.562049935181331	4.0	0.0	10	2.6	2.3748684174075834	6.0	0.0	-0.010542527987241437	-2.2339728869654247	0.035347668877225145	11.623749970940626	13.730999862690002
124	2031616	10	2.8	2.039607805437114	6.0	0.0	10	3.2	2.4	8.0	0.0	-0.009762915308676227	-2.2319519567151493	0.03363236049227877	12.177749969555627	26.039999739600002
128	2097152	10	1.2	1.32664991614216	4.0	0.0	10	2.2	2.749545416973504	8.0	0.0	-0.010324268149649957	-2.169253589980341	0.04630867179854505	10.92049997269875	21.686999783130005
132	2162688	10	2.0	2.1908902300206643	6.0	0.0	10	3.4	2.3748684174075834	8.0	0.0	-0.00985067264889201	-2.225368576513383	0.03161186183240662	10.492249973769376	12.193999878060003
136	2228224	10	2.4	2.33238075793812	6.0	0.0	10	2.6	1.8000000000000003	6.0	0.0	-0.011179388143063622	-2.2193907695683635	0.0323009787210144	11.747249970631877	13.340999866590002
140	2293760	10	0.8	0.9797958971132712	2.0	0.0	10	4.0	4.6475800154489	16.0	0.0	-0.010030325651482175	-2.2223389047056146	0.03857963510464716	11.485749971285625	13.482999865170003
144	2359296	10	3.8	4.853864439804639	16.0	0.0	10	2.4	2.33238075793812	6.0	0.0	-0.010742408542473316	-2.181180481882181	0.039388097042461094	12.99199996752	18.194999818050004
148	2424832	10	1.0	1.0	2.0	0.0	10	2.8	2.85657137141714	10.0	0.0	-0.01212109139179278	-2.2762804178012557	0.03164680691804771	9.80949997547625	9.78599990214
152	2490368	10	1.2	1.8330302779823358	6.0	0.0	10	2.4	2.6532998322843198	8.0	0.0	-0.011163069335502585	-2.260152235391742	0.04095801031566435	11.30349997174125	21.015999789840002
156	2555904	10	1.2	1.6	4.0	0.0	10	2.8	2.0396078054371136	6.0	0.0	-0.011653521288582814	-2.2075067185049515	0.03559446427600349	10.071249974821875	14.206999857930002
160	2621440	10	1.0	1.3416407864998738	4.0	0.0	10	3.0	1.3416407864998738	6.0	2.0	-0.010679398414847002	-2.243812165920654	0.03258371762203882	12.440999968897499	9.458999905410002
164	2686976	10	1.4	1.562049935181331	4.0	0.0	10	3.0	2.569046515733026	6.0	0.0	-0.010710418215943089	-2.2404536478371138	0.030988016783446738	9.662249975844375	31.141999688580004
168	2752512	10	1.8	2.2715633383201093	6.0	0.0	10	2.0	2.0	6.0	0.0	-0.011434275975889616	-2.2119115241051355	0.03273552366734662	11.329999971674999	8.02199991978
172	2818048	10	1.0	1.8439088914585775	6.0	0.0	10	2.2	1.8867962264113207	4.0	0.0	-0.010235077748949228	-2.2079086574598987	0.042927907212667094	12.251749969370625	16.336999836630003
176	2883584	10	1.6	1.4966629547095764	4.0	0.0	10	3.2	2.039607805437114	6.0	0.0	-0.010815031051692731	-2.2383303068730176	0.03568985355490957	10.377249974056875	12.872999871270002
180	2949120	10	1.6	1.7435595774162693	6.0	0.0	10	1.4	1.2806248474865698	4.0	0.0	-0.010565922870946322	-2.2449207378075546	0.031213428103994113	10.880499972798752	6.4669999353300005
184	3014656	10	2.6	4.565084884205332	16.0	0.0	10	3.8	4.686149805543993	16.0	0.0	-0.011432873151859195	-2.2282332080268388	0.026974180497058034	12.281749969295625	19.132999808670004
188	3080192	10	1.4	1.2806248474865698	4.0	0.0	10	2.2	2.2715633383201097	6.0	0.0	-0.010895460537921082	-2.224870274232532	0.029527533660516202	11.408249971479377	20.875999791240005
192	3145728	10	2.2	1.8867962264113207	6.0	0.0	10	2.8	2.039607805437114	6.0	0.0	-0.011191836156938889	-2.2760369328273735	0.029034808721318073	9.688749975778125	23.304999766950004
196	3211264	10	1.8	1.886796226411321	4.0	0.0	10	4.0	4.381780460041329	16.0	0.0	-0.010914024786643484	-2.2558040666217223	0.02714993152484608	12.0769999698075	12.732999872670003
200	3276800	10	0.6	0.9165151389911679	2.0	0.0	10	3.6	5.122499389946279	16.0	0.0	-0.010952442597116644	-2.20721962528284	0.036368853893843985	11.860999970347502	9.6099999039
204	3342336	10	2.6	1.5620499351813308	6.0	0.0	10	2.0	1.5491933384829668	4.0	0.0	-0.01144942893614704	-2.1951150246161473	0.03500526417458249	10.65999997335	18.881999811180005
208	3407872	10	1.6	1.7435595774162695	6.0	0.0	10	2.8	1.8330302779823362	6.0	0.0	-0.01034135014574432	-2.202740194667405	0.02923763147250733	12.252749969368125	18.904999810950006
212	3473408	10	0.8	0.9797958971132713	2.0	0.0	10	3.2	2.7129319932501073	8.0	0.0	-0.010129140051054992	-2.192354216943299	0.031764067550916764	9.681249975796874	15.475999845240004
216	3538944	10	1.6	1.4966629547095767	4.0	0.0	10	1.8	1.8867962264113207	6.0	0.0	-0.01156421179500787	-2.249791418278309	0.02905892367016817	11.082249972294376	18.270999817290004
220	3604480	10	1.4	2.537715508089904	8.0	0.0	10	1.8	1.4000000000000001	4.0	0.0	-0.010835734610820772	-2.285076419274402	0.03168747684355435	11.461749971345625	17.965999820340002
224	3670016	10	1.8	1.8867962264113207	6.0	0.0	10	2.8	2.5612496949731396	8.0	0.0	-0.011085457916788395	-2.3026060832128468	0.031309621211294776	10.048499974878752	24.253999757460004
228	3735552	10	1.8	1.8867962264113207	6.0	0.0	10	1.4	1.562049935181331	4.0	0.0	-0.010588638456696501	-2.3170862692167717	0.03103031512647493	10.200249974499375	30.019999699800003
232	3801088	10	1.4	1.2806248474865698	4.0	0.0	10	3.0	5.2345009313209605	18.0	0.0	-0.011189531621056117	-2.2771365665010856	0.03252962186671324	10.903749972740625	16.8299998317
236	3866624	10	1.8	2.4413111231467406	6.0	0.0	10	1.2	1.8330302779823358	6.0	0.0	-0.011212469721354689	-2.329849175866144	0.023947862284867845	10.195499974511248	10.438999895610001
240	3932160	10	0.6	1.2806248474865698	4.0	0.0	10	1.8	1.4000000000000001	4.0	0.0	-0.01006704300153948	-2.3038450998648248	0.03335072390853407	11.141999972145001	6.144999938550001
244	3997696	10	3.4	3.4698703145794942	12.0	0.0	10	4.2	1.4	6.0	2.0	-0.010826315450770715	-2.2854691964987426	0.03453354184000829	12.0609999698475	27.943999720560004
248	4063232	10	1.4	1.2806248474865698	4.0	0.0	10	2.0	1.7888543819998317	6.0	0.0	-0.010462512886808056	-2.313365973291224	0.03449314349204489	9.609999975974999	33.69899966301001
252	4128768	10	1.0	1.0	2.0	0.0	10	3.0	2.4083189157584592	6.0	0.0	-0.011348005642533842	-2.3122857682481794	0.029168351530939562	9.63199997592	7.396999926030001
256	4194304	10	2.6	2.6907248094147422	8.0	0.0	10	3.2	2.039607805437114	8.0	0.0	-0.012501997173392843	-2.309565889098072	0.029632771889075912	11.2969999717575	26.006999739930006
260	4259840	10	1.0	1.61245154965971	4.0	0.0	10	1.2	1.6	4.0	0.0	-0.011575961421240975	-2.307601079104374	0.025484504175511753	10.811999972970002	13.143999868560002
264	4325376	10	1.4	1.8	4.0	0.0	10	2.4	1.7435595774162695	4.0	0.0	-0.010585603003577736	-2.2990183877536956	0.0372961884480856	10.111999974719998	11.894999881050001
268	4390912	10	1.6	1.9595917942265426	6.0	0.0	10	3.2	2.5612496949731396	8.0	0.0	-0.011231548922945532	-2.312758256750792	0.03095808597735197	10.849999972875002	18.991999810080003
272	4456448	10	1.2	1.32664991614216	4.0	0.0	10	1.4	2.009975124224178	6.0	0.0	-0.011544015963116029	-2.3062781614643026	0.026181740702972703	11.497999971255	4.76299995237
276	4521984	10	1.6	2.154065922853802	6.0	0.0	10	5.6	3.9799497484264803	16.0	2.0	-0.011083368771078852	-2.251924050116408	0.03410840371734	12.585999968534999	19.312999806870003
280	4587520	10	2.0	2.1908902300206643	6.0	0.0	10	1.4	1.8	4.0	0.0	-0.011978572289045948	-2.3079819428503416	0.028711953197409046	9.680749975798125	21.306999786930003
284	4653056	10	2.4	2.3323807579381204	6.0	0.0	10	3.4	1.8	6.0	0.0	-0.011807133102878984	-2.3144314857893327	0.030878757065205154	11.258499971853752	15.335999846640004
288	4718592	10	3.6	4.6303347611160905	16.0	0.0	10	3.2	5.74108003776293	20.0	0.0	-0.011738326661230147	-2.3024236060764127	0.028806849515634905	11.706749970733126	23.30699976693
292	4784128	10	1.8	2.08806130178211	6.0	0.0	10	3.0	2.8635642126552705	8.0	0.0	-0.011255862344154748	-2.2708571252841585	0.023848878993341587	11.339249971651874	17.008999829910003
296	4849664	10	1.4	1.2806248474865698	4.0	0.0	10	1.6	1.4966629547095764	4.0	0.0	-0.010550700078473044	-2.302205661692814	0.021653609299561706	10.1189999747025	19.768999802310002
300	4915200	10	0.6	1.2806248474865698	4.0	0.0	10	2.6	2.6907248094147422	8.0	0.0	-0.011680297166696824	-2.238352914418073	0.03003531616489149	10.505999973735001	15.435999845640003
304	4980736	10	2.6	2.5377155080899043	8.0	0.0	10	3.6	1.7435595774162693	6.0	0.0	-0.010597173707949829	-2.25290069705622	0.0348018480739005	11.587749971030627	28.459999715400006
308	5046272	10	1.6	1.7435595774162693	6.0	0.0	10	3.2	2.4	6.0	0.0	-0.009992526920713193	-2.225032383965143	0.035643988324031185	10.961249972596875	17.5699998243
312	5111808	10	0.4	0.8000000000000002	2.0	0.0	10	1.4	2.009975124224178	6.0	0.0	-0.011374931594549586	-2.216056448487073	0.030072670989486475	9.56449997608875	25.550999744490003
316	5177344	10	1.2	1.6	4.0	0.0	10	2.4	1.9595917942265424	6.0	0.0	-0.010766011803540951	-2.1840751168836983	0.030731699668783117	10.44449997388875	7.348999926510001
320	5242880	10	2.8	2.9933259094191533	10.0	0.0	10	2.8	2.227105745132009	6.0	0.0	-0.010103923966055637	-2.204055957266577	0.027285194914118883	12.097749969755625	4.49899995501
324	5308416	10	1.4	1.2806248474865698	4.0	0.0	10	1.6	1.9595917942265426	6.0	0.0	-0.010213762884477721	-2.2266948320135613	0.03168902765086135	10.46649997383375	8.145999918540003
328	5373952	10	2.2	1.8867962264113207	6.0	0.0	10	4.2	5.015974481593782	18.0	0.0	-0.010725169148013221	-2.243150666122425	0.029219489037119958	11.128249972179377	20.004999799950003
332	5439488	10	1.4	1.8	4.0	0.0	10	3.2	2.4	8.0	0.0	-0.010405458009222369	-2.270409991107315	0.03353110714078223	9.591249976021876	23.403999765960005
336	5505024	10	1.0	1.3416407864998738	4.0	0.0	10	4.4	4.715930449020639	16.0	0.0	-0.010679793998961167	-2.2581162177157594	0.02519728163538041	10.373999974065	19.854999801450003
340	5570560	10	3.0	3.0	10.0	0.0	10	2.4	2.939387691339814	10.0	0.0	-0.010971056107103739	-2.2707768328606006	0.0388515933259898	11.609749970975624	22.883999771160003
344	5636096	10	2.4	2.33238075793812	6.0	0.0	10	4.2	4.8538644398046396	18.0	0.0	-0.009977580243555387	-2.281710885227467	0.03396642485202065	12.275749969310624	17.92099982079
348	5701632	10	3.6	4.543126676640219	16.0	0.0	10	1.6	1.9595917942265426	6.0	0.0	-0.010517238466001892	-2.2983625379790853	0.02996896820141129	9.64799997588	6.4349999356500005
352	5767168	10	2.6	2.8354893757515653	10.0	0.0	10	5.6	4.882622246293481	18.0	0.0	-0.01081958228444589	-2.305510170517613	0.028939680969432446	12.81249996796875	22.360999776390003
356	5832704	10	1.2	1.32664991614216	4.0	0.0	10	0.8	1.6000000000000003	4.0	0.0	-0.009883586461790408	-2.2972879034868	0.03550819551667988	12.381249969046877	17.007999829920003
360	5898240	10	2.2	2.4413111231467406	8.0	0.0	10	3.0	4.219004621945797	12.0	0.0	-0.011347426840105694	-2.288238964736522	0.031191951417374644	10.451749973870626	20.49899979501
364	5963776	10	1.6	1.4966629547095764	4.0	0.0	10	2.8	2.9933259094191533	8.0	0.0	-0.010283543077235238	-2.2514071660875508	0.03699457097878887	10.442249973894375	15.109999848900001
368	6029312	10	1.8	1.8867962264113207	6.0	0.0	10	4.4	4.963869458396342	18.0	0.0	-0.010584041339329314	-2.2490023521226394	0.032574440058187215	11.938999970152501	25.171999748280005
372	6094848	10	2.6	2.2	6.0	0.0	10	2.6	2.6907248094147422	8.0	0.0	-0.011060652171545246	-2.2624123317626803	0.029194068471033154	10.88249997279375	27.391999726080005
376	6160384	10	2.4	2.1540659228538015	6.0	0.0	10	2.6	2.0099751242241783	6.0	0.0	-0.010438463443404352	-2.2670045244319112	0.029340251423466652	10.44399997389	26.235999737640004
380	6225920	10	1.2	2.0396078054371136	6.0	0.0	10	2.8	2.227105745132009	8.0	0.0	-0.010697052873585113	-2.2044118218311177	0.032480334917890964	9.869249975326877	34.88099965119
384	6291456	10	0.6	1.2806248474865698	4.0	0.0	10	3.6	2.65329983228432	8.0	0.0	-0.009738193253922866	-2.2589029294879603	0.034748252380589775	10.21749997445625	25.251999747480003
388	6356992	10	1.0	1.3416407864998738	4.0	0.0	10	4.0	3.22490309931942	12.0	0.0	-0.009198676750153437	-2.2190239750020884	0.03133045617785529	10.816499972958752	14.796999852030003
392	6422528	10	1.4	2.009975124224178	6.0	0.0	10	2.0	1.7888543819998317	6.0	0.0	-0.011394494117389476	-2.1735814211488598	0.025372054580439674	10.840249972899377	18.148999818510003
396	6488064	10	0.2	0.6000000000000001	2.0	0.0	10	3.4	2.1999999999999997	6.0	0.0	-0.00948345743767929	-2.186373499304793	0.030138918098492874	9.6549999758625	18.365999816340004
400	6553600	10	2.2	2.08806130178211	6.0	0.0	10	2.4	2.33238075793812	8.0	0.0	-0.010510728179236	-2.218232641386391	0.030910433383232655	11.941749970145626	7.235999927640001
404	6619136	10	1.0	2.04939015319192	6.0	0.0	10	2.8	2.039607805437114	6.0	0.0	-0.011484176919734353	-2.210770554610276	0.039447090429180535	13.244249966889376	18.946999810530002
408	6684672	10	1.0	1.3416407864998738	4.0	0.0	10	2.0	2.5298221281347035	8.0	0.0	-0.010286765302973282	-2.2226520302563286	0.03629268744271937	12.340249969149374	22.767999772320003
412	6750208	10	1.8	1.8867962264113207	6.0	0.0	10	6.0	4.6475800154489	16.0	0.0	-0.011110590595060308	-2.1855067533958286	0.03323295620932829	11.805749970485625	13.826999861730002
416	6815744	10	2.6	3.693237062523878	12.0	0.0	10	2.6	1.5620499351813308	6.0	0.0	-0.009719561728664722	-2.1752040880639485	0.04007995888794195	10.93149997267125	16.503999834960005
420	6881280	10	1.0	1.3416407864998738	4.0	0.0	10	2.0	2.0	6.0	0.0	-0.01090296449918659	-2.2035937455981336	0.04061528469478456	12.602749968493125	14.948999850510003
424	6946816	10	2.4	2.65329983228432	6.0	0.0	10	4.6	3.9038442591886273	16.0	2.0	-0.011065913536548814	-2.1898395342333896	0.04154713738587346	10.853499972866251	21.31299978687
428	7012352	10	1.4	2.537715508089904	8.0	0.0	10	3.2	3.124099870362662	8.0	0.0	-0.009937764789533626	-2.1842741367925824	0.04774641747632342	9.232749976918125	32.93799967062001
432	7077888	10	0.6	1.2806248474865698	4.0	0.0	10	4.0	2.0	6.0	0.0	-0.011603255815623667	-2.2022870205532246	0.03711412177267377	9.999999975	15.038999849610002
436	7143424	10	1.6	1.7435595774162695	6.0	0.0	10	4.4	6.118823416311343	22.0	0.0	-0.010397934647222214	-2.1829540801754597	0.03775356158531333	11.6789999708025	25.171999748280005
440	7208960	10	0.8	1.8330302779823362	6.0	0.0	10	3.6	2.4979991993593593	8.0	0.0	-0.010424153104522183	-2.2150254669465	0.031344696216435	10.776749973058125	25.571999744280003
444	7274496	10	1.8	1.8867962264113207	6.0	0.0	10	3.4	5.868560300448484	20.0	0.0	-0.010728571330010917	-2.187882229457879	0.036537037072001705	10.800999972997499	31.567999684320007
448	7340032	10	1.0	1.0	2.0	0.0	10	2.2	2.6	6.0	0.0	-0.009634405453558927	-2.2158064715739645	0.03872774921264658	9.8929999752675	7.772999922270001
452	7405568	10	1.8	1.661324772583615	4.0	0.0	10	1.6	1.9595917942265424	6.0	0.0	-0.010234739203492113	-2.152879689906293	0.03844276122581237	11.154249972114375	19.09499980905
456	7471104	10	1.6	1.7435595774162693	4.0	0.0	10	2.4	1.9595917942265426	6.0	0.0	-0.01003569528394769	-2.1523608091218356	0.0373924682459959	11.562249971094374	20.622999793770003
460	7536640	10	1.0	1.0	2.0	0.0	10	3.6	3.2	10.0	0.0	-0.010514781559440097	-2.2083096576416907	0.03185116445003466	10.243749974390626	19.309999806900002
464	7602176	10	0.8	1.32664991614216	4.0	0.0	10	3.8	4.237924020083418	16.0	0.0	-0.010782075710053596	-2.2151884856499438	0.029162948618243922	10.941249972646876	14.19699985803
468	7667712	10	2.4	2.4979991993593593	8.0	0.0	10	4.4	4.543126676640219	16.0	0.0	-0.009337256222592181	-2.199900959699674	0.031710397177177094	10.767249973081874	8.62899991371
472	7733248	10	1.2	1.32664991614216	4.0	0.0	10	5.2	6.337191807101944	22.0	0.0	-0.010413273921713585	-2.1738162261963474	0.033423846855692815	12.380249969049375	10.29899989701
476	7798784	10	1.6	1.7435595774162695	4.0	0.0	10	3.8	2.08806130178211	8.0	2.0	-0.010174108517732202	-2.1916533532442535	0.037894740677371815	13.013749967465625	23.472999765270004
480	7864320	10	5.0	4.753945729601885	18.0	0.0	10	4.4	4.715930449020639	18.0	0.0	-0.010737929023983716	-2.2066416713283625	0.03091576906607995	11.09199997227	28.548999714510003
484	7929856	10	1.8	3.026549190084311	10.0	0.0	10	1.4	2.2	6.0	0.0	-0.009876937893024754	-2.2277368677322116	0.040451810458186584	10.20149997449625	17.95399982046
488	7995392	10	1.6	2.154065922853802	6.0	0.0	10	3.0	4.753945729601885	16.0	0.0	-0.010444215488075434	-2.1918706221085444	0.03341985194750942	10.966999972582501	15.395999846040004
492	8060928	10	2.8	2.227105745132009	8.0	0.0	10	4.4	5.043808085167396	18.0	0.0	-0.011063507106942963	-2.1675528235959165	0.03304859506553372	12.3669999690825	24.540999754590004
496	8126464	10	3.0	4.753945729601885	16.0	0.0	10	3.0	2.4083189157584592	8.0	0.0	-0.009729712109115673	-2.1656400906770585	0.040998783404548676	12.02449996993875	26.142999738570005
500	8192000	10	1.6	1.9595917942265424	6.0	0.0	10	3.8	4.422668877499196	16.0	0.0	-0.010179419908582342	-2.1919790404738526	0.036430141477310427	11.559999971099998	22.193999778060004
504	8257536	10	2.0	2.0	6.0	0.0	10	2.6	1.8	6.0	0.0	-0.00889395036845722	-2.1758093682645256	0.042622484941407496	10.901999972745001	20.628999793710005
508	8323072	10	0.6	1.2806248474865698	4.0	0.0	10	2.0	1.7888543819998317	6.0	0.0	-0.009086599601650312	-2.20803428169933	0.04720749397037544	10.913499972716249	15.796999842030003
512	8388608	10	1.0	1.3416407864998738	4.0	0.0	10	2.2	1.8867962264113207	6.0	0.0	-0.010800459576266496	-2.222147981094311	0.027542450966859325	11.6169999709575	16.685999833140002
516	8454144	10	3.4	6.327716807822551	22.0	0.0	10	3.0	2.569046515733026	8.0	0.0	-0.009841011256448429	-2.2672721964739355	0.035939637043960596	10.949249972626875	18.537999814620004
520	8519680	10	3.4	2.537715508089904	8.0	0.0	10	2.2	1.6613247725836149	4.0	0.0	-0.010566672335810932	-2.2625671448933606	0.026183470236902522	10.3029999742425	31.032999689670007
524	8585216	10	1.0	1.61245154965971	4.0	0.0	10	3.8	5.688585061331158	20.0	0.0	-0.008929024243398698	-2.2123223093827775	0.04317705879935131	10.346499974133751	33.228999667710006
528	8650752	10	2.4	1.9595917942265422	6.0	0.0	10	3.8	4.422668877499197	16.0	0.0	-0.009982107743347469	-2.276747027795777	0.03202856157107061	9.685749975785626	30.627999693720007
532	8716288	10	2.4	2.33238075793812	6.0	0.0	10	2.0	2.1908902300206643	6.0	0.0	-0.01051966764510188	-2.2480623794240486	0.029446483237395495	10.602249973494375	18.608999813910003
536	8781824	10	2.0	2.3664319132398464	6.0	0.0	10	4.0	2.0	8.0	2.0	-0.009536343494717383	-2.2293300104799245	0.03550488567386025	10.890749972773126	26.080999739190005
540	8847360	10	2.0	1.5491933384829668	4.0	0.0	10	1.8	1.886796226411321	6.0	0.0	-0.011020716307700941	-2.2368186387076503	0.02937313888769721	11.435499971411252	17.5699998243
544	8912896	10	1.4	2.009975124224178	6.0	0.0	10	4.0	4.47213595499958	16.0	0.0	-0.009278439445191891	-2.2299813601038547	0.03897828224174711	11.701249970746876	27.413999725860005
548	8978432	10	1.8	2.08806130178211	6.0	0.0	10	3.4	4.386342439892262	16.0	0.0	-0.009658792865193774	-2.273916065456035	0.038439708253400325	10.2909999742725	21.30199978698
552	9043968	10	1.6	2.154065922853802	6.0	0.0	10	2.8	2.85657137141714	10.0	0.0	-0.010917871587859023	-2.285893015325374	0.03454390559761753	9.74249997564375	27.600999723990004
556	9109504	10	1.6	1.7435595774162695	4.0	0.0	10	4.0	1.7888543819998317	8.0	2.0	-0.01024547507540158	-2.2800103051075573	0.03175092222381574	12.217999969455	14.751999852480003
560	9175040	10	1.0	1.61245154965971	4.0	0.0	10	3.6	2.1540659228538015	6.0	0.0	-0.008366852680145156	-2.2512854459523512	0.044684438263068095	12.625249968436874	23.817999761820005
564	9240576	10	2.0	2.3664319132398464	8.0	0.0	10	2.8	2.4	8.0	0.0	-0.010863939376658034	-2.292998303730847	0.038271433631007316	9.745999975635002	18.002999819970004
568	9306112	10	1.4	2.9732137494637008	10.0	0.0	10	3.0	2.23606797749979	8.0	0.0	-0.00975257528766604	-2.259715219103348	0.041160770862266646	10.881749972795625	10.321999896780001
572	9371648	10	1.2	1.8330302779823358	4.0	0.0	10	4.4	1.9595917942265424	8.0	2.0	-0.010958847239403309	-2.274800610802044	0.033060443642365045	11.777999970555001	26.533999734660004
576	9437184	10	2.2	2.2715633383201093	6.0	0.0	10	3.4	2.690724809414742	8.0	0.0	-0.010856912732157553	-2.220514995125097	0.03537002859346313	10.706749973233125	24.004999759950003
580	9502720	10	1.6	1.7435595774162693	4.0	0.0	10	2.4	1.9595917942265424	6.0	0.0	-0.009599271830878846	-2.2585508075984055	0.03002969648686663	9.880249975299375	30.578999694210005
584	9568256	10	1.6	1.4966629547095764	4.0	0.0	10	2.6	2.8354893757515653	10.0	0.0	-0.009881551454056147	-2.304608121274257	0.035792882162453576	10.095749974760624	12.232999877670002
588	9633792	10	1.6	1.9595917942265424	6.0	0.0	10	3.6	5.122499389946279	18.0	0.0	-0.00894514086786223	-2.318129665908144	0.03020956132168675	13.051249967371875	10.77399989226
592	9699328	10	1.8	2.08806130178211	6.0	0.0	10	3.8	2.6	8.0	0.0	-0.009631649999904339	-2.309465110061402	0.03429639286702872	11.8729999703175	25.745999742540004
596	9764864	10	1.0	1.0	2.0	0.0	10	2.2	2.2715633383201097	6.0	0.0	-0.010538492670814775	-2.27975409205849	0.03715971445588124	11.145249972136874	15.013999849860001
600	9830400	10	3.8	4.6	16.0	0.0	10	3.8	4.935585071701226	18.0	0.0	-0.007867883390431905	-2.317107587811384	0.03389666846134581	10.914999972712499	20.39099979609
604	9895936	10	3.2	2.039607805437114	6.0	0.0	10	6.2	6.289674077406556	18.0	0.0	-0.00934962142879385	-2.3082540281196056	0.02991243697934568	11.57599997106	25.313999746860006
608	9961472	10	1.2	1.32664991614216	4.0	0.0	10	4.8	5.455272678794342	20.0	0.0	-0.00989151159004338	-2.2689285251121576	0.03817138777803375	10.885499972786251	15.437999845620004
612	10027008	10	3.4	3.2310988842807022	8.0	0.0	10	3.0	2.4083189157584592	6.0	0.0	-0.01049915173049537	-2.247449236377416	0.03784014936142382	11.904499970238751	16.08299983917
616	10092544	10	1.0	1.61245154965971	4.0	0.0	10	3.2	3.124099870362662	10.0	0.0	-0.01010849399745795	-2.233351193135794	0.03837763800972532	13.018999967452501	12.58099987419
620	10158080	10	1.4	1.8000000000000003	4.0	0.0	10	4.8	6.4621977685614045	18.0	0.0	-0.011365233333616116	-2.291118648906309	0.023837125809165208	11.110749972223125	26.62399973376
624	10223616	10	1.2	1.6	4.0	0.0	10	5.6	4.363484845854286	16.0	0.0	-0.009018823100905488	-2.2704723971703884	0.02880765780661682	10.286749974283127	27.978999720210005
628	10289152	10	2.8	2.5612496949731396	8.0	0.0	10	4.2	5.546169849544819	18.0	0.0	-0.009880371926739562	-2.3018576003696842	0.028191342714100006	11.544999971137502	9.68599990314
632	10354688	10	2.0	2.0	6.0	0.0	10	1.2	1.6	4.0	0.0	-0.010049267310189285	-2.3051092349075195	0.032522330697497756	11.989749970025624	15.25799984742
636	10420224	10	1.6	2.3323807579381204	8.0	0.0	10	5.6	4.454211490264018	16.0	0.0	-0.01005982912724705	-2.2887617521087384	0.03290802053764397	9.096749977258126	25.158999748410004
640	10485760	10	1.2	1.32664991614216	4.0	0.0	10	2.4	1.9595917942265424	6.0	0.0	-0.009654418726823606	-2.2843307080472215	0.027180874251723167	11.90549997023625	16.133999838660003
644	10551296	10	1.0	1.3416407864998738	4.0	0.0	10	8.2	6.660330322138686	18.0	0.0	-0.008343272276498365	-2.2420640039095305	0.03697207309696644	10.45549997386125	15.409999845900003
648	10616832	10	1.0	1.3416407864998738	4.0	0.0	10	3.6	2.4979991993593593	6.0	0.0	-0.010279405046114947	-2.1956055609084904	0.034414090251380126	11.767249970581876	23.604999763950005
652	10682368	10	3.6	2.1540659228538015	6.0	0.0	10	5.6	4.079215610874228	16.0	0.0	-0.009609087005537227	-2.174016274285354	0.04220321741058769	11.2769999718075	25.534999744650005
656	10747904	10	1.4	1.562049935181331	4.0	0.0	10	4.2	4.512205669071391	16.0	0.0	-0.010090220289243317	-2.246897501016056	0.03249912815373238	11.451249971371876	21.04599978954
660	10813440	10	3.4	5.295280917949491	18.0	0.0	10	4.8	4.915282290977803	18.0	0.0	-0.009367181042999152	-2.2415133141129813	0.033070460715145925	9.81649997545875	19.226999807730003
664	10878976	10	1.6	1.4966629547095767	4.0	0.0	10	3.4	2.3748684174075834	6.0	0.0	-0.008103843273061266	-2.2359865057126083	0.04151271294835664	11.068749972328124	17.848999821510002
668	10944512	10	2.4	3.0724582991474434	8.0	0.0	10	5.8	4.935585071701226	18.0	0.0	-0.009545202436347697	-2.2651099585120735	0.0353897548593038	10.19599997451	9.005999909940002
672	11010048	10	2.6	3.1048349392520045	8.0	0.0	10	3.0	2.23606797749979	6.0	0.0	-0.009426585802660778	-2.2731364863729917	0.034104025996773375	12.566749968583125	17.971999820280004
676	11075584	10	2.2	2.08806130178211	6.0	0.0	10	3.4	2.009975124224178	6.0	0.0	-0.009748151692186657	-2.2546547028060577	0.03975442909066274	13.605249965986875	13.685999863140003
680	11141120	10	1.4	2.9732137494637008	10.0	0.0	10	2.8	1.8330302779823362	6.0	0.0	-0.009689346806126427	-2.2394783146830135	0.0448438566480617	12.130749969673124	17.479999825200004
684	11206656	10	1.2	1.32664991614216	4.0	0.0	10	3.0	2.569046515733026	8.0	0.0	-0.00931689530286007	-2.2163107318357653	0.049141004870493894	10.250249974374375	15.120999848790003
688	11272192	10	2.8	5.878775382679627	20.0	0.0	10	5.4	4.565084884205332	18.0	2.0	-0.010086712681045122	-2.2067187326834685	0.04547715570769595	13.162499967093751	6.278999937210001
692	11337728	10	2.6	1.5620499351813308	4.0	0.0	10	3.2	2.039607805437114	6.0	0.0	-0.00968926253113471	-2.2342437155700945	0.03953220865587865	12.213249969466876	15.723999842760003
696	11403264	10	1.2	2.5612496949731396	8.0	0.0	10	5.6	6.560487786742691	20.0	0.0	-0.009894236101475558	-2.2738876265898997	0.04141718102187623	9.249749976875625	14.668999853310003
700	11468800	10	0.8	1.32664991614216	4.0	0.0	10	3.2	2.039607805437114	6.0	0.0	-0.010750548112599711	-2.259497500720694	0.03731758387681044	10.370999974072499	20.816999791830003
704	11534336	10	1.2	2.0396078054371136	6.0	0.0	10	3.6	4.543126676640219	16.0	0.0	-0.009536935968669887	-2.219612516231593	0.04110459651137006	10.613999973465	11.372999886270001
708	11599872	10	3.8	5.827520913733386	20.0	0.0	10	3.8	2.6	8.0	0.0	-0.009906231696306424	-2.2167273608521216	0.04160861162190588	13.191999967020001	17.79299982207
712	11665408	10	1.4	1.7999999999999998	6.0	0.0	10	3.6	4.363484845854286	16.0	0.0	-0.009706062702712194	-2.25319523092482	0.03495631904054762	10.888249972779377	7.998999920010001
716	11730944	10	3.2	4.915282290977803	16.0	0.0	10	3.2	2.227105745132009	6.0	0.0	-0.011281244387683968	-2.2211094744673368	0.040983799510867676	14.01599996496	9.164999908350001
720	11796480	10	2.6	4.737087712930805	16.0	0.0	10	2.8	2.227105745132009	8.0	0.0	-0.010775001348610426	-2.247027766967199	0.039424735582983504	13.161999967095	31.534999684650007
724	11862016	10	3.0	2.569046515733026	8.0	0.0	10	3.8	2.2715633383201097	8.0	0.0	-0.009669229229584039	-2.2765489988141123	0.03513474323576028	13.163249967091874	21.483999785160005
728	11927552	10	1.4	1.2806248474865698	4.0	0.0	10	4.6	4.651881339845202	16.0	0.0	-0.009632713098559852	-2.2692450158417743	0.03313874808027734	12.767249968081874	27.936999720630006
732	11993088	10	1.4	2.009975124224178	6.0	0.0	10	4.4	4.543126676640219	16.0	0.0	-0.009946605726806826	-2.3133695818557594	0.03146831940260125	12.078249969804375	8.01399991986
736	12058624	10	1.2	1.6	4.0	0.0	10	2.6	2.2	6.0	0.0	-0.009822378331781102	-2.3158309109580193	0.04519955502973048	12.890999967772501	17.400999825990002
740	12124160	10	2.0	2.1908902300206643	6.0	0.0	10	1.4	0.9165151389911679	2.0	0.0	-0.010175179087583527	-2.322496860977479	0.03221417060950483	13.717249965706875	22.194999778050004
744	12189696	10	1.4	1.2806248474865698	4.0	0.0	10	3.8	3.026549190084311	8.0	0.0	-0.00923823628691806	-2.2927218598719343	0.03359807672327581	13.68149996579625	30.585999694140003
748	12255232	10	2.4	2.8	8.0	0.0	10	6.4	5.571355310873648	16.0	0.0	-0.009650401619693532	-2.289140201866593	0.036883286565270276	12.710749968223126	30.852999691470007
752	12320768	10	2.2	2.08806130178211	6.0	0.0	10	5.0	4.919349550499537	18.0	0.0	-0.009946726363396717	-2.232483530805416	0.03424343216109083	11.86149997034625	15.503999844960003
756	12386304	10	3.0	3.0	8.0	0.0	10	6.2	6.6	20.0	0.0	-0.009703301115425337	-2.2223739721049536	0.04257468418938862	12.289249969276874	26.297999737020003
760	12451840	10	5.0	4.024922359499621	16.0	2.0	10	5.6	5.351635264103861	20.0	0.0	-0.008862006372799757	-2.272889171800683	0.032763157075273025	12.575499968561251	28.474999715250007
764	12517376	10	2.8	3.6	12.0	0.0	10	4.8	5.30659966456864	20.0	0.0	-0.009291782122941903	-2.2560811139776633	0.03543140168398345	11.466749971333126	25.939999740600005
768	12582912	10	2.2	2.749545416973504	8.0	0.0	10	5.0	4.494441010848846	16.0	0.0	-0.00961318726109825	-2.253679754598622	0.03267493341165784	12.169999969575002	28.205999717940003
772	12648448	10	4.0	5.215361924162119	18.0	0.0	10	4.6	2.6907248094147422	10.0	0.0	-0.009349267739643624	-2.195259933441689	0.04080247517715797	11.611749970970626	32.19499967805
776	12713984	10	1.6	1.9595917942265426	6.0	0.0	10	4.4	6.311893535223801	22.0	0.0	-0.009215579277477308	-2.222998589045705	0.036150077237707266	11.083749972290626	28.552999714470005
780	12779520	10	2.0	3.0983866769659336	10.0	0.0	10	2.0	1.5491933384829668	4.0	0.0	-0.008693690277448353	-2.2315127549231137	0.03925116161872617	12.323999969189998	16.448999835510005
784	12845056	10	2.2	2.749545416973504	8.0	0.0	10	4.0	2.6832815729997477	10.0	0.0	-0.009764963038422374	-2.2500946469744645	0.027285915631674963	9.78049997554875	34.04199965958001
788	12910592	10	2.2	1.8867962264113207	6.0	0.0	10	4.6	4.983974317750844	18.0	0.0	-0.009340654527717129	-2.2486147853376623	0.0313422645914006	10.643749973390626	27.458999725410003
792	12976128	10	1.2	1.6	4.0	0.0	10	6.8	6.337191807101943	20.0	0.0	-0.00829344284925367	-2.200206282008977	0.03644878766119784	11.254499971863751	18.668999813310002
796	13041664	10	3.6	3.2	10.0	0.0	10	4.4	4.543126676640219	16.0	0.0	-0.009425429412889402	-2.2016740960569554	0.03330178874741177	11.436249971409376	27.71099972289
800	13107200	10	1.6	2.1540659228538015	6.0	0.0	10	4.8	5.67097875150313	18.0	0.0	-0.009253715367722315	-2.2078582021281017	0.03103470022001194	11.03349997241625	33.20799966792001
804	13172736	10	1.6	1.2	4.0	0.0	10	3.0	2.04939015319192	6.0	0.0	-0.008667437344235892	-2.1930513056815086	0.03606137949209654	10.498249973754374	20.675999793240003
808	13238272	10	2.2	1.8867962264113207	6.0	0.0	10	5.6	4.715930449020639	18.0	0.0	-0.0092654817626124	-2.2120081556519406	0.03271232052210208	11.60249997099375	15.243999847560001
812	13303808	10	1.2	2.039607805437114	6.0	0.0	10	2.8	1.8330302779823358	6.0	0.0	-0.007931522240831554	-2.2343048401333054	0.037525474943657884	13.168749967078124	13.516999864830002
816	13369344	10	2.8	4.749736834815167	16.0	0.0	10	4.8	4.915282290977803	18.0	0.0	-0.008625959751054367	-2.2497771479329405	0.042378171459082584	13.63199996592	22.355999776440004
820	13434880	10	3.0	3.255764119219941	10.0	0.0	10	5.4	1.5620499351813308	8.0	2.0	-0.007708550117165141	-2.2599055218329345	0.03974617468167201	12.969999967575001	20.80099979199
824	13500416	10	2.6	1.5620499351813308	6.0	0.0	10	5.2	2.227105745132009	8.0	0.0	-0.008983585136142593	-2.1802693652822396	0.0566791508210145	11.940249970149376	30.276999697230007
828	13565952	10	2.0	2.0	6.0	0.0	10	4.4	4.8	18.0	0.0	-0.009558574538070297	-2.231957201923889	0.042495481083399574	10.86749997283125	23.215999767840003
832	13631488	10	2.0	2.6832815729997477	8.0	0.0	10	4.4	4.17612260356422	16.0	0.0	-0.008563426826809405	-2.2543468348817175	0.04240454587410868	11.536999971157499	14.466999855330004
836	13697024	10	2.2	2.6	8.0	0.0	10	6.8	6.99714227381436	18.0	0.0	-0.009440517400057998	-2.2159878211892017	0.052569198067412	12.60149996849625	14.801999851980002
840	13762560	10	2.6	2.2	6.0	0.0	10	6.4	5.986651818838306	18.0	2.0	-0.008560783418051426	-2.277988694370921	0.043069834544803995	11.645249970886876	22.370999776290002
844	13828096	10	1.8	2.08806130178211	6.0	0.0	10	3.4	1.8	6.0	0.0	-0.008656882267746524	-2.2269773331944984	0.050191517720048165	12.527249968681875	15.018999849810003
848	13893632	10	2.0	1.5491933384829668	4.0	0.0	10	5.4	6.2641839053463295	18.0	0.0	-0.009610129123968964	-2.297707182426321	0.03492459363405942	11.840249970399377	15.940999840590003
852	13959168	10	3.8	5.688585061331157	20.0	0.0	10	6.2	5.546169849544819	16.0	0.0	-0.009309298032895139	-2.2209939010611293	0.04311844960259641	11.37749997155625	28.130999718690006
856	14024704	10	2.4	2.1540659228538015	8.0	0.0	10	5.6	4.8	18.0	2.0	-0.009007412704069512	-2.26714923705883	0.03816248615806139	10.995249972511875	30.933999690660006
860	14090240	10	2.8	2.039607805437114	8.0	0.0	10	3.4	2.8354893757515653	8.0	0.0	-0.009681648799315677	-2.236542671685896	0.04236237192085185	10.724249973189375	33.716999662830005
864	14155776	10	3.0	2.04939015319192	6.0	0.0	10	1.8	1.4000000000000001	4.0	0.0	-0.00902569148605192	-2.2293932385903905	0.04114010302930315	10.301999974245	30.353999696460004
868	14221312	10	2.8	2.4	6.0	0.0	10	3.4	2.6907248094147422	8.0	0.0	-0.009926131937569579	-2.2236944062181596	0.052997062811540166	11.873749970315625	25.601999743980006
872	14286848	10	1.8	2.4413111231467406	6.0	0.0	10	4.2	4.142463035441596	16.0	0.0	-0.009350132276203208	-2.2569406502081377	0.04873052580395364	12.960749967598126	14.785999852140002
876	14352384	10	2.2	1.661324772583615	6.0	0.0	10	3.8	3.026549190084311	10.0	0.0	-0.0087497110935127	-2.2596344200403093	0.04113181115398135	11.565749971085625	30.395999696040004
880	14417920	10	3.0	4.58257569495584	16.0	0.0	10	5.6	4.963869458396343	16.0	0.0	-0.009101996219176295	-2.261112915737336	0.04364630373826708	11.53049997117375	25.048999749510003
884	14483456	10	3.0	2.569046515733026	8.0	0.0	10	6.2	4.1424630354415966	18.0	4.0	-0.009705049668708358	-2.2500771803300204	0.04285162124181209	11.7709999705725	30.678999693210002
888	14548992	10	0.8	1.32664991614216	4.0	0.0	10	5.4	2.6907248094147422	12.0	2.0	-0.007448722813763693	-2.2478312226775263	0.041844945086153586	11.1989999720025	18.361999816380003
892	14614528	10	2.8	1.8330302779823362	6.0	0.0	10	3.2	2.039607805437114	6.0	0.0	-0.009283511929973795	-2.252394983931203	0.042618624163077386	12.024749969938126	25.553999744460004
896	14680064	10	2.6	4.903060268852505	16.0	0.0	10	5.6	6.437390775772433	18.0	0.0	-0.009609931382843585	-2.281149836640362	0.03948044654269161	12.187249969531877	25.289999747100005
900	14745600	10	5.6	5.043808085167397	18.0	0.0	10	6.0	5.796550698475776	18.0	0.0	-0.008247023790671647	-2.294197119533455	0.03757624682811756	11.53599997116	25.244999747550004
904	14811136	10	1.4	2.537715508089904	8.0	0.0	10	5.6	5.3516352641038605	20.0	0.0	-0.009898332945825119	-2.313755447424834	0.039238288140804135	12.409249968976875	21.826999781730006
908	14876672	10	1.6	2.4979991993593593	8.0	0.0	10	3.0	2.4083189157584592	8.0	0.0	-0.008921891268053653	-2.3010389504419946	0.03731133082182469	13.50249996624375	13.918999860810002
912	14942208	10	1.8	2.4413111231467406	8.0	0.0	10	4.4	4.454211490264018	16.0	0.0	-0.008985314718578795	-2.2990641094832873	0.04264633215441997	12.255499969361251	25.244999747550004
916	15007744	10	3.4	2.973213749463701	8.0	0.0	10	7.2	6.523802572120037	18.0	0.0	-0.009287721025372097	-2.2653536670033736	0.04570513761436688	11.735249970661876	27.926999720730006
920	15073280	10	2.2	2.2715633383201093	6.0	0.0	10	5.0	4.8373546489791295	18.0	0.0	-0.009087399753260976	-2.2937512370541517	0.04186986421264422	11.6809999707975	30.491999695080004
924	15138816	10	2.6	2.2	6.0	0.0	10	4.8	5.3065996645686395	18.0	0.0	-0.009990937900076805	-2.3196246770588256	0.038283836073134736	11.7949999705125	27.250999727490004
928	15204352	10	2.4	1.9595917942265424	6.0	0.0	10	6.8	7.277362159464101	22.0	0.0	-0.009227204288384368	-2.335886634642943	0.03931477690714975	12.357749969105626	11.842999881570002
932	15269888	10	2.4	2.4979991993593593	8.0	0.0	10	3.6	1.7435595774162693	6.0	0.0	-0.008848086180466095	-2.3197563784884965	0.04581722632194133	13.549249966126874	14.524999854750003
936	15335424	10	2.4	1.4966629547095767	4.0	0.0	10	8.6	6.575712889109438	20.0	0.0	-0.010199935181691922	-2.278989242773285	0.043536152162245066	12.609999968475	21.274999787250003
940	15400960	10	2.8	2.2271057451320084	6.0	0.0	10	2.6	2.2	6.0	0.0	-0.009209640284351308	-2.3174564811160137	0.035826090409103395	12.578499968553752	17.279999827200005
944	15466496	10	3.0	5.310367218940701	18.0	0.0	10	4.4	4.800000000000001	16.0	0.0	-0.008766785059375178	-2.2974582287262817	0.043831239973751414	12.9999999675	22.325999776740005
948	15532032	10	0.8	1.32664991614216	4.0	0.0	10	3.6	4.454211490264018	16.0	0.0	-0.009474707860967862	-2.31158226952713	0.048116484845943365	12.2609999693475	13.2899998671
952	15597568	10	4.2	5.173006862551025	18.0	0.0	10	6.4	5.782732917920384	18.0	0.0	-0.008654289448721831	-2.2965830388259745	0.047667491555215616	13.062749967343127	21.49299978507
956	15663104	10	1.4	1.562049935181331	4.0	0.0	10	7.8	7.180529228406496	22.0	0.0	-0.008025411998230534	-2.252720569336201	0.05548513414303532	13.069999967325	27.837999721620005
960	15728640	10	2.4	1.9595917942265424	6.0	0.0	10	3.4	2.8354893757515653	8.0	0.0	-0.008184651372838978	-2.2705678291737175	0.05108145992515605	10.9909999725225	16.23499983765
964	15794176	10	2.4	3.0724582991474434	8.0	0.0	10	3.6	4.6303347611160905	16.0	0.0	-0.00969911996698023	-2.275251204531811	0.04597649827586264	12.409249968976875	13.281999867180001
968	15859712	10	2.6	1.8	6.0	0.0	10	7.8	7.507329751649384	18.0	0.0	-0.009557238541285235	-2.286238357186586	0.0500236318472198	12.885249967786875	22.769999772300004
972	15925248	10	1.8	2.2715633383201097	6.0	0.0	10	5.6	7.088018058667741	20.0	0.0	-0.009493161877113432	-2.308353475985876	0.04506315857013045	12.067999969830002	12.867999871320002
976	15990784	10	1.4	1.562049935181331	4.0	0.0	10	6.4	4.5431266766402185	18.0	2.0	-0.009974483979195547	-2.2931016631519303	0.03972334924593911	12.140249969649375	18.012999819870004
980	16056320	10	1.0	1.61245154965971	4.0	0.0	10	5.0	5.310367218940701	20.0	0.0	-0.009737982726514641	-2.2931731688574386	0.047066972042808596	10.264249974339375	20.113999798860004
984	16121856	10	2.8	2.85657137141714	8.0	0.0	10	5.6	4.079215610874228	16.0	0.0	-0.009311519196004939	-2.292494450767452	0.041015540478203896	10.442749973893125	30.381999696180007
988	16187392	10	2.4	2.65329983228432	8.0	0.0	10	5.6	6.437390775772433	18.0	0.0	-0.009233133154590031	-2.264277837934666	0.04876835961939023	10.429249973926876	21.585999784140004
992	16252928	10	4.2	4.142463035441596	16.0	0.0	10	4.2	4.422668877499196	16.0	0.0	-0.009443196590762861	-2.2422134551057087	0.04725508583450187	11.03049997242375	30.477999695220007
996	16318464	10	2.2	2.2715633383201093	6.0	0.0	10	3.6	3.4409301068170506	8.0	0.0	-0.009154407008237761	-2.303713736194807	0.036322920967455964	10.470749973823127	30.895999691040007
1000	16384000	10	2.4	2.33238075793812	6.0	0.0	10	4.0	4.560701700396552	16.0	0.0	-0.008460858905010315	-2.3055094204924997	0.0505837908078379	10.6189999734525	23.95499976045
1004	16449536	10	2.6	2.2	6.0	0.0	10	8.2	6.029925372672534	18.0	0.0	-0.008753011142893376	-2.2983040534049324	0.04693775315047251	10.94049997264875	19.15599980844
1008	16515072	10	3.2	5.878775382679628	20.0	0.0	10	4.2	4.512205669071391	16.0	0.0	-0.009771138760892627	-2.2841048039600196	0.04097972588652418	11.531249971171876	25.664999743350002
1012	16580608	10	1.6	1.4966629547095767	4.0	0.0	10	7.6	7.031358332498779	20.0	0.0	-0.009984099819293832	-2.2542030386762115	0.042220592436173654	12.015999969960001	28.031999719680005
1016	16646144	10	2.8	4.66476151587624	16.0	0.0	10	4.2	2.891366458960192	10.0	0.0	-0.009014566411043118	-2.277256332100642	0.04153493822430049	10.779999973050002	29.575999704240004
1020	16711680	10	4.2	5.546169849544818	20.0	0.0	10	5.8	5.89576118919347	18.0	0.0	-0.009189517691036144	-2.2690766873578925	0.044052047165333785	10.701249973246876	33.89299966107001
1024	16777216	10	3.2	3.1240998703626617	8.0	0.0	10	3.8	4.853864439804639	16.0	0.0	-0.009475467315722274	-2.2812952794241794	0.04563772278207246	10.208499974478752	22.28099977719
1028	16842752	10	4.8	4.915282290977803	18.0	0.0	10	7.0	6.942621983083913	18.0	0.0	-0.00978067094930623	-2.272991354030032	0.03579865706090752	10.925999972684998	30.629999693700004
1032	16908288	10	1.8	2.2715633383201097	6.0	0.0	10	6.2	7.124605252222751	18.0	0.0	-0.008688013184841966	-2.263791401945178	0.03280285838649707	11.51249997121875	28.201999717980005
1036	16973824	10	1.6	2.8000000000000003	8.0	0.0	10	6.4	5.425863986500215	18.0	2.0	-0.009643179259209206	-2.2681721148512413	0.03918448072682813	11.84799997038	25.742999742570003
1040	17039360	10	2.6	3.4698703145794947	12.0	0.0	10	5.2	3.9191835884530852	16.0	2.0	-0.00936645658317554	-2.2651500476027344	0.03758573500668888	11.415499971461252	27.329999726700002
1044	17104896	10	2.4	2.4979991993593593	8.0	0.0	10	3.0	2.23606797749979	8.0	0.0	-0.008673114701202071	-2.25770650780525	0.03582250122771907	11.51849997120375	30.146999698530003
1048	17170432	10	2.6	2.5377155080899043	8.0	0.0	10	5.6	5.9194594347794975	18.0	0.0	-0.008164127797861761	-2.2074466295724435	0.052106545146093995	11.263249971841876	29.962999700370005
1052	17235968	10	2.8	2.5612496949731396	8.0	0.0	10	5.4	4.903060268852505	18.0	0.0	-0.009185105604909045	-2.27978862798308	0.03344262208596446	10.033249974916874	33.73199966268
1056	17301504	10	1.6	1.7435595774162695	4.0	0.0	10	8.4	7.031358332498779	20.0	0.0	-0.009123664816453774	-2.2572299214833103	0.04130389182010066	10.29199997427	20.766999792330004
1060	17367040	10	2.0	2.0	6.0	0.0	10	7.6	7.735631842325487	22.0	0.0	-0.008904733000520948	-2.2899949945607547	0.03982746363978712	11.092999972267501	21.793999782060006
1064	17432576	10	1.6	1.4966629547095767	4.0	0.0	10	6.2	6.2257529665093525	18.0	0.0	-0.009726626210570112	-2.2836875615125276	0.029631360974180624	11.247249971881875	16.920999830790002
1068	17498112	10	1.6	2.4979991993593593	8.0	0.0	10	7.0	4.219004621945797	16.0	0.0	-0.008709866555063039	-2.239648108447746	0.03942429365101934	12.035999969910002	12.631999873680002
1072	17563648	10	1.6	1.4966629547095767	4.0	0.0	10	4.0	2.1908902300206643	8.0	0.0	-0.009090957155687758	-2.231420164074519	0.05418833672513484	12.917999967704999	21.831999781680004
1076	17629184	10	1.2	2.0396078054371136	6.0	0.0	10	3.6	5.276362383309169	18.0	0.0	-0.008748945267444738	-2.2817021829493305	0.04461114732859997	13.45549996636125	14.177999858220003
1080	17694720	10	3.6	5.3516352641038605	18.0	0.0	10	4.8	2.227105745132009	8.0	2.0	-0.00946026125310087	-2.232707994447036	0.05236061283540312	12.407499968981249	27.383999726160006
1084	17760256	10	3.0	2.4083189157584592	8.0	0.0	10	3.0	2.569046515733026	8.0	0.0	-0.009215396131922902	-2.2183890787436416	0.04709449832923639	11.425499971436249	15.470999845290002
1088	17825792	10	5.2	4.1182520563948	16.0	2.0	10	5.2	3.6	12.0	0.0	-0.008192717963897849	-2.237602588797977	0.04546237020512588	11.340249971649373	16.91799983082
1092	17891328	10	4.4	5.986651818838307	16.0	0.0	10	8.8	6.337191807101945	20.0	2.0	-0.009942171920733591	-2.2189762639674777	0.047177701873136614	12.900749967748125	28.030999719690005
1096	17956864	10	2.4	2.33238075793812	6.0	0.0	10	7.8	7.922120928135343	22.0	0.0	-0.00931840258660129	-2.1949084945220223	0.049750782718821863	11.558249971104374	25.771999742280002
1100	18022400	10	3.8	2.2715633383201093	6.0	0.0	10	2.2	2.891366458960192	8.0	0.0	-0.008913583903430758	-2.200433003176518	0.049379344151333916	12.1149999697125	28.444999715550004
1104	18087936	10	3.8	2.2715633383201093	6.0	0.0	10	8.8	7.110555533852471	22.0	0.0	-0.009521626167870148	-2.227987833089012	0.03834265664130894	11.657749970855626	27.901999720980005
1108	18153472	10	3.2	2.85657137141714	8.0	0.0	10	6.6	5.8	18.0	0.0	-0.008790527110546948	-2.2588337260118565	0.03712902640692317	12.610749968473126	23.753999762460005
1112	18219008	10	2.4	2.1540659228538015	6.0	0.0	10	8.0	7.429670248402684	22.0	0.0	-0.00854004057724089	-2.228398377464548	0.04136945824872041	13.238999966902501	15.440999845590003
1116	18284544	10	1.4	1.2806248474865698	4.0	0.0	10	5.8	4.331281565541543	18.0	2.0	-0.008198261987728103	-2.2138504184959937	0.050425671695445956	12.1529999696175	23.628999763710006
1120	18350080	10	1.4	2.537715508089904	8.0	0.0	10	7.4	6.32771680782255	22.0	0.0	-0.009051250409323381	-2.2439732127037666	0.043892391467706654	12.340749969148126	23.273999767260005
1124	18415616	10	3.2	3.4871191548325386	10.0	0.0	10	5.0	6.148170459575759	22.0	0.0	-0.009011371387685272	-2.241177717611189	0.04731008332350768	12.811249967971875	21.951999780480005
1128	18481152	10	3.4	4.983974317750844	16.0	0.0	10	3.4	2.537715508089904	8.0	0.0	-0.007826563527884843	-2.2291728106799265	0.05212635162209139	13.75149996562125	19.880999801190004
1132	18546688	10	3.6	5.122499389946279	18.0	0.0	10	3.2	2.7129319932501077	8.0	0.0	-0.009412793484069513	-2.183573623270825	0.05202839115558259	13.527999966180001	14.679999853200002
1136	18612224	10	4.4	6.374950980203691	18.0	0.0	10	9.0	8.729261137118078	22.0	0.0	-0.008686084632856207	-2.2487625576696795	0.040157163123452876	14.097749964755627	10.46899989531
1140	18677760	10	2.6	2.5377155080899043	8.0	0.0	10	5.4	5.063595560468865	18.0	0.0	-0.009162991001131139	-2.2184283209516416	0.04657346698513643	12.320749969198125	23.624999763750004
1144	18743296	10	6.2	5.325410782277739	16.0	0.0	10	3.6	1.9595917942265426	8.0	2.0	-0.008596609961704181	-2.244733979070805	0.05309319286054151	12.665249968336875	21.84499978155
1148	18808832	10	2.6	2.537715508089904	8.0	0.0	10	8.4	7.2	22.0	0.0	-0.009917888384307613	-2.203968236614165	0.047535904367780185	13.088749967278124	17.424999825750003
1152	18874368	10	2.2	2.749545416973504	8.0	0.0	10	5.8	5.2497618993626745	20.0	0.0	-0.00892867128669487	-2.2384580694290803	0.05286835013182843	12.500999968747502	23.89399976106
1156	18939904	10	3.0	3.1304951684997055	10.0	0.0	10	3.2	2.7129319932501077	8.0	0.0	-0.009555367485129196	-2.2753349217389163	0.04064759799864792	12.436749968908126	13.187999868120002
1160	19005440	10	3.4	6.390618123468183	22.0	0.0	10	5.4	4.8207883172775805	18.0	0.0	-0.009687081686531365	-2.274301282824598	0.048862041628796794	12.66149996834625	23.941999760580003
1164	19070976	10	4.6	4.294182110716778	16.0	0.0	10	5.4	4.651881339845203	18.0	2.0	-0.009069328719270986	-2.3020009073203975	0.04246866198124671	12.1629999695925	17.288999827110004
1168	19136512	10	4.2	3.026549190084311	10.0	0.0	10	2.2	2.2715633383201093	6.0	0.0	-0.008161779742051182	-2.3129334571535103	0.053570920149648114	11.583999971039999	21.833999781660005
1172	19202048	10	3.6	2.154065922853802	8.0	0.0	10	4.4	3.97994974842648	16.0	2.0	-0.0095605145945577	-2.279241603872184	0.047666852260475866	11.831999970420002	25.200999747990004
1176	19267584	10	3.8	4.935585071701226	18.0	0.0	10	7.0	6.767569726275452	18.0	0.0	-0.008044068203536904	-2.299769652146947	0.045410692143801196	12.15649996960875	19.362999806370002
1180	19333120	10	4.0	2.9664793948382653	10.0	0.0	10	2.6	4.651881339845203	16.0	0.0	-0.008345724718047504	-2.234173382089267	0.05202704785858672	11.27049997182375	30.026999699730005
1184	19398656	10	6.2	6.660330322138685	20.0	0.0	10	6.8	6.3999999999999995	20.0	0.0	-0.008504742947200244	-2.257309970521235	0.04561650281064015	10.637749973405626	29.530999704690004
1188	19464192	10	0.6	1.2806248474865698	4.0	0.0	10	7.8	8.316249154516717	22.0	0.0	-0.009208732016861147	-2.2924426344629327	0.040682973898589936	10.286249974284374	31.482999685170007
1192	19529728	10	2.8	4.749736834815167	16.0	0.0	10	6.4	7.144228439796701	22.0	0.0	-0.009310151556080216	-2.284445409735499	0.04911392883972578	10.88399997279	30.119999698800004
1196	19595264	10	2.4	2.33238075793812	6.0	0.0	10	5.2	4.833218389437829	18.0	0.0	-0.009086375727710505	-2.3056195251725495	0.050737792116271704	11.190749972023125	28.353999716460002
1200	19660800	10	2.2	1.886796226411321	6.0	0.0	10	6.0	6.44980619863884	22.0	0.0	-0.008985444521662618	-2.328827596958284	0.04201560453462163	11.667999970830001	19.528999804710004
1204	19726336	10	2.0	2.1908902300206643	6.0	0.0	10	5.8	6.779380502671317	20.0	0.0	-0.009412902011040614	-2.275169566036692	0.047447786292861886	11.564999971087502	24.808999751910005
1208	19791872	10	4.8	6.144916598294885	22.0	0.0	10	3.4	2.3748684174075834	8.0	2.0	-0.008653267428910342	-2.264011921746136	0.0434272679804291	12.097249969756875	24.240999757590004
1212	19857408	10	3.8	5.173006862551025	18.0	0.0	10	6.8	5.6	22.0	0.0	-0.007406896285057582	-2.268521244090923	0.05750811076123996	12.137749969655626	30.089999699100005
1216	19922944	10	1.2	1.32664991614216	4.0	0.0	10	5.6	6.740919818541086	18.0	0.0	-0.008584860670165126	-2.29901390002065	0.03875523314329978	11.246249971884374	30.125999698740006
1220	19988480	10	1.0	1.8439088914585775	6.0	0.0	10	6.2	7.345747068882784	20.0	0.0	-0.009523611994981581	-2.2659382544581086	0.04349382846007927	10.398999974002502	19.023999809760003
1224	20054016	10	5.0	7.861297602813418	20.0	0.0	10	2.2	2.08806130178211	6.0	0.0	-0.008990465157970568	-2.309703267870158	0.03474803248174814	11.574749971063127	15.135999848640001
1228	20119552	10	1.8	2.4413111231467406	8.0	0.0	10	7.4	6.575712889109439	22.0	0.0	-0.008652166477085343	-2.307130473115126	0.037311593571206024	12.08249996979375	11.768999882310002
1232	20185088	10	2.0	2.5298221281347035	8.0	0.0	10	7.0	5.531726674375733	22.0	0.0	-0.009435312719614876	-2.2563278474046853	0.04470848117023654	13.448249966379375	25.821999741780004
1236	20250624	10	1.4	1.562049935181331	4.0	0.0	10	6.0	4.732863826479693	18.0	2.0	-0.009242674902399278	-2.2853496494495507	0.03670887200477922	11.540999971147501	28.024999719750003
1240	20316160	10	2.4	2.65329983228432	6.0	0.0	10	4.8	4.019950248448356	16.0	0.0	-0.007887449531848048	-2.265567180775044	0.042573244481103736	11.403249971491874	30.768999692310004
1244	20381696	10	2.4	2.4979991993593593	8.0	0.0	10	6.4	4.6303347611160905	18.0	2.0	-0.009272050021783235	-2.2579664436610885	0.04121171639958137	10.415499973961252	26.887999731120004
1248	20447232	10	4.0	5.215361924162119	18.0	0.0	10	8.6	6.452906321960671	20.0	2.0	-0.008613699757625107	-2.268473053735627	0.048070648602480115	10.91199997272	28.042999719570005
1252	20512768	10	4.2	4.770744176750625	18.0	0.0	10	6.2	6.352952069707436	18.0	0.0	-0.008348426230177666	-2.2965921036990333	0.04358888754632758	11.375249971561875	27.746999722530003
1256	20578304	10	3.0	1.3416407864998738	4.0	0.0	10	3.2	3.2496153618543846	8.0	0.0	-0.008756919712138413	-2.3232063201630058	0.031453338914068416	10.8749999728125	29.055999709440005
1260	20643840	10	1.8	1.661324772583615	4.0	0.0	10	6.4	4.363484845854286	16.0	2.0	-0.00846159255800637	-2.3275988273381527	0.03895634567580136	12.248999969377499	27.099999729000007
1264	20709376	10	2.2	2.2715633383201093	6.0	0.0	10	6.2	5.758472019555188	22.0	2.0	-0.007934919203542322	-2.3242766507032333	0.03563346789080134	11.349999971625001	26.858999731410005
1268	20774912	10	7.4	7.592101158440923	20.0	0.0	10	6.0	6.0	18.0	0.0	-0.008856382106070962	-2.267906727653933	0.03946098030987478	12.319249969201875	19.981999800180002
1272	20840448	10	6.4	4.079215610874228	16.0	2.0	10	5.8	4.6	16.0	0.0	-0.008714411256431579	-2.293808534502463	0.04076768975513075	12.880749967798126	22.466999775330002
1276	20905984	10	3.6	2.3323807579381204	10.0	2.0	10	10.0	7.797435475847171	20.0	0.0	-0.008936418452300577	-2.279627407353087	0.03359066789697509	12.252749969368127	19.984999800150003
1280	20971520	10	1.6	1.9595917942265426	6.0	0.0	10	6.8	6.7646138101151045	20.0	0.0	-0.008783664079292658	-2.288251836856265	0.04620272302906865	12.652749968368125	21.601999783980006
1284	21037056	10	3.0	6.465291950097845	22.0	0.0	10	6.0	6.6332495807108	18.0	0.0	-0.008838842626865696	-2.2742465136066357	0.04512113605854407	12.380249969049375	24.296999757030004
1288	21102592	10	1.6	1.9595917942265424	6.0	0.0	10	5.4	6.514598989960933	20.0	0.0	-0.00905270336470176	-2.3009116622395633	0.04111782156356397	11.865249970336874	23.795999762040005
1292	21168128	10	3.8	5.758472019555187	20.0	0.0	10	3.8	3.627671429443411	10.0	0.0	-0.009135188482972557	-2.3125387700970097	0.04384257067702365	11.849249970376874	19.789999802100002
1296	21233664	10	3.8	6.415605972938176	22.0	0.0	10	4.8	4.833218389437829	16.0	0.0	-0.009012250864211155	-2.294656455277788	0.04548498522016461	11.942249970144376	16.815999831840003
1300	21299200	10	2.0	1.7888543819998317	4.0	0.0	10	7.0	5.9497899122574065	20.0	0.0	-0.008320265640317053	-2.3031232304955522	0.03983595937773997	10.884249972789375	27.088999729110004
1304	21364736	10	3.8	4.422668877499196	16.0	0.0	10	5.0	5.157518783291051	18.0	0.0	-0.008301086199070828	-2.3320671392038115	0.0398908891906387	11.419749971450624	25.138999748610004
1308	21430272	10	2.4	1.7435595774162693	6.0	0.0	10	5.2	6.337191807101945	18.0	0.0	-0.00768846852508379	-2.3512176396980453	0.03930626820829107	11.441999971395001	28.176999718230004
1312	21495808	10	6.8	7.222188034107115	20.0	0.0	10	4.6	4.386342439892262	16.0	0.0	-0.009066381598702966	-2.315025438623877	0.04476361127569645	11.310749971723126	28.283999717160004
1316	21561344	10	4.8	6.4621977685614045	18.0	0.0	10	5.0	5.882176467941097	20.0	0.0	-0.009260512644934991	-2.301767046013119	0.054157206821822824	11.35649997160875	25.493999745060005
1320	21626880	10	0.6	1.2806248474865698	4.0	0.0	10	4.0	2.1908902300206643	8.0	0.0	-0.009212377626934736	-2.3359749140889	0.042828275002734485	11.50949997122625	25.158999748410004
1324	21692416	10	2.6	2.3748684174075834	8.0	0.0	10	2.4	1.7435595774162693	6.0	0.0	-0.008969441450644239	-2.3216190981433398	0.036393013643190426	12.01199996997	25.777999742220004
1328	21757952	10	5.2	6.013318551349164	22.0	0.0	10	7.0	5.60357029044876	22.0	0.0	-0.007636624761100415	-2.297880309084107	0.04542444432457228	11.884249970289375	18.622999813770004
1332	21823488	10	3.2	2.5612496949731396	10.0	0.0	10	7.6	6.3118935352238	18.0	0.0	-0.008139652319248621	-2.278688914836508	0.05013543704468053	12.07599996981	23.15599976844
1336	21889024	10	3.4	2.009975124224178	6.0	0.0	10	7.0	6.648308055437865	20.0	0.0	-0.00844146499157418	-2.2761002304765916	0.03827865336002031	12.104749969738124	14.736999852630003
1340	21954560	10	3.8	5.546169849544818	18.0	0.0	10	5.6	5.122499389946279	18.0	0.0	-0.008869528473633925	-2.310416497049466	0.03213893084374441	11.085999972284998	27.125999728740005
1344	22020096	10	5.6	5.642694391866353	18.0	0.0	10	5.2	5.3814496188294845	18.0	0.0	-0.008390449432868706	-2.3403528752471963	0.03829338280861293	11.030749972423127	27.309999726900003
1348	22085632	10	6.2	5.546169849544819	20.0	0.0	10	11.6	8.662563131083086	22.0	2.0	-0.009080890596693834	-2.2894419429301562	0.042706489771967775	10.522499973693751	23.537999764620004
1352	22151168	10	3.2	4.664761515876241	16.0	0.0	10	8.2	4.770744176750625	18.0	4.0	-0.007798443881050381	-2.2686534546436015	0.04450921993239012	11.040749972398125	21.851999781480004
1356	22216704	10	5.8	5.758472019555188	20.0	0.0	10	6.8	5.946427498927402	18.0	0.0	-0.007058265994169171	-2.26675054904055	0.054765539218710024	11.891249970271875	26.505999734940005
1360	22282240	10	4.8	5.878775382679627	16.0	0.0	10	7.4	5.370288632839021	22.0	2.0	-0.008693134784763079	-2.285264263312392	0.0505212339481177	11.673249970816876	25.213999747860004
1364	22347776	10	6.0	5.513619500836088	20.0	0.0	10	4.2	2.749545416973504	10.0	0.0	-0.00856630738085388	-2.283903136611497	0.042085829982030615	12.182249969544374	23.728999762710004
1368	22413312	10	3.8	2.08806130178211	8.0	2.0	10	8.8	7.807688518377254	22.0	0.0	-0.008690501254330218	-2.282150149107674	0.04957402310749072	12.4829999687925	22.504999774950004
1372	22478848	10	4.8	6.523802572120036	18.0	0.0	10	2.8	2.227105745132009	6.0	0.0	-0.008986215014044731	-2.264534619711385	0.03767707148019152	12.125249969686877	23.539999764600005
1376	22544384	10	2.8	2.227105745132009	6.0	0.0	10	9.2	7.493997598078078	22.0	0.0	-0.00822305048410107	-2.2739291362579275	0.05314205142038206	12.0869999697825	22.470999775290004
1380	22609920	10	4.0	4.898979485566356	16.0	0.0	10	9.0	7.1693793315739685	22.0	0.0	-0.008177175942422262	-2.2951852825873416	0.04238838343051474	11.770249970574374	28.135999718640004
1384	22675456	10	5.6	5.986651818838306	18.0	0.0	10	4.8	2.4	10.0	2.0	-0.008069292825659859	-2.2851442046566657	0.04018001958386905	11.094249972264373	27.824999721750004
1388	22740992	10	4.6	3.903844259188627	12.0	0.0	10	5.8	4.686149805543993	18.0	0.0	-0.00849740948526848	-2.2816796350089197	0.054145817522838605	11.7269999706825	25.437999745620004
1392	22806528	10	4.6	4.2	16.0	0.0	10	7.8	8.022468448052631	22.0	0.0	-0.008167820496720365	-2.3166412311366025	0.04815270330177701	12.828749967928125	20.836999791630003
1396	22872064	10	4.2	2.08806130178211	8.0	0.0	10	4.4	4.963869458396343	18.0	0.0	-0.008048097360865447	-2.3197166569598116	0.05335270052142373	12.603249968491877	21.14199978858
1400	22937600	10	4.0	5.059644256269407	18.0	0.0	10	5.4	4.903060268852505	18.0	0.0	-0.008965756049571122	-2.2587262091668	0.056907444992383635	12.722249968194374	18.791999812080004
1404	23003136	10	3.4	2.537715508089904	8.0	0.0	10	4.8	4.915282290977803	18.0	0.0	-0.008639933038476053	-2.303985878585189	0.047945319592304594	11.428499971428748	25.037999749620003
1408	23068672	10	4.2	5.4	18.0	0.0	10	9.4	5.8	18.0	0.0	-0.009044801963346566	-2.2658113437517606	0.051006452990039274	12.735249968161876	22.684999773150004
1412	23134208	10	4.4	5.499090833947008	16.0	0.0	10	5.0	4.919349550499537	18.0	0.0	-0.007832563093357977	-2.2743934365724647	0.04989731161878669	12.4869999687825	25.019999749800004
1416	23199744	10	4.2	5.688585061331157	18.0	0.0	10	7.8	6.477653896280659	18.0	2.0	-0.00863364433251066	-2.3525546215507553	0.034484090551556726	11.476249971309375	25.126999748730004
1420	23265280	10	1.6	1.4966629547095764	4.0	0.0	10	5.0	4.219004621945797	16.0	0.0	-0.008693843870488252	-2.3345211468688722	0.049531222587569326	10.50349997374125	29.64099970359
1424	23330816	10	4.4	5.4258639865002145	18.0	0.0	10	7.2	7.05407683541936	18.0	0.0	-0.00910694589549496	-2.306131953754211	0.04589949850446193	10.889749972775626	30.568999694310005
1428	23396352	10	3.2	3.249615361854384	10.0	0.0	10	9.8	7.124605252222751	20.0	0.0	-0.008404354367519252	-2.3190887195436414	0.043568263136279116	10.240749974398126	28.268999717310002
1432	23461888	10	2.8	1.8330302779823362	6.0	0.0	10	8.6	6.755738301621815	22.0	0.0	-0.008618634292675979	-2.3163089128902725	0.05063867803213139	10.520249973699377	30.475999695240002
1436	23527424	10	4.4	5.3516352641038605	18.0	0.0	10	5.8	5.96322060635023	22.0	0.0	-0.008330691333302819	-2.3347464002720355	0.04121788893396953	10.826249972934376	30.416999695830008
1440	23592960	10	5.2	4.664761515876241	16.0	0.0	10	4.6	5.44426303552648	18.0	0.0	-0.008816570634423336	-2.3217729228303274	0.03862897878653626	11.5129999712175	19.250999807490004
1444	23658496	10	4.4	7.525955088890712	22.0	0.0	10	9.2	5.878775382679627	18.0	2.0	-0.008920305194180099	-2.3425866313322006	0.031709531609856845	11.148749972128124	21.858999781410006
1448	23724032	10	3.0	2.569046515733026	6.0	0.0	10	4.0	3.3466401061363023	10.0	0.0	-0.008340263168409457	-2.3040158994579376	0.04433392080947881	11.383249971541876	27.000999729990006
1452	23789568	10	7.4	7.158212067269312	22.0	0.0	10	7.4	5.589275444992849	18.0	2.0	-0.00905729977266308	-2.335004103437222	0.05260001184491762	11.890749970273125	26.51599973484
1456	23855104	10	3.8	4.331281565541543	16.0	0.0	10	6.8	6.584831053261731	22.0	0.0	-0.009246268058881773	-2.320509838319497	0.05285400885072385	11.47199997132	19.7399998026
1460	23920640	10	6.6	5.9363288318623315	18.0	0.0	10	3.2	2.227105745132009	6.0	0.0	-0.009299987795143214	-2.290897210200411	0.0375505890076049	11.107999972230001	26.988999730110006
1464	23986176	10	3.8	5.3999999999999995	18.0	0.0	10	6.0	6.752777206453653	22.0	0.0	-0.009155202272830227	-2.2740792455887253	0.0526057618692978	11.573749971065626	18.291999817080004
1468	24051712	10	1.8	2.08806130178211	6.0	0.0	10	5.0	4.8373546489791295	18.0	0.0	-0.008219326355530895	-2.2813196800756317	0.04610640159327824	11.25749997185625	26.422999735770002
1472	24117248	10	3.4	4.386342439892261	16.0	0.0	10	5.2	5.30659966456864	20.0	2.0	-0.0075668606579105	-2.2507905436197793	0.049651856218570094	10.32549997418625	30.599999694000008
1476	24182784	10	2.4	1.7435595774162693	6.0	0.0	10	7.6	6.560487786742691	22.0	0.0	-0.008753843769528187	-2.26123231874197	0.05790721244196394	11.14649997213375	28.373999716260002
1480	24248320	10	4.0	4.8166378315169185	16.0	0.0	10	5.0	6.148170459575759	22.0	0.0	-0.008758303475585207	-2.268734365465349	0.04511636504821524	11.641749970895628	18.758999812410003
1484	24313856	10	6.8	6.9397406291589885	20.0	0.0	10	3.8	2.749545416973504	8.0	0.0	-0.008849339422934581	-2.315994227684687	0.04064570628847354	11.071249972321874	20.040999799590004
1488	24379392	10	2.8	4.66476151587624	16.0	0.0	10	10.8	7.386474125047755	22.0	0.0	-0.009059384731059016	-2.292665503680305	0.0569075301695941	11.448249971379377	28.384999716150006
1492	24444928	10	3.8	4.512205669071391	16.0	0.0	10	6.8	5.946427498927402	20.0	2.0	-0.00816436636438531	-2.2856591813368907	0.053515933409657025	11.586749971033123	31.013999689860004
1496	24510464	10	3.6	4.6303347611160905	16.0	0.0	10	7.2	6.64529909033446	22.0	0.0	-0.008853944611764081	-2.2912844392257345	0.053691553431402916	11.232249971919376	30.882999691170003
1500	24576000	10	3.8	4.422668877499196	16.0	0.0	10	7.4	6.696267617113282	20.0	2.0	-0.008020770313197645	-2.309259257970111	0.052760724030992766	11.203749971990625	31.448999685510007
1504	24641536	10	5.6	7.8383671769061705	22.0	0.0	10	6.6	5.444263035526481	22.0	2.0	-0.008036852934685932	-2.314491199709284	0.05682695883432776	10.672249973319376	23.267999767320003
1508	24707072	10	3.6	2.1540659228538015	6.0	0.0	10	6.8	6.209669878504009	16.0	0.0	-0.008709821177340723	-2.2899813103277267	0.05511331041545515	10.68649997328375	32.55499967445
1512	24772608	10	3.0	1.8439088914585775	6.0	0.0	10	9.8	7.4	22.0	0.0	-0.008122819644755818	-2.3216494667098493	0.0518098318468517	10.343499974141249	31.425999685740003
1516	24838144	10	4.8	6.013318551349163	16.0	0.0	10	3.8	2.6	8.0	0.0	-0.009059871866122511	-2.3157362016610077	0.06129922375686199	12.754499968113752	27.639999723600006
1520	24903680	10	3.8	4.6	16.0	0.0	10	9.4	7.644605941446557	22.0	2.0	-0.009144441087864226	-2.324130065497058	0.047186342722788106	10.57849997355375	30.709999692900006
1524	24969216	10	4.0	5.059644256269407	16.0	0.0	10	6.4	5.642694391866353	16.0	0.0	-0.00774845237578655	-2.3133751871758945	0.051206415319758766	11.07149997232125	27.851999721480006
