iter	frame	n_test	mean_returns	std_returns	max_returns	min_returns	n_test_train	mean_returns_train	std_returns_train	max_returns_train	min_returns_train	actor_loss	entropy_loss	value_loss	training_time	evaluation_time
0	0	10	0.9	0.8306623862918076	2.0	0.0	10	0.8	0.9797958971132713	3.0	0.0	0	0	0	0.0	17.53699982463
4	65536	10	1.1	0.8306623862918074	3.0	0.0	10	1.2	0.7483314773547883	2.0	0.0	0.004863818015513001	-2.484751668810303	0.0907823054491041	8.07949997980125	15.924999840750003
8	131072	10	2.0	3.7416573867739413	13.0	0.0	10	2.1	3.7	13.0	0.0	-0.0033409751094501945	-2.556689324211986	0.06982011325939007	7.40449998148875	15.923999840760002
12	196608	10	0.7	0.7810249675906655	2.0	0.0	10	0.6	0.8	2.0	0.0	-0.004506717069322956	-2.536226649814901	0.046002930471693466	7.412749981468126	15.971999840280002
16	262144	10	0.8	0.7483314773547883	2.0	0.0	10	0.8	0.8717797887081348	3.0	0.0	-0.005767612843561517	-2.541085242960401	0.0362776348639985	7.460249981349375	15.905999840940003
20	327680	10	1.7	2.8653097563788803	10.0	0.0	10	0.8	0.6	2.0	0.0	-0.005085155903317097	-2.5380022895672627	0.029482880303436636	7.456249981359375	15.922999840770002
24	393216	10	3.2	4.28485705712571	13.0	0.0	10	1.5	2.9068883707497264	10.0	0.0	-0.005428305394808936	-2.531804000074189	0.029955292738337275	7.402999981492501	16.020999839790004
28	458752	10	1.6	1.0198039027185568	3.0	0.0	10	2.1	2.6999999999999997	10.0	0.0	-0.005962484602893802	-2.550072272352979	0.020699540160690862	7.45999998135	15.853999841460002
32	524288	10	1.5	0.806225774829855	3.0	1.0	10	2.1	2.7367864366808017	10.0	0.0	-0.005892387457296048	-2.5591391024307955	0.032386372095325626	7.454249981364375	16.068999839310003
36	589824	10	0.8	0.6000000000000001	2.0	0.0	10	1.4	1.019803902718557	3.0	0.0	-0.0047886822183362465	-2.5553728289723887	0.04712818707042572	7.42849998142875	15.921999840780003
40	655360	10	1.5	0.5	2.0	1.0	10	0.7	0.45825756949558405	1.0	0.0	-0.006277264342571515	-2.5612406355454866	0.03283268890079209	7.518999981202501	16.06299983937
44	720896	10	2.6	3.5832945734337835	13.0	0.0	10	0.8	0.8717797887081348	2.0	0.0	-0.005438729574395519	-2.5444608402581945	0.022818360048452835	7.395999981510001	15.882999841170001
48	786432	10	2.7	3.5227829907617076	13.0	0.0	10	0.3	0.45825756949558394	1.0	0.0	-0.005510235694633198	-2.5328242602292836	0.024096801990927025	7.459249981351876	15.961999840380003
52	851968	10	1.3	1.0049875621120892	3.0	0.0	10	0.8	0.9797958971132713	3.0	0.0	-0.005882800790149814	-2.53102764957607	0.023643839578009657	7.4377499814056245	15.931999840680003
56	917504	10	1.7	1.0049875621120892	3.0	0.0	10	0.7	1.004987562112089	3.0	0.0	-0.005788137240721944	-2.5467757753858478	0.021523769059847982	7.465999981335	16.002999839970002
60	983040	10	2.2	2.6758176320519307	10.0	0.0	10	2.2	2.7129319932501077	10.0	0.0	-0.0053945382782168505	-2.557913002602044	0.04477640229276553	7.462749981343125	16.020999839790004
64	1048576	10	0.4	0.66332495807108	2.0	0.0	10	3.1	3.419064199455752	13.0	0.0	-0.006087282819834831	-2.5445209887953473	0.0726144584014188	7.4147499814631255	16.040999839590004
68	1114112	10	2.9	3.5057096285916205	13.0	0.0	10	4.1	4.52658811910251	13.0	0.0	-0.004132676707916599	-2.529945927098111	0.12497100341384196	7.4152499814618755	15.872999841270001
72	1179648	10	2.2	3.762977544445356	13.0	0.0	10	2.2	3.6823905279043943	13.0	0.0	-0.005020524568643232	-2.5213118515765878	0.07039424731671798	7.47599998131	16.067999839320002
76	1245184	10	2.6	3.52703841770968	13.0	1.0	10	4.3	5.158488150611572	13.0	0.0	-0.005005670836993299	-2.5127845329408998	0.07270564764834445	7.4134999814662494	15.611999843880003
80	1310720	10	4.5	5.06458290484024	13.0	0.0	10	1.2	0.7483314773547883	2.0	0.0	-0.0049071503400269995	-2.510291983422415	0.08219246860358267	7.433749981415625	15.908999840910003
84	1376256	10	0.9	0.8306623862918076	2.0	0.0	10	3.2	4.308131845707604	13.0	0.0	-0.0051070735056919815	-2.5013790575044466	0.12866035032608505	7.35599998161	16.128999838710005
88	1441792	10	2.6	3.5552777669262356	13.0	0.0	10	2.8	3.4871191548325386	13.0	0.0	-0.0044434758815360305	-2.5362730321626388	0.1383069461300323	7.457749981355625	16.056999839430002
92	1507328	10	5.9	5.3188344587888805	13.0	0.0	10	1.6	1.1135528725660044	3.0	0.0	-0.004285503253573404	-2.551549794507474	0.06268025243312368	7.375249981561875	15.979999840200003
96	1572864	10	1.7	1.268857754044952	3.0	0.0	10	1.5	1.02469507659596	3.0	0.0	-0.005253918305908508	-2.5338091797970836	0.0650937616136416	7.44949998137625	15.966999840330002
100	1638400	10	2.3	3.689173349139343	13.0	0.0	10	4.6	4.963869458396342	13.0	0.0	-0.005081602934373821	-2.5434100178214947	0.08621490555693428	7.43749998140625	15.833999841660003
104	1703936	10	4.0	4.58257569495584	13.0	0.0	10	1.5	1.02469507659596	3.0	0.0	-0.004729940325091715	-2.559335772923265	0.10912843679959033	7.387749981530625	16.056999839430002
108	1769472	10	3.0	3.4641016151377544	13.0	0.0	10	3.8	4.621688003316537	13.0	1.0	-0.004641146968547313	-2.5335281612816853	0.14909216981225118	7.414249981464375	16.113999838860003
112	1835008	10	2.1	1.1357816691600546	3.0	0.0	10	2.7	3.5791060336346563	13.0	0.0	-0.004311258489457233	-2.512836734192083	0.12450814560155755	7.42949998142625	15.968999840310001
116	1900544	10	1.6	0.8	3.0	0.0	10	2.7	3.4942810419312296	13.0	0.0	-0.004296903832717239	-2.50032540384712	0.12960870626662252	7.45549998136125	15.956999840430003
120	1966080	10	3.5	4.863126566315131	13.0	0.0	10	2.3	3.74299345444258	13.0	0.0	-0.004137443538207779	-2.5054949072373702	0.09420588462175482	7.41999998145	16.54299983457
124	2031616	10	3.8	4.686149805543993	13.0	0.0	10	2.2	2.749545416973504	10.0	0.0	-0.004995369441616762	-2.4644226007079943	0.12185704322659457	7.390249981524375	15.953999840460003
128	2097152	10	4.5	5.024937810560445	13.0	0.0	10	2.5	3.6124783736376886	13.0	0.0	-0.005309444980162179	-2.515548986431187	0.14286261981727655	7.41999998145	15.923999840760002
132	2162688	10	2.6	3.52703841770968	13.0	0.0	10	2.3	2.794637722496424	10.0	0.0	-0.006078042938167709	-2.4915496977555174	0.05991831161233743	7.387249981531875	16.01199983988
136	2228224	10	2.8	2.6	10.0	0.0	10	2.4	3.6660605559646715	13.0	0.0	-0.0047055172176088175	-2.513452316062098	0.1061227813368946	7.450999981372499	15.970999840290002
140	2293760	10	2.9	3.4481879299133333	13.0	1.0	10	2.8	3.515679166249389	13.0	0.0	-0.00470404669564344	-2.521345237628239	0.1229526580493723	7.408249981479374	15.896999841030002
144	2359296	10	1.7	0.9	3.0	0.0	10	1.6	1.2	3.0	0.0	-0.005732630270974151	-2.508366817968069	0.11453943688703916	7.431749981420626	15.982999840170002
148	2424832	10	3.4	4.882622246293481	13.0	0.0	10	2.4	2.6532998322843198	10.0	0.0	-0.00491019288477912	-2.4757743872606714	0.15048841313676425	7.3834999815412505	16.025999839740003
152	2490368	10	2.8	3.57211421989835	13.0	0.0	10	1.6	1.1135528725660044	3.0	0.0	-0.00486535395682594	-2.5096704733737725	0.11141475510088583	7.428999981427499	15.949999840500002
156	2555904	10	3.6	4.8207883172775805	13.0	0.0	10	4.1	4.504442251822083	13.0	1.0	-0.0048394830586819095	-2.5142596286896475	0.11715257888370817	7.425249981436875	15.943999840560004
160	2621440	10	2.9	3.5057096285916205	13.0	0.0	10	2.9	3.4770677301427417	13.0	1.0	-0.0053267075388459964	-2.522237454588735	0.12443274690948031	7.349499981626249	16.08699983913
164	2686976	10	6.3	5.496362433464518	13.0	1.0	10	1.4	0.8	3.0	0.0	-0.005263754069101617	-2.5402760875559176	0.09245894308946279	7.386749981533125	15.817999841820003
168	2752512	10	3.5	4.153311931459037	13.0	0.0	10	1.9	3.78021163428716	13.0	0.0	-0.005261821965235882	-2.5188903408605605	0.12490321492716962	7.454749981363124	16.055999839440002
172	2818048	10	3.4	4.223742416388575	13.0	0.0	10	2.6	3.6660605559646724	13.0	0.0	-0.005048986208526058	-2.5365336087684085	0.1431926309835639	7.431249981421875	15.923999840760002
176	2883584	10	3.1	3.419064199455752	13.0	0.0	10	5.9	5.821511831131154	13.0	0.0	-0.004922737585217133	-2.5235613681230795	0.12786725166008336	7.400749981498126	16.089999839100003
180	2949120	10	5.6	5.517245689653488	13.0	0.0	10	2.8	3.4871191548325386	13.0	0.0	-0.005129847975767127	-2.483701169232095	0.09764853402110268	7.418999981452501	16.177999838220003
184	3014656	10	1.2	0.9797958971132712	3.0	0.0	10	5.1	5.185556864985669	13.0	1.0	-0.005178580137672013	-2.5093797417848034	0.06894969848275319	7.43149998142125	15.995999840040003
188	3080192	10	2.9	3.562302626111375	13.0	0.0	10	2.0	1.0	3.0	0.0	-0.0061399079149518435	-2.524766653513172	0.1555198576760218	7.420749981448125	15.878999841210002
192	3145728	10	2.5	3.556683848755748	13.0	0.0	10	3.0	3.492849839314596	13.0	0.0	-0.004441430671696537	-2.5104592315721104	0.11459834302047489	7.349499981626251	15.983999840160003
196	3211264	10	3.8	4.686149805543993	13.0	0.0	10	2.6	3.611094017053558	13.0	0.0	-0.0045518598182255395	-2.5281198742339086	0.13627701301725983	7.440249981399375	16.003999839960002
200	3276800	10	3.9	4.635730794599704	13.0	0.0	10	2.7	3.551056180912941	13.0	0.0	-0.005035651257843032	-2.5197119263170054	0.1385186398257566	7.409999981475	16.215999837840005
204	3342336	10	3.5	4.863126566315131	13.0	0.0	10	3.8	4.66476151587624	13.0	0.0	-0.004969834861274156	-2.512917868531248	0.16188372615590715	7.4057499814856245	15.958999840410002
208	3407872	10	4.6	4.223742416388575	13.0	2.0	10	1.5	1.02469507659596	3.0	0.0	-0.004677302463094411	-2.531804586186529	0.16061384299028258	7.38149998154625	16.025999839740003
212	3473408	10	3.0	2.4083189157584592	10.0	1.0	10	2.7	3.5791060336346563	13.0	0.0	-0.005321941049312164	-2.518955692386496	0.1363006466469619	7.469249981326875	15.974999840250002
216	3538944	10	2.0	1.0	3.0	0.0	10	6.9	5.647123161398199	13.0	0.0	-0.005679585953369347	-2.5475572692681046	0.1928117193934517	7.42649998143375	15.992999840070002
220	3604480	10	2.0	0.8944271909999159	3.0	0.0	10	3.8	4.728636167014756	13.0	0.0	-0.004470737614144996	-2.554476752611144	0.17153065680912505	7.418999981452501	16.212999837870004
224	3670016	10	2.4	3.6386810797320503	13.0	0.0	10	3.3	3.257299494980466	13.0	2.0	-0.004947519858221023	-2.5376991130251714	0.19548010723181308	7.39849998150375	15.931999840680003
228	3735552	10	4.5	4.295346318982906	13.0	1.0	10	3.0	3.492849839314596	13.0	0.0	-0.0057185883724848304	-2.521592907344889	0.16787574062082614	7.423749981440626	15.927999840720004
232	3801088	10	6.1	5.7	13.0	0.0	10	3.9	4.635730794599704	13.0	0.0	-0.00584336509260909	-2.5397752471106103	0.1539425156694978	7.378749981553125	16.145999838540003
236	3866624	10	4.8	5.3999999999999995	13.0	0.0	10	3.7	4.001249804748511	13.0	1.0	-0.005074226115010638	-2.5084902144839023	0.1901674229298378	7.424499981438751	15.941999840580003
240	3932160	10	2.2	3.6823905279043943	13.0	0.0	10	4.5	5.608029957123981	13.0	0.0	-0.004389438527896891	-2.5257932466617734	0.17473408515918035	7.384249981539375	16.049999839500003
244	3997696	10	1.8	0.7483314773547883	3.0	1.0	10	3.0	3.4351128074635335	13.0	0.0	-0.005309433400475637	-2.510443247593205	0.158820720004293	7.4109999814725	16.002999839970002
248	4063232	10	3.5	4.129164564412516	13.0	0.0	10	3.9	3.9357337308308855	13.0	1.0	-0.005530143740573553	-2.5363935949743186	0.23344909878499415	7.3754999815612505	16.196999838030003
252	4128768	10	5.7	5.984145720150872	13.0	0.0	10	5.2	5.173006862551025	13.0	0.0	-0.004948663911606263	-2.5228866038078626	0.24879794060765367	7.406249981484375	10.395999896040003
256	4194304	10	5.7	4.796873982084582	13.0	2.0	10	5.4	5.023942674832188	13.0	1.0	-0.006157863709899834	-2.483575055737871	0.2901501638202126	7.412999981467499	16.005999839940003
260	4259840	10	7.7	5.330103188494571	13.0	1.0	10	4.8	4.874423042781577	13.0	0.0	-0.005388438623458128	-2.4560505968754134	0.23779873640593388	7.337249981656874	16.048999839510003
264	4325376	10	5.4	5.023942674832188	13.0	1.0	10	4.9	5.412023651093923	13.0	0.0	-0.005073406064868562	-2.4408413641095748	0.3047111698419339	7.3689999815775	9.806999901930002
268	4390912	10	4.2	4.48998886412873	13.0	1.0	10	5.4	5.043808085167396	13.0	1.0	-0.006303579916928388	-2.4451185834841036	0.3493766202227425	7.432249981419375	16.102999838970003
272	4456448	10	4.9	5.356304696336832	13.0	0.0	10	6.6	5.2573757712379665	13.0	1.0	-0.005841832347866863	-2.4034556594967635	0.3307112060763661	7.3817499815456245	15.896999841030002
276	4521984	10	5.1	5.204805471869242	13.0	0.0	10	3.1	3.3600595232822887	13.0	1.0	-0.005749609837349892	-2.4143977435895123	0.2802846893997093	7.385749981535625	16.00199983998
280	4587520	10	3.1	4.39203825119955	13.0	0.0	10	3.1	3.3600595232822887	13.0	1.0	-0.005687595962943838	-2.387082097182369	0.3201029452472277	7.449249981376874	15.915999840840003
284	4653056	10	9.8	4.894895300208167	13.0	2.0	10	4.6	4.294182110716777	13.0	1.0	-0.005502943431598761	-2.3786032346393515	0.3148470626195131	7.46399998134	16.08599983914
288	4718592	10	4.0	4.560701700396552	13.0	1.0	10	3.3	3.4942810419312296	10.0	0.0	-0.005342370280584987	-2.376556296895742	0.3066702740102691	7.421249981446875	16.032999839670005
292	4784128	10	3.5	3.2015621187164243	13.0	2.0	10	7.1	5.940538696111658	13.0	0.0	-0.006364431432852506	-2.398850122837685	0.22899492936307006	7.41349998146625	15.966999840330002
296	4849664	10	3.3	4.243819034784589	13.0	0.0	10	2.9	3.477067730142742	13.0	0.0	-0.005844172848808119	-2.3832178759079192	0.223612086979352	7.4472499813818755	16.0799998392
300	4915200	10	5.5	4.924428900898052	13.0	2.0	10	8.5	5.554277630799526	13.0	0.0	-0.005628281370586936	-2.421608512348012	0.24440419267800684	7.4299999814249995	15.936999840630001
304	4980736	10	4.0	4.6475800154489	13.0	0.0	10	6.2	5.635601121442148	13.0	0.0	-0.006199501262584171	-2.4420532333293874	0.3065549549327347	7.314749981713125	16.244999837550004
308	5046272	10	5.1	5.223983154643591	13.0	0.0	10	7.2	5.344155686354955	13.0	0.0	-0.006137859406678231	-2.430654771372802	0.29837360586967393	7.38949998152625	15.861999841380003
312	5111808	10	5.6	4.882622246293481	13.0	1.0	10	3.8	4.707440918375927	13.0	0.0	-0.005672574852739647	-2.4542610096361757	0.2949100661094749	7.379749981550626	16.073999839260004
316	5177344	10	1.4	0.9165151389911681	3.0	0.0	10	4.4	4.340506882842141	13.0	1.0	-0.005812489242696405	-2.4409942028363973	0.2324535171259199	7.36649998158375	15.958999840410002
320	5242880	10	4.6	5.571355310873647	13.0	0.0	10	9.2	5.230678732248808	13.0	1.0	-0.00676933032132913	-2.3653808556516682	0.29096528232792024	7.416499981458751	11.478999885210001
324	5308416	10	7.2	5.861740355901138	13.0	0.0	10	5.2	5.15363949069005	13.0	0.0	-0.005059167674293252	-2.359491919232	0.36299279033460957	7.385749981535625	16.17299983827
328	5373952	10	6.0	5.779273310719955	13.0	0.0	10	5.3	5.119570294468081	13.0	0.0	-0.004577777737245647	-2.353907127929901	0.2778565802632417	7.37549998156125	16.04299983957
332	5439488	10	7.4	5.624944444170093	13.0	1.0	10	5.9	5.855766388782941	13.0	0.0	-0.0052857525704238855	-2.325620223836244	0.3227062361599622	7.357999981605	15.882999841170001
336	5505024	10	8.2	5.344155686354955	13.0	1.0	10	5.7	4.817675788178361	13.0	1.0	-0.006503509907441612	-2.3425353266342155	0.3517806251787773	7.406249981484375	16.08299983917
340	5570560	10	7.2	5.8275209137333865	13.0	1.0	10	6.6	5.238320341483518	13.0	2.0	-0.0055557392570611715	-2.2225327961315218	0.41126471567340267	7.405749981485625	14.141999858580002
344	5636096	10	6.9	4.988987873306569	13.0	2.0	10	10.8	4.4	13.0	2.0	-0.004935759174957664	-2.1941766662100193	0.2947658084336336	7.435249981411875	14.220999857790002
348	5701632	10	8.5	5.518151864528558	13.0	1.0	10	8.0	5.0	13.0	3.0	-0.005768815224660966	-2.213628542689367	0.31288494911510906	7.4269999814325	12.875999871240001
352	5767168	10	3.5	3.2326459750489227	13.0	1.0	10	4.7	4.879549159502341	13.0	1.0	-0.006046195935875871	-2.263619541886093	0.32180826874822965	7.444749981388125	15.998999840010002
356	5832704	10	5.8	4.749736834815167	13.0	1.0	10	6.4	5.4258639865002145	13.0	1.0	-0.005395718248154191	-2.2856846821907446	0.3188432499744662	7.4619999813449995	16.410999835890003
360	5898240	10	6.1	5.682429058070149	13.0	0.0	10	7.7	5.367494760127856	13.0	0.0	-0.006318307614440541	-2.318474183238437	0.2667412393603773	7.471249981321875	16.19399983806
364	5963776	10	8.4	5.642694391866353	13.0	1.0	10	9.4	4.983974317750845	13.0	0.0	-0.006068792697962264	-2.2503756605228094	0.2943218211957694	7.479999981300001	16.066999839330002
368	6029312	10	4.5	4.272001872658765	13.0	2.0	10	7.6	5.425863986500215	13.0	1.0	-0.005707706470893404	-2.2485846154533013	0.26002458262963535	7.448249981379375	16.035999839640002
372	6094848	10	3.8	4.686149805543993	13.0	0.0	10	5.3	5.1000000000000005	13.0	0.0	-0.005210259841445127	-2.2767176178706374	0.1936250802238255	7.445749981385625	16.01099983989
376	6160384	10	9.7	5.060632371551998	13.0	1.0	10	8.6	5.407402333838309	13.0	1.0	-0.006441759140151476	-2.267923717461219	0.22800400548102162	7.457249981356875	16.17199983828
380	6225920	10	7.9	5.752390807307862	13.0	0.0	10	8.5	5.572252686302013	13.0	0.0	-0.005713703471591478	-2.305841587243691	0.30065072355764555	7.422749981443125	16.10799983892
384	6291456	10	2.5	3.6124783736376886	13.0	0.0	10	5.7	4.796873982084582	13.0	2.0	-0.006861254984457897	-2.28993540233362	0.1809416883436609	7.433999981415001	15.878999841210002
388	6356992	10	6.1	5.6824290580701495	13.0	0.0	10	5.5	4.924428900898052	13.0	2.0	-0.00676777895983669	-2.317292255418513	0.19924930077454167	7.451249981371875	15.944999840550002
392	6422528	10	7.0	6.0332412515993425	13.0	0.0	10	6.2	5.075431016179809	13.0	0.0	-0.004043232377507822	-2.2786928189407405	0.16989937756613865	7.409999981475	16.383999836160005
396	6488064	10	3.8	4.64327470649756	13.0	0.0	10	6.7	5.254521862167861	13.0	0.0	-0.004730113931865691	-2.3302045362747315	0.1314785248307769	7.447749981380626	15.862999841370002
400	6553600	10	4.4	4.340506882842141	13.0	1.0	10	5.0	5.310367218940701	13.0	0.0	-0.005683341662020884	-2.327411842600458	0.17120868330590175	7.467249981331875	16.0199998398
404	6619136	10	6.8	5.723635208501674	13.0	0.0	10	4.1	3.806573262134856	13.0	1.0	-0.00637294184398654	-2.3809421954059005	0.16138519795172168	7.407249981481875	15.876999841230003
408	6684672	10	2.2	3.627671429443411	13.0	0.0	10	7.5	5.5	13.0	2.0	-0.005640317162658296	-2.3215935848718514	0.24261078965496063	7.436999981407499	15.984999840150001
412	6750208	10	5.1	5.243090691567332	13.0	0.0	10	7.6	5.40740233383831	13.0	2.0	-0.005957212560422436	-2.2710053347169037	0.23569079749935468	7.43149998142125	16.179999838200004
416	6815744	10	8.6	5.40740233383831	13.0	1.0	10	4.7	4.9	13.0	1.0	-0.006539531730520755	-2.296561218558935	0.28442866398784067	7.4074999814812506	16.072999839270004
420	6881280	10	8.5	5.518151864528558	13.0	1.0	10	8.8	5.1536394906900505	13.0	2.0	-0.0052729312623306015	-2.311726430811085	0.23219904076062356	7.425249981436875	15.871999841280003
424	6946816	10	6.4	4.862098312457287	13.0	2.0	10	6.1	5.664803615307419	13.0	0.0	-0.007221259234186555	-2.225431076950477	0.2919857951818735	7.483249981291875	16.166999838330003
428	7012352	10	6.7	5.158488150611572	13.0	2.0	10	8.3	5.780138406647371	13.0	0.0	-0.005474257352676752	-2.262832517189507	0.31043016534790296	7.4589999813525	11.243999887560001
432	7077888	10	6.2	5.6000000000000005	13.0	1.0	10	6.0	5.2345009313209605	13.0	0.0	-0.006337990913326176	-2.2207832160265584	0.24510593771864847	7.450249981374375	16.131999838680002
436	7143424	10	4.3	3.716180835212409	13.0	1.0	10	6.5	5.352569476429054	13.0	1.0	-0.006460755010199773	-2.304500341175353	0.23828615408702578	7.429749981425625	16.046999839530002
440	7208960	10	2.6	3.5832945734337835	13.0	0.0	10	7.8	5.2115256883181535	13.0	2.0	-0.00574883547173301	-2.208270579346464	0.21058067196028332	7.45149998137125	16.04799983952
444	7274496	10	7.5	5.518151864528558	13.0	1.0	10	3.3	3.287856444554719	13.0	1.0	-0.006005133242050655	-2.2549208822484355	0.2780836140447267	7.449249981376875	16.029999839700004
448	7340032	10	8.4	5.6780278266313555	13.0	0.0	10	8.4	5.161395160225576	13.0	0.0	-0.0060716505388923895	-2.2711038562276533	0.2431052806533958	7.4809999812975	16.087999839120002
452	7405568	10	9.7	5.060632371551998	13.0	1.0	10	4.8	5.3999999999999995	13.0	0.0	-0.0060683959848620095	-2.283616455654845	0.24204674981496685	7.379999981550001	12.670999873290002
456	7471104	10	4.5	4.272001872658765	13.0	2.0	10	8.3	5.780138406647371	13.0	0.0	-0.006067181061224295	-2.257570005718148	0.3187674308484542	7.447749981380626	16.01599983984
460	7536640	10	3.8	4.707440918375928	13.0	0.0	10	8.2	5.381449618829484	13.0	0.0	-0.004297451280618711	-2.1897024360998403	0.251982749879189	7.433749981415625	15.985999840140003
464	7602176	10	7.0	6.0332412515993425	13.0	0.0	10	7.6	5.407402333838309	13.0	2.0	-0.006728484073903658	-2.229079047606651	0.24368440465946775	7.39199998152	16.112999838870003
468	7667712	10	6.5	5.333854141237834	13.0	1.0	10	7.7	5.441507144165117	13.0	0.0	-0.006622018856955853	-2.2392162827305007	0.23433679743402003	7.38849998152875	16.037999839620003
472	7733248	10	7.4	5.624944444170094	13.0	1.0	10	7.4	5.102940328869229	13.0	1.0	-0.006033839066708966	-2.216523309317808	0.24492721412263066	7.447749981380625	16.41799983582
476	7798784	10	7.7	5.3113086899558	13.0	2.0	10	5.8	5.362835071116769	13.0	1.0	-0.005541660901173569	-2.267918611329984	0.26217577355355903	7.46799998133	16.110999838890002
480	7864320	10	8.1	6.024118192731613	13.0	0.0	10	5.5	4.984977432245807	13.0	0.0	-0.004906602280945088	-2.2343105249263	0.27081831231375797	7.43549998141125	11.035999889640001
484	7929856	10	10.6	4.1521078984053394	13.0	2.0	10	6.5	4.780167361086848	13.0	2.0	-0.005756743421450057	-2.225488746927818	0.23117985216976109	7.480499981298751	13.887999861120003
488	7995392	10	5.4	5.0039984012787215	13.0	1.0	10	7.5	5.518151864528558	13.0	1.0	-0.0065186150185764504	-2.2758635155969444	0.217796965013854	7.440499981398752	16.05499983945
492	8060928	10	4.9	5.3935146240647205	13.0	0.0	10	6.0	5.176871642217914	13.0	1.0	-0.006019379705300937	-2.303435496745971	0.24984418101489733	7.434749981413125	16.009999839900004
496	8126464	10	6.7	5.158488150611572	13.0	2.0	10	5.2	4.5563142999578075	13.0	1.0	-0.0066818122691693575	-2.2734124310430044	0.2905033368625129	7.431749981420625	15.927999840720004
500	8192000	10	5.3	5.1000000000000005	13.0	0.0	10	9.0	4.898979485566356	13.0	3.0	-0.0061659089702763015	-2.253170494997241	0.27117238253013837	7.432249981419375	15.920999840790001
504	8257536	10	4.0	4.58257569495584	13.0	0.0	10	10.5	4.341658669218482	13.0	2.0	-0.006355291999418216	-2.270522648852982	0.2780167100040593	7.4459999813849995	11.447999885520002
508	8323072	10	5.1	5.243090691567332	13.0	0.0	10	10.0	4.58257569495584	13.0	3.0	-0.005802249925790226	-2.255956460797236	0.2878673493872731	7.377749981555626	15.904999840950001
512	8388608	10	6.5	5.333854141237834	13.0	1.0	10	8.9	5.028916384272064	13.0	2.0	-0.0058935225503394875	-2.1858286110270013	0.2813099681417172	7.404499981488751	16.180999838190004
516	8454144	10	9.6	5.219195340279955	13.0	1.0	10	7.7	5.330103188494571	13.0	1.0	-0.006228604574019563	-2.2085462905649513	0.27587448352557664	7.4369999814075	15.928999840710002
520	8519680	10	8.3	5.797413216254298	13.0	0.0	10	7.6	5.4258639865002145	13.0	1.0	-0.0050517494595818885	-2.1902666511836983	0.31533254679733014	7.45149998137125	10.743999892560002
524	8585216	10	8.3	5.780138406647371	13.0	0.0	10	8.7	5.330103188494572	13.0	0.0	-0.005627925621128045	-2.1982871415908067	0.292932648646865	7.419249981451875	14.675999853240002
528	8650752	10	7.7	5.3113086899558	13.0	2.0	10	5.3	5.1000000000000005	13.0	1.0	-0.005739474132505447	-2.1957035583950715	0.2648186040766356	7.444749981388126	16.200999837990004
532	8716288	10	8.3	5.273518749374084	13.0	0.0	10	12.0	3.0	13.0	3.0	-0.005960901230825841	-2.2567100348704723	0.3007845297763352	7.4312499814218755	15.345999846540003
536	8781824	10	3.4	4.2	13.0	0.0	10	6.8	5.075431016179809	13.0	2.0	-0.006161433437798813	-2.2792253268371083	0.27991555193627743	7.37049998157375	16.488999835110004
540	8847360	10	4.9	4.805205510693586	13.0	0.0	10	5.0	5.291502622129181	13.0	0.0	-0.006006117918009693	-2.2185023126675416	0.3289186010415458	7.45849998135375	16.078999839210002
544	8912896	10	4.8	5.4552726787943415	13.0	0.0	10	7.0	5.513619500836088	13.0	0.0	-0.0058159995308723214	-2.273093970876583	0.2984705366814664	7.486249981284376	16.48699983513
548	8978432	10	7.1	5.39351462406472	13.0	1.0	10	8.5	5.554277630799526	13.0	0.0	-0.0066226890963433285	-2.2486991085253223	0.29714672792091157	7.453249981366874	15.961999840380003
552	9043968	10	5.2	5.15363949069005	13.0	1.0	10	10.5	4.341658669218482	13.0	2.0	-0.005823303334788193	-2.181824351123193	0.26684049095041523	7.442249981394376	16.247999837520005
556	9109504	10	6.6	5.2573757712379665	13.0	1.0	10	8.0	5.0	13.0	3.0	-0.006128072922333379	-2.220565487709797	0.27461512616768924	7.443749981390625	15.992999840070002
560	9175040	10	8.4	5.6780278266313555	13.0	0.0	10	8.6	5.40740233383831	13.0	1.0	-0.006052933551448776	-2.233750199045513	0.2768625194539317	7.4569999813575	11.601999883980001
564	9240576	10	8.7	5.292447448959697	13.0	1.0	10	8.5	5.004997502496879	13.0	1.0	-0.005186933888950014	-2.104578912038921	0.35712593371053797	7.4109999814725	12.135999878640002
568	9306112	10	9.9	4.742362280551751	13.0	2.0	10	11.7	3.0347981810987035	13.0	3.0	-0.0054570379549734975	-2.13240721302867	0.3921505125451883	7.468249981329374	15.347999846520004
572	9371648	10	4.7	4.94064773081425	13.0	0.0	10	5.0	4.711687595755898	13.0	0.0	-0.0041398082753638455	-2.147667916888794	0.3213746556677435	7.431999981420001	15.878999841210002
576	9437184	10	7.6	5.425863986500215	13.0	1.0	10	8.6	5.44426303552648	13.0	0.0	-0.005378332643325853	-2.1867615106410794	0.28322859726379446	7.464999981337501	13.572999864270002
580	9502720	10	5.3	5.0803543183522155	13.0	1.0	10	10.9	3.562302626111375	13.0	1.0	-0.0055817559120387526	-2.20894641406176	0.3081474344235543	7.421749981445625	9.58799990412
584	9568256	10	5.5	4.944694126030447	13.0	1.0	10	9.7	4.473253849269009	13.0	3.0	-0.005307769053062737	-2.168829127920252	0.40681100539350784	7.480249981299375	15.796999842030003
588	9633792	10	6.1	5.6471231613982	13.0	1.0	10	8.3	5.23545604508337	13.0	1.0	-0.0060085138823631765	-2.2001855619443393	0.29814653623226983	7.472749981318126	15.941999840580003
592	9699328	10	6.3	5.532630477449222	13.0	0.0	10	11.7	3.034798181098703	13.0	3.0	-0.005670413296699935	-2.218901023037564	0.30374538817693786	7.4489999813775	15.996999840030002
596	9764864	10	7.7	5.330103188494572	13.0	1.0	10	8.2	5.344155686354955	13.0	1.0	-0.005573279587553478	-2.2091862706028915	0.32594350737539163	7.35749998160625	16.01599983984
600	9830400	10	5.0	4.732863826479693	13.0	0.0	10	9.8	4.894895300208167	13.0	2.0	-0.005154370763869329	-2.191257059345871	0.33261303429441946	7.458249981354375	9.402999905970002
604	9895936	10	7.0	5.495452665613635	13.0	1.0	10	8.5	5.554277630799526	13.0	0.0	-0.005528133148527724	-2.27019721742665	0.2350236611816843	7.3829999815425005	15.943999840560004
608	9961472	10	3.8	4.66476151587624	13.0	0.0	10	9.4	5.517245689653488	13.0	0.0	-0.005913362136794659	-2.2645694139227692	0.2518717014589303	7.419749981450625	15.880999841190002
612	10027008	10	7.5	5.5362442142665635	13.0	1.0	10	13.0	0.0	13.0	13.0	-0.004361553434895353	-2.2187241561883186	0.3173090582382954	7.420999981447499	14.896999851030003
616	10092544	10	8.6	5.40740233383831	13.0	1.0	10	8.9	5.028916384272064	13.0	2.0	-0.006375143449322275	-2.223242513603842	0.24480270064058954	7.367749981580626	15.943999840560004
620	10158080	10	7.7	5.3113086899558	13.0	2.0	10	7.3	5.197114584074513	13.0	1.0	-0.00600195684029366	-2.196260702877944	0.28726696483902914	7.38149998154625	16.048999839510003
624	10223616	10	7.5	5.572252686302013	13.0	0.0	10	10.8	4.4	13.0	2.0	-0.005411034362059818	-2.1762566067494977	0.28115485186553874	7.434749981413125	10.579999894200002
628	10289152	10	8.7	5.292447448959697	13.0	1.0	10	11.8	3.6	13.0	1.0	-0.005409799636903459	-2.1037305765146095	0.31996300207843326	7.424749981438125	9.179999908200001
632	10354688	10	5.2	5.134199061197375	13.0	1.0	10	8.0	5.0	13.0	3.0	-0.005283430800222846	-2.188835898807132	0.2527677663338635	7.46799998133	15.983999840160003
636	10420224	10	9.6	4.6303347611160905	13.0	2.0	10	11.1	3.8845849199110063	13.0	0.0	-0.006552406093684297	-2.2056195708798607	0.2834482900503062	7.482249981294375	10.342999896570001
640	10485760	10	7.5	5.518151864528558	13.0	1.0	10	13.0	0.0	13.0	13.0	-0.007370690271111455	-2.2727486588176933	0.23528482584004956	7.4612499813468744	9.16799990832
644	10551296	10	4.5	4.272001872658765	13.0	2.0	10	8.8	4.621688003316537	13.0	2.0	-0.006900588413563726	-2.2956907995137366	0.27731404124664416	7.444249981389375	16.00799983992
648	10616832	10	7.3	5.710516614107694	13.0	1.0	10	6.3	5.000999900019995	13.0	0.0	-0.005262398791028879	-2.272497966648848	0.28986378150766645	7.441499981396251	16.3099998369
652	10682368	10	9.5	4.780167361086848	13.0	2.0	10	10.6	4.1521078984053394	13.0	2.0	-0.006897007441884914	-2.2938723040217854	0.225654698419162	7.417499981456251	16.109999838900002
656	10747904	10	4.0	4.58257569495584	13.0	0.0	10	11.7	3.034798181098703	13.0	3.0	-0.006635357312225129	-2.296428225695294	0.2688217496529837	7.398749981503125	16.253999837460004
660	10813440	10	6.2	5.617828762075256	13.0	0.0	10	8.7	5.292447448959697	13.0	1.0	-0.006901421100831518	-2.3251102390450185	0.2611107979629144	7.513999981214999	16.061999839380004
664	10878976	10	8.8	5.1536394906900505	13.0	2.0	10	7.8	5.2306787322488075	13.0	1.0	-0.006525012155712836	-2.245537248516617	0.26331051607046513	7.42749998143125	15.999999840000003
668	10944512	10	8.9	5.028916384272064	13.0	2.0	10	6.8	5.075431016179809	13.0	2.0	-0.006086954535903271	-2.2404058151096864	0.22449272247797272	7.42549998143625	16.208999837910003
672	11010048	10	10.8	4.422668877499197	13.0	1.0	10	9.2	4.664761515876241	13.0	1.0	-0.005757979866157733	-2.190063059101855	0.25453370729293445	7.426249981434376	16.305999836940003
676	11075584	10	6.2	5.6000000000000005	13.0	1.0	10	10.6	4.152107898405339	13.0	2.0	-0.006497998054257946	-2.1943743623990843	0.21571963154015952	7.373249981566875	15.880999841190002
680	11141120	10	8.9	5.028916384272063	13.0	2.0	10	7.9	5.107837115648853	13.0	2.0	-0.0057984231261821685	-2.1962546753582415	0.2857761794093094	7.3749999815625005	15.962999840370001
684	11206656	10	6.0	5.744562646538029	13.0	0.0	10	8.4	5.102940328869229	13.0	2.0	-0.005795078121084717	-2.1559273126462446	0.26337167431650904	7.43749998140625	15.952999840470001
688	11272192	10	4.1	4.482186966202994	13.0	1.0	10	9.6	4.6303347611160905	13.0	2.0	-0.004196139267926572	-2.101879281083347	0.2902467309505397	7.436749981408125	16.379999836200003
692	11337728	10	6.5	5.315072906367325	13.0	2.0	10	10.9	4.2059481689626175	13.0	2.0	-0.0067135405824026275	-2.1276546366779994	0.27719378530575245	7.410249981474375	15.956999840430003
696	11403264	10	10.7	4.605431575867782	13.0	1.0	10	8.6	5.425863986500215	13.0	1.0	-0.005921382386066831	-2.094033357779607	0.3406831671439377	7.41199998147	15.974999840250002
700	11468800	10	8.4	5.660388679233963	13.0	0.0	10	10.6	4.1521078984053394	13.0	2.0	-0.0057142063445512915	-2.0936480385864424	0.2697290248577464	7.456749981358125	10.301999896980002
704	11534336	10	5.8	5.946427498927402	13.0	0.0	10	9.9	4.742362280551751	13.0	2.0	-0.005129281343590746	-2.1240761277847233	0.3374763337233295	7.4029999814925	16.072999839270004
708	11599872	10	6.7	5.1778373863998475	13.0	1.0	10	10.4	4.5431266766402185	13.0	1.0	-0.006229954902015804	-2.1429739567392	0.2657601508655975	7.352749981618126	15.968999840310001
712	11665408	10	8.5	5.5362442142665635	13.0	1.0	10	11.4	3.0397368307141326	13.0	3.0	-0.006072898414129476	-2.136150796985634	0.20300368799576016	7.411249981471875	15.874999841250002
716	11730944	10	7.4	5.642694391866354	13.0	0.0	10	10.5	4.341658669218482	13.0	2.0	-0.0058292942164059145	-2.0473681549582063	0.2599045367019842	7.3977499815056245	15.958999840410002
720	11796480	10	2.7	2.6095976701399777	10.0	0.0	10	10.1	4.459820624195551	13.0	1.0	-0.005538101860443664	-2.160523523661944	0.2209098355924943	7.321999981695	15.970999840290002
724	11862016	10	12.0	3.0	13.0	3.0	10	9.3	4.495553358597805	13.0	2.0	-0.004744253739278637	-2.188032862812845	0.3061716807687238	7.37849998155375	15.913999840860003
728	11927552	10	9.7	5.1000000000000005	13.0	0.0	10	9.5	4.780167361086848	13.0	2.0	-0.0042969389222354895	-2.09792573479813	0.2948204140492636	7.362249981594375	15.879999841200004
732	11993088	10	3.0	3.4351128074635335	13.0	0.0	10	9.9	4.742362280551751	13.0	2.0	-0.005156535187849	-2.123165301757425	0.31939447349646094	7.40399998149	16.27499983725
736	12058624	10	7.1	5.940538696111658	13.0	0.0	10	6.5	5.333854141237834	13.0	1.0	-0.003424379814175879	-2.1725125956259124	0.33288602015261287	7.38849998152875	16.0399998396
740	12124160	10	8.1	6.024118192731614	13.0	0.0	10	8.2	5.344155686354955	13.0	1.0	-0.004591717238758155	-2.170662157011419	0.21544348368660518	7.385249981536875	15.904999840950001
744	12189696	10	10.8	4.422668877499197	13.0	1.0	10	12.0	3.0	13.0	3.0	-0.004648175148274852	-2.1213770680403283	0.27910805273377237	7.38249998154375	10.393999896060002
748	12255232	10	8.4	5.6780278266313555	13.0	0.0	10	11.8	3.6	13.0	1.0	-0.004728552253065355	-2.1701107370579713	0.26773789041059776	7.4072499814818755	13.906999860930002
752	12320768	10	6.5	5.371219600798314	13.0	0.0	10	10.8	4.422668877499196	13.0	1.0	-0.005898707180668746	-2.1565251447497524	0.2347380433297514	7.458499981353749	16.12799983872
756	12386304	10	7.5	5.554277630799526	13.0	0.0	10	11.7	3.0347981810987035	13.0	3.0	-0.00592409088554162	-2.2222801668117214	0.24490616731898954	7.429249981426875	15.920999840790001
760	12451840	10	8.3	5.762811813689564	13.0	1.0	10	8.9	5.028916384272064	13.0	2.0	-0.006401755089670396	-2.2507876031239706	0.22410745419710934	7.385499981536251	15.867999841320003
764	12517376	10	8.4	5.660388679233963	13.0	1.0	10	12.4	1.2	13.0	10.0	-0.006281694927820846	-2.2072912477141107	0.29438172820993447	7.449249981376875	14.600999853990004
768	12582912	10	7.1	5.412023651093923	13.0	0.0	10	11.4	3.903844259188627	13.0	0.0	-0.005687441540444769	-2.232530918981534	0.2004518960393777	7.4549999813625005	15.894999841050002
772	12648448	10	7.2	5.81033561853358	13.0	1.0	10	6.8	5.075431016179809	13.0	2.0	-0.006417689794578381	-2.2439402240164137	0.23578408396830283	7.372499981568751	16.01199983988
776	12713984	10	4.6	5.553377350765928	13.0	0.0	10	8.1	6.024118192731613	13.0	0.0	-0.004735665951973362	-2.2595061980317768	0.27992989321738204	7.4609999813475	15.922999840770002
780	12779520	10	5.4	5.0039984012787215	13.0	1.0	10	8.1	6.024118192731613	13.0	0.0	-0.006458956822759233	-2.315294186033034	0.23154597928819123	7.467249981331876	16.056999839430002
784	12845056	10	8.8	5.15363949069005	13.0	2.0	10	11.7	3.0347981810987035	13.0	3.0	-0.005759992672519996	-2.2935775317346065	0.23494160234964348	7.45199998137	9.602999903970002
788	12910592	10	8.8	5.173006862551025	13.0	1.0	10	8.5	5.572252686302013	13.0	0.0	-0.006513966802158944	-2.2399052776546564	0.2521817083983936	7.4139999814649995	15.962999840370001
792	12976128	10	6.8	5.075431016179809	13.0	2.0	10	12.0	3.0	13.0	3.0	-0.007150896358490162	-2.2217224287659283	0.26317007697239975	7.4459999813849995	16.035999839640002
796	13041664	10	8.9	5.028916384272064	13.0	2.0	10	9.5	4.801041553663121	13.0	1.0	-0.006334084024827348	-2.2207747794857964	0.265798320345212	7.416749981458126	11.028999889710002
800	13107200	10	5.7	5.478138369920935	13.0	0.0	10	10.5	4.364630568559039	13.0	1.0	-0.006002512507601917	-2.2738550302997917	0.21106143860120932	7.4009999814975	15.898999841010001
804	13172736	10	8.7	5.292447448959697	13.0	1.0	10	9.8	4.894895300208167	13.0	2.0	-0.006989529115525758	-2.259254753354291	0.22730041999175232	7.418999981452501	15.896999841030002
808	13238272	10	7.6	5.425863986500215	13.0	1.0	10	11.8	3.6	13.0	1.0	-0.0062227128139850695	-2.2515800394255963	0.27734576581882253	7.421749981445625	15.982999840170002
812	13303808	10	6.3	5.532630477449221	13.0	0.0	10	12.4	1.2	13.0	10.0	-0.005408006482000268	-2.1982743787462455	0.26909555041842986	7.440749981398126	11.146999888530003
816	13369344	10	7.2	5.8275209137333865	13.0	0.0	10	11.0	4.0	13.0	3.0	-0.006371319969976208	-2.1529233378909525	0.29453468311924813	7.43749998140625	15.909999840900003
820	13434880	10	3.8	4.686149805543993	13.0	0.0	10	7.5	5.518151864528558	13.0	1.0	-0.006055323436739674	-2.1480853083478975	0.29354883820485983	7.43599998141	15.874999841250002
824	13500416	10	13.0	0.0	13.0	13.0	10	10.8	4.422668877499197	13.0	1.0	-0.005229943669050349	-2.169912342997857	0.27693160216854174	7.484499981288751	6.865999931340001
828	13565952	10	5.5	4.944694126030447	13.0	1.0	10	11.7	3.0347981810987035	13.0	3.0	-0.005448948998833583	-2.1931157532036654	0.2487072859010807	7.397499981506251	15.940999840590003
832	13631488	10	7.5	5.518151864528558	13.0	1.0	10	6.5	5.333854141237834	13.0	1.0	-0.004536620178272408	-2.195736276377996	0.19730560510537126	7.435749981410626	15.831999841680004
836	13697024	10	9.9	4.742362280551751	13.0	2.0	10	10.9	4.2059481689626175	13.0	2.0	-0.00505401482413419	-2.2284206000629396	0.23229681387607445	7.431749981420626	15.943999840560004
840	13762560	10	11.0	4.0	13.0	3.0	10	9.3	5.0803543183522155	13.0	1.0	-0.006263299536491088	-2.2131829458156536	0.22871933626732927	7.482999981292501	15.987999840120002
844	13828096	10	9.1	5.430469592954186	13.0	0.0	10	10.9	4.2059481689626175	13.0	2.0	-0.006518768626168265	-2.181083112727897	0.25400039550996434	7.360749981598125	16.092999839070004
848	13893632	10	8.6	5.44426303552648	13.0	0.0	10	10.6	4.1521078984053394	13.0	2.0	-0.005122277967602712	-2.170767351758856	0.23396304495679057	7.409749981475625	13.888999861110001
852	13959168	10	9.6	5.219195340279955	13.0	1.0	10	11.8	3.6	13.0	1.0	-0.0059750245096884085	-2.228376420603531	0.23664412024138973	7.388999981527499	15.574999844250002
856	14024704	10	11.4	3.903844259188627	13.0	0.0	10	11.9	3.3	13.0	2.0	-0.006716982271637505	-2.1381957454242246	0.2535177205890832	7.440499981398751	9.904999900950001
860	14090240	10	7.5	5.572252686302013	13.0	0.0	10	12.0	3.0	13.0	3.0	-0.004764399642336673	-2.143961568450122	0.26406889856215354	7.474499981313751	9.426999905730002
864	14155776	10	8.8	5.15363949069005	13.0	2.0	10	13.0	0.0	13.0	13.0	-0.006085442698625246	-2.1793179484918532	0.25519883350604816	7.41249998146875	14.161999858380003
868	14221312	10	8.2	5.89576118919347	13.0	0.0	10	9.8	4.894895300208167	13.0	2.0	-0.005977349435229734	-2.184266045462055	0.22533764222152194	7.428749981428126	15.893999841060003
872	14286848	10	8.1	5.503635162326805	13.0	0.0	10	9.7	5.060632371551998	13.0	1.0	-0.006562596938160855	-2.185266832282998	0.2172717706384434	7.443249981391876	16.253999837460004
876	14352384	10	10.8	4.422668877499197	13.0	1.0	10	12.0	3.0	13.0	3.0	-0.0055180388511580575	-2.201040113736395	0.22764793796576993	7.454749981363124	9.762999902370002
880	14417920	10	7.4	5.660388679233963	13.0	0.0	10	8.2	5.3999999999999995	13.0	0.0	-0.005515165375407681	-2.249361571931975	0.2500744204086838	7.387749981530625	16.099999839000002
884	14483456	10	6.5	5.352569476429054	13.0	1.0	10	10.8	4.4	13.0	2.0	-0.0061261954542396945	-2.244568516576926	0.2042719845757688	7.41349998146625	15.927999840720004
888	14548992	10	7.1	5.430469592954186	13.0	0.0	10	5.0	4.774934554525329	13.0	0.0	-0.005780284833239999	-2.2420034927774557	0.27366229594007574	7.340749981648125	15.924999840750003
892	14614528	10	6.0	5.744562646538029	13.0	0.0	10	11.7	3.0347981810987035	13.0	3.0	-0.005585141166521061	-2.289511516451763	0.23117838859633522	7.428499981428751	15.988999840110003
896	14680064	10	7.7	5.330103188494571	13.0	1.0	10	10.9	4.2059481689626175	13.0	2.0	-0.005547871698610156	-2.263652900618949	0.21371188749816583	7.427249981431875	16.01599983984
900	14745600	10	7.5	5.004997502496879	13.0	1.0	10	10.9	4.205948168962618	13.0	2.0	-0.006075691467507691	-2.285357442756854	0.23805790035057842	7.47199998132	16.005999839940003
904	14811136	10	5.5	4.964876634922564	13.0	1.0	10	10.9	4.2059481689626175	13.0	2.0	-0.006379800159207636	-2.2468287917617986	0.262190824347245	7.385499981536251	15.937999840620003
908	14876672	10	8.3	5.23545604508337	13.0	1.0	10	12.1	1.374772708486752	13.0	10.0	-0.00450646706499404	-2.2220630022555588	0.2353909973120366	7.455999981360001	8.969999910300002
912	14942208	10	8.8	5.1536394906900505	13.0	2.0	10	11.7	3.0347981810987035	13.0	3.0	-0.00657929567682591	-2.180193456283599	0.2933252170997288	7.449499981376251	13.320999866790002
916	15007744	10	6.4	5.407402333838309	13.0	1.0	10	10.7	3.950949253027682	13.0	3.0	-0.006226041399671505	-2.151056068414892	0.2437219110374092	7.3949999815125	15.990999840090002
920	15073280	10	10.9	4.205948168962618	13.0	2.0	10	11.5	3.6124783736376886	13.0	1.0	-0.005324794512541125	-2.1960402849015876	0.2013475135690343	7.45449998136375	9.706999902930002
924	15138816	10	7.5	5.518151864528558	13.0	1.0	10	9.9	4.742362280551751	13.0	2.0	-0.005977418421009186	-2.208681322404149	0.21524563802026694	7.350249981624375	15.907999840920002
928	15204352	10	6.4	5.44426303552648	13.0	0.0	10	11.4	3.0397368307141326	13.0	3.0	-0.006935539516421754	-2.208380887675717	0.2412033887949665	7.43749998140625	9.722999902770002
932	15269888	10	5.1	5.262128846769148	13.0	0.0	10	9.9	4.742362280551751	13.0	2.0	-0.006091497756614437	-2.155182733907315	0.2945140882398863	7.4069999814825005	16.17199983828
936	15335424	10	7.3	5.745432968889291	13.0	0.0	10	11.0	4.0	13.0	3.0	-0.006162253404267377	-2.074591098758045	0.30403710774393816	7.4057499814856245	16.046999839530002
940	15400960	10	8.5	5.554277630799526	13.0	0.0	10	9.7	5.060632371551998	13.0	1.0	-0.0059361792003256725	-2.1139961553398083	0.24924753634767183	7.381249981546875	12.271999877280003
944	15466496	10	5.2	5.211525688318153	13.0	0.0	10	9.5	4.801041553663121	13.0	1.0	-0.0042028130284828035	-2.1707762353344533	0.24072288439895545	7.4289999814275	16.10699983893
948	15532032	10	8.5	5.5362442142665635	13.0	1.0	10	12.1	1.374772708486752	13.0	10.0	-0.0064967834992687495	-2.1900012987557664	0.23400036701047247	7.3899999815249995	8.951999910480001
952	15597568	10	6.4	5.4626001134990645	13.0	0.0	10	13.0	0.0	13.0	13.0	-0.006075778623778623	-2.202139022220263	0.27429713104167364	7.389749981525625	9.106999908930002
956	15663104	10	7.7	5.3113086899558	13.0	2.0	10	10.9	4.2059481689626175	13.0	2.0	-0.004402943601382854	-2.180711539855933	0.27044163175835423	7.309249981726874	16.044999839550005
960	15728640	10	9.9	4.742362280551751	13.0	2.0	10	10.4	3.878143885933063	13.0	3.0	-0.005535841110061149	-2.147820628955746	0.16144506150416657	7.37749998155625	15.880999841190002
964	15794176	10	8.7	5.292447448959697	13.0	1.0	10	12.0	3.0	13.0	3.0	-0.005957774339535087	-2.1580334974067545	0.23340526251795457	7.412499981468751	16.228999837710003
968	15859712	10	7.9	5.107837115648853	13.0	2.0	10	10.6	4.152107898405339	13.0	2.0	-0.005873179710149388	-2.1816617322675746	0.2699791473676171	7.360499981598751	15.837999841620002
972	15925248	10	10.7	3.9509492530276824	13.0	3.0	10	8.2	4.791659420284375	13.0	2.0	-0.005130578433405131	-2.1693854006851945	0.28200287322370193	7.394249981514376	15.885999841140002
976	15990784	10	9.8	4.894895300208167	13.0	2.0	10	12.0	3.0	13.0	3.0	-0.0058773500004404185	-2.158697552754128	0.2922235096810839	7.377249981556875	15.862999841370002
980	16056320	10	7.8	5.2306787322488075	13.0	1.0	10	12.7	0.9	13.0	10.0	-0.005200349514238397	-2.1822684702984216	0.30500906081797424	7.416499981458751	8.989999910100002
984	16121856	10	9.5	4.780167361086848	13.0	2.0	10	10.5	4.364630568559039	13.0	1.0	-0.006673051128535964	-2.2072745186771456	0.23464292215533145	7.368749981578126	9.434999905650002
988	16187392	10	6.6	5.295280917949491	13.0	0.0	10	11.8	3.6	13.0	1.0	-0.00565966443720613	-2.154850698783047	0.3292165921347629	7.396999981507499	15.884999841150002
992	16252928	10	10.9	4.2059481689626175	13.0	2.0	10	11.7	3.0347981810987035	13.0	3.0	-0.006078156983952661	-2.154596864952717	0.27845643054276875	7.402249981494376	8.709999912900003
996	16318464	10	9.9	4.742362280551751	13.0	2.0	10	13.0	0.0	13.0	13.0	-0.003689314856799186	-2.16452275442385	0.26000073052717937	7.379249981551875	10.296999897030002
1000	16384000	10	10.9	4.2059481689626175	13.0	2.0	10	9.6	5.2	13.0	1.0	-0.005613698332451394	-2.2313482436200243	0.24555834349170458	7.40949998147625	16.028999839710004
1004	16449536	10	9.7	4.473253849269009	13.0	3.0	10	9.6	5.2	13.0	1.0	-0.004975714630530503	-2.2308923103074965	0.2763345246691497	7.384499981538751	9.328999906710003
1008	16515072	10	10.7	4.648655719667784	13.0	0.0	10	11.6	3.32264954516723	13.0	2.0	-0.00479004333415231	-2.24268730706457	0.26092236470817554	7.440249981399376	15.222999847770003
1012	16580608	10	9.6	5.238320341483519	13.0	0.0	10	10.6	4.8	13.0	1.0	-0.005850938525324222	-2.245822364851344	0.25283491275123093	7.377249981556875	15.865999841340003
1016	16646144	10	9.5	5.371219600798314	13.0	0.0	10	10.9	4.205948168962618	13.0	2.0	-0.0049574248303229495	-2.1686749158030727	0.2798293412681994	7.3869999815325	15.882999841170001
1020	16711680	10	7.2	5.844655678480984	13.0	0.0	10	11.7	3.0347981810987035	13.0	3.0	-0.0043483595504785364	-2.193328660994781	0.23798208960646963	7.345499981636251	16.263999837360004
1024	16777216	10	6.5	5.333854141237834	13.0	1.0	10	10.5	4.364630568559039	13.0	1.0	-0.004995985863171091	-2.177670148284887	0.3158391991611638	7.413749981465625	16.07599983924
1028	16842752	10	8.5	5.554277630799526	13.0	0.0	10	8.6	5.40740233383831	13.0	1.0	-0.0051077267375285364	-2.244137622182255	0.2850085355354991	7.463499981341251	15.858999841410002
1032	16908288	10	10.7	4.605431575867782	13.0	1.0	10	11.5	3.6124783736376886	13.0	1.0	-0.0046003624636854895	-2.31875054762449	0.2920394086285208	7.36649998158375	8.96299991037
1036	16973824	10	8.7	5.273518749374084	13.0	2.0	10	9.5	4.780167361086848	13.0	2.0	-0.005042513004890802	-2.299361395099654	0.330389280769086	7.431999981420001	15.839999841600003
1040	17039360	10	4.8	5.436910887627274	13.0	0.0	10	8.1	5.503635162326805	13.0	0.0	-0.005522185028925557	-2.2637414805716567	0.29639195601162416	7.397749981505625	16.02199983978
1044	17104896	10	9.7	5.040833264451424	13.0	2.0	10	10.9	4.2059481689626175	13.0	2.0	-0.004212654425692424	-2.3205522420571967	0.29858647671832733	7.4289999814275	15.894999841050002
1048	17170432	10	8.8	5.15363949069005	13.0	2.0	10	8.7	5.292447448959697	13.0	1.0	-0.005180293691173593	-2.2725761406239897	0.286322293928491	7.4937499812656245	15.924999840750003
1052	17235968	10	7.1	5.940538696111659	13.0	0.0	10	10.4	4.5431266766402185	13.0	1.0	-0.005063530762909123	-2.3011528847204707	0.28006311906688736	7.3437499816406255	16.096999839030005
1056	17301504	10	10.9	4.2059481689626175	13.0	2.0	10	11.9	3.3	13.0	2.0	-0.005869205572399659	-2.253719548149586	0.23272089168799165	7.416749981458125	16.100999838990003
1060	17367040	10	8.9	5.028916384272064	13.0	2.0	10	11.6	3.32264954516723	13.0	2.0	-0.00430258414493487	-2.2642903722947554	0.1897638491157212	7.409749981475626	15.821999841780002
1064	17432576	10	7.8	5.230678732248808	13.0	1.0	10	12.7	0.9	13.0	10.0	-0.005611592866768924	-2.247411737605275	0.23092995635932706	7.38249998154375	9.3499999065
1068	17498112	10	3.1	3.419064199455752	13.0	0.0	10	12.7	0.9	13.0	10.0	-0.005501718054835274	-2.245462762578871	0.2277164011180373	7.4472499813818755	10.897999891020001
1072	17563648	10	8.4	5.660388679233963	13.0	1.0	10	10.5	4.364630568559039	13.0	1.0	-0.005074140742561982	-2.2593756514420975	0.23558670179016583	7.4067499814831255	16.33099983669
1076	17629184	10	8.4	5.122499389946279	13.0	1.0	10	10.7	3.950949253027682	13.0	3.0	-0.00526036573082594	-2.277848881742507	0.19225214737948368	7.424749981438126	16.026999839730003
1080	17694720	10	11.8	3.6	13.0	1.0	10	12.0	3.0	13.0	3.0	-0.005068646959219048	-2.2243874989616432	0.3015414654584041	7.313249981716875	16.00799983992
1084	17760256	10	8.5	5.5362442142665635	13.0	1.0	10	11.9	3.3	13.0	2.0	-0.004454788923633819	-2.269350970548432	0.2526386519630838	7.388249981529374	16.028999839710004
1088	17825792	10	8.4	5.102940328869229	13.0	2.0	10	10.8	4.422668877499197	13.0	1.0	-0.0052165910377903225	-2.2733496002968367	0.23106481714561192	7.3984999815037495	16.199999838000004
1092	17891328	10	7.6	5.40740233383831	13.0	2.0	10	11.6	3.32264954516723	13.0	2.0	-0.006364814094865949	-2.2501937396963934	0.2386475160935034	7.3789999815525	14.714999852850003
1096	17956864	10	8.8	5.1536394906900505	13.0	2.0	10	8.5	4.984977432245807	13.0	2.0	-0.006631789308728104	-2.2702446974932626	0.21888602864200682	7.41199998147	15.928999840710002
1100	18022400	10	7.8	5.2115256883181535	13.0	2.0	10	12.0	3.0	13.0	3.0	-0.00578957038851838	-2.1537953886133017	0.25260679599681224	7.3659999815849995	15.878999841210002
1104	18087936	10	6.4	5.4258639865002145	13.0	1.0	10	11.6	3.32264954516723	13.0	2.0	-0.005559077514920596	-2.227342523402419	0.24641201363172313	7.36399998159	16.473999835260003
1108	18153472	10	8.5	5.554277630799526	13.0	0.0	10	12.4	1.2	13.0	10.0	-0.005217889132899517	-2.20248847183491	0.28278925903300184	7.406749981483125	8.787999912120002
1112	18219008	10	7.7	5.3113086899558	13.0	2.0	10	10.7	3.9509492530276824	13.0	3.0	-0.005608811370036718	-2.2270440109237803	0.2640947089255429	7.410249981474375	15.935999840640003
1116	18284544	10	8.0	5.0	13.0	3.0	10	11.0	4.0	13.0	3.0	-0.005493197749611545	-2.1692413511599486	0.38076562733148417	7.373749981565625	9.095999909040001
1120	18350080	10	10.8	4.4	13.0	2.0	10	13.0	0.0	13.0	13.0	-0.004647098327163278	-2.2323451164026276	0.22427738106335976	7.39949998150125	10.77699989223
1124	18415616	10	9.7	5.1000000000000005	13.0	0.0	10	12.0	3.0	13.0	3.0	-0.005166272091393354	-2.254387505117665	0.2534900721829828	7.3112499817218755	9.473999905260001
1128	18481152	10	8.5	5.5362442142665635	13.0	1.0	10	11.4	3.039736830714133	13.0	3.0	-0.005855389067312627	-2.2194570772521427	0.22187652995361343	7.432499981418751	9.352999906470002
1132	18546688	10	9.8	4.915282290977803	13.0	1.0	10	9.9	4.742362280551751	13.0	2.0	-0.006387604620554228	-2.1690941972261206	0.2150101597817784	7.427999981429999	16.24599983754
1136	18612224	10	7.5	5.572252686302013	13.0	0.0	10	12.0	3.0	13.0	3.0	-0.004310177170591194	-2.1605225675041004	0.23192442803711288	7.428999981427499	16.124999838750004
1140	18677760	10	12.0	3.0	13.0	3.0	10	11.7	3.0347981810987035	13.0	3.0	-0.006782080240151631	-2.1241491807274686	0.2353752939716668	7.3689999815775	15.939999840600002
1144	18743296	10	8.7	5.292447448959697	13.0	1.0	10	11.7	3.0347981810987035	13.0	3.0	-0.0054663510764299565	-2.0883955257942435	0.16574379163619923	7.36149998159625	9.8599999014
1148	18808832	10	11.0	4.0	13.0	3.0	10	10.9	4.2059481689626175	13.0	2.0	-0.005431866013208984	-2.1447748092562993	0.21699190804958018	7.39649998150875	8.637999913620002
1152	18874368	10	9.7	5.060632371551998	13.0	1.0	10	10.8	4.422668877499197	13.0	1.0	-0.004726444227458464	-2.11474354543115	0.23288212209687184	7.4069999814825005	15.835999841640003
1156	18939904	10	8.7	5.292447448959697	13.0	1.0	10	13.0	0.0	13.0	13.0	-0.0050021381885869765	-2.0992229454516176	0.2639399274598299	7.35449998161375	12.167999878320002
1160	19005440	10	9.8	4.894895300208167	13.0	2.0	10	10.5	4.341658669218482	13.0	2.0	-0.00413751063830155	-2.105764746446604	0.331981921378711	7.31949998170125	15.908999840910003
1164	19070976	10	8.5	5.554277630799526	13.0	0.0	10	12.0	3.0	13.0	3.0	-0.004406676743651853	-2.2012792699229506	0.2506400164886996	7.328499981678751	16.141999838580002
1168	19136512	10	9.9	4.742362280551751	13.0	2.0	10	11.7	3.0347981810987035	13.0	3.0	-0.005087123344083641	-2.1729517104945075	0.20996018714257486	7.372749981568125	15.894999841050002
1172	19202048	10	8.6	5.40740233383831	13.0	1.0	10	9.4	4.983974317750845	13.0	0.0	-0.005196691176089622	-2.1702060026650005	0.29138211949487164	7.408499981478751	13.26399986736
1176	19267584	10	10.4	4.5431266766402185	13.0	1.0	10	10.0	4.58257569495584	13.0	3.0	-0.006300084614799836	-2.2070930945561025	0.18055727703478652	7.36249998159375	16.002999839970002
1180	19333120	10	10.9	4.2059481689626175	13.0	2.0	10	12.7	0.9	13.0	10.0	-0.005793556252686463	-2.1297150301701655	0.20886072343523238	7.371249981571875	8.483999915160002
1184	19398656	10	8.9	5.028916384272064	13.0	2.0	10	11.9	3.3	13.0	2.0	-0.006547050006626538	-2.0873845738978405	0.23403282251565144	7.372999981567499	9.27399990726
1188	19464192	10	11.6	3.32264954516723	13.0	2.0	10	10.6	4.1521078984053394	13.0	2.0	-0.006078335046038015	-2.166775884501931	0.21490028746671086	7.378749981553125	9.000999909990002
1192	19529728	10	11.6	3.32264954516723	13.0	2.0	10	13.0	0.0	13.0	13.0	-0.00558425957511683	-2.1007583114303343	0.2636453936688401	7.3594999816012505	6.424999935750001
1196	19595264	10	8.6	5.44426303552648	13.0	0.0	10	11.9	3.3	13.0	2.0	-0.004698642771589693	-2.150249818736841	0.2721530676846332	7.399749981500625	8.85399991146
1200	19660800	10	6.8	5.075431016179809	13.0	2.0	10	11.8	3.6	13.0	1.0	-0.005783700929293971	-2.175647511851655	0.2337482737444239	7.363249981591875	9.24799990752
1204	19726336	10	10.8	4.422668877499197	13.0	1.0	10	11.9	3.3	13.0	2.0	-0.005958186367313459	-2.1330721227092853	0.27204771694066493	7.340249981649374	4.93099995069
1208	19791872	10	9.5	4.780167361086848	13.0	2.0	10	10.8	4.422668877499197	13.0	1.0	-0.005076762329510419	-2.1507513396685094	0.2685984206727002	7.388249981529375	16.04299983957
1212	19857408	10	10.8	4.4	13.0	2.0	10	13.0	0.0	13.0	13.0	-0.006485440121278351	-2.1572969702619225	0.26967283971903	7.403249981491875	9.394999906050002
1216	19922944	10	10.8	4.422668877499197	13.0	1.0	10	11.6	3.32264954516723	13.0	2.0	-0.005614733895245321	-2.099991353630821	0.2602058678283944	7.3469999816325	16.17299983827
1220	19988480	10	10.9	4.2059481689626175	13.0	2.0	10	13.0	0.0	13.0	13.0	-0.00700744520799837	-2.1189672050653	0.23727703099771805	7.3197499817006255	9.200999907990003
1224	20054016	10	10.8	4.422668877499197	13.0	1.0	10	13.0	0.0	13.0	13.0	-0.0051186802430314956	-2.0624613412059696	0.2509478648552658	7.423999981440001	10.671999893280002
1228	20119552	10	9.7	5.060632371551998	13.0	1.0	10	9.5	4.780167361086848	13.0	2.0	-0.00531463112631594	-2.163282143347624	0.1902883028568544	7.404499981488751	16.109999838900002
1232	20185088	10	9.4	4.340506882842141	13.0	3.0	10	10.6	4.8	13.0	1.0	-0.00611731511341171	-2.1500534164652727	0.1988128711417595	7.376749981558125	15.899999841000003
1236	20250624	10	8.5	5.554277630799526	13.0	0.0	10	13.0	0.0	13.0	13.0	-0.005504285484405876	-2.129378204322575	0.24093097011222098	7.3904999815237495	8.85299991147
1240	20316160	10	7.6	5.425863986500215	13.0	1.0	10	12.7	0.9	13.0	10.0	-0.005147043821195587	-2.109959758598362	0.24473157600123485	7.418499981453751	8.445999915540002
1244	20381696	10	8.8	5.15363949069005	13.0	2.0	10	11.9	3.3	13.0	2.0	-0.006406513270060634	-2.100628877460691	0.21045924037986172	7.4009999814975	16.131999838680002
1248	20447232	10	12.0	3.0	13.0	3.0	10	10.7	4.648655719667784	13.0	0.0	-0.006879964731111026	-2.108240353344813	0.21911491513453335	7.376499981558751	14.708999852910003
1252	20512768	10	9.8	4.894895300208167	13.0	2.0	10	10.2	4.28485705712571	13.0	1.0	-0.005437420649023417	-2.0543308305587247	0.23748392950753172	7.411749981470625	16.507999834920003
1256	20578304	10	11.8	3.6	13.0	1.0	10	13.0	0.0	13.0	13.0	-0.0056785273961240425	-2.1604361407691854	0.19169294436328066	7.400249981499375	8.77299991227
1260	20643840	10	9.4	4.94368283772331	13.0	1.0	10	13.0	0.0	13.0	13.0	-0.006027839723152541	-2.1183524502097315	0.24351875776371876	7.3832499815418755	11.202999887970002
1264	20709376	10	8.2	5.4	13.0	0.0	10	11.9	3.3	13.0	2.0	-0.004337850470167882	-2.0862045906794524	0.20117231727965726	7.424999981437501	16.142999838570002
1268	20774912	10	10.7	4.648655719667783	13.0	0.0	10	12.7	0.9	13.0	10.0	-0.006510918081331469	-2.0153272621717826	0.1707719912729842	7.403749981490626	9.211999907880001
1272	20840448	10	6.3	5.532630477449221	13.0	0.0	10	11.9	3.3	13.0	2.0	-0.0057418458545808225	-2.051503571157539	0.21760032866987877	7.39749998150625	15.980999840190002
1276	20905984	10	11.9	3.3	13.0	2.0	10	13.0	0.0	13.0	13.0	-0.004535923471376453	-2.0757866723163305	0.2562802008396656	7.393999981515	5.811999941880001
1280	20971520	10	10.8	4.4	13.0	2.0	10	11.8	3.6	13.0	1.0	-0.004501294099237495	-2.0639032048817314	0.23955991722010603	7.37549998156125	8.82099991179
1284	21037056	10	8.7	5.292447448959697	13.0	1.0	10	11.9	3.3	13.0	2.0	-0.006037202980807594	-2.12562024074506	0.18956504286775752	7.44149998139625	16.284999837150004
1288	21102592	10	9.9	4.742362280551751	13.0	2.0	10	12.0	3.0	13.0	3.0	-0.004335345685379672	-2.0812956465102834	0.2131166846735061	7.405249981486875	15.813999841860003
1292	21168128	10	9.5	5.352569476429054	13.0	1.0	10	13.0	0.0	13.0	13.0	-0.004972526276800469	-2.104221197246866	0.20241048929967057	7.384999981537501	2.3739999762600004
1296	21233664	10	8.6	5.407402333838309	13.0	1.0	10	13.0	0.0	13.0	13.0	-0.0053612835006054335	-2.1050788236451807	0.27637776939113406	7.418499981453751	9.489999905100001
1300	21299200	10	7.5	5.5362442142665635	13.0	1.0	10	11.6	3.32264954516723	13.0	2.0	-0.004920591998691724	-2.031732177771089	0.26039914535750464	7.468249981329375	9.518999904810002
1304	21364736	10	7.8	5.2115256883181535	13.0	2.0	10	13.0	0.0	13.0	13.0	-0.005714145575753304	-2.1380999309577584	0.25071231560343094	7.439249981401875	10.051999899480002
1308	21430272	10	9.6	5.2	13.0	1.0	10	12.0	3.0	13.0	3.0	-0.006310798993530511	-2.0963387983840533	0.2044175265454404	7.4702499813243755	10.488999895110002
1312	21495808	10	8.7	5.330103188494572	13.0	0.0	10	12.0	3.0	13.0	3.0	-0.006121672497676811	-2.0858390031072336	0.1641400592851526	7.41349998146625	9.100999908990003
1316	21561344	10	9.0	4.898979485566356	13.0	3.0	10	10.9	4.2059481689626175	13.0	2.0	-0.006516727831622383	-2.1303915155695003	0.1709617117707415	7.400249981499375	16.0599998394
1320	21626880	10	9.8	4.894895300208167	13.0	2.0	10	12.0	3.0	13.0	3.0	-0.0053275145201555395	-2.1385780446487206	0.1456440869411857	7.411999981470001	16.152999838470002
1324	21692416	10	9.3	5.675385449465085	13.0	0.0	10	13.0	0.0	13.0	13.0	-0.005208831665553061	-2.0476587524367247	0.22422081043470773	7.42799998143	15.225999847740002
1328	21757952	10	7.7	5.3113086899558	13.0	2.0	10	12.0	3.0	13.0	3.0	-0.004689215298758062	-2.0442575487351853	0.22828672629886607	7.43599998141	16.069999839300003
1332	21823488	10	7.5	5.554277630799526	13.0	0.0	10	12.7	0.9	13.0	10.0	-0.004490171881254715	-1.9985553148293853	0.17762640101226618	7.484749981288125	9.232999907670003
1336	21889024	10	8.7	5.273518749374084	13.0	2.0	10	13.0	0.0	13.0	13.0	-0.005169886258416118	-2.0331949216989713	0.1726363599896657	7.465249981336875	8.52899991471
1340	21954560	10	9.8	4.915282290977803	13.0	1.0	10	11.9	3.3	13.0	2.0	-0.004911746005840643	-2.052105682377836	0.16247931121087353	7.453999981365	16.227999837720006
1344	22020096	10	10.8	4.4	13.0	2.0	10	12.0	3.0	13.0	3.0	-0.00635259781539003	-2.081477060697219	0.1816031108809213	7.45349998136625	9.134999908650002
1348	22085632	10	8.6	5.407402333838309	13.0	1.0	10	13.0	0.0	13.0	13.0	-0.005703746321172186	-2.0514218991348074	0.20884940957337672	7.352749981618126	8.939999910600001
1352	22151168	10	9.8	4.894895300208167	13.0	2.0	10	12.7	0.9	13.0	10.0	-0.004933829154441127	-2.0062645162538963	0.21395594267429419	7.372499981568749	8.923999910760001
1356	22216704	10	8.5	5.5362442142665635	13.0	1.0	10	13.0	0.0	13.0	13.0	-0.005728113762728703	-2.011244036047762	0.1494350008666074	7.3809999815475	9.41799990582
1360	22282240	10	8.9	5.028916384272064	13.0	2.0	10	12.0	3.0	13.0	3.0	-0.003956486317790089	-1.9765362066951842	0.16139420733347692	7.441249981396875	16.535999834640005
1364	22347776	10	6.2	5.582114294781145	13.0	1.0	10	11.8	3.6	13.0	1.0	-0.005028291646119606	-1.9221797571067458	0.19033384709188544	7.446249981384376	8.905999910940002
1368	22413312	10	10.8	4.422668877499197	13.0	1.0	10	13.0	0.0	13.0	13.0	-0.004631996270717978	-1.96041472732468	0.18476273451248926	7.461749981345625	8.76299991237
1372	22478848	10	11.9	3.3	13.0	2.0	10	13.0	0.0	13.0	13.0	-0.004713665135683913	-1.9724239841532472	0.2192113966219887	7.450249981374376	2.7059999729400004
1376	22544384	10	8.6	5.40740233383831	13.0	1.0	10	10.9	4.2059481689626175	13.0	2.0	-0.005172710690574201	-2.021263494877075	0.17142843305831096	7.3949999815125	16.201999837980004
1380	22609920	10	9.6	5.2	13.0	1.0	10	13.0	0.0	13.0	13.0	-0.0043839564139773095	-2.0068064752117505	0.18287499231554483	7.417249981456875	9.83399990166
1384	22675456	10	10.9	4.205948168962618	13.0	2.0	10	11.9	3.3	13.0	2.0	-0.005440141287220825	-2.0070588536953373	0.19512396063175277	7.441249981396875	16.322999836770002
1388	22740992	10	11.9	3.3	13.0	2.0	10	13.0	0.0	13.0	13.0	-0.004939653223816624	-2.034610390451208	0.14322200183196074	7.427749981430626	8.82499991175
1392	22806528	10	8.6	5.388877434122992	13.0	2.0	10	13.0	0.0	13.0	13.0	-0.004415884785728459	-2.059140493257923	0.1892492344871469	7.471999981320001	9.38599990614
1396	22872064	10	11.9	3.3	13.0	2.0	10	10.9	4.2059481689626175	13.0	2.0	-0.004359031772310799	-2.050297656193386	0.20736617701451587	7.427249981431874	9.006999909930002
1400	22937600	10	7.7	5.3113086899558	13.0	2.0	10	11.0	4.0	13.0	3.0	-0.0049727594566900644	-2.097405361414026	0.16591744239576386	7.458499981353749	15.996999840030002
1404	23003136	10	11.9	3.3	13.0	2.0	10	13.0	0.0	13.0	13.0	-0.004639069158779732	-2.0980639256835003	0.15833551004276653	7.4304999814237505	9.943999900560003
1408	23068672	10	8.6	5.40740233383831	13.0	1.0	10	12.7	0.9	13.0	10.0	-0.004656948282111711	-2.092232885242118	0.16615472274343412	7.428749981428125	10.263999897360002
1412	23134208	10	10.6	4.1521078984053394	13.0	2.0	10	13.0	0.0	13.0	13.0	-0.005323158586231322	-2.0513364608435847	0.1429620748236868	7.451249981371875	9.538999904610002
1416	23199744	10	12.0	3.0	13.0	3.0	10	11.5	3.6124783736376886	13.0	1.0	-0.0052156819141624825	-1.97419355416595	0.192514471456844	7.419749981450625	15.954999840450002
1420	23265280	10	9.9	4.742362280551751	13.0	2.0	10	13.0	0.0	13.0	13.0	-0.0052008037983532675	-2.0612662680783473	0.10579925440701955	7.449749981375625	9.816999901830002
1424	23330816	10	8.9	5.028916384272064	13.0	2.0	10	13.0	0.0	13.0	13.0	-0.005785231987226691	-2.1398602100964577	0.18831943668170845	7.3989999815025005	10.14899989851
1428	23396352	10	8.4	5.678027826631356	13.0	0.0	10	13.0	0.0	13.0	13.0	-0.005808617822065623	-2.033143814441372	0.17805850845459023	7.41849998145375	8.908999910910001
1432	23461888	10	10.9	4.2059481689626175	13.0	2.0	10	13.0	0.0	13.0	13.0	-0.005851740625678866	-2.0670045699012864	0.22783229714990658	7.408999981477501	11.58799988412
1436	23527424	10	8.5	5.572252686302013	13.0	0.0	10	12.7	0.9	13.0	10.0	-0.005285617671744414	-2.027041697042633	0.15018021065419163	7.388249981529376	8.63899991361
1440	23592960	10	10.0	4.58257569495584	13.0	3.0	10	13.0	0.0	13.0	13.0	-0.004665977198600492	-2.101991491794179	0.20313726867916634	7.476249981309375	10.125999898740002
1444	23658496	10	8.7	5.273518749374084	13.0	2.0	10	13.0	0.0	13.0	13.0	-0.00565855629430969	-2.045957844491269	0.17586761866416428	7.429249981426874	9.185999908140001
1448	23724032	10	10.8	4.4	13.0	2.0	10	13.0	0.0	13.0	13.0	-0.004418514995899328	-2.048410200610964	0.19768761918993885	7.452499981368751	8.851999911480002
1452	23789568	10	9.0	4.898979485566356	13.0	3.0	10	12.7	0.9	13.0	10.0	-0.0051964346973710895	-2.048068336929127	0.14163596666650066	7.416249981459375	8.57699991423
1456	23855104	10	13.0	0.0	13.0	13.0	10	11.0	4.0	13.0	3.0	-0.0042564044386798165	-1.9603400029683544	0.14873617913111187	7.416249981459375	10.213999897860003
1460	23920640	10	12.0	3.0	13.0	3.0	10	12.0	3.0	13.0	3.0	-0.004708934118868765	-1.9183099081604187	0.1509229105274375	7.416249981459375	16.084999839150004
1464	23986176	10	9.7	5.060632371551998	13.0	1.0	10	13.0	0.0	13.0	13.0	-0.004917823059049699	-1.9263379758079933	0.17591346425965837	7.434999981412501	9.370999906290002
1468	24051712	10	10.8	4.4	13.0	2.0	10	11.0	4.0	13.0	3.0	-0.003966604281424553	-1.9620144340338983	0.2147812233858839	7.426499981433751	16.06399983936
1472	24117248	10	11.5	3.6124783736376886	13.0	1.0	10	13.0	0.0	13.0	13.0	-0.005502097361419598	-1.9265240428825112	0.20807100721640603	7.393999981515	9.792999902070001
1476	24182784	10	11.9	3.3	13.0	2.0	10	13.0	0.0	13.0	13.0	-0.00433772069133725	-1.9748078197667263	0.16214324043306017	7.4379999814049995	9.938999900610002
1480	24248320	10	10.9	4.2059481689626175	13.0	2.0	10	11.9	3.3	13.0	2.0	-0.004170382627782924	-1.9367134184111363	0.1281185786804838	7.476749981308124	8.777999912220002
1484	24313856	10	9.4	4.94368283772331	13.0	1.0	10	11.7	3.034798181098703	13.0	3.0	-0.004820125053309256	-1.8909317588326546	0.1437417858440951	7.394999981512502	8.52899991471
1488	24379392	10	8.6	5.425863986500215	13.0	1.0	10	13.0	0.0	13.0	13.0	-0.005074826962377696	-1.8868588306527816	0.20112836397641415	7.481499981296251	2.3749999762500003
1492	24444928	10	8.6	5.425863986500215	13.0	1.0	10	13.0	0.0	13.0	13.0	-0.004806633819907332	-1.9517320330394763	0.13764088840031852	7.479749981300625	12.995999870040002
1496	24510464	10	9.6	5.2	13.0	1.0	10	13.0	0.0	13.0	13.0	-0.005367797408372898	-1.9448052754462484	0.1814470713148255	7.4134999814662494	10.185999898140002
1500	24576000	10	12.0	3.0	13.0	3.0	10	13.0	0.0	13.0	13.0	-0.005726926721773222	-1.9573148114430512	0.20639047979089953	7.445749981385625	9.008999909910003
1504	24641536	10	9.8	4.894895300208167	13.0	2.0	10	13.0	0.0	13.0	13.0	-0.005347051589270378	-1.9398551891710274	0.15631527863366818	7.404749981488125	10.157999898420002
1508	24707072	10	10.7	3.950949253027682	13.0	3.0	10	13.0	0.0	13.0	13.0	-0.0036256834084737494	-2.012379510739432	0.12918113325929081	7.417749981455625	8.72499991275
1512	24772608	10	10.7	4.605431575867782	13.0	1.0	10	13.0	0.0	13.0	13.0	-0.003049920130843643	-1.85532129412438	0.18968532224693402	7.433499981416251	8.536999914630002
1516	24838144	10	9.9	4.742362280551751	13.0	2.0	10	13.0	0.0	13.0	13.0	-0.005350821844986504	-1.819102837204191	0.17113351090580756	7.437999981405	8.41699991583
1520	24903680	10	10.6	4.8207883172775805	13.0	0.0	10	12.0	3.0	13.0	3.0	-0.0039389483350067735	-1.8688024826884684	0.13286182515801828	7.39849998150375	3.2409999675900005
1524	24969216	10	10.4	4.5431266766402185	13.0	1.0	10	10.9	4.2059481689626175	13.0	2.0	-0.0048759393582939806	-2.033959910061681	0.16901231361344732	7.4059999814849995	10.685999893140002
