iter	frame	n_test	mean_returns	std_returns	max_returns	min_returns	n_test_train	mean_returns_train	std_returns_train	max_returns_train	min_returns_train	actor_loss	entropy_loss	value_loss	training_time	evaluation_time
0	0	10	0.4	0.8000000000000002	2.0	0.0	10	0.6	1.2806248474865698	4.0	0.0	0	0	0	0.0	9.616999903830003
4	65536	10	0.6	0.9165151389911681	2.0	0.0	10	1.2	2.993325909419153	10.0	0.0	0.002426593666061377	-2.6266372399772973	0.11697104230546423	11.877249970306876	19.134999808650004
8	131072	10	1.0	1.3416407864998738	4.0	0.0	10	3.2	4.48998886412873	16.0	0.0	-0.003697335918553291	-2.614151000704255	0.05465146204042621	10.810249972974376	13.346999866530002
12	196608	10	1.8	1.4000000000000001	4.0	0.0	10	2.0	2.3664319132398464	6.0	0.0	-0.005140946575991494	-2.561407165955918	0.06200765309364649	10.172249974569375	33.78599966214001
16	262144	10	0.8	1.32664991614216	4.0	0.0	10	2.2	4.686149805543993	16.0	0.0	-0.005164454528077691	-2.502407674727443	0.06273771988660988	10.113249974716876	20.42299979577
20	327680	10	1.8	2.6	8.0	0.0	10	0.8	1.32664991614216	4.0	0.0	-0.005929388318679738	-2.4142989265390655	0.04795925753312419	11.75549997061125	13.46599986534
24	393216	10	1.6	1.9595917942265426	6.0	0.0	10	1.8	1.886796226411321	4.0	0.0	-0.005097648552767005	-2.404333866882212	0.05086167016468124	13.25549996686125	13.875999861240002
28	458752	10	2.0	1.7888543819998317	4.0	0.0	10	1.6	1.4966629547095767	4.0	0.0	-0.006409523452565949	-2.3832656142613255	0.04684177626522956	11.2309999719225	31.304999686950005
32	524288	10	1.0	1.3416407864998738	4.0	0.0	10	1.4	2.009975124224178	6.0	0.0	-0.00606195215305498	-2.3849605791269926	0.04417291318071945	10.815749972960626	27.003999729960007
36	589824	10	1.0	1.61245154965971	4.0	0.0	10	1.6	1.7435595774162693	6.0	0.0	-0.007038218164956466	-2.372064341854325	0.03768080068980543	10.89999997275	9.338999906610002
40	655360	10	1.8	1.661324772583615	6.0	0.0	10	1.2	2.4	8.0	0.0	-0.00750713964026259	-2.374475148569562	0.03983766115631681	11.647249970881875	26.408999735910005
44	720896	10	0.6	1.2806248474865698	4.0	0.0	10	1.4	1.2806248474865698	4.0	0.0	-0.007364075933301053	-2.3325673016462845	0.042718957057429445	10.495249973761874	12.104999878950002
48	786432	10	1.2	0.9797958971132713	2.0	0.0	10	1.2	1.6	4.0	0.0	-0.006508478098647084	-2.3732327816398424	0.04303742191926856	11.628249970929376	24.225999757740002
52	851968	10	0.8	1.32664991614216	4.0	0.0	10	3.2	2.227105745132009	8.0	0.0	-0.007653603528333479	-2.3496965589658583	0.03998002019527211	12.217749969455626	41.731999582680004
56	917504	10	0.4	0.8	2.0	0.0	10	1.8	2.441311123146741	8.0	0.0	-0.0077665125952782075	-2.3779323520766256	0.044321741826561616	12.16949996957625	20.66199979338
60	983040	10	1.6	1.4966629547095767	4.0	0.0	10	1.8	1.661324772583615	4.0	0.0	-0.006784997195812045	-2.313604627805353	0.04031292944338583	11.232249971919376	41.72699958273
64	1048576	10	1.4	1.2806248474865698	4.0	0.0	10	1.6	2.154065922853802	6.0	0.0	-0.006401048293446551	-2.2502815348546115	0.042713694968468094	11.714249970714375	10.029999899700002
68	1114112	10	1.2	1.32664991614216	4.0	0.0	10	0.4	0.8000000000000002	2.0	0.0	-0.007654042021195009	-2.201347303657901	0.033362628073681566	11.448249971379376	12.583999874160002
72	1179648	10	1.2	0.9797958971132713	2.0	0.0	10	2.0	3.0983866769659336	8.0	0.0	-0.007303118945095371	-2.2153035151637677	0.03690983531224079	10.387749974030626	10.643999893560002
76	1245184	10	2.2	2.08806130178211	6.0	0.0	10	1.8	1.886796226411321	6.0	0.0	-0.007269225089810277	-2.337032158926074	0.03395996153156115	12.487249968781876	38.12599961874
80	1310720	10	1.0	1.0	2.0	0.0	10	3.2	5.74108003776293	20.0	0.0	-0.0076548639594480865	-2.338261710857168	0.03173854646019957	11.791249970521877	15.960999840390002
84	1376256	10	1.4	1.8	4.0	0.0	10	2.6	2.6907248094147422	10.0	0.0	-0.00776929763782709	-2.4089470478369828	0.03175896906428767	12.51199996872	21.851999781480004
88	1441792	10	1.6	2.154065922853802	6.0	0.0	10	1.0	1.3416407864998738	4.0	0.0	-0.008406765387041697	-2.387009545912051	0.03277883466845417	11.926749970183126	21.029999789700003
92	1507328	10	0.4	0.8000000000000002	2.0	0.0	10	1.6	2.4979991993593593	8.0	0.0	-0.008261024546045983	-2.3062019296071696	0.03504457621237293	10.78849997302875	7.9789999202100015
96	1572864	10	2.0	2.0	6.0	0.0	10	1.8	1.886796226411321	4.0	0.0	-0.008297448004410707	-2.347687090192067	0.04056039357057778	11.17999997205	8.75299991247
100	1638400	10	1.8	1.661324772583615	4.0	0.0	10	1.6	1.7435595774162693	4.0	0.0	-0.009814107988443203	-2.3189488622117445	0.03693309119362611	11.855749970360623	11.004999889950003
104	1703936	10	1.8	2.6	8.0	0.0	10	2.0	2.3664319132398464	6.0	0.0	-0.00770459948803446	-2.324600706255682	0.03995976158156734	9.99449997501375	19.788999802110006
108	1769472	10	1.6	1.9595917942265426	6.0	0.0	10	1.4	1.8	4.0	0.0	-0.008642333721288049	-2.329687922950302	0.0346067397974394	12.111249969721875	21.585999784140004
112	1835008	10	0.8	1.32664991614216	4.0	0.0	10	1.6	1.4966629547095764	4.0	0.0	-0.009670922513480368	-2.2411477836618805	0.03788524332139263	12.459249968851877	6.659999933400001
116	1900544	10	1.8	1.8867962264113207	6.0	0.0	10	1.2	1.8330302779823358	4.0	0.0	-0.00814426656300737	-2.165425975891887	0.03849202390204004	10.473499973816251	20.305999796940004
120	1966080	10	1.2	1.6	4.0	0.0	10	2.4	1.9595917942265424	6.0	0.0	-0.008426538405760664	-2.163679842922212	0.043987366715520705	10.97599997256	29.054999709450005
124	2031616	10	1.0	1.3416407864998738	4.0	0.0	10	1.2	1.32664991614216	4.0	0.0	-0.008477778180375952	-2.1564406427481577	0.0352053735950611	11.66049997084875	16.516999834830003
128	2097152	10	1.4	2.3748684174075834	8.0	0.0	10	1.8	1.886796226411321	4.0	0.0	-0.008793421428277907	-2.151643675838295	0.03363037609610567	11.54249997114375	6.7389999326100005
132	2162688	10	1.4	1.7999999999999998	6.0	0.0	10	2.0	2.0	4.0	0.0	-0.008407740270774448	-2.1989423481319585	0.029735679482892886	11.94049997014875	21.982999780170005
136	2228224	10	1.6	1.4966629547095767	4.0	0.0	10	1.4	2.009975124224178	6.0	0.0	-0.009141304471043462	-2.168867749246535	0.03147335354066121	10.079249974801877	37.54499962455001
140	2293760	10	1.6	1.4966629547095767	4.0	0.0	10	1.4	1.562049935181331	4.0	0.0	-0.009172205480004914	-2.112804370401756	0.03096860949558785	10.521999973695001	37.14099962859
144	2359296	10	2.2	2.749545416973504	10.0	0.0	10	3.0	3.1304951684997055	8.0	0.0	-0.008826532283809752	-2.064237159772266	0.03279124896554186	10.196249974509374	27.662999723370003
148	2424832	10	2.4	1.7435595774162693	6.0	0.0	10	2.4	2.33238075793812	6.0	0.0	-0.009128834027816191	-2.1539345480741496	0.03199314158852674	10.54549997363625	41.83399958166001
152	2490368	10	1.2	1.6	4.0	0.0	10	1.6	1.4966629547095767	4.0	0.0	-0.009265620008232374	-2.1863097372360514	0.04291135875526857	10.624999973437502	30.262999697370006
156	2555904	10	1.6	1.9595917942265424	6.0	0.0	10	2.4	2.33238075793812	8.0	0.0	-0.009106611094730696	-2.1965474980768316	0.0342566756457107	10.929249972676875	38.36999961630001
160	2621440	10	1.2	2.0396078054371136	6.0	0.0	10	2.4	2.1540659228538015	6.0	0.0	-0.00888246364440056	-2.159879699124416	0.036422678110431435	11.342249971644375	40.005999599940004
164	2686976	10	2.2	2.749545416973504	8.0	0.0	10	1.2	1.6	4.0	0.0	-0.008861000937320987	-2.2187889737559785	0.03317160069752157	11.68949997077625	24.148999758510005
168	2752512	10	1.2	1.32664991614216	4.0	0.0	10	3.6	2.8000000000000003	8.0	0.0	-0.009231916348904613	-2.226254534986178	0.03333455376212633	11.123749972190625	28.064999719350006
172	2818048	10	1.6	1.7435595774162695	4.0	0.0	10	1.8	1.661324772583615	4.0	0.0	-0.008972083353278993	-2.1663793894378727	0.037355383019883684	11.551249971121875	25.321999746780005
176	2883584	10	0.8	1.32664991614216	4.0	0.0	10	2.0	2.3664319132398464	8.0	0.0	-0.008398671332880815	-2.187521638741713	0.04054413706340381	11.704749970738126	15.802999841970003
180	2949120	10	2.2	1.886796226411321	6.0	0.0	10	2.0	1.7888543819998317	6.0	0.0	-0.0087584164784829	-2.236428009734048	0.04045510852365615	12.009999969975002	39.65099960349001
184	3014656	10	1.4	1.2806248474865698	4.0	0.0	10	2.4	2.6532998322843198	8.0	0.0	-0.009687223347000779	-2.254679287238498	0.043648801079750645	11.896249970259376	32.66299967337
188	3080192	10	1.0	1.3416407864998738	4.0	0.0	10	1.8	2.4413111231467406	8.0	0.0	-0.00964668568263897	-2.157813908928371	0.03739312158818448	11.287999971779998	28.739999712600003
192	3145728	10	0.8	1.8330302779823362	6.0	0.0	10	2.8	1.8330302779823358	6.0	0.0	-0.009906993872268982	-2.1741408330917604	0.02968773998321296	12.438749968903124	17.613999823860002
196	3211264	10	0.6	1.2806248474865698	4.0	0.0	10	2.0	1.5491933384829668	4.0	0.0	-0.009906539930124119	-2.209577416150082	0.03638257935729872	10.49199997377	30.217999697820005
200	3276800	10	1.6	1.7435595774162693	4.0	0.0	10	1.8	2.08806130178211	6.0	0.0	-0.008434270306407296	-2.202344904113876	0.03287772589486342	10.241249974396876	39.78799960212
204	3342336	10	1.8	1.661324772583615	6.0	0.0	10	2.8	2.5612496949731396	8.0	0.0	-0.009400742403998547	-2.2149849432386377	0.03812581521527441	9.909249975226876	26.013999739860004
208	3407872	10	1.0	1.3416407864998738	4.0	0.0	10	3.2	2.5612496949731396	8.0	0.0	-0.009803599530226925	-2.1896365978026386	0.048270549348494375	11.01849997245375	22.808999771910006
212	3473408	10	1.6	1.7435595774162695	4.0	0.0	10	3.8	5.173006862551025	18.0	0.0	-0.01043552184892614	-2.2261810126568555	0.033355077434116316	10.774999973062501	23.369999766300005
216	3538944	10	1.6	1.4966629547095764	4.0	0.0	10	3.0	2.7202941017470885	8.0	0.0	-0.009987111598871843	-2.1938033921221525	0.039323341543570554	11.614249970964375	43.71099956289
220	3604480	10	1.6	1.9595917942265426	6.0	0.0	10	0.8	1.32664991614216	4.0	0.0	-0.009872247582767134	-2.214667101470406	0.03559769191020336	10.5609999735975	30.856999691430005
224	3670016	10	2.0	1.5491933384829668	4.0	0.0	10	5.0	5.60357029044876	20.0	0.0	-0.010130945376209951	-2.2160676516767626	0.02957577285203959	10.2229999744425	30.092999699070006
228	3735552	10	2.2	2.08806130178211	6.0	0.0	10	1.8	1.661324772583615	4.0	0.0	-0.008748523210971455	-2.194607669879872	0.03392110650151905	11.3109999717225	42.82899957171001
232	3801088	10	1.6	1.4966629547095767	4.0	0.0	10	1.8	2.08806130178211	6.0	0.0	-0.009385625197796836	-2.1877289039597905	0.03698729570026482	10.908749972728124	26.138999738610003
236	3866624	10	0.8	1.8330302779823362	6.0	0.0	10	2.2	2.6	8.0	0.0	-0.009333883607660907	-2.160231771343433	0.03100772246317799	11.174999972062501	31.196999688030004
240	3932160	10	1.4	2.9732137494637008	10.0	0.0	10	2.4	1.4966629547095764	4.0	0.0	-0.01018579813550489	-2.218141702083161	0.029850098922222842	10.87199997282	19.613999803860004
244	3997696	10	2.4	4.715930449020638	16.0	0.0	10	1.8	1.8867962264113207	6.0	0.0	-0.009272232296648048	-2.1807225940340107	0.030154347028546618	11.451999971369998	14.907999850920001
248	4063232	10	1.8	2.4413111231467406	8.0	0.0	10	1.8	1.4000000000000001	4.0	0.0	-0.010208717563270908	-2.179453978708851	0.030375673529477048	11.766499970583752	28.002999719970006
252	4128768	10	0.6	1.2806248474865698	4.0	0.0	10	3.6	2.65329983228432	8.0	0.0	-0.00972236584028585	-2.1597356545662234	0.03632261689063539	12.2609999693475	18.896999811030003
256	4194304	10	0.4	1.2000000000000002	4.0	0.0	10	2.6	2.5377155080899043	8.0	0.0	-0.010345050547416718	-2.2047130388705125	0.028481145095372976	12.011749969970626	22.275999777240003
260	4259840	10	2.4	2.1540659228538015	6.0	0.0	10	3.0	2.8635642126552705	10.0	0.0	-0.00998887440211785	-2.2529335789519176	0.03177229654256223	10.90649997273375	42.92199957078
264	4325376	10	1.0	1.0	2.0	0.0	10	2.2	2.4413111231467406	8.0	0.0	-0.009174225523519684	-2.1764729244229994	0.04051939655682194	10.690749973273125	32.55099967449001
268	4390912	10	0.6	0.9165151389911679	2.0	0.0	10	4.8	5.075431016179808	18.0	0.0	-0.00953313117883361	-2.2351100690818146	0.036379844043494806	10.779499973051252	27.613999723860005
272	4456448	10	1.2	1.32664991614216	4.0	0.0	10	2.2	2.08806130178211	6.0	0.0	-0.009573949621187062	-2.2604205879201267	0.03432308447500165	10.20049997449875	20.803999791960003
276	4521984	10	1.4	2.537715508089904	8.0	0.0	10	3.8	3.1559467676119	10.0	0.0	-0.008066699790781756	-2.1820414933276138	0.034530648375989695	11.407999971479999	6.678999933210001
280	4587520	10	1.2	1.8330302779823362	6.0	0.0	10	3.8	5.3999999999999995	18.0	0.0	-0.009620762653471298	-2.169372948281491	0.033148758090528696	12.12549996968625	23.87099976129
284	4653056	10	2.4	2.154065922853802	6.0	0.0	10	2.2	1.4000000000000001	4.0	0.0	-0.010055151417735358	-2.173562228453244	0.04437017634359245	11.540249971149375	38.322999616770005
288	4718592	10	0.6	0.9165151389911681	2.0	0.0	10	1.6	2.154065922853802	6.0	0.0	-0.009960069021744173	-2.205529605119162	0.04344400419633916	11.266749971833125	19.641999803580003
292	4784128	10	0.8	1.32664991614216	4.0	0.0	10	2.8	2.039607805437114	6.0	0.0	-0.011094805295878618	-2.1727623142522265	0.03393802566410734	12.142249969644375	23.869999761300004
296	4849664	10	5.2	6.0133185513491645	18.0	0.0	10	3.4	2.009975124224178	6.0	0.0	-0.008982096482490843	-2.202524137764224	0.03084435001237639	11.4029999714925	24.024999759750003
300	4915200	10	1.8	2.08806130178211	6.0	0.0	10	3.0	1.3416407864998738	4.0	0.0	-0.011079682608455503	-2.15765217172479	0.03709942032196605	11.721999970695	28.876999711230003
304	4980736	10	1.6	1.9595917942265426	6.0	0.0	10	2.0	2.3664319132398464	8.0	0.0	-0.010488921185968754	-2.176090339592914	0.033913287466429354	11.694749970763125	28.880999711190004
308	5046272	10	1.6	1.9595917942265426	6.0	0.0	10	2.2	2.2715633383201097	6.0	0.0	-0.010510527314299484	-2.1599565667644263	0.03871503419538009	10.899749972750627	17.32199982678
312	5111808	10	2.4	2.154065922853802	6.0	0.0	10	2.2	2.2715633383201093	6.0	0.0	-0.009117536090606407	-2.2400002725572574	0.03828344742058286	10.595749973510625	28.961999710380006
316	5177344	10	1.8	1.886796226411321	4.0	0.0	10	3.0	1.8439088914585775	6.0	0.0	-0.009859969406719798	-2.1798561113788937	0.034668653831155076	10.185249974536875	41.029999589700004
320	5242880	10	1.0	1.61245154965971	4.0	0.0	10	2.4	2.33238075793812	8.0	0.0	-0.009714675292544312	-2.145127954358922	0.03785684440511507	11.13049997217375	26.077999739220004
324	5308416	10	0.4	1.2000000000000002	4.0	0.0	10	3.0	1.8439088914585775	6.0	0.0	-0.008573980217701926	-2.1680409657683613	0.03555586043142075	9.970749975073124	42.805999571940006
328	5373952	10	0.8	1.32664991614216	4.0	0.0	10	1.4	1.562049935181331	4.0	0.0	-0.009509620677736929	-2.195730708310764	0.03166230406748003	10.661749973345625	6.462999935370001
332	5439488	10	1.6	2.4979991993593593	8.0	0.0	10	1.4	1.562049935181331	4.0	0.0	-0.009406388331253155	-2.226357723043908	0.03157109097481596	11.694249970764373	5.999999940000001
336	5505024	10	1.6	1.4966629547095767	4.0	0.0	10	2.0	2.3664319132398464	6.0	0.0	-0.01029553901888675	-2.222935564584442	0.03125405972885988	10.966749972583127	24.836999751630003
340	5570560	10	2.4	1.9595917942265424	6.0	0.0	10	3.0	1.8439088914585775	6.0	0.0	-0.009474425923673641	-2.2414633852888795	0.043128121814388964	11.14399997214	29.101999708980006
344	5636096	10	1.2	1.8330302779823358	6.0	0.0	10	2.6	3.104834939252005	10.0	0.0	-0.00914071104394051	-2.265765251976666	0.03772317448936471	11.040499972398752	17.720999822790002
348	5701632	10	2.6	2.5377155080899043	8.0	0.0	10	3.6	2.4979991993593593	8.0	0.0	-0.009784299368717298	-2.2434421452529807	0.03979912033122828	11.241249971896876	19.464999805350004
352	5767168	10	2.4	2.65329983228432	8.0	0.0	10	1.8	1.661324772583615	4.0	0.0	-0.009651026289758474	-2.1763661799547984	0.031041859704095894	11.387749971530626	21.240999787590003
356	5832704	10	1.4	0.9165151389911681	2.0	0.0	10	2.8	1.8330302779823362	6.0	0.0	-0.010156197028515439	-2.1952195661960188	0.03475210599937759	10.738249973154375	41.157999588420004
360	5898240	10	2.2	2.08806130178211	6.0	0.0	10	3.4	2.537715508089904	8.0	0.0	-0.010237099861261279	-2.283199933430144	0.02717811513098594	11.2799999718	27.014999729850004
364	5963776	10	2.0	2.3664319132398464	6.0	0.0	10	1.8	1.661324772583615	4.0	0.0	-0.009800169722630831	-2.2295687792362893	0.03187906815493577	12.639249968401874	34.8199996518
368	6029312	10	1.0	1.61245154965971	4.0	0.0	10	2.2	2.08806130178211	6.0	0.0	-0.010113540996985651	-2.28081703658982	0.028760290041984878	11.668999970827501	6.203999937960001
372	6094848	10	1.6	1.9595917942265426	6.0	0.0	10	2.8	2.5612496949731396	8.0	0.0	-0.01008160995010742	-2.250014036659468	0.02610042044853858	10.52449997368875	34.654999653450005
376	6160384	10	1.4	1.562049935181331	4.0	0.0	10	3.0	3.0	10.0	0.0	-0.009643625699841769	-2.2459301300490866	0.033172336461758	10.818249972954375	36.67299963327001
380	6225920	10	1.2	1.6	4.0	0.0	10	3.6	2.65329983228432	8.0	0.0	-0.009859636990044314	-2.234053499763948	0.034962124032362256	10.71649997320875	27.781999722180004
384	6291456	10	1.6	2.3323807579381204	6.0	0.0	10	2.6	2.2	6.0	0.0	-0.010036443400334823	-2.229067886636918	0.034784281021241197	11.956999970107502	34.308999656910004
388	6356992	10	1.4	1.562049935181331	4.0	0.0	10	2.2	2.08806130178211	6.0	0.0	-0.009713231837141258	-2.2587760833533106	0.03742354211473301	11.332749971668123	8.173999918260002
392	6422528	10	2.6	2.5377155080899043	8.0	0.0	10	3.0	2.569046515733026	8.0	0.0	-0.010261908550841942	-2.310863027729281	0.03295116308578085	12.201249969496875	41.139999588600006
396	6488064	10	4.2	4.686149805543993	16.0	0.0	10	3.0	1.8439088914585775	6.0	0.0	-0.009654269711573705	-2.3067658963383417	0.03011865746692253	11.606249970984374	42.12499957875001
400	6553600	10	1.8	1.886796226411321	4.0	0.0	10	4.0	2.0	6.0	0.0	-0.00976641252680695	-2.2960842721256	0.03082690744650122	10.2799999743	41.85099958149001
404	6619136	10	1.0	1.3416407864998738	4.0	0.0	10	4.2	2.08806130178211	8.0	0.0	-0.009960635457469698	-2.297452536482706	0.034629140317247675	10.887249972781875	17.539999824600002
408	6684672	10	1.4	1.562049935181331	4.0	0.0	10	4.0	5.138093031466052	18.0	0.0	-0.010493901724474296	-2.2287934122148094	0.02802298774573239	11.297499971756249	34.93699965063
412	6750208	10	1.0	1.3416407864998738	4.0	0.0	10	3.6	5.122499389946279	18.0	0.0	-0.008411754711266059	-2.2346897967315473	0.03248044465873433	11.07249997231875	29.444999705550003
416	6815744	10	0.8	1.6000000000000003	4.0	0.0	10	2.8	2.227105745132009	6.0	0.0	-0.00977872392245143	-2.1985147046739546	0.033265104378057665	12.225749969435626	23.843999761560006
420	6881280	10	1.4	2.009975124224178	6.0	0.0	10	4.4	2.8000000000000003	10.0	2.0	-0.010896996319769283	-2.232496609057889	0.0322064890997153	11.106999972232499	19.17899980821
424	6946816	10	1.2	2.0396078054371136	6.0	0.0	10	4.4	3.2	12.0	0.0	-0.010574291485793067	-2.2752123944574856	0.0303955793271465	11.996249970009375	26.914999730850003
428	7012352	10	1.2	2.039607805437114	6.0	0.0	10	2.4	2.6532998322843198	8.0	0.0	-0.010582032413477778	-2.2617353422073916	0.035356899777935255	10.752749973118124	34.081999659180006
432	7077888	10	2.8	4.995998398718719	16.0	0.0	10	1.8	1.886796226411321	6.0	0.0	-0.01080715138119761	-2.248470373217494	0.04229341270349568	11.15649997210875	29.835999701640002
436	7143424	10	1.0	1.0	2.0	0.0	10	3.2	1.6	6.0	0.0	-0.010376707882470809	-2.2437695163137947	0.034065675821176866	11.192749972018126	25.349999746500007
440	7208960	10	1.2	1.8330302779823358	6.0	0.0	10	3.0	2.4083189157584592	6.0	0.0	-0.010523109264002501	-2.2642183251803907	0.03018018154811524	11.911249970221874	27.651999723480007
444	7274496	10	2.4	2.1540659228538015	6.0	0.0	10	2.6	1.2806248474865698	4.0	0.0	-0.010150266789579107	-2.2682781142613826	0.034087333766452406	11.027749972430625	40.63099959369001
448	7340032	10	2.0	1.5491933384829668	4.0	0.0	10	4.2	4.422668877499197	16.0	0.0	-0.01020157530016597	-2.2894572662909156	0.023445419916225913	11.497249971256876	22.660999773390007
452	7405568	10	2.0	2.0	6.0	0.0	10	1.8	1.4000000000000001	4.0	0.0	-0.009991158391908981	-2.241973638301007	0.03177843388071809	10.078999974802501	32.566999674330006
456	7471104	10	1.6	1.4966629547095767	4.0	0.0	10	2.6	2.537715508089904	6.0	0.0	-0.009493296460501408	-2.260819176597333	0.03226586343617283	9.666749975833126	28.131999718680007
460	7536640	10	1.2	2.0396078054371136	6.0	0.0	10	1.6	1.9595917942265426	6.0	0.0	-0.00971808033884399	-2.230655297404626	0.03204568286946268	10.4329999739175	10.31499989685
464	7602176	10	1.8	1.661324772583615	4.0	0.0	10	3.0	2.23606797749979	6.0	0.0	-0.0096680870012515	-2.2867501897217997	0.03349432705863104	12.255999969360001	21.229999787700002
468	7667712	10	0.8	1.32664991614216	4.0	0.0	10	4.4	3.97994974842648	16.0	2.0	-0.008882522174628923	-2.3122613030250285	0.034869326061507	11.881999970295	21.646999783530003
472	7733248	10	3.6	4.963869458396343	16.0	0.0	10	6.4	4.454211490264018	18.0	0.0	-0.010112332695682024	-2.328191523508103	0.028512519141017392	10.893749972765626	34.463999655360006
476	7798784	10	2.6	1.5620499351813308	6.0	0.0	10	2.4	2.6532998322843198	8.0	0.0	-0.009950897572883725	-2.2785225880752797	0.035613471735439606	10.71199997322	16.280999837190002
480	7864320	10	1.4	1.562049935181331	4.0	0.0	10	4.2	2.4413111231467406	8.0	0.0	-0.009941867231519911	-2.2674950358889854	0.033446710883104906	10.46649997383375	14.346999856530001
484	7929856	10	1.6	1.4966629547095767	4.0	0.0	10	3.2	2.7129319932501073	8.0	0.0	-0.01045579801466599	-2.2793350217352253	0.030365531814691614	11.89849997025375	40.884999591150006
488	7995392	10	1.8	1.661324772583615	4.0	0.0	10	2.4	2.33238075793812	6.0	0.0	-0.010739514105901717	-2.253925509516059	0.031709033526902464	11.08549997228625	27.462999725370004
492	8060928	10	3.0	2.04939015319192	6.0	0.0	10	3.2	2.5612496949731396	8.0	0.0	-0.010402098299414582	-2.28964307880393	0.026723518052924757	10.820249972949375	41.59999958400001
496	8126464	10	1.4	1.562049935181331	4.0	0.0	10	4.0	3.22490309931942	10.0	0.0	-0.010069003604118526	-2.274330576023975	0.023542948297566514	10.97549997256125	25.479999745200004
500	8192000	10	2.4	2.1540659228538015	6.0	0.0	10	3.0	4.494441010848846	16.0	0.0	-0.009265082177934206	-2.245069597924339	0.025486077722611616	11.3389999716525	19.081999809180004
504	8257536	10	1.6	1.4966629547095767	4.0	0.0	10	2.8	2.7129319932501077	6.0	0.0	-0.010039016079508844	-2.2621059614050396	0.03494980653461466	9.96949997507625	28.701999712980005
508	8323072	10	0.4	1.2000000000000002	4.0	0.0	10	2.8	2.4000000000000004	8.0	0.0	-0.010546254969199658	-2.272331078610548	0.03515135026946824	10.82349997294125	20.62699979373
512	8388608	10	1.4	1.562049935181331	4.0	0.0	10	1.4	2.009975124224178	6.0	0.0	-0.008859640342948553	-2.2812574776617613	0.03655114928655806	11.2989999717525	40.77099959229001
516	8454144	10	1.2	2.0396078054371136	6.0	0.0	10	2.4	2.1540659228538015	6.0	0.0	-0.010250995650033104	-2.3100537108955512	0.02928548125477924	10.21749997445625	28.138999718610005
520	8519680	10	2.0	2.0	6.0	0.0	10	2.0	1.2649110640673518	4.0	0.0	-0.009215283735355009	-2.3031134429161755	0.035666999403397286	10.94149997264625	21.447999785520004
524	8585216	10	2.0	1.5491933384829668	4.0	0.0	10	3.4	2.835489375751565	8.0	0.0	-0.009044234989200177	-2.3136511939340787	0.03947253552009513	11.891749970270626	23.649999763500002
528	8650752	10	2.6	2.6907248094147422	8.0	0.0	10	2.6	1.2806248474865698	4.0	0.0	-0.010053634642507433	-2.2854009069605254	0.03639525035017101	11.665749970835627	22.64399977356
532	8716288	10	1.2	2.0396078054371136	6.0	0.0	10	3.2	2.7129319932501077	8.0	0.0	-0.009917907682572523	-2.2533772386746764	0.044009116997548996	11.43749997140625	26.43199973568
536	8781824	10	1.2	1.6	4.0	0.0	10	3.0	1.61245154965971	6.0	0.0	-0.009650453595496742	-2.2279590986831797	0.04229305769497181	11.799999970500002	13.842999861570002
540	8847360	10	1.6	1.4966629547095767	4.0	0.0	10	3.8	5.89576118919347	20.0	0.0	-0.01039970934059562	-2.2208880158932236	0.03969526288539807	11.626249970934376	10.76699989233
544	8912896	10	1.6	1.9595917942265426	6.0	0.0	10	5.6	6.118823416311342	18.0	0.0	-0.009817139135407722	-2.2537887640433243	0.042712076426846345	10.331999974170001	35.41599964584
548	8978432	10	2.4	3.5552777669262356	12.0	0.0	10	4.0	4.381780460041329	16.0	0.0	-0.010360526143037273	-2.2430509227164577	0.035585824803933304	11.282249971794377	32.34199967658
552	9043968	10	1.2	1.8330302779823358	6.0	0.0	10	3.2	2.4	8.0	0.0	-0.009845355517311315	-2.3094931565302925	0.03591260746290588	10.408749973978125	28.440999715590003
556	9109504	10	2.0	2.5298221281347035	8.0	0.0	10	3.4	2.973213749463701	10.0	0.0	-0.010472714953236572	-2.294237819571725	0.02825768730153587	10.635499973411251	40.43999959560001
560	9175040	10	1.4	1.562049935181331	4.0	0.0	10	3.8	3.515679166249389	10.0	0.0	-0.009627461209278416	-2.2631729789204287	0.03735537818864783	11.37199997157	33.568999664310006
564	9240576	10	2.4	2.33238075793812	8.0	0.0	10	2.6	1.8	6.0	0.0	-0.009504629462976248	-2.2845385146741557	0.040640474157055004	10.18949997452625	43.332999566670004
568	9306112	10	3.8	6.2257529665093525	22.0	0.0	10	1.8	1.4000000000000001	4.0	0.0	-0.009659197022811325	-2.2640461248781256	0.0378729304802579	10.96799997258	23.928999760710003
572	9371648	10	4.2	3.627671429443411	10.0	0.0	10	3.6	2.4979991993593593	6.0	0.0	-0.009713149206515961	-2.301810326435802	0.03951267443651387	10.878749972803126	40.40099959599001
576	9437184	10	2.2	2.6	8.0	0.0	10	2.0	2.9664793948382653	10.0	0.0	-0.010013365491298049	-2.2608139189709586	0.03760599625914094	10.709249973226875	25.583999744160003
580	9502720	10	1.8	2.08806130178211	6.0	0.0	10	3.6	4.454211490264018	16.0	0.0	-0.009506056049071577	-2.254322198295213	0.03552118537111862	10.987999972530002	11.726999882730002
584	9568256	10	2.2	1.8867962264113207	6.0	0.0	10	4.2	6.4156059729381765	22.0	0.0	-0.010503098823510651	-2.283161908150308	0.03880091597077144	10.99549997251125	35.00199964998001
588	9633792	10	3.0	6.016643582596529	20.0	0.0	10	2.8	1.8330302779823358	6.0	0.0	-0.009799935803018878	-2.2938976186111244	0.03844273373239387	10.854999972862501	31.975999680240005
592	9699328	10	2.0	2.1908902300206643	6.0	0.0	10	3.4	2.8354893757515653	10.0	0.0	-0.009726967222576858	-2.3204497295187743	0.032202920504440395	11.81249997046875	36.832999631670006
596	9764864	10	2.6	2.3748684174075834	6.0	0.0	10	2.6	2.690724809414742	8.0	0.0	-0.00907361006007775	-2.298479435105112	0.039800489899281775	10.673999973315	42.883999571160004
600	9830400	10	3.0	4.8373546489791295	16.0	0.0	10	4.0	4.979959839195493	18.0	0.0	-0.009689463283293882	-2.2573345624042562	0.046421002785806756	10.45549997386125	37.535999624640006
604	9895936	10	1.4	1.8	4.0	0.0	10	4.0	4.381780460041329	16.0	0.0	-0.009506989020863154	-2.2826810948656435	0.038686355533084214	10.340999974147499	7.568999924310001
608	9961472	10	2.2	2.6	8.0	0.0	10	2.8	2.4	6.0	0.0	-0.009639586585365232	-2.310883526760028	0.04004587226828648	11.537749971155625	35.09599964904
612	10027008	10	2.0	2.1908902300206643	6.0	0.0	10	6.2	6.896375859826668	22.0	0.0	-0.00953864058244488	-2.296899204213572	0.040242469050454865	12.023499969941248	40.113999598860005
616	10092544	10	1.6	1.4966629547095767	4.0	0.0	10	5.4	6.069596362197408	18.0	0.0	-0.010045188754565514	-2.3298564973033433	0.033221226938799274	12.29749996925625	21.582999784170003
620	10158080	10	2.0	2.0	6.0	0.0	10	2.0	2.3664319132398464	6.0	0.0	-0.009704374872146097	-2.2911327305036355	0.031973593729166756	12.667249968331875	34.28299965717001
624	10223616	10	2.4	2.4979991993593593	8.0	0.0	10	5.6	5.122499389946279	20.0	0.0	-0.009839673127807785	-2.2714388343312564	0.036204214863743596	12.514249968714376	34.500999654990004
628	10289152	10	1.0	1.3416407864998738	4.0	0.0	10	2.4	1.4966629547095767	4.0	0.0	-0.008858305891091824	-2.308703432240004	0.03170520179419514	13.42249996644375	29.303999706960003
632	10354688	10	2.2	2.749545416973504	8.0	0.0	10	4.6	2.6907248094147422	8.0	0.0	-0.008806897559217144	-2.291539944469645	0.03372412911885854	12.604249968489375	31.595999684040006
636	10420224	10	1.6	2.4979991993593593	8.0	0.0	10	4.8	4.48998886412873	16.0	0.0	-0.010317196554283339	-2.2778150064360636	0.03498419199240122	12.087999969780002	36.54499963455001
640	10485760	10	2.6	2.3748684174075834	8.0	0.0	10	3.6	2.3323807579381204	8.0	0.0	-0.008705240498787103	-2.322130063927677	0.041087752999338395	12.367249969081877	26.124999738750006
644	10551296	10	1.6	1.4966629547095764	4.0	0.0	10	4.6	3.6932370625238775	10.0	0.0	-0.009075669619318317	-2.22441207842703	0.0509109341020749	11.726749970683127	11.829999881700003
648	10616832	10	2.4	1.9595917942265424	6.0	0.0	10	4.4	3.2	10.0	0.0	-0.008352467632942872	-2.2691693129758637	0.04458308723911655	11.314749971713125	38.919999610800005
652	10682368	10	1.0	2.04939015319192	6.0	0.0	10	1.6	2.154065922853802	6.0	0.0	-0.009975159886554005	-2.2371638216231426	0.03588428085994572	10.680249973299377	7.115999928840001
656	10747904	10	3.8	2.891366458960192	10.0	0.0	10	3.8	2.4413111231467406	8.0	0.0	-0.009240221917578638	-2.24609951899894	0.03803523097877623	13.37049996657375	31.041999689580006
660	10813440	10	2.2	2.749545416973504	8.0	0.0	10	3.2	2.4	6.0	0.0	-0.009042536838900864	-2.28984579420079	0.03458401927131399	13.33549996666125	23.246999767530003
664	10878976	10	4.4	4.454211490264018	16.0	0.0	10	3.0	2.4083189157584592	8.0	0.0	-0.008619152209890816	-2.3022170908834485	0.03389816038190252	12.440249968899375	37.65099962349001
668	10944512	10	1.4	2.009975124224178	6.0	0.0	10	5.4	6.135144660071188	22.0	0.0	-0.009436153649329983	-2.2558771617844244	0.03649590666568962	11.438749971403125	31.689999683100005
672	11010048	10	1.8	2.891366458960192	10.0	0.0	10	7.0	6.587867636800241	18.0	0.0	-0.009237714979106975	-2.2491780492307307	0.041647531728112884	11.674749970813124	25.213999747860004
676	11075584	10	3.6	2.1540659228538015	6.0	0.0	10	3.0	4.58257569495584	16.0	0.0	-0.009162205932580608	-2.312392152604985	0.029418150988292226	12.074749969813125	20.025999799740003
680	11141120	10	2.0	1.7888543819998317	6.0	0.0	10	2.2	2.2715633383201093	8.0	0.0	-0.009430664081191828	-2.293850953141324	0.03819385960222665	11.906749970233124	20.383999796160005
684	11206656	10	3.2	5.1536394906900505	18.0	0.0	10	5.8	4.6	18.0	2.0	-0.009882975388064924	-2.3255202022752677	0.02955718268332452	11.846749970383126	29.303999706960003
688	11272192	10	1.6	1.4966629547095764	4.0	0.0	10	4.2	4.044749683231337	12.0	0.0	-0.009496829517574015	-2.2958866703105554	0.03288979228476187	11.580749971048123	21.980999780190004
692	11337728	10	2.0	1.5491933384829668	4.0	0.0	10	3.4	2.9732137494637008	8.0	0.0	-0.008338044765312911	-2.329577912644273	0.03170097785826863	11.154499972113749	21.012999789870005
696	11403264	10	3.4	2.3748684174075834	6.0	0.0	10	3.4	2.8354893757515653	10.0	0.0	-0.009007894069298621	-2.3280175822535054	0.03758690602841101	12.54049996864875	35.41199964588
700	11468800	10	1.6	2.4979991993593593	8.0	0.0	10	4.0	3.22490309931942	10.0	0.0	-0.009495234125624077	-2.2581565303238382	0.037901216027414565	11.38849997152875	44.86099955139
704	11534336	10	2.0	2.9664793948382653	10.0	0.0	10	4.2	2.891366458960192	10.0	0.0	-0.008861792150417722	-2.2994802715965923	0.039499184034996436	10.08149997479625	33.80599966194
708	11599872	10	3.2	4.749736834815167	16.0	0.0	10	3.8	4.422668877499196	16.0	0.0	-0.009813715503886981	-2.299148224054691	0.031271897990413904	10.622249973444376	36.90099963099001
712	11665408	10	2.6	1.562049935181331	4.0	0.0	10	2.2	2.4413111231467406	6.0	0.0	-0.009004391379647772	-2.2915063622193714	0.0322255644874917	10.907999972730002	25.325999746740006
716	11730944	10	2.4	2.33238075793812	8.0	0.0	10	4.4	3.2	10.0	0.0	-0.009071548856470763	-2.3124395035282004	0.031395164295709856	10.528249973679376	27.099999729000007
720	11796480	10	3.6	2.8000000000000003	8.0	0.0	10	5.2	5.075431016179809	20.0	2.0	-0.008994881892221923	-2.276821511249997	0.034509098599950674	11.328249971679377	39.07499960925001
724	11862016	10	4.0	2.1908902300206643	8.0	0.0	10	5.2	4.578209256903839	18.0	0.0	-0.008456936895858906	-2.297084909934931	0.04639006456032211	11.904499970238751	38.57099961429
728	11927552	10	3.0	4.58257569495584	16.0	0.0	10	4.0	3.22490309931942	10.0	0.0	-0.007909907907645956	-2.328891878084141	0.041993573109591155	11.143999972139998	23.060999769390005
732	11993088	10	2.6	2.009975124224178	6.0	0.0	10	3.4	5.730619512757762	20.0	0.0	-0.008363979991410862	-2.2950542219076016	0.03603568639774137	11.171499972071251	21.973999780260005
736	12058624	10	1.6	1.4966629547095764	4.0	0.0	10	3.4	4.565084884205331	16.0	0.0	-0.008760627382492467	-2.2804350254544405	0.0382142115422144	11.6429999708925	27.462999725370004
740	12124160	10	2.2	2.2715633383201093	6.0	0.0	10	4.0	4.2895221179054435	16.0	0.0	-0.008370680611164624	-2.293138883769062	0.033892781179127425	11.409249971476873	33.55799966442
744	12189696	10	2.2	2.4413111231467406	8.0	0.0	10	6.6	6.2	18.0	0.0	-0.009106425531133043	-2.3356117976259125	0.031515048328453456	12.118749969703126	26.662999733370004
748	12255232	10	2.0	2.8284271247461903	10.0	0.0	10	3.4	3.5832945734337835	10.0	0.0	-0.008944280303975503	-2.2917188726461886	0.03775654983080644	11.717249970706876	24.708999752910003
752	12320768	10	2.2	2.749545416973504	8.0	0.0	10	4.0	4.381780460041329	16.0	0.0	-0.008558435638727236	-2.318055448191299	0.027982815951686512	11.242249971894374	39.01899960981
756	12386304	10	2.0	2.0	6.0	0.0	10	4.2	2.0880613017821097	8.0	0.0	-0.008839826285403328	-2.287296985348224	0.0372676497752142	11.734749970663126	40.12899959871
760	12451840	10	1.6	1.2000000000000002	4.0	0.0	10	3.2	1.8330302779823362	6.0	2.0	-0.009448179447873562	-2.3078949449042474	0.030253415051024603	11.596749971008125	23.051999769480002
764	12517376	10	1.6	1.7435595774162693	6.0	0.0	10	4.6	2.690724809414742	8.0	0.0	-0.009006005681811547	-2.3080038475572944	0.03974797772217628	11.406749971483125	26.691999733080003
768	12582912	10	1.4	2.973213749463701	10.0	0.0	10	3.0	1.8439088914585775	6.0	0.0	-0.008874639870237145	-2.275589744012939	0.03134819556399599	10.3349999741625	26.04799973952
772	12648448	10	0.6	0.9165151389911679	2.0	0.0	10	6.4	4.715930449020639	18.0	0.0	-0.009206896253950173	-2.2461769777183442	0.03585404710237849	11.58799997103	37.76999962230001
776	12713984	10	2.4	1.9595917942265424	6.0	0.0	10	4.6	4.737087712930805	16.0	0.0	-0.008713192177009407	-2.285072860380404	0.04635875477593534	11.51149997122125	42.38699957613001
780	12779520	10	2.0	2.0	6.0	0.0	10	4.8	1.6	6.0	2.0	-0.008831107095516216	-2.2472764524463376	0.045208026999555125	11.0269999724325	37.575999624240005
784	12845056	10	4.0	4.732863826479693	16.0	0.0	10	3.6	5.043808085167397	16.0	0.0	-0.009209092584216637	-2.303389223673415	0.03465753991261462	11.994999970012499	35.69199964308
788	12910592	10	2.6	2.6907248094147422	8.0	0.0	10	3.8	4.422668877499196	16.0	0.0	-0.008976515325810909	-2.254796969159014	0.039098429295507796	12.850249967874376	37.70299962297001
792	12976128	10	2.0	1.7888543819998317	4.0	0.0	10	4.0	2.5298221281347035	10.0	0.0	-0.009004817023168157	-2.284258876999694	0.03622027338726026	11.131499972171252	37.13599962864001
796	13041664	10	2.0	1.7888543819998317	6.0	0.0	10	8.0	7.797435475847171	22.0	0.0	-0.00808443639750664	-2.285096245269368	0.03645752822057247	12.890249967774375	18.098999819010004
800	13107200	10	1.8	2.6	8.0	0.0	10	4.0	4.6475800154489	16.0	0.0	-0.008269457129899406	-2.278672868769431	0.045258763998223366	12.081999969795001	30.467999695320003
804	13172736	10	4.2	3.4	10.0	0.0	10	6.0	5.059644256269407	18.0	0.0	-0.007587239010837051	-2.338836557919537	0.03315984150825484	11.862749970343126	42.45099957549001
808	13238272	10	4.0	4.6475800154489	16.0	0.0	10	5.4	6.26418390534633	22.0	0.0	-0.008658163294671818	-2.304254861929398	0.03154935085972578	11.485999971285	42.95799957042001
812	13303808	10	1.8	1.8867962264113207	6.0	0.0	10	3.0	3.1304951684997055	8.0	0.0	-0.0076911555071265975	-2.3249660007717305	0.0343367182031828	10.769749973075625	42.481999575180005
816	13369344	10	2.6	1.8	6.0	0.0	10	3.2	2.9933259094191533	8.0	0.0	-0.009974150682129191	-2.30095844940218	0.031186615676319692	10.985999972535001	41.9399995806
820	13434880	10	2.4	2.1540659228538015	6.0	0.0	10	7.0	5.458937625582473	18.0	2.0	-0.010268386226765812	-2.2717943189161867	0.0317066240207792	10.98649997253375	36.47099963529
824	13500416	10	1.6	2.4979991993593593	8.0	0.0	10	3.2	2.227105745132009	8.0	0.0	-0.009011131994127874	-2.328340326503769	0.033702502392291805	10.931249972671875	42.57199957428001
828	13565952	10	3.8	3.026549190084311	8.0	0.0	10	2.8	2.85657137141714	8.0	0.0	-0.009098067905407613	-2.360915608458161	0.035251928159865054	11.206249971984374	41.98199958018001
832	13631488	10	1.8	2.08806130178211	6.0	0.0	10	3.2	2.4	8.0	0.0	-0.009333793543432249	-2.31387300268548	0.03950481075614826	12.137249969656873	39.471999605280004
836	13697024	10	1.4	1.562049935181331	4.0	0.0	10	8.6	5.660388679233963	20.0	2.0	-0.009664191172208243	-2.327055724716177	0.03836269136894731	12.364249969089375	38.773999612260006
840	13762560	10	3.0	2.23606797749979	6.0	0.0	10	6.2	3.9446165846632044	16.0	0.0	-0.008302916460145188	-2.362334603818547	0.035578495722128026	11.099249972251876	42.22199957778001
844	13828096	10	2.0	2.0	6.0	0.0	10	2.0	2.1908902300206643	6.0	0.0	-0.008528925426638271	-2.337762251252798	0.03429824645118521	10.930749972673125	42.12999957870001
848	13893632	10	3.4	5.295280917949491	18.0	0.0	10	6.4	6.6211781428987395	20.0	0.0	-0.01013665870793589	-2.323825952665338	0.03632910950895087	11.169999972075003	38.31199961688
852	13959168	10	2.8	2.5612496949731396	6.0	0.0	10	2.4	2.939387691339814	6.0	0.0	-0.008620477557099252	-2.3604994016413725	0.03888133841084117	11.141999972145	35.973999640260004
856	14024704	10	1.6	2.4979991993593593	6.0	0.0	10	3.0	2.04939015319192	6.0	0.0	-0.009053957492411755	-2.3486088437375727	0.036003155319615995	11.27449997181375	31.052999689470006
860	14090240	10	4.6	5.141984052872976	18.0	0.0	10	7.0	5.310367218940701	18.0	2.0	-0.008677362538649347	-2.3313757427091772	0.03619356978850918	11.714249970714375	36.24499963755
864	14155776	10	3.2	5.946427498927402	20.0	0.0	10	3.8	3.026549190084311	10.0	0.0	-0.008413224004807257	-2.3210080362922194	0.03336052528312618	11.618999970952501	23.734999762650002
868	14221312	10	0.8	1.6000000000000003	4.0	0.0	10	6.0	6.511528238439882	20.0	0.0	-0.008064300715956393	-2.3486138604618407	0.03624008968094979	11.56249997109375	22.770999772290004
872	14286848	10	2.4	2.4979991993593593	8.0	0.0	10	5.2	5.528109984434102	20.0	0.0	-0.009164386407322775	-2.339211135859008	0.02984993133266581	11.194999972012498	39.518999604810006
876	14352384	10	1.8	1.886796226411321	6.0	0.0	10	3.6	2.65329983228432	8.0	0.0	-0.008029944546324542	-2.3187017264533702	0.04911746829236513	10.722249973194376	42.29899957701001
880	14417920	10	4.4	7.889233169326409	22.0	0.0	10	4.2	6.415605972938176	22.0	0.0	-0.009208440263087444	-2.3440481769583705	0.030689501103386998	10.94649997263375	41.81499958185
884	14483456	10	3.8	5.617828762075256	20.0	0.0	10	9.2	6.4	20.0	2.0	-0.008495784351629138	-2.354887882623148	0.0345800259929451	11.887749970280625	37.40099962599001
888	14548992	10	3.6	4.963869458396343	16.0	0.0	10	5.0	4.024922359499621	16.0	0.0	-0.00934533687201382	-2.344546007369117	0.029021986601955516	11.89549997026125	39.62099960379001
892	14614528	10	1.8	2.08806130178211	6.0	0.0	10	4.2	2.4413111231467406	8.0	0.0	-0.009392208071941199	-2.3196368215051972	0.030718592632621694	11.05949997235125	43.23499956765001
896	14680064	10	2.0	2.0	6.0	0.0	10	3.8	4.422668877499196	16.0	0.0	-0.009173963724863475	-2.301896887281168	0.03747407542539319	10.462749973843126	44.125999558740006
900	14745600	10	1.2	1.6	4.0	0.0	10	5.2	5.74108003776293	22.0	2.0	-0.008283003002105027	-2.314123886085894	0.034562306775758916	10.552249973619377	42.200999577990004
904	14811136	10	2.6	2.973213749463701	10.0	0.0	10	6.8	6.705221845696084	22.0	0.0	-0.007823641316557713	-2.3145484276188433	0.05103500724316124	10.225249974436874	44.70799955292001
908	14876672	10	0.6	0.9165151389911681	2.0	0.0	10	4.8	4.749736834815167	18.0	0.0	-0.008945453958381635	-2.3535503320427855	0.030799656404699303	12.215749969460624	21.544999784550004
912	14942208	10	0.4	0.8000000000000002	2.0	0.0	10	5.6	2.939387691339814	12.0	2.0	-0.008356266772998062	-2.373607277622927	0.02695768105050999	10.762499973093751	20.162999798370002
916	15007744	10	1.8	2.08806130178211	6.0	0.0	10	4.0	4.898979485566356	18.0	0.0	-0.007534917982839342	-2.347000529124239	0.04515759023600184	9.754749975613125	46.16299953837
920	15073280	10	2.8	4.66476151587624	16.0	0.0	10	6.8	6.99714227381436	22.0	0.0	-0.008781722884117887	-2.2972407984327443	0.04740994128215184	10.25749997435625	33.15399966846001
924	15138816	10	3.8	5.758472019555188	20.0	0.0	10	7.4	4.903060268852505	16.0	2.0	-0.008889051330378225	-2.320900454875465	0.03898209488234165	11.128999972177501	29.982999700170005
928	15204352	10	2.8	2.4	8.0	0.0	10	5.6	3.7735924528226414	16.0	2.0	-0.008957783210438759	-2.298106476425157	0.03853546532711313	11.779249970551875	39.37799960622001
932	15269888	10	1.8	1.8867962264113207	6.0	0.0	10	5.4	5.517245689653488	16.0	0.0	-0.008803395531678438	-2.2690594169120706	0.052458682596496546	11.070249972324374	26.314999736850005
936	15335424	10	1.2	2.0396078054371136	6.0	0.0	10	6.8	5.3065996645686395	16.0	0.0	-0.00940227107299185	-2.3054916558248317	0.03530236715471201	11.617999970955	25.722999742770003
940	15400960	10	2.4	2.33238075793812	6.0	0.0	10	3.8	1.8867962264113207	6.0	2.0	-0.008974198847656373	-2.3147796936405474	0.03491312814124707	11.254999971862501	29.130999708690005
944	15466496	10	3.2	4.915282290977803	16.0	0.0	10	6.6	5.370288632839021	16.0	0.0	-0.008237391284992448	-2.2982346636643136	0.04477414985031395	11.845749970385624	23.62699976373
948	15532032	10	5.0	5.458937625582473	20.0	0.0	10	4.8	5.528109984434101	20.0	0.0	-0.00934005652282418	-2.220722508695861	0.051160468035481056	11.065749972335626	31.559999684400005
952	15597568	10	3.8	4.853864439804639	18.0	0.0	10	8.0	6.6932802122726045	20.0	0.0	-0.009009601321820907	-2.282441742480465	0.04247578399899958	11.796999970507501	29.33299970667
956	15663104	10	2.6	3.4698703145794947	12.0	0.0	10	7.0	5.744562646538029	20.0	2.0	-0.008836008243622918	-2.3141097622686106	0.03711565317742714	10.963249972591875	39.430999605690005
960	15728640	10	2.6	3.2310988842807027	10.0	0.0	10	4.0	4.1952353926806065	16.0	0.0	-0.008866409647742185	-2.29065145031592	0.05595183166247658	11.161749972095627	26.304999736950005
964	15794176	10	4.4	5.2	16.0	0.0	10	6.8	7.054076835419359	22.0	0.0	-0.007990223068571315	-2.303944845754319	0.040479192777666394	11.550249971124375	8.53899991461
968	15859712	10	3.0	6.465291950097845	22.0	0.0	10	2.4	2.8000000000000003	8.0	0.0	-0.008124579315702072	-2.2875821240346923	0.05256625506867396	11.955999970110001	30.788999692110007
972	15925248	10	2.6	2.5377155080899043	8.0	0.0	10	5.0	2.4083189157584592	10.0	2.0	-0.009117774135686327	-2.311236781137833	0.04187913191999858	11.48949997127625	38.65799961342001
976	15990784	10	1.8	1.661324772583615	4.0	0.0	10	5.0	5.079370039680118	18.0	0.0	-0.009408525612272949	-2.3186193876036754	0.05406658211159776	11.455499971361249	24.886999751130006
980	16056320	10	3.6	1.9595917942265426	8.0	0.0	10	7.4	8.345058418010026	20.0	0.0	-0.009267690675434898	-2.3461016513446897	0.047125416298455035	11.76949997057625	25.250999747490006
984	16121856	10	1.2	2.0396078054371136	6.0	0.0	10	5.2	6.079473661428265	18.0	0.0	-0.008924985715849409	-2.2949029949897146	0.05078123443386227	11.679749970800623	26.681999733180003
988	16187392	10	1.6	1.9595917942265428	6.0	0.0	10	4.6	5.44426303552648	20.0	0.0	-0.008427283284346656	-2.350005003068431	0.035889371876591664	11.025749972435625	44.01699955983001
992	16252928	10	2.6	2.2	6.0	0.0	10	7.0	7.861297602813418	20.0	0.0	-0.008522471341794305	-2.281753567120175	0.04168366260081942	10.262249974344376	30.331999696680004
996	16318464	10	2.0	2.5298221281347035	8.0	0.0	10	5.2	5.30659966456864	18.0	0.0	-0.00844856218982298	-2.3062676288268666	0.03876975595469618	10.397999974005	48.83699951163001
1000	16384000	10	4.6	4.294182110716778	16.0	0.0	10	6.0	6.324555320336759	18.0	0.0	-0.008460209235967672	-2.347399502748109	0.046119094084179954	10.221749974445625	45.212999547870005
1004	16449536	10	1.6	1.7435595774162695	4.0	0.0	10	4.2	4.237924020083418	16.0	0.0	-0.009249377213813186	-2.308801931399012	0.05023975002366501	10.443249973891875	44.19999955800001
1008	16515072	10	3.8	5.8275209137333865	20.0	0.0	10	3.6	1.7435595774162693	6.0	0.0	-0.008287004739987305	-2.359204470865547	0.03470651352959822	10.556249973609376	43.87599956124001
1012	16580608	10	3.8	5.2497618993626745	16.0	0.0	10	7.6	6.681317235396026	20.0	0.0	-0.00907726079121284	-2.336942384396944	0.029278679650797106	9.918249975204375	39.1499996085
1016	16646144	10	3.0	2.569046515733026	8.0	0.0	10	5.8	5.827520913733386	18.0	0.0	-0.008720746163515158	-2.3006821942913094	0.040714733395364876	12.12249996969375	39.64199960358001
1020	16711680	10	3.0	2.7202941017470885	8.0	0.0	10	5.8	5.015974481593781	18.0	0.0	-0.007922488550101919	-2.2815927488215344	0.05388585180647016	12.142249969644375	39.43899960561001
1024	16777216	10	1.6	0.8	2.0	0.0	10	6.0	5.440588203494177	16.0	0.0	-0.009083888315483757	-2.2971088635515478	0.04291223410147585	10.819249972951875	33.37899966621001
1028	16842752	10	3.8	5.688585061331157	20.0	0.0	10	5.8	6.352952069707436	18.0	0.0	-0.008559586751004022	-2.282342898111223	0.04076113316659593	11.25949997185125	42.307999576920004
1032	16908288	10	1.4	1.2806248474865698	4.0	0.0	10	8.8	7.054076835419359	22.0	0.0	-0.008629740314377111	-2.309621132669666	0.03887339364720392	10.819499972951252	18.119999818800004
1036	16973824	10	3.6	2.4979991993593593	8.0	0.0	10	4.0	4.1952353926806065	16.0	0.0	-0.009023482772105598	-2.3164807307294004	0.053100619284958385	11.727749970680625	40.50799959492001
1040	17039360	10	4.2	5.173006862551025	18.0	0.0	10	5.8	4.6000000000000005	16.0	0.0	-0.009054225332538102	-2.2904379166760345	0.05632694363783418	11.833249970416876	44.51399955486001
1044	17104896	10	2.8	2.039607805437114	6.0	0.0	10	2.4	2.4979991993593593	8.0	0.0	-0.008690371545833844	-2.3478307100671647	0.043705272425535735	9.731749975670626	47.87399952126001
1048	17170432	10	2.4	3.3226495451672298	12.0	0.0	10	2.2	2.08806130178211	6.0	0.0	-0.009452621572791668	-2.3182083961933038	0.04310164807769081	10.2989999742525	37.381999626180004
1052	17235968	10	2.4	3.1999999999999997	10.0	0.0	10	6.2	6.838128398911504	22.0	0.0	-0.0088424714864722	-2.2934160503342924	0.04686744541683355	10.72949997317625	38.37399961626001
1056	17301504	10	3.4	6.452906321960672	22.0	0.0	10	7.2	6.462197768561405	20.0	0.0	-0.00760033161028591	-2.299837353089297	0.054161549850623554	11.428249971429375	19.83899980161
1060	17367040	10	4.6	5.370288632839022	20.0	0.0	10	9.2	6.337191807101944	18.0	2.0	-0.009075817660802558	-2.284092319270467	0.05065225192283712	11.75549997061125	39.86499960135001
1064	17432576	10	5.6	5.9194594347794975	20.0	0.0	10	6.4	3.6660605559646715	16.0	2.0	-0.00848030049779669	-2.2955971382650624	0.048139068215417115	11.146749972133124	29.470999705290005
1068	17498112	10	2.0	1.7888543819998317	6.0	0.0	10	6.0	7.0992957397195395	22.0	0.0	-0.008709962675313751	-2.2661029420916057	0.04873765639763522	11.353749971615626	28.165999718340004
1072	17563648	10	6.8	6.337191807101943	20.0	0.0	10	5.2	6.20966987850401	22.0	0.0	-0.00903404395554872	-2.2410884497215395	0.054620252489631524	10.634749973413125	43.76099956239001
1076	17629184	10	3.2	4.48998886412873	16.0	0.0	10	5.4	6.069596362197408	18.0	0.0	-0.007902414556545636	-2.2302385988495175	0.05706883853793481	10.585249973536875	38.575999614240004
1080	17694720	10	3.0	2.569046515733026	8.0	0.0	10	6.8	5.455272678794342	18.0	2.0	-0.008916315202118729	-2.240946183368583	0.05136632136853546	10.771999973069999	37.425999625740005
1084	17760256	10	4.0	4.560701700396552	16.0	0.0	10	4.8	4.214261501141095	16.0	0.0	-0.0086828326642161	-2.2698098071038655	0.04915718929718111	10.436749973908125	44.45399955546001
1088	17825792	10	3.6	4.5431266766402185	16.0	0.0	10	6.0	6.81175454637056	18.0	0.0	-0.008623126548942041	-2.3095898302970546	0.04877063076590352	11.144249972139376	30.331999696680004
1092	17891328	10	2.2	2.4413111231467406	6.0	0.0	10	6.4	6.053098380168623	18.0	0.0	-0.008790977710601947	-2.2948394092513804	0.0544774300788903	10.90399997274	25.256999747430005
1096	17956864	10	1.4	2.3748684174075834	6.0	0.0	10	4.2	4.853864439804639	16.0	0.0	-0.008184084357462163	-2.2540687245762783	0.06326062747704897	11.112749972218126	27.373999726260003
1100	18022400	10	2.8	2.8565713714171403	8.0	0.0	10	4.6	4.386342439892262	16.0	0.0	-0.00886130451695113	-2.287892088055707	0.05518255180414884	11.006249972484376	40.59499959405001
1104	18087936	10	2.8	2.85657137141714	10.0	0.0	10	4.4	4.715930449020639	16.0	0.0	-0.00868148919259725	-2.294384211062805	0.047985986199974566	11.929249970176874	38.96499961035001
1108	18153472	10	2.8	2.4	6.0	0.0	10	6.2	6.779380502671317	22.0	0.0	-0.009765155418379653	-2.2795928540438086	0.05083648836641948	11.27449997181375	39.39699960603001
1112	18219008	10	2.6	1.8	6.0	0.0	10	5.4	2.973213749463701	10.0	0.0	-0.008702741737279139	-2.28276828901036	0.05021728345756415	11.0399999724	43.011999569880004
1116	18284544	10	2.8	2.8565713714171403	8.0	0.0	10	7.4	5.063595560468865	18.0	2.0	-0.008548170349077696	-2.299315569061934	0.04575156930279865	11.3229999716925	34.62999965370001
1120	18350080	10	2.2	3.1559467676119	8.0	0.0	10	6.8	6.209669878504009	16.0	0.0	-0.008354289749795343	-2.2887918450037663	0.05615939282770455	11.230749971923126	39.24799960752
1124	18415616	10	1.8	2.2715633383201093	6.0	0.0	10	7.0	5.882176467941097	18.0	0.0	-0.009069200327722939	-2.310438647625578	0.05715997167267535	10.169999974575001	27.331999726680007
1128	18481152	10	2.4	1.9595917942265424	6.0	0.0	10	7.4	5.660388679233963	20.0	2.0	-0.009564913439654604	-2.3383004265574727	0.03763596587034298	12.13249996966875	18.331999816680003
1132	18546688	10	2.6	2.973213749463701	8.0	0.0	10	6.6	5.44426303552648	18.0	2.0	-0.00810295944066209	-2.3227279630864106	0.05257420957239314	12.303249969241875	22.763999772360002
1136	18612224	10	2.8	3.124099870362662	10.0	0.0	10	5.4	5.589275444992848	16.0	0.0	-0.009340527865421675	-2.348150235666611	0.04412835282978073	12.707499968231252	30.225999697740004
1140	18677760	10	4.2	6.6000000000000005	18.0	0.0	10	5.2	7.277362159464101	20.0	0.0	-0.008578306749481427	-2.3302479582584454	0.048338797753298086	13.068249967329375	23.170999768290002
1144	18743296	10	4.2	4.422668877499196	16.0	0.0	10	4.8	6.273754856543249	22.0	0.0	-0.008090285520429522	-2.333488705014503	0.04292906377948677	12.051749969870626	27.309999726900003
1148	18808832	10	1.4	2.2	6.0	0.0	10	8.8	8.207313811473277	22.0	0.0	-0.008322901392342303	-2.2501062524955064	0.06787313151552825	11.56549997108625	19.497999805020005
1152	18874368	10	2.6	5.219195340279955	18.0	0.0	10	3.8	2.891366458960192	10.0	0.0	-0.008623046692881914	-2.301049736399171	0.04846715633640597	11.359249971601876	39.90399960096001
1156	18939904	10	3.0	4.753945729601885	16.0	0.0	10	6.2	6.896375859826668	22.0	0.0	-0.008844021129625986	-2.28228774146307	0.05156937322507804	11.721999970695	22.893999771060003
1160	19005440	10	6.4	6.248199740725323	20.0	0.0	10	5.4	5.517245689653489	16.0	0.0	-0.008542489829495275	-2.26659662252896	0.05617361511294769	11.583249971041875	40.414999595850006
1164	19070976	10	2.4	2.154065922853802	6.0	0.0	10	9.0	7.962411694957753	20.0	0.0	-0.007969040316087514	-2.257655131084986	0.0482439986612685	11.6399999709	19.837999801620004
1168	19136512	10	3.2	5.455272678794342	18.0	0.0	10	6.4	5.499090833947008	18.0	2.0	-0.008400895694986645	-2.2764540535820488	0.05186313615261192	11.365999971585	24.528999754710004
1172	19202048	10	1.4	1.562049935181331	4.0	0.0	10	6.4	5.642694391866354	22.0	0.0	-0.008658197451654834	-2.3060645856044606	0.048191930938459145	10.609749973475624	36.90799963092001
1176	19267584	10	5.6	5.851495535331118	18.0	0.0	10	4.2	6.161168720299745	22.0	0.0	-0.008388961118761645	-2.2129401413281324	0.07209390241988291	11.029249972426875	44.081999559180005
1180	19333120	10	2.8	4.66476151587624	16.0	0.0	10	6.8	6.079473661428265	20.0	0.0	-0.009223869050047354	-2.230256467825314	0.0629839074033828	12.075999969809999	33.521999664780004
1184	19398656	10	4.6	4.8207883172775805	18.0	0.0	10	7.4	7.269112738154499	22.0	0.0	-0.009021127983608906	-2.2509753726561548	0.06477095323793791	11.630249970924375	36.639999633600006
1188	19464192	10	3.8	3.4	10.0	0.0	10	8.2	7.291090453423273	22.0	0.0	-0.009011932330062797	-2.2540530858076067	0.07786866094261147	12.9509999676225	33.42199966578
1192	19529728	10	2.2	2.6	8.0	0.0	10	5.8	5.688585061331157	16.0	0.0	-0.00878605813128195	-2.2748785240068647	0.0550537571874531	12.57049996857375	25.493999745060005
1196	19595264	10	4.4	6.437390775772433	18.0	0.0	10	6.0	3.8987177379235853	16.0	2.0	-0.008350876035404829	-2.23149633384348	0.06047331859348606	11.587999971030001	38.68199961318001
1200	19660800	10	4.8	6.7646138101151045	20.0	0.0	10	6.8	5.878775382679627	18.0	0.0	-0.009301627048990966	-2.2802110187817637	0.04520917444717459	11.2329999719175	16.026999839730003
1204	19726336	10	3.8	4.853864439804639	16.0	0.0	10	5.0	5.157518783291051	18.0	0.0	-0.008633716942929665	-2.26696605956782	0.05167092083570302	11.44249997139375	46.02799953972001
1208	19791872	10	3.4	3.583294573433783	10.0	0.0	10	5.6	5.4258639865002145	20.0	0.0	-0.008150630406574377	-2.250883059962568	0.05193048724751764	10.775749973060623	43.15799956842001
1212	19857408	10	3.6	5.122499389946279	18.0	0.0	10	7.6	6.560487786742691	20.0	0.0	-0.009175921471629158	-2.225800496604649	0.07423868293411086	11.224249971939376	34.19799965802001
1216	19922944	10	5.6	7.08801805866774	22.0	0.0	10	7.6	7.472616676907761	20.0	0.0	-0.008219732189044019	-2.2490740192573937	0.06258944110913775	11.353749971615626	28.824999711750003
1220	19988480	10	3.4	6.452906321960671	22.0	0.0	10	8.2	7.180529228406498	18.0	0.0	-0.009010558052039413	-2.2084266491417384	0.06175241459604331	10.915249972711875	25.231999747680003
1224	20054016	10	2.2	2.08806130178211	6.0	0.0	10	9.8	6.954135460285484	22.0	0.0	-0.007244854056356018	-2.284771514197612	0.06528475627709616	10.066749974833124	30.336999696630006
1228	20119552	10	4.2	4.422668877499196	16.0	0.0	10	5.2	5.1536394906900505	18.0	0.0	-0.009482061288127317	-2.3175980446308673	0.04796426042337152	10.35599997411	45.95599954044001
1232	20185088	10	3.4	2.690724809414742	8.0	0.0	10	6.2	4.331281565541543	16.0	2.0	-0.009248370985255036	-2.32123570865055	0.05712222221954196	10.439249973901877	47.451999525480005
1236	20250624	10	8.8	8.158431221748454	22.0	0.0	10	6.8	7.2221880341071145	22.0	0.0	-0.008770032134933789	-2.3159872589083026	0.04535607915520078	9.268249976829376	36.75399963246
1240	20316160	10	2.4	2.6532998322843198	8.0	0.0	10	8.4	7.1442284397967	18.0	0.0	-0.008910006112558082	-2.297122654576231	0.05672625191694927	10.2399999744	30.138999698610004
1244	20381696	10	3.2	5.30659966456864	18.0	0.0	10	7.2	5.075431016179809	16.0	0.0	-0.008453938379138964	-2.332953189567101	0.045454179417108526	11.03649997240875	42.464999575350014
1248	20447232	10	5.2	7.222188034107115	22.0	0.0	10	7.2	7.652450587883598	20.0	0.0	-0.00895375803669701	-2.2561400729054473	0.07245308967173371	11.18349997204125	39.071999609280006
1252	20512768	10	1.2	1.6	4.0	0.0	10	6.2	7.717512552629895	22.0	0.0	-0.008853492735991179	-2.353702495250301	0.03722590139756881	12.256749969358125	43.02799956972
1256	20578304	10	4.4	5.642694391866354	20.0	0.0	10	5.8	5.2497618993626745	20.0	0.0	-0.008596370539042953	-2.2990449714252628	0.05553295043649966	11.192749972018126	38.81899961181001
1260	20643840	10	3.0	4.753945729601885	16.0	0.0	10	5.4	5.730619512757761	16.0	0.0	-0.008732079364866172	-2.3104240519381904	0.054530054247535376	11.971249970071877	26.425999735740003
1264	20709376	10	6.2	5.688585061331157	18.0	0.0	10	6.0	5.932958789676531	18.0	0.0	-0.009559076947794141	-2.3319463876440896	0.04504891001382969	12.764749968088127	29.807999701920004
1268	20774912	10	6.6	7.952358140828417	22.0	0.0	10	3.6	2.939387691339814	8.0	0.0	-0.009103169838415297	-2.2801895735272812	0.05223436214572224	12.401999968995002	39.41499960585001
1272	20840448	10	2.0	2.5298221281347035	8.0	0.0	10	7.0	6.148170459575759	20.0	0.0	-0.008665303267062767	-2.246707449122683	0.06311006509662412	10.933749972665625	22.504999774950004
1276	20905984	10	4.0	2.3664319132398464	8.0	0.0	10	4.0	4.979959839195493	18.0	0.0	-0.00794662730103469	-2.228240956630659	0.0668830843572684	12.867249967831878	37.37999962620001
1280	20971520	10	6.8	7.652450587883596	22.0	0.0	10	7.0	5.813776741499453	22.0	0.0	-0.008613212729275656	-2.24335615065174	0.06011833455563449	11.969749970075627	29.581999704180006
1284	21037056	10	3.2	2.227105745132009	6.0	0.0	10	4.2	4.6	16.0	0.0	-0.008795509940979138	-2.261021040144478	0.05748534873305233	11.694749970763125	26.441999735580005
1288	21102592	10	9.8	8.829496021857647	22.0	0.0	10	4.6	6.069596362197407	20.0	0.0	-0.008180586241963335	-2.2938542934849577	0.062060155162021534	11.17549997206125	39.44699960553001
1292	21168128	10	4.6	6.514598989960932	18.0	0.0	10	6.6	7.269112738154499	18.0	0.0	-0.008826861634881762	-2.3390600231833574	0.052954790991802794	11.8629999703425	24.086999759130002
1296	21233664	10	6.8	6.939740629158989	18.0	2.0	10	10.6	7.102112361825881	22.0	0.0	-0.008375245684001822	-2.3424851097209975	0.05153685565113	12.23449996941375	26.909999730900005
1300	21299200	10	5.0	4.8373546489791295	18.0	0.0	10	4.6	4.476605857119878	16.0	0.0	-0.008903846211657662	-2.2675323359789767	0.06344102116727354	12.193749969515627	19.462999805370004
1304	21364736	10	7.6	7.144228439796701	22.0	0.0	10	7.6	6.560487786742691	22.0	2.0	-0.009428860106939666	-2.274106296163343	0.049407077560021766	13.030249967424377	36.229999637700004
1308	21430272	10	3.2	1.8330302779823358	6.0	0.0	10	7.4	5.517245689653489	18.0	0.0	-0.009288537989295485	-2.2736916490014254	0.046072840355970125	13.089249967276873	37.45299962547001
1312	21495808	10	2.8	5.2306787322488075	18.0	0.0	10	8.2	7.56042326857432	22.0	0.0	-0.008522204697350325	-2.2708747210719995	0.05436808452375143	11.36799997158	22.697999773020005
1316	21561344	10	6.0	6.928203230275509	20.0	0.0	10	4.2	4.935585071701227	18.0	0.0	-0.009205637789769438	-2.2671055294695264	0.060577473810306925	10.700249973249376	22.761999772380005
1320	21626880	10	3.8	5.758472019555187	20.0	0.0	10	7.8	6.029925372672533	18.0	2.0	-0.00872173799052787	-2.2489078191560354	0.0556342470168857	12.009749969975626	35.36799964632001
1324	21692416	10	3.0	4.753945729601885	16.0	0.0	10	3.8	2.2715633383201093	8.0	2.0	-0.009628654876205964	-2.263791541022682	0.06329873001785342	10.940249972649374	37.63499962365
1328	21757952	10	3.6	6.311893535223799	22.0	0.0	10	5.8	5.89576118919347	18.0	0.0	-0.00850804842929594	-2.2495877045036488	0.06484178926430727	11.735749970660624	39.44799960552
1332	21823488	10	7.0	6.648308055437865	20.0	0.0	10	6.4	3.6660605559646715	16.0	2.0	-0.00802596629280812	-2.3079066050628803	0.05367980140167848	12.493499968766251	36.95599963044001
1336	21889024	10	2.0	2.0	6.0	0.0	10	9.4	6.452906321960671	20.0	0.0	-0.008774844940788468	-2.2804292934744352	0.05803080670862399	12.440749968898126	34.06599965934001
1340	21954560	10	2.2	2.4413111231467406	6.0	0.0	10	7.4	6.873136110975833	20.0	0.0	-0.008074663613789976	-2.314335775630995	0.05572813089046029	10.842749972893126	25.664999743350002
1344	22020096	10	3.8	5.015974481593781	18.0	0.0	10	8.8	6.584831053261731	20.0	2.0	-0.009111208127211712	-2.248406797413267	0.05965754261084591	11.7409999706475	33.504999664950006
1348	22085632	10	3.6	2.9393876913398143	10.0	0.0	10	5.0	4.8373546489791295	18.0	0.0	-0.008230037435827453	-2.295785213271051	0.06360870692216371	11.615249970961877	38.62899961371
1352	22151168	10	3.8	2.2715633383201093	8.0	0.0	10	9.4	7.851114570556208	22.0	0.0	-0.008797079709431681	-2.234572666153995	0.0747685992313896	11.69249997076875	31.542999684570006
1356	22216704	10	4.4	5.9194594347794975	20.0	0.0	10	7.0	6.016643582596529	20.0	0.0	-0.00951445058391099	-2.220424040920706	0.05603269184355889	11.381249971546877	32.38199967618
1360	22282240	10	4.4	6.248199740725324	22.0	0.0	10	13.0	6.148170459575759	22.0	4.0	-0.008796497996620488	-2.2141137170472076	0.06671202042376471	11.391249971521876	23.814999761850004
1364	22347776	10	2.6	3.104834939252005	10.0	0.0	10	7.0	6.826419266350405	22.0	0.0	-0.008779398598860831	-2.1840558546493303	0.069556892687039	11.366249971584375	27.216999727830004
1368	22413312	10	5.2	5.878775382679628	22.0	0.0	10	7.0	5.458937625582473	16.0	0.0	-0.00827632361965888	-2.2415510711719158	0.05270109554048517	10.696499973258751	42.464999575350014
1372	22478848	10	2.4	2.65329983228432	6.0	0.0	10	5.4	4.2	16.0	2.0	-0.008943095038353681	-2.2446944462901617	0.06391901774442206	10.723249973191875	40.49299959507001
1376	22544384	10	2.0	3.0983866769659336	10.0	0.0	10	6.6	6.575712889109438	20.0	0.0	-0.008697275692311946	-2.261532790723305	0.0527126551550852	12.16399996959	34.04899965951
1380	22609920	10	1.4	1.8000000000000003	4.0	0.0	10	8.4	7.364781055808788	22.0	0.0	-0.008456443605335269	-2.276010408760451	0.060550238426365796	13.200749966998126	18.028999819710002
1384	22675456	10	3.6	2.1540659228538015	6.0	0.0	10	3.8	4.770744176750625	16.0	0.0	-0.008727153939314234	-2.2342799825129096	0.06347703013373558	12.61049996847375	38.66899961331001
1388	22740992	10	2.2	1.8867962264113207	6.0	0.0	10	8.4	7.735631842325487	22.0	2.0	-0.009148069128925497	-2.2904107195733316	0.05206300754256253	12.200749969498125	26.842999731570004
1392	22806528	10	1.6	0.8	2.0	0.0	10	3.2	2.9933259094191533	8.0	0.0	-0.008149084770047919	-2.2327389218070905	0.07332444364838189	11.487249971281877	20.607999793920005
1396	22872064	10	4.0	5.215361924162119	18.0	0.0	10	7.8	7.068238818828917	22.0	2.0	-0.00912353766909448	-2.2494839054983102	0.059001807485925116	11.007249972481874	29.891999701080003
1400	22937600	10	1.8	2.08806130178211	6.0	0.0	10	4.4	3.5552777669262356	10.0	0.0	-0.009122282561555525	-2.2716144196806387	0.06607730076736092	12.041249969896874	35.65099964349001
1404	23003136	10	6.4	5.571355310873648	16.0	0.0	10	6.8	7.2221880341071145	20.0	0.0	-0.00808194015711799	-2.29403761998758	0.06498679110569074	12.05999996985	30.094999699050003
1408	23068672	10	3.0	2.569046515733026	8.0	0.0	10	6.8	6.523802572120036	18.0	2.0	-0.00822624683653384	-2.277493585905619	0.05446612667501103	11.778249970554375	42.07199957928001
1412	23134208	10	2.0	1.7888543819998317	4.0	0.0	10	4.4	5.2	16.0	0.0	-0.008645410066501262	-2.260972315830906	0.052869206444130595	10.809999972975001	22.742999772570002
1416	23199744	10	6.6	6.988562083862459	18.0	0.0	10	8.2	8.072174428244226	22.0	2.0	-0.008761950574804788	-2.255435056749483	0.06026731423095416	11.307249971731874	35.225999647740004
1420	23265280	10	2.8	2.7129319932501073	8.0	0.0	10	6.0	4.732863826479693	16.0	0.0	-0.009506974191248877	-2.2853576960765944	0.07057585675155081	11.552999971117499	29.683999703160005
1424	23330816	10	3.2	5.1536394906900505	18.0	0.0	10	6.2	5.89576118919347	22.0	0.0	-0.00833168371328831	-2.293991677224097	0.060257102783390956	10.85199997287	35.165999648340005
1428	23396352	10	5.0	5.813776741499453	20.0	0.0	10	5.6	7.472616676907761	22.0	0.0	-0.009393382532765965	-2.332693688328464	0.04322427854190156	11.750499970623752	36.38899963611001
1432	23461888	10	2.2	2.2715633383201097	6.0	0.0	10	7.0	6.648308055437865	18.0	0.0	-0.009140794079594115	-2.305709215261766	0.06482775027498833	10.3429999741425	47.26399952736001
1436	23527424	10	1.4	1.562049935181331	4.0	0.0	10	5.8	5.827520913733386	16.0	0.0	-0.009667233781231323	-2.300775957364585	0.05324186380242773	9.94349997514125	46.40399953596001
1440	23592960	10	2.0	2.0	6.0	0.0	10	6.8	6.209669878504009	20.0	0.0	-0.009594012193915211	-2.289873262007921	0.05974894322919087	10.517749973705625	38.38299961617001
1444	23658496	10	4.2	6.095900261651268	22.0	0.0	10	5.4	5.936328831862332	22.0	0.0	-0.008567515357164733	-2.3287607851185514	0.038699989241862805	10.863249972841876	32.04199967958001
1448	23724032	10	3.2	6.523802572120037	22.0	0.0	10	6.4	5.71314274283428	16.0	0.0	-0.007312396159701007	-2.316705514745986	0.05424428101995296	11.115749972210626	32.03699967963001
1452	23789568	10	5.6	5.642694391866354	16.0	0.0	10	4.8	4.578209256903839	16.0	0.0	-0.009242087802954132	-2.2974804836105225	0.05671289737211239	10.728749973178127	43.970999560290004
1456	23855104	10	1.8	1.0770329614269007	4.0	0.0	10	5.8	4.422668877499196	18.0	2.0	-0.007820178122017449	-2.3125204689875387	0.05245407996152817	10.237749974405626	45.34699954653001
1460	23920640	10	4.0	3.3466401061363023	8.0	0.0	10	10.0	6.752777206453653	20.0	0.0	-0.00910602783820383	-2.265923013053736	0.05273801010173561	10.90249997274375	43.55799956442001
1464	23986176	10	4.6	5.370288632839021	18.0	0.0	10	5.6	4.17612260356422	16.0	2.0	-0.007990281015510409	-2.28316355472862	0.05798871251926515	10.321749974195626	48.51499951485001
1468	24051712	10	4.2	3.280243893371345	12.0	0.0	10	4.8	4.308131845707603	16.0	0.0	-0.00873612265695504	-2.3088624922016243	0.05215082491670458	11.237249971906875	41.610999583890006
1472	24117248	10	4.4	6.118823416311343	22.0	0.0	10	7.8	6.161168720299744	20.0	0.0	-0.00875030909719299	-2.2990120075731784	0.06967370649850038	12.082249969794375	34.329999656700004
1476	24182784	10	3.8	4.686149805543993	16.0	0.0	10	7.4	7.378346698278687	22.0	0.0	-0.008432396546020345	-2.2875499797464736	0.053901231104791704	11.875749970310626	41.22899958771001
1480	24248320	10	4.6	7.158212067269312	20.0	0.0	10	4.6	4.8207883172775805	16.0	0.0	-0.008902869964895518	-2.2808948256182977	0.05723522381726498	10.732749973168124	34.25499965745001
1484	24313856	10	4.8	5.6	20.0	0.0	10	6.2	4.853864439804639	20.0	2.0	-0.00834066797116192	-2.3475876770951722	0.04218467978398786	10.630999973422501	38.20999961790001
1488	24379392	10	2.4	1.9595917942265424	6.0	0.0	10	9.0	7.113367697511496	18.0	0.0	-0.008502312057037557	-2.2953011192473967	0.06505898783314656	11.129249972176874	44.64699955353001
1492	24444928	10	4.8	6.881860213634101	20.0	0.0	10	8.8	7.652450587883597	22.0	0.0	-0.007937195072152098	-2.323413411534202	0.05048325009273384	9.840999975397501	41.66699958333001
1496	24510464	10	4.8	4.995998398718719	16.0	0.0	10	7.6	7.255342858886822	20.0	0.0	-0.008769150963109781	-2.275906694195026	0.05664039988567265	9.95599997511	27.005999729940005
1500	24576000	10	4.0	4.560701700396552	16.0	0.0	10	7.2	7.222188034107116	20.0	0.0	-0.008044973844406366	-2.282545779904383	0.05386781785076017	10.23049997442375	24.468999755310005
1504	24641536	10	5.6	7.472616676907761	22.0	0.0	10	6.6	6.873136110975833	20.0	0.0	-0.00855233084107914	-2.2684092866998316	0.0543405596343075	11.5529999711175	41.68099958319
1508	24707072	10	1.4	2.3748684174075834	6.0	0.0	10	6.2	5.688585061331157	18.0	0.0	-0.008545863540670828	-2.3032604403878105	0.05712201542712531	11.3309999716725	40.12799959872001
1512	24772608	10	3.8	5.546169849544819	18.0	0.0	10	5.0	3.82099463490856	16.0	2.0	-0.00937853160963567	-2.27538720991354	0.06484966608020168	10.828749972928124	38.27399961726001
1516	24838144	10	3.8	6.2257529665093525	22.0	0.0	10	7.8	6.289674077406556	18.0	0.0	-0.008842973995634133	-2.302680566667066	0.05690726901122216	10.588749973528126	29.489999705100004
1520	24903680	10	4.4	4.715930449020639	16.0	0.0	10	7.2	5.1536394906900505	18.0	2.0	-0.009027612954892943	-2.3181986185480348	0.05789966026959695	10.715249973211876	36.47599963524001
1524	24969216	10	3.6	4.6303347611160905	16.0	0.0	10	6.6	7.8	22.0	0.0	-0.008727025300383629	-2.32234256938744	0.05496022100763966	10.495249973761874	27.073999729260006
