iter	frame	n_test	mean_returns	std_returns	max_returns	min_returns	n_test_train	mean_returns_train	std_returns_train	max_returns_train	min_returns_train	actor_loss	entropy_loss	value_loss	training_time	evaluation_time
0	0	10	3.7	4.1000000000000005	12.0	0.0	10	4.7	11.790250209389109	40.0	0.0	0	0	0	0.0	98.54099901459001
4	65536	10	1.8	4.166533331199931	14.0	0.0	10	2.9	3.3600595232822883	11.0	0.0	0.014585378590402645	-2.4120779879362138	0.1724472664660266	11.808499970478751	45.680999543190005
8	131072	10	0.9	1.2206555615733703	4.0	0.0	10	2.0	3.794733192202055	13.0	0.0	-0.004164303967799895	-2.4571831422471457	0.015372858633393336	13.567749966080626	28.639999713600005
12	196608	10	0.4	0.66332495807108	2.0	0.0	10	0.6	0.66332495807108	2.0	0.0	-0.004304917938655866	-2.481375458081373	0.016599696855427094	12.299499969251249	6.292999937070001
16	262144	10	2.2	1.9899748742132397	5.0	0.0	10	1.1	1.8138357147217055	5.0	0.0	-0.005518906669174526	-2.4897235281655523	0.01644257874988106	12.983249967541875	18.211999817880002
20	327680	10	1.4	2.244994432064365	7.0	0.0	10	1.4	2.1071307505705477	7.0	0.0	-0.0063751203869619605	-2.525737834210353	0.019531968367812583	12.61449996846375	22.96399977036
24	393216	10	0.8	0.9797958971132713	3.0	0.0	10	1.4	1.624807680927192	4.0	0.0	-0.006811721227877421	-2.4549347184524746	0.02076038049589345	11.6329999709175	20.774999792250004
28	458752	10	4.0	4.171330722922842	12.0	0.0	10	1.1	1.3	4.0	0.0	-0.00782228818731779	-2.38374508892501	0.023459466753877792	12.089499969776249	43.038999569610006
32	524288	10	1.5	1.746424919657298	5.0	0.0	10	0.8	0.8717797887081348	3.0	0.0	-0.0070442492377513835	-2.2900867658454844	0.02026920788710278	12.71199996822	16.788999832110004
36	589824	10	2.4	6.216108107168021	21.0	0.0	10	0.9	1.044030650891055	3.0	0.0	-0.0077804611565706035	-2.263248540225308	0.019827207567743674	13.563749966090626	56.19399943806001
40	655360	10	1.1	1.2206555615733703	4.0	0.0	10	3.6	4.1036569057366385	13.0	0.0	-0.007879684625032362	-2.2617961737144325	0.020044491032456414	11.81449997046375	37.98899962011
44	720896	10	1.9	1.7	5.0	0.0	10	2.2	3.4292856398964497	11.0	0.0	-0.008219718015478588	-2.1444354750465746	0.02121131853367595	13.464749966338125	46.234999537650005
48	786432	10	2.2	3.4871191548325395	12.0	0.0	10	1.0	1.1832159566199232	4.0	0.0	-0.008379561629262997	-2.1903591700100145	0.02562699274591512	13.639249965901875	39.4699996053
52	851968	10	4.2	7.9849859110708525	27.0	0.0	10	2.4	3.8522720568516444	13.0	0.0	-0.009165897064683006	-2.201467153697371	0.024316925746960125	12.984749967538125	104.21499895785001
56	917504	10	0.9	2.118962010041709	7.0	0.0	10	0.6	0.9165151389911681	3.0	0.0	-0.009528719651742587	-2.216928037273425	0.02362638595267891	8.483249978791875	13.754999862450003
60	983040	10	1.6	3.3526109228480423	11.0	0.0	10	2.2	3.5440090293338704	12.0	0.0	-0.009266851354919082	-2.288995861768704	0.023270327673042743	9.102249977244375	24.835999751640003
64	1048576	10	1.1	1.3747727084867523	4.0	0.0	10	0.5	0.9219544457292888	3.0	0.0	-0.010452788081968553	-2.2786931492498135	0.023811823724772183	8.522749978693126	9.614999903850002
68	1114112	10	1.8	2.5612496949731396	9.0	0.0	10	2.1	3.6180105030251086	11.0	0.0	-0.010142044922308807	-2.2894337994455647	0.02285542156464451	9.037749977405626	34.546999654530005
72	1179648	10	8.2	11.258774356030056	40.0	0.0	10	2.3	4.605431575867781	16.0	0.0	-0.009168556141003047	-2.3137457716041663	0.019924648724904407	8.853999977865001	73.74099926259001
76	1245184	10	3.1	2.4677925358506134	8.0	0.0	10	6.6	11.749042514179612	40.0	0.0	-0.008700932290294191	-2.3259084992171433	0.022225057374078316	9.076249977309375	62.656999373430004
80	1310720	10	4.8	5.688585061331157	15.0	0.0	10	3.1	3.618010503025109	10.0	0.0	-0.009530484883945776	-2.2813574470686735	0.019074984280889076	8.72749997818125	42.783999572160006
84	1376256	10	2.9	3.753664875824692	11.0	0.0	10	2.1	2.2561028345356955	6.0	0.0	-0.010190474627506342	-2.2864798205695998	0.016729200751873542	9.920499975198751	38.091999619080006
88	1441792	10	4.9	7.020683727387241	23.0	0.0	10	2.0	3.924283374069717	12.0	0.0	-0.010574617344405422	-2.2651636473958496	0.019185795902681945	9.136749977158125	70.21099929789001
92	1507328	10	3.5	3.9812058474788765	12.0	0.0	10	3.5	5.220153254455275	18.0	0.0	-0.00918401693247518	-2.315644599256105	0.017237405164777637	8.695749978260624	33.77899966221001
96	1572864	10	1.0	1.0	3.0	0.0	10	1.6	2.764054992217051	9.0	0.0	-0.009390553092323724	-2.327311066047314	0.013500760434108442	10.170249974574377	14.351999856480003
100	1638400	10	3.9	7.529276193632428	26.0	0.0	10	2.3	3.132091952673165	9.0	0.0	-0.0096645052607465	-2.325678134715691	0.01622597915727504	10.12549997468625	38.46299961537001
104	1703936	10	1.4	1.4966629547095764	4.0	0.0	10	3.0	3.5496478698597698	9.0	0.0	-0.01023508274268147	-2.290960949917411	0.019836306259453308	8.56799997858	38.58999961410001
108	1769472	10	6.6	11.672189169131897	40.0	0.0	10	3.1	4.2296571965113205	11.0	0.0	-0.009485902232196976	-2.272713805001665	0.016994213606012887	10.153249974616875	68.25899931741002
112	1835008	10	5.4	11.808471535300407	40.0	0.0	10	2.8	2.638181191654584	9.0	0.0	-0.009710237567155245	-2.3259107716442253	0.016934693352650743	10.0209999749475	52.78999947210001
116	1900544	10	1.1	1.2206555615733703	4.0	0.0	10	3.8	3.124099870362662	9.0	0.0	-0.009361379740095026	-2.3348764774751367	0.01544743694669775	9.006749977483125	34.393999656060004
120	1966080	10	6.6	11.80847153530041	40.0	0.0	10	2.5	2.247220505424423	7.0	0.0	-0.010387847878043357	-2.3247840029559814	0.018730484277076735	9.537249976156875	47.20499952795001
124	2031616	10	4.9	11.878131166138889	40.0	0.0	10	4.1	11.970380110923795	40.0	0.0	-0.010788859892967888	-2.3037252001548176	0.017392600331739214	9.726249975684375	61.02499938975001
128	2097152	10	1.3	2.238302928559939	7.0	0.0	10	6.1	11.571084650973736	40.0	0.0	-0.012143003430485409	-2.279308909933763	0.018713832743612015	9.579749976050627	38.048999619510006
132	2162688	10	4.7	11.807201192492654	40.0	0.0	10	1.3	2.325940669922601	8.0	0.0	-0.0109489681842624	-2.310874506590453	0.019337576821682783	9.446249976384376	49.18499950815001
136	2228224	10	1.8	2.4413111231467406	7.0	0.0	10	1.2	1.32664991614216	4.0	0.0	-0.01099499787361072	-2.284473642468905	0.01676731501182039	9.581749976045625	21.693999783060004
140	2293760	10	1.9	3.9102429592034307	13.0	0.0	10	5.7	11.857908753233007	40.0	0.0	-0.010903766365497933	-2.270928750198956	0.017062052054260833	10.19199997452	41.52599958474001
144	2359296	10	1.5	2.1095023109728985	6.0	0.0	10	2.7	3.7429934544425802	10.0	0.0	-0.01208016462498238	-2.2889931224385713	0.014740210354810582	8.605249978486874	40.72199959278001
148	2424832	10	1.8	2.891366458960192	9.0	0.0	10	3.8	7.613146524269713	20.0	0.0	-0.011381867828000764	-2.270615135393449	0.019996788049905307	10.26349997434125	41.85299958147001
152	2490368	10	7.0	9.828529900244492	26.0	0.0	10	3.5	3.2939338184001206	11.0	0.0	-0.012057762967699389	-2.276790929100177	0.018565549581162764	9.487749976280625	54.237999457620006
156	2555904	10	5.1	5.166236541235797	15.0	0.0	10	1.9	2.0223748416156684	6.0	0.0	-0.01207973493360424	-2.278450096409606	0.021824412239615166	8.83549997791125	30.360999696390007
160	2621440	10	2.9	3.5057096285916205	11.0	0.0	10	3.0	3.714835124201342	11.0	0.0	-0.01226076026911179	-2.2617332957812546	0.019969914164642246	9.05449997736375	30.847999691520005
164	2686976	10	2.9	3.176476034853718	9.0	0.0	10	2.7	3.5227829907617076	11.0	0.0	-0.011854641133421795	-2.303645002105281	0.020588634048461788	10.372499974068749	23.223999767760002
168	2752512	10	9.0	11.781341180018513	40.0	1.0	10	1.7	2.6476404589747453	8.0	0.0	-0.012695204928494894	-2.310297203320014	0.020935994725977083	10.004749974988124	45.917999540820006
172	2818048	10	5.4	4.862098312457287	14.0	0.0	10	4.9	11.75967686630887	40.0	0.0	-0.011765577516282481	-2.333776431535965	0.021899287606015744	9.613999975965	36.98899963011
176	2883584	10	0.9	1.5132745950421556	5.0	0.0	10	6.4	11.783038657324349	40.0	0.0	-0.01229709964893565	-2.3040098893229235	0.021432915962164074	9.202499976993751	52.617999473820014
180	2949120	10	0.7	1.552417469626002	5.0	0.0	10	3.8	4.422668877499197	14.0	0.0	-0.012627043105161459	-2.293078797320081	0.023206319191869735	9.948249975129373	19.767999802320002
184	3014656	10	7.9	11.793642355099632	40.0	0.0	10	4.0	5.039841267341661	17.0	0.0	-0.012657674081508004	-2.290151645501316	0.02264938763262087	9.581499976046251	36.938999630610006
188	3080192	10	3.6	3.583294573433784	10.0	0.0	10	10.4	12.249081598226049	40.0	1.0	-0.011650399038140358	-2.3049821180684416	0.025829151211875543	9.139749977150625	39.731999602680006
192	3145728	10	5.4	11.8	40.0	0.0	10	1.8	3.0919249667480613	10.0	0.0	-0.012351928988135693	-2.3013537647909774	0.024930650249320598	9.10249997724375	67.23499932765002
196	3211264	10	2.3	3.6069377593742864	11.0	0.0	10	5.3	5.728001396647874	20.0	0.0	-0.011633325320873099	-2.2669848300638686	0.021436511051625973	9.13449997716375	32.10499967895
200	3276800	10	6.5	12.216791722870616	41.0	0.0	10	6.7	7.294518489934755	22.0	0.0	-0.011637272224713483	-2.2925726247425935	0.024933432885952827	9.494249976264376	55.93899944061001
204	3342336	10	6.1	7.993122043357026	26.0	0.0	10	4.6	4.431703961232068	11.0	0.0	-0.01197663089863298	-2.3057657353661685	0.027870344538442872	9.32549997668625	33.971999660280005
208	3407872	10	13.0	14.946571513226704	40.0	0.0	10	8.9	7.841555968046137	24.0	0.0	-0.010984007823397987	-2.299864500521463	0.029030514373524417	9.630499975923751	49.87999950120001
212	3473408	10	4.9	4.437341546466758	14.0	0.0	10	2.3	2.865309756378881	10.0	0.0	-0.012337798518201683	-2.3131029528950187	0.0365701752754329	10.340749974148125	19.278999807210003
216	3538944	10	5.5	5.352569476429054	17.0	0.0	10	6.4	8.392854103342914	24.0	0.0	-0.012291491837997659	-2.3359395412157564	0.03144968700422819	10.16549997458625	32.203999677960006
220	3604480	10	6.0	11.815244390193543	40.0	0.0	10	10.9	11.682893477217021	40.0	0.0	-0.010643401169952677	-2.3497520782089336	0.034622617081702556	9.066749977333124	56.14399943856001
224	3670016	10	1.2	2.039607805437114	7.0	0.0	10	6.3	6.165225056719342	19.0	0.0	-0.011029542876170513	-2.3365122598956014	0.031617225513138815	9.6909999757725	25.989999740100004
228	3735552	10	4.0	5.9497899122574065	19.0	0.0	10	6.9	7.542545989253231	19.0	0.0	-0.011061881958751706	-2.3496483785446696	0.030694185500716398	9.292249976769375	38.155999618440006
232	3801088	10	4.8	5.6	18.0	0.0	10	9.1	15.552813250341561	40.0	0.0	-0.009601271074856118	-2.3619350664340786	0.031414635592593186	9.147249977131874	52.420999475790005
236	3866624	10	5.4	4.363484845854286	14.0	0.0	10	5.6	6.590902821313632	24.0	0.0	-0.011778655642638988	-2.367682600768139	0.026285902458454143	8.782749978043125	26.215999737840004
240	3932160	10	7.1	7.105631569396206	19.0	0.0	10	9.6	11.594826432508595	40.0	0.0	-0.01102901195196878	-2.353563643746784	0.029422867458042786	8.567749978580625	48.24999951750001
244	3997696	10	6.0	5.079370039680118	17.0	1.0	10	15.3	14.72446943016963	40.0	0.0	-0.010642914687300047	-2.3391382989831	0.02473711641247682	10.142749974643126	32.36799967632001
248	4063232	10	6.5	11.83427226321923	40.0	0.0	10	9.9	15.384732691860462	40.0	0.0	-0.011362505221797579	-2.3315245680565853	0.03309437176255986	9.092499977268751	40.81199959188
252	4128768	10	9.4	12.72949331277565	40.0	0.0	10	12.2	15.503547981026793	40.0	0.0	-0.01094613133689531	-2.2987700723200604	0.03034138011740493	9.751749975620625	49.31299950687001
256	4194304	10	8.3	8.775534171775528	26.0	0.0	10	3.4	3.3226495451672298	11.0	0.0	-0.010615068289053757	-2.309181863822405	0.031421833823576745	8.515249978711875	28.908999710910003
260	4259840	10	1.9	2.808914381037628	9.0	0.0	10	11.2	10.805554127392078	40.0	1.0	-0.011929893171297383	-2.337420448417369	0.03408785726675205	8.9109999777225	35.355999646440004
264	4325376	10	4.6	5.986651818838306	21.0	0.0	10	13.8	17.19767426136453	40.0	0.0	-0.011119769557559653	-2.3318934289172124	0.03262453855762041	10.23949997440125	37.13799962862
268	4390912	10	4.4	6.6513156593263565	23.0	0.0	10	4.8	11.830469136936202	40.0	0.0	-0.010785615400374229	-2.305270636834974	0.04280899559710662	8.588249978529376	35.45199964548
272	4456448	10	4.9	11.78516016013359	40.0	0.0	10	4.6	5.4626001134990645	16.0	0.0	-0.010917340423550689	-2.289044514059997	0.03612626622985987	10.263249974341875	32.713999672860005
276	4521984	10	3.3	4.148493702538308	13.0	0.0	10	14.4	13.484806264830059	40.0	0.0	-0.01112219608457309	-2.304674592870809	0.033757453664414856	9.19849997700375	32.38699967613
280	4587520	10	6.3	11.627983488120373	40.0	0.0	10	5.3	6.132699242584785	20.0	0.0	-0.01105378415989797	-2.2981290268490944	0.039320963275558646	9.81549997546125	34.47299965527
284	4653056	10	9.6	10.6226173799116	40.0	1.0	10	7.8	12.913558765886343	40.0	0.0	-0.01056259354311221	-2.2807221335777133	0.03543259856930958	9.560249976099374	47.39299952607001
288	4718592	10	13.1	14.982990355733397	40.0	0.0	10	15.9	12.061923561356208	40.0	0.0	-0.010574569970645402	-2.271200733643618	0.033547128799447	9.710999975722501	41.62199958378001
292	4784128	10	8.6	7.323933369440222	23.0	0.0	10	13.4	14.867414032036642	40.0	0.0	-0.011642712402438698	-2.301317867893665	0.03068243694404906	9.60649997598375	47.48299952517
296	4849664	10	5.9	5.223983154643591	14.0	0.0	10	5.4	6.421837743200929	21.0	0.0	-0.01087700656118695	-2.284318888942869	0.03530128037887776	9.06249997734375	27.943999720560004
300	4915200	10	9.3	11.87476315553283	40.0	0.0	10	6.8	8.874683092933516	25.0	0.0	-0.010788784734751061	-2.2982493661433567	0.03421407277960319	8.917749977705625	41.119999588800006
304	4980736	10	12.5	11.342398335449166	40.0	0.0	10	10.0	11.027239001672177	40.0	0.0	-0.011024613281494861	-2.308009023227282	0.02961487594372993	10.0269999749325	43.36699956633
308	5046272	10	14.3	14.608559134972895	40.0	0.0	10	22.6	15.499677415998049	40.0	0.0	-0.011321499056099723	-2.296024396776402	0.029710144849193258	8.5409999786475	54.36699945633001
312	5111808	10	11.1	12.103305333668153	40.0	0.0	10	10.8	12.014990636700471	40.0	0.0	-0.01178036232763658	-2.2465297006214002	0.029436035971195405	9.77949997555125	43.19799956802001
316	5177344	10	15.7	13.631214179228497	40.0	0.0	10	6.2	11.364858116140297	40.0	0.0	-0.010768189503717948	-2.2284649285339597	0.027997137316069787	8.540749978648124	44.73999955260001
320	5242880	10	1.2	2.0396078054371136	6.0	0.0	10	21.8	15.625619987699686	40.0	0.0	-0.011665383983197232	-2.2273372856442597	0.03350450154432957	9.629499975926251	32.40799967592001
324	5308416	10	8.2	11.88949115816148	40.0	0.0	10	10.4	14.967965793654129	40.0	0.0	-0.011409642925500422	-2.234888665145293	0.02842039643723632	9.687749975780624	38.723999612760004
328	5373952	10	9.8	11.855800268223145	40.0	0.0	10	3.6	3.3526109228480423	9.0	0.0	-0.011937991064738567	-2.2019882050843087	0.0282566116239623	9.556249976109376	32.35899967641001
332	5439488	10	7.1	5.80430874437258	17.0	0.0	10	6.3	11.66233252827238	40.0	0.0	-0.011680121563885143	-2.2524660028654453	0.029672492001374423	9.434749976413125	32.42499967575
336	5505024	10	13.3	17.56160584912439	40.0	0.0	10	11.2	14.837789592793126	40.0	0.0	-0.011016317833677876	-2.2656030950570445	0.0319595786049888	10.05849997485375	56.42999943570001
340	5570560	10	4.4	4.673328578219169	16.0	0.0	10	10.8	11.923086848631105	40.0	0.0	-0.01098506736047225	-2.2424463528045635	0.040251735710071325	9.61749997595625	22.520999774790006
344	5636096	10	7.9	11.631422956801115	40.0	0.0	10	5.2	7.110555533852471	19.0	0.0	-0.010772686714911146	-2.2645810020591233	0.04300519068820707	10.149499974626252	28.626999713730005
348	5701632	10	9.9	15.13571934200684	40.0	0.0	10	7.3	11.636580253665594	40.0	0.0	-0.011860807626339814	-2.2676176277421147	0.04112965300794044	9.488249976279375	60.41299939587001
352	5767168	10	4.8	5.3999999999999995	18.0	0.0	10	7.7	11.49826073804208	40.0	0.0	-0.01111770178133762	-2.259163463873773	0.03578558210686853	9.581249976046877	25.462999745370006
356	5832704	10	11.9	15.267285285865329	40.0	0.0	10	6.1	5.647123161398199	15.0	0.0	-0.010594295448257322	-2.2936230299467804	0.03652081092982418	9.568249976079375	26.011999739880004
360	5898240	10	4.7	6.4815121692395214	17.0	0.0	10	18.2	15.986244086714052	40.0	0.0	-0.01017604128128476	-2.298398683229084	0.032763096772136326	10.192249974519374	50.654999493450006
364	5963776	10	3.6	4.608687448721165	14.0	0.0	10	12.1	14.828688411319456	40.0	0.0	-0.010571137452755097	-2.3020844109441922	0.03138445263091137	9.07199997732	42.67899957321001
368	6029312	10	10.5	15.06154042586614	40.0	0.0	10	8.4	13.070577645995606	40.0	0.0	-0.011697334243454201	-2.28364368255987	0.025131549431342395	9.603249975991874	46.064999539350005
372	6094848	10	9.1	10.921996154549772	40.0	0.0	10	8.7	12.10826164236634	40.0	0.0	-0.011460166544585055	-2.2649499920631473	0.034847517668830576	9.63199997592	23.708999762910004
376	6160384	10	7.8	11.522152576667263	40.0	0.0	10	4.8	4.422668877499196	14.0	0.0	-0.011544666369455711	-2.2496992570798615	0.03545594356662375	10.315999974210001	18.90299981097
380	6225920	10	5.3	7.40337760755184	26.0	0.0	10	20.5	14.813844875656015	40.0	0.0	-0.010725769672812824	-2.2755949693534636	0.03579493900776195	10.167249974581875	38.00799961992001
384	6291456	10	11.9	14.82868841131946	40.0	0.0	10	16.6	16.3413585726524	40.0	0.0	-0.011093407617162888	-2.292237696309528	0.03254433437687653	9.63449997591375	47.475999525240006
388	6356992	10	12.0	16.26653005407115	40.0	0.0	10	11.7	15.026975743641833	40.0	0.0	-0.011802842470674348	-2.2976129599005755	0.03216691611698101	9.140249977149375	62.007999379920015
392	6422528	10	12.7	14.311184437355282	40.0	0.0	10	13.7	17.43014629886967	40.0	0.0	-0.012320276309694473	-2.3021890543486654	0.03419789638557318	9.25999997685	64.34799935652
396	6488064	10	9.6	10.772186407596186	40.0	0.0	10	7.3	5.197114584074513	17.0	0.0	-0.011683656425395239	-2.287082356472991	0.02793091882583	9.593749976015626	50.90499949095001
400	6553600	10	11.8	14.938540758722052	40.0	0.0	10	14.6	14.458215657542254	40.0	0.0	-0.012219749237010948	-2.286392204225316	0.03413804364035066	9.690249975774375	45.826999541730004
404	6619136	10	17.3	17.070735192135107	40.0	0.0	10	6.3	4.94064773081425	15.0	0.0	-0.010876359310187553	-2.289885682125775	0.03142758460465652	8.516749978708125	37.96799962032001
408	6684672	10	15.6	16.2	40.0	1.0	10	11.4	11.976643937263894	40.0	0.0	-0.01149979946180753	-2.2861034470402046	0.03148496926744636	9.87649997530875	55.02699944973001
412	6750208	10	11.2	11.408768557561329	40.0	0.0	10	13.3	15.11985449665439	40.0	0.0	-0.01112196453934864	-2.3057723887346406	0.028608541049886048	10.019249974951874	55.15699944843001
416	6815744	10	8.2	11.830469136936202	40.0	0.0	10	12.2	14.951922953252534	40.0	0.0	-0.01053640466257994	-2.309292430438452	0.0331433580882161	9.180249977049375	34.15399965846001
420	6881280	10	13.9	17.380736463107656	40.0	0.0	10	12.4	14.527215837867903	40.0	0.0	-0.010444761330415593	-2.33846566056688	0.028726476619985883	9.5909999760225	68.84399931156001
424	6946816	10	8.3	11.593532679903912	40.0	0.0	10	9.9	11.793642355099632	40.0	0.0	-0.010473041864437463	-2.3379913764743443	0.03285868003777366	8.52749997868125	44.09599955904
428	7012352	10	10.0	10.825894882179487	40.0	1.0	10	11.5	15.252868582663394	40.0	0.0	-0.010338825794693429	-2.3548069991201963	0.029872798124941792	10.387249974031874	48.48599951514
432	7077888	10	6.5	6.18465843842649	18.0	0.0	10	13.7	13.77715500384604	40.0	1.0	-0.010496342408075931	-2.304098710177737	0.030624005358270145	10.425999973935001	62.02799937972001
436	7143424	10	12.0	14.261837188805655	40.0	0.0	10	10.9	11.076551810017412	40.0	0.0	-0.010543032936274491	-2.3057872849287793	0.026317528698490713	9.81849997545375	38.27099961729001
440	7208960	10	16.3	16.438065579623412	40.0	0.0	10	11.1	11.273420066687837	40.0	0.0	-0.010763593472893764	-2.300263687728643	0.029510792031293677	8.523749978690624	54.933999450660004
444	7274496	10	5.5	2.7294688127912363	9.0	1.0	10	7.9	11.657186624567696	40.0	0.0	-0.010011726397521365	-2.3054692395113445	0.027654204999786113	8.717749978205626	35.85399964146001
448	7340032	10	19.8	17.348198753761153	40.0	0.0	10	8.7	11.480853626799707	40.0	0.0	-0.011158573088373772	-2.294571811715162	0.03342058402526065	9.090999977272501	69.55399930446
452	7405568	10	9.5	10.763363786474933	28.0	0.0	10	13.3	15.27121475194426	40.0	0.0	-0.010063647184792036	-2.2960122548135575	0.02787572119948344	9.647499975881251	40.87999959120001
456	7471104	10	9.9	11.596982366115766	40.0	0.0	10	14.0	15.264337522473747	40.0	0.0	-0.010703811908364573	-2.275383395216275	0.027061371789599366	9.077499977306251	67.93199932068
460	7536640	10	10.8	14.945233353815523	40.0	0.0	10	17.6	16.236994795835837	40.0	0.0	-0.01008827691734456	-2.2845213907564186	0.03243445832681743	9.11549997721125	64.15199935848001
464	7602176	10	5.8	5.325410782277738	15.0	0.0	10	15.6	16.84755175092215	40.0	0.0	-0.010683519472370841	-2.292982175707383	0.029176691505191824	9.06249997734375	35.79199964208001
468	7667712	10	12.8	14.709180806557516	40.0	0.0	10	11.5	11.715374513859981	40.0	0.0	-0.010661514000681178	-2.3149353486868356	0.03026809673053017	8.629499978426251	37.64599962354001
472	7733248	10	10.7	13.122880781291887	40.0	0.0	10	13.3	14.846211637990345	40.0	0.0	-0.010605435754270729	-2.3115949230965094	0.025268383224501378	9.841749975395626	66.15299933847001
476	7798784	10	11.2	13.651373557265217	40.0	0.0	10	6.8	11.400000000000002	40.0	0.0	-0.010199389880197945	-2.2914957401749683	0.0307452480936372	8.492749978768126	42.79299957207001
480	7864320	10	4.6	5.748043145279966	20.0	0.0	10	14.8	11.04355015382282	40.0	0.0	-0.011444939266483909	-2.306731499491256	0.02413187750053365	10.295249974261875	34.39799965602001
484	7929856	10	20.9	19.133478512805766	40.0	1.0	10	13.1	14.774640435557137	40.0	0.0	-0.010687236772454796	-2.307625586547482	0.02196452225096832	9.12849997717875	73.53899926461001
488	7995392	10	12.1	15.744522857171631	40.0	0.0	10	14.1	14.794931564559532	40.0	2.0	-0.010642317973889575	-2.2989459035386024	0.02900396939064931	8.623249978441875	53.63099946369001
492	8060928	10	12.9	17.784543851333385	40.0	0.0	10	13.0	14.120906486483083	40.0	0.0	-0.010108232058133227	-2.2961626273982025	0.02995265032396017	9.579249976051875	40.904999590950005
496	8126464	10	13.7	15.485799947048262	40.0	0.0	10	13.7	17.41292623311774	40.0	0.0	-0.010479592292661509	-2.2738930481290467	0.028778995364855776	9.159499977101252	100.39599899604002
500	8192000	10	9.6	6.843975452907469	21.0	0.0	10	16.9	16.747835681066373	40.0	1.0	-0.010907507286978278	-2.2899596713581483	0.03129702099893815	8.620999978447498	25.333999746660005
504	8257536	10	13.3	17.555910685578233	40.0	0.0	10	16.9	16.330646037435258	40.0	0.0	-0.010791087327953152	-2.3058950004559846	0.0345145534532824	7.427749981430625	27.212999727870006
508	8323072	10	7.8	5.996665740225979	18.0	0.0	10	6.9	11.605602095539895	40.0	0.0	-0.01047215906037363	-2.3208632491594945	0.03553079908421196	7.2872499817818746	20.397999796020002
512	8388608	10	14.9	17.172361514946047	40.0	0.0	10	13.2	12.139192724394814	40.0	0.0	-0.011066871218705107	-2.306089517730662	0.03880422563896808	7.279249981801876	29.335999706640003
516	8454144	10	11.7	16.33431969810803	40.0	0.0	10	10.2	11.864231959971114	40.0	0.0	-0.011189033998912381	-2.3439661088131043	0.039793270674735176	7.25999998185	28.378999716210007
520	8519680	10	11.2	14.810806865258893	40.0	0.0	10	12.0	10.825894882179487	40.0	2.0	-0.011429714234228346	-2.343045847867244	0.03542742466495451	7.308999981727501	25.224999747750005
524	8585216	10	10.7	12.99269025259973	40.0	0.0	10	3.4	3.7202150475476548	13.0	0.0	-0.010823756159358704	-2.295719067016518	0.03797006796805168	7.2867499817831245	32.83499967165
528	8650752	10	13.1	12.324366109459747	40.0	0.0	10	18.5	18.095579570712843	40.0	0.0	-0.010821568676656696	-2.298011225719289	0.033759655485604	7.320249981699375	49.201999507980005
532	8716288	10	9.5	11.447707194019246	40.0	0.0	10	12.3	14.724469430169632	40.0	0.0	-0.011127152219516798	-2.2921598600940403	0.03987900761006363	7.3357499816606255	25.924999740750003
536	8781824	10	11.1	14.875819305167697	40.0	0.0	10	11.7	10.789346597454362	40.0	0.0	-0.011364492829093308	-2.264768433831654	0.0411599415777217	7.321499981696251	30.702999692970003
540	8847360	10	8.8	12.448293055676348	40.0	0.0	10	16.5	15.22005256232711	40.0	0.0	-0.010984908696089894	-2.2673838955782326	0.038681301943964234	7.35449998161375	24.356999756430003
544	8912896	10	10.3	15.192432326655268	40.0	0.0	10	15.8	14.586294937371862	40.0	0.0	-0.011452055382222503	-2.2943926327024053	0.03390375964844096	7.317499981706251	39.621999603780004
548	8978432	10	10.8	15.005332385522156	40.0	0.0	10	21.5	15.995311813153252	40.0	0.0	-0.011045676191680811	-2.303031325100372	0.03538279735580319	7.33949998165125	44.546999554530004
552	9043968	10	15.0	16.745148551147583	40.0	0.0	10	16.1	16.819334112859522	40.0	0.0	-0.010257427712978695	-2.293270160515639	0.03304394118842119	7.32749998168125	56.219999437800006
556	9109504	10	6.0	11.933147112141038	40.0	0.0	10	6.0	11.47170431975999	40.0	0.0	-0.010063485821029405	-2.295347531397457	0.039383202942331996	7.223749981940625	22.40899977591
560	9175040	10	14.1	11.700000000000001	40.0	2.0	10	11.9	14.638647478507023	40.0	0.0	-0.0102644081260445	-2.2876802382470363	0.03927215923689382	7.287749981780625	29.139999708600005
564	9240576	10	19.0	12.84523257866513	40.0	0.0	10	14.7	14.360013927569847	40.0	1.0	-0.011056457043560243	-2.308132461963072	0.03637273826567932	7.4304999814237505	28.804999711950003
568	9306112	10	16.1	17.00264685276972	40.0	0.0	10	8.1	7.034912934784622	23.0	0.0	-0.010203337286079403	-2.3121416317994936	0.0346335300091899	7.259499981851249	22.386999776130004
572	9371648	10	12.1	14.828688411319458	40.0	0.0	10	17.8	15.734039532173549	40.0	0.0	-0.010956157388207882	-2.289610658844229	0.031839097594474924	7.2802499817993755	29.872999701270007
576	9437184	10	5.9	5.699999999999999	16.0	1.0	10	7.1	5.374941860150675	16.0	0.0	-0.010548547711967799	-2.3144137087040306	0.029054717720408876	7.299749981750625	19.885999801140002
580	9502720	10	10.7	12.744018204632322	40.0	0.0	10	17.8	18.38912722235615	40.0	0.0	-0.010943555174962913	-2.306649252532055	0.02977982521096168	7.267749981830625	36.30799963692001
584	9568256	10	11.9	14.98966310495336	40.0	0.0	10	14.4	17.007057358637912	40.0	0.0	-0.009920761106996375	-2.3109293676989093	0.03788504985853033	7.273749981815625	26.869999731300005
588	9633792	10	7.2	11.75414820393209	40.0	0.0	10	11.7	15.569521508382971	40.0	0.0	-0.011079453231466422	-2.285775849978446	0.040719240065302975	7.303749981740625	24.453999755460003
592	9699328	10	6.0	11.764352935882194	40.0	0.0	10	13.3	15.053571004914415	40.0	0.0	-0.010684970634225667	-2.2733200289424507	0.040960129113326485	7.297999981755	28.183999718160006
596	9764864	10	16.8	16.129476122924764	40.0	0.0	10	9.6	11.749042514179614	40.0	0.0	-0.01066594278755632	-2.269387237491247	0.04687859633604379	7.301999981744999	52.39199947608001
600	9830400	10	16.2	16.939893742287758	40.0	0.0	10	8.7	15.67194946393077	40.0	0.0	-0.011011666452218807	-2.2718122648813157	0.045838356168512	7.317749981705625	27.100999728990004
604	9895936	10	15.0	14.163332941084171	40.0	0.0	10	14.8	17.226723426119083	40.0	0.0	-0.010989674853354996	-2.2445694478995	0.04365442873222505	7.3189999817025	29.680999703190007
608	9961472	10	9.6	9.728309205612248	25.0	0.0	10	11.6	12.729493312775649	40.0	0.0	-0.011476535369504045	-2.2508135361114987	0.03919526189157374	7.313249981716875	28.056999719430003
612	10027008	10	7.0	9.121403400793104	21.0	0.0	10	11.1	13.337541002748596	40.0	0.0	-0.01158008849598176	-2.292706149080984	0.03456347763255934	7.309999981724999	23.799999762000006
616	10092544	10	23.0	17.866169147301836	40.0	0.0	10	10.6	11.909659944767524	40.0	0.0	-0.01138568880926805	-2.291279442369681	0.03757513057980434	7.337249981656875	31.431999685680005
620	10158080	10	10.3	13.031116606031887	40.0	0.0	10	13.6	12.043255373859678	40.0	0.0	-0.011116675730645613	-2.2949801730705834	0.03380245874128546	7.314499981713751	45.26799954732001
624	10223616	10	22.2	15.810123339177338	40.0	0.0	10	14.5	15.10132444522665	40.0	0.0	-0.009672627942162613	-2.2849792438352132	0.04902532172344309	7.297999981755	23.845999761540003
628	10289152	10	9.6	12.32233744059949	40.0	0.0	10	12.9	10.454185764563398	40.0	0.0	-0.010580382313602544	-2.2974528568576718	0.03970932195636002	7.3274999816812505	23.264999767350005
632	10354688	10	20.2	12.006664815842907	40.0	4.0	10	16.3	13.48369385591352	40.0	0.0	-0.011222133329327366	-2.2825061055627085	0.036623316657950246	7.310249981724375	28.103999718960004
636	10420224	10	13.7	14.980320423809365	40.0	0.0	10	11.5	14.746185947559457	40.0	0.0	-0.010750400889660701	-2.3038651245419404	0.038467004619567535	7.309249981726875	22.843999771560004
640	10485760	10	7.8	12.12270596855339	40.0	0.0	10	10.4	11.714947716485977	40.0	0.0	-0.010774725559500388	-2.2935278487796644	0.03523668628983091	7.321999981695	22.580999774190005
644	10551296	10	4.6	5.4258639865002145	17.0	0.0	10	3.9	3.7536648758246915	10.0	0.0	-0.011712811302754898	-2.272508923969378	0.04162170159352138	7.305499981736251	15.534999844650002
648	10616832	10	3.6	4.673328578219169	16.0	0.0	10	8.7	7.59012516365837	21.0	0.0	-0.011406624431426192	-2.283012593548108	0.03816947074752687	7.311249981721875	15.835999841640003
652	10682368	10	17.2	15.593588426016638	40.0	2.0	10	14.4	17.095028517086483	40.0	0.0	-0.011759789232491847	-2.2731037981923894	0.03559932048294533	7.32549998168625	23.830999761690002
656	10747904	10	10.6	10.707007051459337	40.0	0.0	10	21.7	16.09378762131525	40.0	0.0	-0.011205151249108269	-2.2855460765563875	0.03724476671389699	7.295249981761875	23.162999768370003
660	10813440	10	16.8	15.593588426016638	40.0	0.0	10	12.0	14.805404418657398	40.0	0.0	-0.011461767391077885	-2.2760469339900604	0.0356557132483882	7.3289999816775	30.400999695990006
664	10878976	10	20.5	16.830032679706836	40.0	0.0	10	13.3	14.846211637990345	40.0	0.0	-0.010699929634430352	-2.256112764044036	0.03418039019872464	7.347999981630001	26.970999730290004
668	10944512	10	17.4	16.322989922192562	40.0	0.0	10	20.2	17.284675293449975	40.0	1.0	-0.010931794332841145	-2.2861994403206056	0.02462944428878393	7.347749981630626	28.486999715130004
672	11010048	10	9.8	12.749901960407382	40.0	0.0	10	16.3	13.90719238379911	40.0	1.0	-0.01111958972014064	-2.245688723787191	0.03230069680191008	7.317749981705625	23.432999765670004
676	11075584	10	10.6	12.117755567760886	40.0	0.0	10	15.5	13.37348122217996	40.0	3.0	-0.011409870176697222	-2.258301394445896	0.033634017800202684	7.338749981653125	24.793999752060003
680	11141120	10	16.5	17.31040149736568	40.0	0.0	10	5.5	6.312685640834652	19.0	0.0	-0.011537523136223091	-2.259606572253568	0.036876656402252066	7.33999998165	20.166999798330004
684	11206656	10	8.4	11.56027681329474	40.0	0.0	10	15.1	14.180620578804017	40.0	0.0	-0.010509055388074288	-2.2431275618719964	0.03916572482149991	7.22149998194625	25.018999749810003
688	11272192	10	18.1	18.206866836443883	40.0	0.0	10	15.4	14.954597955144097	40.0	0.0	-0.010488576534770543	-2.2136601728875247	0.03288697534441481	7.276999981807499	26.617999733820003
692	11337728	10	9.0	11.392980294900891	40.0	0.0	10	22.5	15.396428157205813	40.0	2.0	-0.01150891614938566	-2.2354060409124696	0.027738429835902068	7.302999981742501	26.167999738320002
696	11403264	10	14.8	14.076931483814219	40.0	0.0	10	23.1	17.586642658563346	40.0	0.0	-0.011275479059539604	-2.2186362716231334	0.0316930302812611	7.297249981756875	25.553999744460004
700	11468800	10	17.9	18.118774793015117	40.0	0.0	10	20.7	14.859676981684359	40.0	1.0	-0.010295848365925961	-2.1488730234649522	0.03553907846428921	7.297749981755626	29.430999705690006
704	11534336	10	15.0	13.79130160644745	40.0	0.0	10	23.3	15.855913723276878	40.0	0.0	-0.01117712408818369	-2.168315777950123	0.036452816931303735	7.307749981730626	29.338999706610004
708	11599872	10	12.4	14.595889832415153	40.0	0.0	10	11.6	13.245376551838758	40.0	0.0	-0.012242393079393739	-2.203284077116816	0.02968269578492894	7.307249981731875	45.73299954267
712	11665408	10	19.6	17.18254928699464	41.0	0.0	10	7.7	7.798076685952762	22.0	0.0	-0.010797367282154195	-2.1762901293951264	0.03285118871181488	7.26649998183375	25.681999743180004
716	11730944	10	16.9	15.769908052997645	40.0	2.0	10	21.3	13.296992141082132	41.0	7.0	-0.009830116363634683	-2.221248430278982	0.03000979061158696	7.329499981676251	32.65399967346001
720	11796480	10	17.8	18.443427013437606	40.0	0.0	10	13.4	14.967965793654127	40.0	0.0	-0.010593128838190819	-2.24752485728694	0.029330682821310513	7.312749981718126	29.788999702110008
724	11862016	10	11.6	15.04127654157053	40.0	0.0	10	20.1	13.567977004697495	40.0	3.0	-0.009806084013880735	-2.30357229437277	0.02701675412351721	7.31849998170375	30.525999694740005
728	11927552	10	11.2	11.2942463227964	40.0	0.0	10	15.6	16.554153557340225	40.0	0.0	-0.009988416800166306	-2.3065981539668	0.02922801558632798	7.340749981648126	28.007999719920004
732	11993088	10	15.7	13.092364186807515	40.0	2.0	10	17.1	16.170652429633133	40.0	0.0	-0.009226437213277016	-2.3109526631809065	0.026517168053302387	7.3109999817225	31.85899968141001
736	12058624	10	3.9	3.6455452267116364	9.0	0.0	10	18.9	17.392239648762892	40.0	1.0	-0.010189266983464219	-2.332463815565331	0.02670515204191184	7.3509999816225005	20.935999790640004
740	12124160	10	16.8	16.803571049035973	40.0	0.0	10	19.7	14.953594885511645	40.0	0.0	-0.009216466187606555	-2.3385345213162765	0.029430478885808575	7.31749998170625	52.00099947999001
744	12189696	10	9.7	15.375630068390693	40.0	0.0	10	21.4	15.812653161313568	40.0	1.0	-0.010396619675529335	-2.3094215291319684	0.031849399865391696	7.290249981774375	25.544999744550005
748	12255232	10	19.5	17.19447585708852	40.0	0.0	10	11.5	11.723907198540937	40.0	0.0	-0.00866320182013422	-2.294048756122044	0.03757320526440706	7.2129999819675	21.400999785990003
752	12320768	10	17.3	15.98155186457185	40.0	0.0	10	18.7	17.590054007876155	40.0	0.0	-0.010965891368029935	-2.2715007064360537	0.030907354508411512	7.293249981766874	26.925999730740003
756	12386304	10	12.6	14.589036979869507	40.0	1.0	10	27.5	15.819292019556375	40.0	2.0	-0.010629213632257788	-2.2442980381495437	0.030343889604887077	7.217749981955626	27.735999722640006
760	12451840	10	14.6	14.650597257449949	40.0	0.0	10	9.7	8.087644898238299	25.0	0.0	-0.010881739075636707	-2.2433786638227744	0.03456419715685837	7.221999981944999	22.812999771870004
764	12517376	10	8.8	11.556816170554933	40.0	0.0	10	11.1	12.381033882515627	40.0	0.0	-0.010248893621027948	-2.2156991757627993	0.04093564212051042	7.245749981885625	19.89099980109
768	12582912	10	10.3	15.556670594957009	41.0	0.0	10	13.6	17.6022725805505	41.0	0.0	-0.010892847447472147	-2.224146656460346	0.0372989175724749	7.2544999818637494	23.77499976225
772	12648448	10	12.4	15.107613974417008	40.0	0.0	10	22.6	14.974645237867907	40.0	1.0	-0.01074551939755349	-2.2427237404036853	0.030413333090579437	7.284499981788749	29.654999703450006
776	12713984	10	4.2	6.462197768561405	22.0	0.0	10	12.3	14.690473103341498	40.0	0.0	-0.010325005543700885	-2.1897097327017705	0.03151173258725753	7.267749981830625	29.62099970379
780	12779520	10	10.1	11.9870763741623	40.0	1.0	10	14.2	17.10438540258024	40.0	0.0	-0.01018752745236864	-2.1756319128194135	0.03158417815246374	7.262749981843125	23.099999769000004
784	12845056	10	16.0	17.291616465790582	40.0	0.0	10	31.4	13.417898494175606	40.0	6.0	-0.01054660857952701	-2.196070638566936	0.03033623067966999	7.341249981646875	27.449999725500003
788	12910592	10	10.0	15.51128621359299	41.0	0.0	10	18.2	15.632018423735305	40.0	0.0	-0.01065695527247902	-2.2065805119957758	0.027533155397437947	7.257249981856876	48.12499951875001
792	12976128	10	9.1	12.41329931968129	40.0	0.0	10	15.5	14.158036587041297	40.0	0.0	-0.010727001166231345	-2.2397613920421837	0.03200118439326751	7.2877499817806255	28.131999718680007
796	13041664	10	11.4	14.568459081179451	40.0	0.0	10	10.2	12.18031198286809	40.0	0.0	-0.010637629190370394	-2.2279836210274486	0.035147254351590614	7.28399998179	26.063999739360003
800	13107200	10	5.2	7.08237248385031	23.0	0.0	10	16.3	13.77715500384604	41.0	0.0	-0.011606935628761337	-2.2771111351859843	0.03287750573408732	7.267749981830626	19.073999809260005
804	13172736	10	14.2	10.74988372030135	40.0	0.0	10	19.3	11.95031380341119	41.0	7.0	-0.011258575240733256	-2.284162834048756	0.028674001356238685	7.322749981693125	23.886999761130003
808	13238272	10	9.3	11.4109596441316	40.0	0.0	10	17.5	15.838244852255567	40.0	0.0	-0.01057497337883932	-2.291546729465041	0.029383649348014493	7.323249981691875	29.701999702980007
812	13303808	10	7.0	11.806777714516354	40.0	0.0	10	16.3	13.871193171461494	40.0	0.0	-0.010828108206708896	-2.306511625407283	0.02848865386422748	7.333999981665	29.637999703620007
816	13369344	10	16.3	16.523014252853503	40.0	0.0	10	9.1	12.020399327809372	40.0	0.0	-0.011584538356455468	-2.3135338994437538	0.02755550083339646	7.293749981765625	27.656999723430005
820	13434880	10	7.7	8.246817568007675	25.0	0.0	10	14.3	15.106621064950295	40.0	0.0	-0.009918739768361152	-2.3087378141859283	0.028660638817549707	7.312999981717501	22.848999771510005
824	13500416	10	11.2	14.925146565444509	40.0	0.0	10	12.9	14.895972610071489	40.0	0.0	-0.011706171786493174	-2.2970587881993607	0.030049870777073294	7.329499981676251	22.43199977568
828	13565952	10	17.4	14.561593319413916	40.0	0.0	10	12.5	14.256577429383253	40.0	0.0	-0.011744764219949055	-2.296799319246573	0.028639362675724617	7.323499981691249	26.110999738890005
832	13631488	10	17.3	16.816955729263245	40.0	0.0	10	6.1	5.262128846769148	19.0	0.0	-0.011469498442862795	-2.288589457432453	0.029232671112657566	7.3339999816649994	16.19399983806
836	13697024	10	8.7	11.27874106449829	40.0	0.0	10	10.3	11.419719786404569	40.0	1.0	-0.011145992399836742	-2.2742899778103065	0.02923977068165589	7.320499981698751	21.944999780550003
840	13762560	10	18.6	17.94547296674011	40.0	0.0	10	11.8	14.5657131648265	40.0	0.0	-0.011217988580072877	-2.2578417904806614	0.0297323895858984	7.40649998148375	23.202999767970002
844	13828096	10	25.5	15.357408635573906	40.0	0.0	10	17.1	13.057181931795236	40.0	0.0	-0.011770331571204752	-2.2684186421455332	0.028063676336495636	7.3209999816975	25.934999740650003
848	13893632	10	5.6	6.726068688320095	22.0	0.0	10	17.9	15.430165261590686	41.0	0.0	-0.011390771705945298	-2.245285689596896	0.030755760222574098	7.384249981539376	45.92899954071001
852	13959168	10	6.8	9.6	26.0	0.0	10	13.5	10.99317970379817	40.0	0.0	-0.011806175829388978	-2.2379480995390155	0.03372207233175783	7.3309999816725	23.477999765220005
856	14024704	10	12.3	14.953594885511643	40.0	0.0	10	19.0	14.98666073546739	40.0	1.0	-0.010996579618289495	-2.2654189067706003	0.03352250305896988	7.306999981732501	23.330999766690002
860	14090240	10	16.2	14.372195378577345	40.0	0.0	10	10.3	12.288612614937456	40.0	0.0	-0.011647729335284223	-2.2313497138679286	0.03945587957254946	7.3107499817231245	24.076999759230006
864	14155776	10	11.7	11.437219941926447	40.0	0.0	10	18.4	14.677874505527019	40.0	0.0	-0.011103008237170505	-2.24221755044151	0.04396699552819974	7.2799999818000005	22.788999772110007
868	14221312	10	8.8	12.867012085173466	40.0	0.0	10	14.8	14.17603611733548	40.0	0.0	-0.010653732406456706	-2.229256930218384	0.03614543692297972	7.285249981786874	39.29399960706
872	14286848	10	13.5	17.45995418092499	40.0	0.0	10	12.8	14.483093592185337	40.0	0.0	-0.011251518557441767	-2.2352080889201376	0.039802599112082414	7.338999981652501	52.36499947635001
876	14352384	10	11.5	12.71416532848303	40.0	0.0	10	12.1	11.510430052782562	40.0	0.0	-0.010094005661974043	-2.251520899200351	0.043174795278041606	7.3009999817475	25.086999749130005
880	14417920	10	9.7	12.116517651536682	40.0	0.0	10	8.8	11.294246322796399	40.0	0.0	-0.01010231324123769	-2.2761185440036966	0.04364138689834512	7.333249981666874	21.041999789580004
884	14483456	10	8.2	11.417530380953668	40.0	0.0	10	11.5	10.781929326423912	40.0	3.0	-0.010546831265060407	-2.280814436337192	0.04726352018277502	7.33999998165	23.350999766490002
888	14548992	10	13.8	17.330897264711947	40.0	0.0	10	10.8	14.931845163944072	40.0	0.0	-0.010162237808650474	-2.250344623887573	0.043678133084235106	7.3267499816831245	28.517999714820004
892	14614528	10	12.6	14.86741403203664	40.0	0.0	10	18.8	17.668050260286222	40.0	0.0	-0.010802261416237758	-2.234868940974928	0.035022562598886704	7.29349998176625	25.264999747350004
896	14680064	10	21.0	16.26653005407115	40.0	0.0	10	8.8	7.025667228100119	19.0	1.0	-0.010087925983356949	-2.2646660082166714	0.032598863876288645	7.325249981686875	22.211999777880003
900	14745600	10	10.3	15.277761616153068	40.0	0.0	10	13.5	13.727709204379295	40.0	1.0	-0.011071546096656627	-2.250586653514712	0.03593985902857674	7.338249981654376	20.991999790080005
904	14811136	10	10.4	15.4220621189256	40.0	0.0	10	19.9	17.026156348395254	40.0	0.0	-0.011259086458003793	-2.244359279438517	0.03980691672353788	7.331999981669999	29.044999709550005
908	14876672	10	29.6	15.994999218505765	40.0	2.0	10	24.4	16.746342884343434	40.0	0.0	-0.01143735661634314	-2.2314530906737	0.03146825383167124	7.297249981756875	37.67399962326
912	14942208	10	12.1	14.706801147768335	40.0	0.0	10	3.9	4.784349485562274	17.0	0.0	-0.011004729925304007	-2.258603691819477	0.028067032648431217	7.3039999817400005	17.818999821810003
916	15007744	10	17.4	15.698407562552326	40.0	0.0	10	17.5	15.5	40.0	2.0	-0.010767371276203253	-2.261204731725549	0.027493552806406807	7.29199998177	27.325999726740005
920	15073280	10	13.0	14.724129855444769	40.0	0.0	10	13.0	11.47170431975999	40.0	0.0	-0.009757725748885686	-2.2496097458045794	0.03223701670895736	7.28049998179875	21.276999787230004
924	15138816	10	9.4	6.359245238233858	16.0	1.0	10	21.8	12.687001221722966	40.0	3.0	-0.010453478048902436	-2.2574380584193174	0.035734491050401544	7.301999981744999	28.285999717140005
928	15204352	10	5.0	4.857983120596447	13.0	0.0	10	11.8	11.196428001822724	40.0	0.0	-0.010585743971618516	-2.271510536235387	0.0339615886103065	7.314749981713125	15.084999849150003
932	15269888	10	12.8	10.087616170334792	40.0	1.0	10	22.8	14.634206503941373	40.0	4.0	-0.010583605705919126	-2.2640731605515825	0.03341087052483396	7.3504999816237495	25.420999745790002
936	15335424	10	13.9	14.7	41.0	0.0	10	12.7	14.832734070291963	40.0	1.0	-0.010785656490132191	-2.2587274434796525	0.03572676390580587	7.28049998179875	21.902999780970003
940	15400960	10	6.0	6.855654600401044	21.0	0.0	10	15.0	16.703293088490067	40.0	0.0	-0.01134757361799863	-2.2503354249040632	0.04386821741867818	7.28449998178875	22.735999772640003
944	15466496	10	10.4	7.102112361825882	22.0	0.0	10	14.6	13.727344972717775	40.0	0.0	-0.011579933604183426	-2.226572781569289	0.04370268709347142	7.306249981734376	20.58599979414
948	15532032	10	5.2	11.685888926393234	40.0	0.0	10	12.9	15.14232478848608	40.0	0.0	-0.011010627597054061	-2.25384553498394	0.038852322629175866	7.318999981702501	21.72899978271
952	15597568	10	8.1	7.39526875779373	24.0	1.0	10	18.9	14.74754216810381	40.0	0.0	-0.011578501354967755	-2.253119704389317	0.036171827422722784	7.2949999817625	22.640999773590003
956	15663104	10	11.8	11.651609330903607	40.0	0.0	10	13.6	13.116401945655676	40.0	0.0	-0.010932081062566117	-2.275738435249896	0.03681568993104829	7.298749981753125	20.61899979381
960	15728640	10	8.3	12.506398362438325	40.0	0.0	10	16.6	15.81897594662815	40.0	1.0	-0.009959386264071623	-2.282723071436722	0.044319953357375125	7.320249981699375	18.917999810820003
964	15794176	10	11.8	14.606847709208173	40.0	0.0	10	15.7	14.498620624045584	40.0	0.0	-0.010504530671335994	-2.291253596305593	0.033790023256609195	7.330249981674375	19.888999801110003
968	15859712	10	17.2	18.65368596283319	40.0	0.0	10	19.1	14.060227594174997	40.0	5.0	-0.010982940833317809	-2.2613395797837588	0.0324793409250682	7.343999981640001	35.26099964739001
972	15925248	10	14.0	17.187204542915058	40.0	0.0	10	23.7	16.619566781357445	40.0	1.0	-0.010597135026533836	-2.2589600232870684	0.033430558063177566	7.342249981644375	23.472999765270004
976	15990784	10	9.6	11.508257904652641	40.0	0.0	10	20.5	17.414074767267998	41.0	0.0	-0.010926454380219395	-2.2575457615288883	0.0295082775767578	7.3689999815775	22.781999772180004
980	16056320	10	9.3	11.419719786404569	40.0	0.0	10	12.3	18.144145061148514	40.0	0.0	-0.010294503235388776	-2.2754666778061785	0.022580109767126343	7.297499981756251	27.191999728080006
984	16121856	10	16.7	16.959068370638757	40.0	0.0	10	17.2	15.561490931141527	40.0	0.0	-0.01123324514026544	-2.2552147679165238	0.03228553793600039	7.363749981590625	23.671999763280006
988	16187392	10	16.5	16.194134740701646	40.0	0.0	10	20.2	16.53360214835231	40.0	1.0	-0.010883286812489595	-2.2497060296576232	0.02812631053479462	7.318249981704375	24.592999754070004
992	16252928	10	5.4	11.714947716485977	40.0	0.0	10	20.8	16.178998732925347	40.0	1.0	-0.010620721876679073	-2.2525110118228264	0.030325734111581112	7.300749981748125	20.772999792270003
996	16318464	10	10.5	12.118168178400563	40.0	1.0	10	17.7	15.98780785473731	40.0	1.0	-0.010886213454874913	-2.2696803433319	0.03062110716002846	7.30149998174625	19.930999800690003
1000	16384000	10	8.1	7.175653280364095	25.0	1.0	10	9.6	13.001538370516007	40.0	0.0	-0.010424938248257609	-2.271490206084467	0.033064327024670145	7.3117499817206255	21.974999780250005
1004	16449536	10	8.7	6.0174745533321525	20.0	0.0	10	15.6	13.763720427268202	40.0	1.0	-0.008895590505121162	-2.275366566838235	0.030228696430523234	7.340249981649375	20.910999790890006
1008	16515072	10	4.9	3.986226285598949	11.0	0.0	10	11.0	15.073154945133417	40.0	0.0	-0.008928445855700134	-2.2508347007274456	0.03927105738527539	7.300749981748125	20.302999796970003
1012	16580608	10	10.1	10.958558299338467	40.0	0.0	10	9.1	12.242957159118053	40.0	1.0	-0.010458726801033482	-2.2170188225979888	0.03429120605997548	7.321749981695625	16.901999830980003
1016	16646144	10	7.9	6.609841147864296	19.0	0.0	10	13.9	12.136309158883519	40.0	0.0	-0.010183240858320479	-2.212367407747126	0.050850086413304484	7.3427499816431245	16.125999838740004
1020	16711680	10	8.5	7.338255923582933	20.0	0.0	10	16.8	16.412190591142913	40.0	0.0	-0.010742797505466055	-2.198981269964993	0.03828655970660136	7.32849998167875	21.742999782570003
1024	16777216	10	13.9	14.535817830449032	40.0	0.0	10	12.6	14.423591785682232	40.0	1.0	-0.010161850888989165	-2.2040811253278307	0.03505353153861376	7.356999981607499	24.21399975786
1028	16842752	10	18.5	17.861970775925034	40.0	0.0	10	32.0	12.609520212918492	41.0	8.0	-0.010913341392324643	-2.213072719442787	0.02769741489418667	7.345999981635	24.699999753000004
1032	16908288	10	20.2	17.19767426136453	40.0	0.0	10	19.3	14.852945835759316	40.0	0.0	-0.01093218479589381	-2.2185743796501214	0.02842001773819446	7.336749981658126	22.366999776330005
1036	16973824	10	20.1	17.160710940983765	40.0	0.0	10	12.7	15.040279252726659	40.0	0.0	-0.01013046648965707	-2.2531442466018006	0.026670949695725213	7.337749981655625	36.71699963283
1040	17039360	10	13.9	14.369759914487089	40.0	0.0	10	18.9	15.31306631605832	40.0	0.0	-0.009974409832336828	-2.26825391974266	0.027962881913600243	7.30399998174	20.037999799620003
1044	17104896	10	10.4	15.16047492659778	40.0	0.0	10	20.7	16.205246064160825	40.0	2.0	-0.009995092650135033	-2.2565897974008116	0.036323214043028636	7.328749981678125	25.006999749930007
1048	17170432	10	15.1	14.875819305167697	40.0	0.0	10	13.7	10.602358228243375	40.0	0.0	-0.01002579922731916	-2.249997749690285	0.03454654729410016	7.296999981757501	25.627999743720004
1052	17235968	10	10.7	11.739250401963492	40.0	0.0	10	18.5	12.839392508993562	40.0	1.0	-0.010283793794608	-2.2215046333939417	0.04278223584736531	7.316749981708125	19.619999803800003
1056	17301504	10	5.8	5.3999999999999995	14.0	0.0	10	10.0	11.983321743156194	40.0	0.0	-0.010299883068746865	-2.2251660722163065	0.03638364872904236	7.310249981724375	16.51099983489
1060	17367040	10	5.3	5.657738063926254	17.0	0.0	10	21.6	15.90723106011854	40.0	1.0	-0.010300226445439835	-2.234084370002885	0.027272617965424066	7.307249981731875	17.55399982446
1064	17432576	10	18.4	18.467268341582084	41.0	0.0	10	13.0	11.357816691600547	41.0	1.0	-0.010308930300033619	-2.2159530865824624	0.03322175150623937	7.3819999815449995	25.544999744550005
1068	17498112	10	12.2	14.420818284688286	40.0	0.0	10	14.7	13.820636743652587	40.0	0.0	-0.010073879604090398	-2.2480705055239523	0.02952531162186617	7.310499981723751	24.539999754600004
1072	17563648	10	20.2	16.83330033000065	40.0	0.0	10	18.2	18.054362353736007	40.0	0.0	-0.009940517890628586	-2.2617749792961632	0.0291475235298958	7.353249981616875	28.645999713540004
1076	17629184	10	15.4	13.74918179383777	40.0	0.0	10	18.4	15.926079241294763	40.0	0.0	-0.010325852935679013	-2.2389055612337923	0.024993969202542494	7.33549998166125	23.574999764250002
1080	17694720	10	13.9	14.334922392534953	40.0	0.0	10	16.7	13.319534526401439	40.0	0.0	-0.010816339783039296	-2.2521117799121626	0.02559695910628608	7.3329999816675	24.389999756100003
1084	17760256	10	9.5	10.754068997360953	40.0	0.0	10	21.7	16.60150595578606	40.0	0.0	-0.010569430704699203	-2.230584978824959	0.03276091743850685	7.3037499817406255	19.753999802460005
1088	17825792	10	10.4	15.672906558772052	40.0	0.0	10	21.4	18.693314312876673	40.0	0.0	-0.00906907392493664	-2.2180251501673687	0.0343681703829107	7.307249981731875	24.8299997517
1092	17891328	10	8.6	12.208193969625482	40.0	0.0	10	23.5	17.048460341039597	40.0	0.0	-0.009422402401094128	-2.243712683285007	0.0319516397591304	7.353749981615625	32.85199967148
1096	17956864	10	19.3	17.646812743382302	40.0	1.0	10	21.0	16.655329477377503	40.0	0.0	-0.009766886436604824	-2.2670891406757416	0.03064029353041165	7.305499981736251	40.43199959568001
1100	18022400	10	15.0	17.08800749063506	40.0	0.0	10	15.6	16.841615124446943	40.0	0.0	-0.009494989352708684	-2.292703995863192	0.028583538987179892	7.2957499817606255	25.164999748350002
1104	18087936	10	17.8	15.321879780235845	40.0	0.0	10	15.4	14.813507349712966	40.0	0.0	-0.009718727491617958	-2.274980254234325	0.0348686811400267	7.3549999816125	27.117999728820003
1108	18153472	10	9.9	11.36177802986839	40.0	0.0	10	26.0	17.838161340227867	41.0	0.0	-0.01063141567172566	-2.283084260682862	0.029236351660666956	7.3039999817400005	26.65599973344
1112	18219008	10	12.4	15.376605607220341	40.0	0.0	10	19.1	17.626400653565096	41.0	0.0	-0.009885833860790703	-2.2611428645878053	0.029828802427118987	7.330749981673125	20.237999797620002
1116	18284544	10	17.0	18.873261509341727	40.0	0.0	10	15.7	13.863982111933064	40.0	0.0	-0.010382882742740084	-2.2612577426064906	0.03084711714636827	7.3187499817031245	21.05399978946
1120	18350080	10	15.5	14.800337833982034	40.0	0.0	10	15.7	13.327040181525678	40.0	2.0	-0.010563828058478457	-2.2517451616762947	0.03334763632196634	7.315499981711251	21.868999781310002
1124	18415616	10	15.9	16.440498775888766	40.0	0.0	10	16.4	15.951175505272332	40.0	0.0	-0.010317463506742857	-2.252416416768051	0.029210167448874155	7.292999981767501	50.37399949626001
1128	18481152	10	8.8	15.657586020839867	40.0	0.0	10	10.6	13.146862743635836	40.0	0.0	-0.009145575778304677	-2.27768127844847	0.035866560042048856	7.300999981747499	31.289999687100003
1132	18546688	10	11.5	15.730543537970963	40.0	0.0	10	11.0	12.280065146407	40.0	0.0	-0.009731550047537974	-2.25299805379287	0.031902829705673943	7.33449998166375	20.544999794550005
1136	18612224	10	18.0	18.670832868407345	40.0	0.0	10	19.9	18.0911580613293	40.0	0.0	-0.009103251763272705	-2.252096108857642	0.035294363698350005	7.336749981658126	22.589999774100004
1140	18677760	10	13.1	11.7	40.0	1.0	10	12.3	11.21650569473399	40.0	1.0	-0.009735124356864931	-2.2324668837248374	0.03271479291190168	7.3504999816237495	16.770999832290002
1144	18743296	10	17.1	13.38992158304148	41.0	0.0	10	13.9	17.5410946066658	40.0	0.0	-0.00982641622389676	-2.2420837702998524	0.0407909161640371	7.320249981699376	21.215999787840005
1148	18808832	10	14.1	14.053113534018003	40.0	0.0	10	17.7	15.786386540307442	40.0	0.0	-0.009904795875808224	-2.222471726205902	0.03663757726323681	7.281999981795	27.506999724930004
1152	18874368	10	16.6	17.240649639732258	40.0	0.0	10	10.8	15.104966070799364	40.0	0.0	-0.01017634289155571	-2.2382208305252647	0.03230685784998648	7.349249981626875	21.851999781480004
1156	18939904	10	18.1	18.19587865424476	41.0	0.0	10	11.1	15.009663553857562	40.0	0.0	-0.010610993285916291	-2.237138849760511	0.030327001544592263	7.32849998167875	23.108999768910007
1160	19005440	10	17.8	15.490642336585013	40.0	0.0	10	24.2	14.688771221582831	40.0	0.0	-0.010032213861920948	-2.2647436432664834	0.031218490540678552	7.3149999817125	20.700999792990004
1164	19070976	10	22.4	16.517869111964778	40.0	0.0	10	17.6	13.215142829345433	40.0	1.0	-0.009581885646399219	-2.25729828056028	0.037773699010668085	7.3049999817375	21.979999780200004
1168	19136512	10	14.3	14.704081066153028	40.0	0.0	10	14.8	13.797101144805744	40.0	0.0	-0.009802602962927828	-2.253240888082713	0.03912118565814976	7.33549998166125	18.31599981684
1172	19202048	10	16.0	14.436065946094871	40.0	0.0	10	22.0	12.601587201618692	40.0	4.0	-0.009337159748244865	-2.2811780619231867	0.03825250286986573	7.267749981830625	26.057999739420005
1176	19267584	10	14.0	17.326280616450838	40.0	0.0	10	9.9	12.144546101028231	40.0	0.0	-0.00934632316202279	-2.280125908316087	0.035355139423048985	7.264249981839375	25.533999744660004
1180	19333120	10	10.9	11.370576062803503	40.0	0.0	10	10.9	12.69212354178764	40.0	0.0	-0.010307469593335063	-2.2621920354791403	0.03894073670945244	7.304999981737501	17.590999824090005
1184	19398656	10	13.5	14.773286702694158	40.0	0.0	10	16.8	12.936769303036984	40.0	1.0	-0.00996110159897016	-2.270232031506249	0.032791612491786776	7.312499981718751	25.989999740100004
1188	19464192	10	12.2	11.822013364905319	41.0	0.0	10	6.4	7.605261336732618	24.0	0.0	-0.01043691891282345	-2.2624429114289737	0.03344683696089843	7.28349998179125	17.645999823540002
1192	19529728	10	17.5	16.00781059358212	40.0	0.0	10	22.8	16.09844713008059	40.0	0.0	-0.010920477908635727	-2.271362182758083	0.0314317728592869	7.32049998169875	43.55599956444001
1196	19595264	10	8.7	8.450443775329198	25.0	0.0	10	20.8	16.575886099994776	40.0	0.0	-0.010813758855354662	-2.2603109004725903	0.03460446416893622	7.332249981669375	21.566999784330005
1200	19660800	10	14.8	17.028211884986632	40.0	0.0	10	16.1	14.293005282305048	40.0	0.0	-0.009901899581442112	-2.285649475713901	0.04057093261085657	7.3352499816618755	20.066999799330002
1204	19726336	10	7.0	7.26636084983398	18.0	0.0	10	8.5	11.191514642799696	40.0	0.0	-0.009945468498269825	-2.2581245549154465	0.031243783923026274	7.316249981709374	18.697999813020004
1208	19791872	10	14.0	13.820274961085254	40.0	0.0	10	9.5	11.715374513859981	40.0	0.0	-0.009383288160211403	-2.2447375578330178	0.03725643207241434	7.310249981724375	21.485999785140002
1212	19857408	10	22.2	15.765785740013087	40.0	0.0	10	9.1	12.50959631642844	40.0	0.0	-0.009627543524612217	-2.238443977897646	0.03522197882433157	7.35599998161	24.305999756940004
1216	19922944	10	13.3	17.510282693320516	40.0	0.0	10	6.9	6.7	17.0	0.0	-0.00950075595778361	-2.2506485802571	0.034394047976148395	7.3109999817225	20.379999796200003
1220	19988480	10	9.9	12.372954376380768	40.0	0.0	10	15.4	14.221111067704943	40.0	1.0	-0.009331725633817659	-2.2324162023920953	0.044943602847996915	7.32349998169125	15.537999844620003
1224	20054016	10	10.9	14.767870530310049	40.0	0.0	10	16.7	15.133076356114774	40.0	0.0	-0.009747145684332555	-2.2475404165827513	0.03350069379317854	7.3509999816225005	21.918999780810005
1228	20119552	10	9.7	15.29084693534011	40.0	0.0	10	9.8	12.929037087115189	40.0	0.0	-0.008922640509788896	-2.261099003019836	0.03487182254927821	7.3112499817218755	18.288999817110003
1232	20185088	10	6.1	11.835962149314266	40.0	0.0	10	8.3	12.215154522149934	40.0	0.0	-0.009248140507171035	-2.290751293062962	0.033115833159967065	7.336499981658751	19.951999800480007
1236	20250624	10	12.8	14.938540758722052	40.0	0.0	10	22.3	18.105524018928588	40.0	0.0	-0.00944432620015958	-2.3126838751211736	0.028507981892654764	7.3209999816975	18.82799981172
1240	20316160	10	20.2	17.405746177627663	40.0	0.0	10	17.1	16.096272860510286	40.0	0.0	-0.009453555793622635	-2.2900295304853446	0.03326518912841195	7.331249981671875	29.936999700630007
1244	20381696	10	18.8	17.668050260286222	40.0	0.0	10	4.5	4.177319714841085	13.0	0.0	-0.009763323807615156	-2.3029441781426656	0.02739938099893626	7.31949998170125	34.161999658380005
1248	20447232	10	6.9	6.487680633323437	19.0	0.0	10	17.8	15.223665787188052	40.0	0.0	-0.009704112241605401	-2.315292544421776	0.025733885837676978	7.226249981934376	16.89699983103
1252	20512768	10	18.3	18.011385288200348	40.0	0.0	10	14.8	16.85704600456438	40.0	0.0	-0.010510026233650563	-2.3082374282260374	0.031581124229326574	7.317249981706874	22.953999770460005
1256	20578304	10	12.7	15.218738449687608	40.0	0.0	10	13.6	14.058449416631976	40.0	1.0	-0.009846686863546802	-2.273299415669468	0.027690332088994688	7.275499981811249	39.52399960476001
1260	20643840	10	11.6	15.59615337190552	40.0	0.0	10	14.1	13.874076545846213	40.0	1.0	-0.01044916574404539	-2.265684187176253	0.027976756214043916	7.2952499817618754	23.129999768700003
1264	20709376	10	7.4	6.636264009214824	16.0	0.0	10	17.3	16.673631877908303	40.0	0.0	-0.010006434828805083	-2.2643427349751852	0.02935697176808784	7.276249981809375	18.013999819860004
1268	20774912	10	10.8	11.779643458101777	40.0	0.0	10	13.5	14.793579688500008	40.0	0.0	-0.009398102211213831	-2.260031386974472	0.03528670203737286	7.329749981675626	16.823999831760005
1272	20840448	10	9.6	12.15072014326723	40.0	0.0	10	20.3	16.917742166140258	40.0	0.0	-0.009847076942186374	-2.256714634362227	0.039291418075814835	7.342249981644376	19.73199980268
1276	20905984	10	14.2	13.998571355677692	40.0	0.0	10	18.9	15.022982393652732	40.0	1.0	-0.008807822542007262	-2.230413814153397	0.03779470066456689	7.322999981692501	20.031999799680005
1280	20971520	10	9.0	11.260550608207398	40.0	0.0	10	24.4	16.044936896105263	40.0	1.0	-0.010047477101442598	-2.228422047959102	0.03184765121024527	7.346499981633751	20.120999798790002
1284	21037056	10	25.4	18.10635247641004	40.0	0.0	10	15.9	16.434415109762806	40.0	0.0	-0.010404246191205896	-2.2052068559018445	0.03868308265212926	7.351999981620001	25.167999748320003
1288	21102592	10	10.4	15.12084653714864	40.0	0.0	10	20.1	16.914195221765652	40.0	0.0	-0.009958213766542752	-2.227783053881327	0.044549200407555875	7.33049998167375	19.497999805020005
1292	21168128	10	7.0	11.40175425099138	40.0	0.0	10	22.8	17.78651174345324	40.0	0.0	-0.008516164207040936	-2.26685677941869	0.03789340646077105	7.305749981735625	22.828999771710006
1296	21233664	10	12.9	14.942891286494726	40.0	0.0	10	13.2	11.417530380953666	40.0	1.0	-0.009790051535867	-2.2568714516990878	0.03808458168438975	7.31849998170375	20.566999794330002
1300	21299200	10	14.5	14.650938536489736	40.0	0.0	10	16.5	14.382280764885659	40.0	0.0	-0.00801474023720892	-2.255250798924287	0.03185651026101495	7.21749998195625	20.878999791210006
1304	21364736	10	6.3	6.84178339323893	21.0	0.0	10	15.6	13.843409984537768	40.0	0.0	-0.00962389832805555	-2.257727374397973	0.03779259457557738	7.268749981828126	18.078999819210004
1308	21430272	10	18.0	13.718600511714014	40.0	0.0	10	18.3	18.40135864549137	40.0	0.0	-0.00916029049065781	-2.2883751961191954	0.02443723605380711	7.22949998192625	22.633999773660005
1312	21495808	10	16.6	13.632314550361578	40.0	0.0	10	18.2	15.85433694608513	41.0	1.0	-0.00974409821496979	-2.2862554662031616	0.02492938521252482	7.280499981798749	21.419999785800005
1316	21561344	10	13.6	14.1718029904455	40.0	0.0	10	28.1	14.665946952038247	40.0	7.0	-0.00960427199506739	-2.2709408449747905	0.03339577642464831	7.27449998181375	23.171999768280003
1320	21626880	10	15.5	16.590660023037056	40.0	0.0	10	14.7	13.878400484205663	40.0	0.0	-0.010075679859115559	-2.295179943004581	0.029922596156429386	7.3149999817125	21.659999783400004
1324	21692416	10	10.9	15.371727293964073	40.0	0.0	10	10.7	15.03362896974646	41.0	0.0	-0.009231914457155634	-2.2901919754940825	0.031068507035441426	7.324499981688751	22.488999775110006
1328	21757952	10	6.5	11.368817000902073	40.0	0.0	10	19.2	15.848028268526026	40.0	0.0	-0.009693241929401793	-2.250723220173512	0.036452242460495686	7.31199998172	19.935999800640005
1332	21823488	10	5.2	7.717512552629896	26.0	0.0	10	18.9	14.962954253756175	40.0	2.0	-0.010224594877850556	-2.2534928617514214	0.03631174775471159	7.3184999817037495	20.915999790840004
1336	21889024	10	1.7	2.051828452868319	5.0	0.0	10	13.1	14.07444492688788	40.0	1.0	-0.009832235668188534	-2.2548429640765613	0.03092678831956122	7.31149998172125	16.000999839990005
1340	21954560	10	22.7	15.874822833657076	40.0	0.0	10	9.0	11.445523142259598	40.0	0.0	-0.010042283265814298	-2.285064592719469	0.0275146432657936	7.30349998174125	21.089999789100002
1344	22020096	10	27.4	16.01998751560063	40.0	2.0	10	22.7	15.1594854793954	40.0	1.0	-0.009926704111600342	-2.2693810907622556	0.025455674774776674	7.292249981769375	40.689999593100005
1348	22085632	10	20.9	16.244691440590678	40.0	0.0	10	25.5	15.894967757123636	40.0	0.0	-0.009986534300141603	-2.2857089934352297	0.02792433658711927	7.30349998174125	47.70199952298
1352	22151168	10	18.6	17.715529910222838	40.0	0.0	10	19.0	14.825653442597396	40.0	0.0	-0.010004116686881573	-2.263968966665472	0.030071800707345695	7.314749981713125	25.266999747330004
1356	22216704	10	21.2	16.99293971036207	40.0	0.0	10	16.4	13.131641176943573	40.0	3.0	-0.009470493301325393	-2.25201822048809	0.026734660124570545	7.308749981728125	25.834999741650005
1360	22282240	10	23.4	17.01293625450939	41.0	1.0	10	18.4	15.265647709809107	40.0	2.0	-0.008950127898947283	-2.2611401699611564	0.02492592126492294	7.249999981875	22.506999774930005
1364	22347776	10	12.8	14.558846108122717	40.0	0.0	10	16.3	15.678328992593567	40.0	0.0	-0.010119362442165769	-2.2685326335451275	0.02226184688587057	7.331249981671875	21.725999782740004
1368	22413312	10	15.2	17.028211884986632	40.0	0.0	10	16.7	15.741982086128797	40.0	0.0	-0.00945297299184312	-2.2665225885931033	0.028297695755183965	7.347249981631875	23.445999765540005
1372	22478848	10	25.1	15.7	40.0	1.0	10	27.4	14.499655168313486	40.0	1.0	-0.009965063726539188	-2.275994308055783	0.030178671292145336	7.30949998172625	25.827999741720003
1376	22544384	10	16.5	15.79398619728408	40.0	1.0	10	15.8	13.84774349849101	40.0	0.0	-0.010014380058103622	-2.2565630150470954	0.025051152389215375	7.3009999817475	27.557999724420004
1380	22609920	10	13.3	15.369124893760215	40.0	0.0	10	23.5	14.988328792764054	40.0	0.0	-0.010077922519042128	-2.270567215742582	0.02904891164205124	7.337499981656251	34.90399965096001
1384	22675456	10	25.0	15.251229458637097	40.0	5.0	10	21.3	17.274547750954294	41.0	0.0	-0.010125417508643576	-2.258921287718549	0.024876983678481436	7.336499981658751	32.602999673970004
1388	22740992	10	11.8	15.111584959890873	40.0	0.0	10	12.6	14.914422550001726	40.0	0.0	-0.009505510006642582	-2.2879944938024743	0.025523607965694025	7.3344999816637495	19.511999804880002
1392	22806528	10	18.2	16.048675957847735	40.0	1.0	10	23.3	17.170032032585144	40.0	0.0	-0.00931200430350158	-2.2886495861013905	0.0288379937380315	7.355749981610625	22.026999779730005
1396	22872064	10	16.6	19.329769786523585	41.0	0.0	10	20.4	17.054031781370647	40.0	0.0	-0.008661422799991353	-2.2778662068259203	0.03699343142800873	7.364749981588126	20.098999799010002
1400	22937600	10	14.1	14.109925584495475	40.0	0.0	10	17.5	15.73689931339716	40.0	0.0	-0.00968125733581884	-2.272138694685448	0.02810385374758079	7.3597499816006255	24.685999753140003
1404	23003136	10	4.3	5.1778373863998475	17.0	0.0	10	9.1	15.488382743204662	40.0	0.0	-0.008585056650508764	-2.272698888939311	0.029692028587850743	7.277249981806875	15.226999847730003
1408	23068672	10	21.7	16.20524606416083	40.0	2.0	10	26.3	14.731259280862583	40.0	3.0	-0.008528418901147736	-2.2671322000645335	0.029470958414056395	7.325249981686875	21.813999781860005
1412	23134208	10	16.0	16.90562036720333	40.0	0.0	10	19.9	17.71694104522561	40.0	0.0	-0.009794430503047702	-2.248380643391848	0.025024872367612718	7.296749981758126	21.404999785950004
1416	23199744	10	9.7	15.479341071247188	40.0	0.0	10	13.9	14.017489076150552	40.0	1.0	-0.009564825456349823	-2.260525432490276	0.024442668836734068	7.289749981775626	23.391999766080005
1420	23265280	10	18.2	15.451860729374957	40.0	0.0	10	28.7	14.893287078412207	41.0	6.0	-0.009990781589466737	-2.2690059068422292	0.03437939621538053	7.317249981706874	24.978999750210004
1424	23330816	10	15.3	13.446560898608983	40.0	1.0	10	18.0	15.754364474646383	40.0	0.0	-0.010383554619218022	-2.248814940218324	0.029778390964495645	7.324749981688125	24.768999752310002
1428	23396352	10	8.8	11.956588142108098	40.0	0.0	10	25.5	18.078993334807112	40.0	0.0	-0.010369596194152422	-2.2407049608876752	0.0301334402919402	7.305249981736875	20.529999794700004
1432	23461888	10	7.3	8.1	25.0	0.0	10	14.5	15.074813431681335	40.0	0.0	-0.008657946420203235	-2.264843885861351	0.03262546793993957	7.331249981671875	15.555999844440002
1436	23527424	10	11.4	12.768711759609895	40.0	0.0	10	18.0	18.17690842800282	40.0	0.0	-0.009506853565572924	-2.2773100408526328	0.032015486432707366	7.338749981653125	20.564999794350005
1440	23592960	10	10.6	12.379014500355025	40.0	0.0	10	15.8	15.67673435381234	40.0	0.0	-0.00991464664445125	-2.2405576852610314	0.03703887251906463	7.337999981655	24.995999750040003
1444	23658496	10	6.2	6.910861017268399	25.0	0.0	10	24.1	16.729913329123974	40.0	1.0	-0.00956013400134154	-2.2569214823477908	0.03063370355008202	7.307249981731875	25.379999746200003
1448	23724032	10	21.5	15.995311813153252	40.0	0.0	10	18.1	15.208221460775748	41.0	3.0	-0.009405262105176726	-2.252589116259216	0.03009562906107604	7.326249981684375	18.956999810430005
1452	23789568	10	17.5	16.414932226482083	40.0	3.0	10	20.4	14.40971894243604	40.0	0.0	-0.009549992672181859	-2.2507981481790407	0.03211751387818504	7.329749981675625	22.760999772390004
1456	23855104	10	10.8	14.985326155943353	40.0	0.0	10	14.4	13.770983988081607	40.0	0.0	-0.009414668649928942	-2.2469415960355508	0.03194046198678593	7.33049998167375	22.563999774360003
1460	23920640	10	13.1	17.660407696313243	40.0	0.0	10	14.7	17.029679973505083	40.0	0.0	-0.009836303864667653	-2.265326432647768	0.030843065058859306	7.299749981750625	17.580999824190002
1464	23986176	10	8.6	6.135144660071187	19.0	0.0	10	18.7	15.32351134694656	40.0	0.0	-0.009500397500455827	-2.2369443275187804	0.034004470504537844	7.3587499816031245	20.645999793540003
1468	24051712	10	17.1	16.53148511174964	40.0	1.0	10	28.1	14.665946952038249	40.0	7.0	-0.008982878948673868	-2.24903256174343	0.03461788778686404	7.280749981798125	24.324999756750003
1472	24117248	10	18.1	15.06286825275983	40.0	1.0	10	22.7	17.62980430974774	40.0	0.0	-0.009744508341297906	-2.2766753929468724	0.026024385663142944	7.3197499817006255	24.535999754640006
1476	24182784	10	16.8	15.99874995116806	40.0	0.0	10	19.2	17.65106229097841	40.0	0.0	-0.009916935636463241	-2.2893752502997136	0.026776552779604765	7.25649998185875	24.185999758140003
1480	24248320	10	22.0	13.798550648528272	40.0	1.0	10	24.8	16.575886099994776	40.0	0.0	-0.009286322792470929	-2.289642380932881	0.024473961381951934	7.2477499818806255	31.929999680700003
1484	24313856	10	8.1	12.3	40.0	0.0	10	15.2	13.422369388450015	40.0	0.0	-0.00838886994980009	-2.3030368807499695	0.026031936283305638	7.273749981815625	20.125999798740004
1488	24379392	10	15.2	17.59431726438966	40.0	0.0	10	11.4	11.297787393998881	40.0	0.0	-0.009344608665072038	-2.303117637593051	0.033706374559920906	7.337249981656874	19.927999800720006
1492	24444928	10	14.9	17.683042724599183	40.0	0.0	10	23.4	15.226293048539425	40.0	0.0	-0.009330336085984563	-2.2791453473379355	0.02784123490662563	7.330999981672501	35.62499964375001
1496	24510464	10	20.3	17.464535493393463	40.0	0.0	10	22.9	13.011149065320865	40.0	3.0	-0.009043059242956232	-2.271611101688747	0.03658216605357983	7.365749981585625	22.40099977599
1500	24576000	10	17.2	16.135674761223964	40.0	0.0	10	20.2	14.469277798148738	40.0	1.0	-0.010122216109121543	-2.2750092543775318	0.027272829181622948	7.349749981625625	26.195999738040005
1504	24641536	10	13.9	12.193850909372314	40.0	0.0	10	27.5	15.869782607206691	40.0	0.0	-0.010010891301911604	-2.269813500108314	0.025782174311686595	7.301749981745625	24.186999758130003
1508	24707072	10	16.8	18.956792977716457	40.0	0.0	10	18.9	13.284953895290716	40.0	1.0	-0.009819315071164998	-2.233253155912783	0.0282263700665685	7.36349998159125	25.098999749010005
1512	24772608	10	15.4	14.554724318928203	40.0	0.0	10	21.9	16.627988453207443	41.0	1.0	-0.008902624033890206	-2.2194635294549387	0.02905608239901885	7.3489999816275	20.367999796320003
1516	24838144	10	17.1	16.071403174583107	40.0	0.0	10	24.2	16.630093204789922	40.0	2.0	-0.00989054908392719	-2.2275191418989775	0.02950684739512675	7.394999981512501	21.51599978484
1520	24903680	10	8.2	11.285388783732706	40.0	0.0	10	26.7	14.360013927569847	40.0	0.0	-0.010115264879921723	-2.2506176156441424	0.028213576061506162	7.312249981719376	24.527999754720003
1524	24969216	10	11.5	12.940247292845681	40.0	0.0	10	20.7	16.964963896218585	40.0	0.0	-0.008599526161877664	-2.294636671502779	0.03153530639888672	7.321749981695625	24.583999754160004
