iter	frame	n_test	mean_returns	std_returns	max_returns	min_returns	n_test_train	mean_returns_train	std_returns_train	max_returns_train	min_returns_train	actor_loss	entropy_loss	value_loss	training_time	evaluation_time
0	0	10	2.0	4.0	10.0	0.0	10	4.0	4.898979485566356	10.0	0.0	0	0	0	0.0	17.880999821190002
4	65536	10	5.0	5.0	10.0	0.0	10	4.0	4.898979485566356	10.0	0.0	-0.0011819637073718938	-2.621412363872056	0.6121370577547081	8.3869999790325	13.046999869530003
8	131072	10	2.0	4.0	10.0	0.0	10	4.0	4.898979485566356	10.0	0.0	-0.004352588282473777	-2.6038304937153742	0.5253119744434128	7.71049998072375	16.4699998353
12	196608	10	9.0	3.0	10.0	0.0	10	4.0	4.898979485566356	10.0	0.0	-0.004919877782203773	-2.592777227091916	0.6785582477140903	7.658249980854376	9.41399990586
16	262144	10	9.0	3.0	10.0	0.0	10	6.0	4.898979485566356	10.0	0.0	-0.004984588177433066	-2.559776221445787	0.9474512275563205	7.709999980724999	15.842999841570002
20	327680	10	4.0	4.898979485566356	10.0	0.0	10	6.0	4.898979485566356	10.0	0.0	-0.0070945636754799505	-2.5302078721271837	0.8399835032467259	7.7254999806862505	16.40699983593
24	393216	10	4.0	4.898979485566356	10.0	0.0	10	6.0	4.898979485566356	10.0	0.0	-0.005376035936373472	-2.529608855381361	0.8705961721973731	7.704249980739375	14.086999859130001
28	458752	10	5.0	5.0	10.0	0.0	10	8.0	4.0	10.0	0.0	-0.0074148030827480066	-2.5296221795029936	0.7939394376344973	7.726249980684376	16.613999833860003
32	524288	10	5.0	5.0	10.0	0.0	10	8.0	4.0	10.0	0.0	-0.005677953537709093	-2.491215298313674	0.5243318263516027	7.712999980717499	13.611999863880003
36	589824	10	6.0	4.898979485566356	10.0	0.0	10	6.0	4.898979485566356	10.0	0.0	-0.007897758862869022	-2.439223820710409	0.6457209167329383	7.67599998081	16.451999835480006
40	655360	10	6.0	4.898979485566356	10.0	0.0	10	5.0	5.0	10.0	0.0	-0.009047003786961029	-2.443588345988364	0.5240878732329064	7.707749980730625	16.453999835460003
44	720896	10	8.0	4.0	10.0	0.0	10	8.0	4.0	10.0	0.0	-0.009597787901748908	-2.398991952089913	0.5584038930052987	7.6909999807725	5.283999947160001
48	786432	10	5.0	5.0	10.0	0.0	10	7.0	4.58257569495584	10.0	0.0	-0.008563582535940311	-2.3385039441335103	0.5486247569992865	7.70049998074875	8.73699991263
52	851968	10	4.0	4.898979485566356	10.0	0.0	10	8.0	4.0	10.0	0.0	-0.007304412474541162	-2.3626156248174723	0.5485288754775947	7.723249980691875	8.94899991051
56	917504	10	5.0	5.0	10.0	0.0	10	6.0	4.898979485566356	10.0	0.0	-0.009584998017303895	-2.346065563215809	0.44804856300653884	7.6777499808056255	9.540999904590002
60	983040	10	2.0	4.0	10.0	0.0	10	5.0	5.0	10.0	0.0	-0.010143478496961423	-2.382500774910228	0.42400670512819255	7.667749980830625	11.426999885730002
64	1048576	10	5.0	5.0	10.0	0.0	10	8.0	4.0	10.0	0.0	-0.008402013029842871	-2.362194180242524	0.3939397505384608	7.6852499807868755	8.82099991179
68	1114112	10	9.0	3.0	10.0	0.0	10	7.0	4.58257569495584	10.0	0.0	-0.009846176039177977	-2.310998094337855	0.4434804748281813	7.690249980774376	9.997999900020002
72	1179648	10	3.0	4.58257569495584	10.0	0.0	10	7.0	4.58257569495584	10.0	0.0	-0.010460054850047511	-2.3374892719138627	0.34852575196668945	7.555749981110626	16.279999837200005
76	1245184	10	5.0	5.0	10.0	0.0	10	9.0	3.0	10.0	0.0	-0.009521476906450348	-2.348549189422266	0.3113467326684325	7.7162499807093745	14.199999858000002
80	1310720	10	4.0	4.898979485566356	10.0	0.0	10	8.0	4.0	10.0	0.0	-0.010367272481270699	-2.3430587721410516	0.3519091736158725	7.6522499808693745	11.158999888410003
84	1376256	10	4.0	4.898979485566356	10.0	0.0	10	8.0	4.0	10.0	0.0	-0.009739753653367322	-2.349013663583684	0.31463716905391004	7.684749980788125	16.494999835050002
88	1441792	10	6.0	4.898979485566356	10.0	0.0	10	9.0	3.0	10.0	0.0	-0.010793731483709447	-2.345964960509546	0.28384058438389215	7.7159999807099995	9.862999901370001
92	1507328	10	4.0	4.898979485566356	10.0	0.0	10	7.0	4.58257569495584	10.0	0.0	-0.009495751890043806	-2.3495599078671443	0.3146276565251339	7.66399998084	9.382999906170001
96	1572864	10	4.0	4.898979485566356	10.0	0.0	10	7.0	4.58257569495584	10.0	0.0	-0.008432410229671297	-2.330332077796903	0.349494093527002	7.663249980841876	13.519999864800003
100	1638400	10	6.0	4.898979485566356	10.0	0.0	10	8.0	4.0	10.0	0.0	-0.008717269606678736	-2.2990305421341746	0.3692226996260724	7.598499981003751	10.136999898630002
104	1703936	10	3.0	4.58257569495584	10.0	0.0	10	7.0	4.58257569495584	10.0	0.0	-0.009898721251556351	-2.2700390540182283	0.3138437387206565	7.6369999809075	16.450999835490002
108	1769472	10	4.0	4.898979485566356	10.0	0.0	10	7.0	4.58257569495584	10.0	0.0	-0.009099962462906744	-2.270594755571992	0.2371097054706387	7.6937499807656256	10.116999898830002
112	1835008	10	5.0	5.0	10.0	0.0	10	9.0	3.0	10.0	0.0	-0.008501713439751509	-2.1886968163356166	0.3510913188824409	7.6934999807662505	16.888999831110002
116	1900544	10	9.0	3.0	10.0	0.0	10	4.0	4.898979485566356	10.0	0.0	-0.007639454822424371	-2.1731592811863893	0.4060229200757299	7.696249980759375	13.255999867440002
120	1966080	10	6.0	4.898979485566356	10.0	0.0	10	5.0	5.0	10.0	0.0	-0.007412020577083012	-2.2636022888249596	0.38344718201437855	7.640749980898125	16.631999833680005
124	2031616	10	5.0	5.0	10.0	0.0	10	6.0	4.898979485566356	10.0	0.0	-0.007661122381665233	-2.3012850952731494	0.29977447226004433	7.7012499807468755	16.720999832790003
128	2097152	10	4.0	4.898979485566356	10.0	0.0	10	9.0	3.0	10.0	0.0	-0.007302497015641129	-2.3539335154028453	0.3317859908220268	7.77449998056375	11.636999883630002
132	2162688	10	4.0	4.898979485566356	10.0	0.0	10	9.0	3.0	10.0	0.0	-0.007011427676719568	-2.349173078689646	0.359440127660642	7.7327499806681255	8.735999912640002
136	2228224	10	7.0	4.58257569495584	10.0	0.0	10	8.0	4.0	10.0	0.0	-0.0077487512648493516	-2.367835268131608	0.34163930341147036	7.748249980629375	16.453999835460003
140	2293760	10	6.0	4.898979485566356	10.0	0.0	10	6.0	4.898979485566356	10.0	0.0	-0.007598499592067787	-2.3793687917297133	0.29673619285860153	7.700749980748125	16.883999831160004
144	2359296	10	7.0	4.58257569495584	10.0	0.0	10	6.0	4.898979485566356	10.0	0.0	-0.00727195495028396	-2.3390133974499867	0.3001701766312369	7.789999980525	16.6299998337
148	2424832	10	4.0	4.898979485566356	10.0	0.0	10	7.0	4.58257569495584	10.0	0.0	-0.007092763243406487	-2.328897803779242	0.38806288809508943	7.808499980478751	9.728999902710001
152	2490368	10	8.0	4.0	10.0	0.0	10	6.0	4.898979485566356	10.0	0.0	-0.007781316307144867	-2.3568601208457003	0.31343142064127755	7.68249998079375	10.808999891910002
156	2555904	10	5.0	5.0	10.0	0.0	10	7.0	4.58257569495584	10.0	0.0	-0.007974693031810576	-2.3807003123068466	0.3397513818573201	7.65849998085375	10.434999895650002
160	2621440	10	5.0	5.0	10.0	0.0	10	6.0	4.898979485566356	10.0	0.0	-0.008247035463732979	-2.395626030612787	0.31078598676116437	7.722749980693124	16.600999833990002
164	2686976	10	6.0	4.898979485566356	10.0	0.0	10	6.0	4.898979485566356	10.0	0.0	-0.007785142439790144	-2.362575001768535	0.28280471153715825	7.695499980761251	16.716999832830002
168	2752512	10	6.0	4.898979485566356	10.0	0.0	10	8.0	4.0	10.0	0.0	-0.006183475514831229	-2.367254892738437	0.262543262576034	7.666249980834375	16.747999832520005
172	2818048	10	6.0	4.898979485566356	10.0	0.0	10	4.0	4.898979485566356	10.0	0.0	-0.006837788490778182	-2.3521997926169176	0.20983929782472227	7.711249980721875	17.01399982986
176	2883584	10	3.0	4.58257569495584	10.0	0.0	10	8.0	4.0	10.0	0.0	-0.008596867142552624	-2.350266446425077	0.2646767544905311	7.733749980665624	16.794999832050003
180	2949120	10	4.0	4.898979485566356	10.0	0.0	10	7.0	4.58257569495584	10.0	0.0	-0.008403926039170508	-2.4073885726407833	0.20417320687370089	7.720249980699375	9.403999905960001
184	3014656	10	3.0	4.58257569495584	10.0	0.0	10	5.0	5.0	10.0	0.0	-0.009183484269319577	-2.360662407927182	0.23055251584470252	7.691749980770625	16.787999832120004
188	3080192	10	9.0	3.0	10.0	0.0	10	5.0	5.0	10.0	0.0	-0.0078071314678156	-2.3807173766199385	0.2462669200938712	7.71349998071625	8.94299991057
192	3145728	10	4.0	4.898979485566356	10.0	0.0	10	9.0	3.0	10.0	0.0	-0.00826804276256223	-2.3448062586328677	0.22433859992298125	7.732749980668125	16.419999835800006
196	3211264	10	4.0	4.898979485566356	10.0	0.0	10	8.0	4.0	10.0	0.0	-0.008210525393581485	-2.3082767250716283	0.19218530263302017	7.70799998073	9.515999904840001
200	3276800	10	4.0	4.898979485566356	10.0	0.0	10	4.0	4.898979485566356	10.0	0.0	-0.007187927332637096	-2.3324880672051713	0.16406645717252927	7.64249998089375	16.852999831470004
204	3342336	10	3.0	4.58257569495584	10.0	0.0	10	6.0	4.898979485566356	10.0	0.0	-0.008210633470655874	-2.3406704984650637	0.20397405440657015	7.722749980693124	17.041999829580003
208	3407872	10	6.0	4.898979485566356	10.0	0.0	10	8.0	4.0	10.0	0.0	-0.00755163229205369	-2.3009217254904217	0.22869395819283495	7.75199998062	16.584999834150004
212	3473408	10	4.0	4.898979485566356	10.0	0.0	10	6.0	4.898979485566356	10.0	0.0	-0.008369416398977376	-2.342504362021258	0.2575390889661958	7.690249980774374	14.173999858260002
216	3538944	10	5.0	5.0	10.0	0.0	10	7.0	4.58257569495584	10.0	0.0	-0.00837583466791999	-2.343525252992176	0.19442978522577636	7.71849998070375	3.6229999637700008
220	3604480	10	3.0	4.58257569495584	10.0	0.0	10	8.0	4.0	10.0	0.0	-0.009681365944038137	-2.347643452141515	0.21154912108835325	7.701749980745625	9.25799990742
224	3670016	10	6.0	4.898979485566356	10.0	0.0	10	5.0	5.0	10.0	0.0	-0.0085585106247464	-2.3575263790814036	0.1712373306330735	7.687999980780001	10.491999895080003
228	3735552	10	4.0	4.898979485566356	10.0	0.0	10	5.0	5.0	10.0	0.0	-0.007941604782679038	-2.3448056526523122	0.17657947344418295	7.681999980795	16.851999831480004
232	3801088	10	6.0	4.898979485566356	10.0	0.0	10	8.0	4.0	10.0	0.0	-0.009496421976636173	-2.3304889621889893	0.21218517210918242	7.7327499806681255	16.491999835080005
236	3866624	10	5.0	5.0	10.0	0.0	10	6.0	4.898979485566356	10.0	0.0	-0.007875991773378648	-2.3160409130227024	0.22310467993379213	7.76649998058375	16.83299983167
240	3932160	10	7.0	4.58257569495584	10.0	0.0	10	5.0	5.0	10.0	0.0	-0.008931595741442266	-2.3427384468459547	0.15849873367598175	7.7237499806906245	10.575999894240002
244	3997696	10	5.0	5.0	10.0	0.0	10	7.0	4.58257569495584	10.0	0.0	-0.007819417155076513	-2.3319111339802356	0.20563594412710517	7.71649998070875	16.505999834940003
248	4063232	10	5.0	5.0	10.0	0.0	10	8.0	4.0	10.0	0.0	-0.007125529910976088	-2.35855357821056	0.17636009187463153	7.677749980805625	16.36199983638
252	4128768	10	7.0	4.58257569495584	10.0	0.0	10	8.0	4.0	10.0	0.0	-0.007535515594830581	-2.337135046477053	0.19454319322938785	7.743999980640001	16.721999832780003
256	4194304	10	6.0	4.898979485566356	10.0	0.0	10	5.0	5.0	10.0	0.0	-0.008105828248885658	-2.3228334136371145	0.18428023840554236	7.734249980664376	16.337999836620003
260	4259840	10	6.0	4.898979485566356	10.0	0.0	10	9.0	3.0	10.0	0.0	-0.008936535427871128	-2.3331736646645753	0.21798510971381524	7.683749980790625	16.61799983382
264	4325376	10	4.0	4.898979485566356	10.0	0.0	10	8.0	4.0	10.0	0.0	-0.009442555977862126	-2.318686822808651	0.20378194149633932	7.78649998053375	16.360999836390004
268	4390912	10	4.0	4.898979485566356	10.0	0.0	10	8.0	4.0	10.0	0.0	-0.009129542633328162	-2.30112883176278	0.16893990142063334	7.76749998058125	16.823999831760005
272	4456448	10	7.0	4.58257569495584	10.0	0.0	10	8.0	4.0	10.0	0.0	-0.00775524400079282	-2.333112458144978	0.14758572900527417	7.649999980874999	5.297999947020001
276	4521984	10	4.0	4.898979485566356	10.0	0.0	10	6.0	4.898979485566356	10.0	0.0	-0.007363200975144846	-2.3122337656791454	0.16593479650539703	7.712499980718751	12.617999873820002
280	4587520	10	7.0	4.58257569495584	10.0	0.0	10	10.0	0.0	10.0	10.0	-0.008353844701296001	-2.291242494940505	0.18396787762588218	7.7069999807325	11.368999886310002
284	4653056	10	7.0	4.58257569495584	10.0	0.0	10	8.0	4.0	10.0	0.0	-0.00747564433714657	-2.2984040699988553	0.15944177873013546	7.727999980680001	16.547999834520002
288	4718592	10	7.0	4.58257569495584	10.0	0.0	10	8.0	4.0	10.0	0.0	-0.007228787822749596	-2.3469145171383103	0.14114440370743467	7.732249980669375	9.51399990486
292	4784128	10	4.0	4.898979485566356	10.0	0.0	10	6.0	4.898979485566356	10.0	0.0	-0.008097284264057874	-2.328791531181145	0.16676005595178794	7.720249980699375	16.796999832030004
296	4849664	10	6.0	4.898979485566356	10.0	0.0	10	5.0	5.0	10.0	0.0	-0.008459826587293483	-2.35480808938849	0.1584059166712214	7.72399998069	16.538999834610003
300	4915200	10	7.0	4.58257569495584	10.0	0.0	10	6.0	4.898979485566356	10.0	0.0	-0.008646074424489667	-2.3666060539601674	0.1706701495972563	7.710749980723125	16.808999831910004
304	4980736	10	5.0	5.0	10.0	0.0	10	9.0	3.0	10.0	0.0	-0.007890397706217262	-2.368477175386396	0.22046326502102884	7.734499980663751	9.344999906550003
308	5046272	10	5.0	5.0	10.0	0.0	10	9.0	3.0	10.0	0.0	-0.008349313453173088	-2.3347972057811206	0.18765971233355247	7.7332499806668755	11.837999881620002
312	5111808	10	8.0	4.0	10.0	0.0	10	8.0	4.0	10.0	0.0	-0.008176266784839953	-2.316115612543759	0.19581073016061656	7.754249980614375	16.35099983649
316	5177344	10	5.0	5.0	10.0	0.0	10	7.0	4.58257569495584	10.0	0.0	-0.008243668812661628	-2.341915202393564	0.17123367961575076	7.69199998077	16.53399983466
320	5242880	10	8.0	4.0	10.0	0.0	10	8.0	4.0	10.0	0.0	-0.008087947612154494	-2.3519825262361533	0.19179782374161086	7.701999980745	13.603999863960002
324	5308416	10	2.0	4.0	10.0	0.0	10	7.0	4.58257569495584	10.0	0.0	-0.00751474743368755	-2.3620162206414586	0.19571055330160086	7.7129999807175	16.563999834360004
328	5373952	10	6.0	4.898979485566356	10.0	0.0	10	5.0	5.0	10.0	0.0	-0.007454867471532915	-2.357246661934082	0.1764107854697873	7.69549998076125	16.827999831720003
332	5439488	10	2.0	4.0	10.0	0.0	10	8.0	4.0	10.0	0.0	-0.00892490711610463	-2.3293435695327824	0.1412460606320468	7.768249980579375	10.014999899850002
336	5505024	10	7.0	4.58257569495584	10.0	0.0	10	7.0	4.58257569495584	10.0	0.0	-0.008805985052269014	-2.3075344783644254	0.16394953001134954	7.692499980768751	16.51399983486
340	5570560	10	5.0	5.0	10.0	0.0	10	9.0	3.0	10.0	0.0	-0.008539071825927747	-2.3218571839298163	0.1391036005080133	7.730749980673124	8.71499991285
344	5636096	10	6.0	4.898979485566356	10.0	0.0	10	9.0	3.0	10.0	0.0	-0.007318155800471837	-2.30017649855098	0.14866407671946927	7.738249980654375	16.6099998339
348	5701632	10	7.0	4.58257569495584	10.0	0.0	10	9.0	3.0	10.0	0.0	-0.0069699826022179365	-2.342037791763166	0.1799989240056532	7.705749980735625	13.749999862500003
352	5767168	10	7.0	4.58257569495584	10.0	0.0	10	8.0	4.0	10.0	0.0	-0.008684448419146078	-2.3463326913654496	0.22461974114012906	7.723249980691875	9.028999909710002
356	5832704	10	4.0	4.898979485566356	10.0	0.0	10	6.0	4.898979485566356	10.0	0.0	-0.008979791755007852	-2.3974805819477694	0.1785041263606722	7.781749980545626	16.531999834680004
360	5898240	10	7.0	4.58257569495584	10.0	0.0	10	8.0	4.0	10.0	0.0	-0.008024269175694789	-2.3688600830749738	0.18083229845368698	7.744749980638125	12.655999873440003
364	5963776	10	6.0	4.898979485566356	10.0	0.0	10	6.0	4.898979485566356	10.0	0.0	-0.008262800773433786	-2.35527801240785	0.13162008066221934	7.687249980781876	8.90699991093
368	6029312	10	7.0	4.58257569495584	10.0	0.0	10	7.0	4.58257569495584	10.0	0.0	-0.008598624068037538	-2.3659593659161637	0.1318727741268621	7.806999980482501	9.70599990294
372	6094848	10	6.0	4.898979485566356	10.0	0.0	10	7.0	4.58257569495584	10.0	0.0	-0.007954886400592756	-2.368809438995135	0.18567264997794558	7.746749980633125	3.473999965260001
376	6160384	10	7.0	4.58257569495584	10.0	0.0	10	7.0	4.58257569495584	10.0	0.0	-0.007753217077860128	-2.419005664434382	0.14111039056524982	7.7509999806225	9.424999905750003
380	6225920	10	4.0	4.898979485566356	10.0	0.0	10	8.0	4.0	10.0	0.0	-0.0076592370088499305	-2.3753987821449054	0.1517671036841582	7.715749980710625	16.86199983138
384	6291456	10	5.0	5.0	10.0	0.0	10	9.0	3.0	10.0	0.0	-0.00820065830981617	-2.4023573867957735	0.12663636355273047	7.881999980295	9.384999906150002
388	6356992	10	7.0	4.58257569495584	10.0	0.0	10	6.0	4.898979485566356	10.0	0.0	-0.00930299395404397	-2.385666509220843	0.1399965547655476	7.78249998054375	6.807999931920001
392	6422528	10	6.0	4.898979485566356	10.0	0.0	10	6.0	4.898979485566356	10.0	0.0	-0.0077054382143470716	-2.389814863353381	0.11464437845055377	7.77649998055875	16.523999834760005
396	6488064	10	6.0	4.898979485566356	10.0	0.0	10	5.0	5.0	10.0	0.0	-0.007042700114828568	-2.3387520310826737	0.13410195714638967	7.703749980740625	16.39099983609
400	6553600	10	6.0	4.898979485566356	10.0	0.0	10	9.0	3.0	10.0	0.0	-0.007551628321806152	-2.3708988823010455	0.11494238258228691	7.7569999806075	9.616999903830003
404	6619136	10	4.0	4.898979485566356	10.0	0.0	10	7.0	4.58257569495584	10.0	0.0	-0.008061149952248709	-2.326167280232989	0.15606002116036755	7.7289999806775	16.452999835470003
408	6684672	10	6.0	4.898979485566356	10.0	0.0	10	9.0	3.0	10.0	0.0	-0.00807273185310691	-2.403431849924705	0.13239908007457052	7.6769999808075	4.226999957730001
412	6750208	10	5.0	5.0	10.0	0.0	10	10.0	0.0	10.0	10.0	-0.008020732856567852	-2.402614921081133	0.14321147059150852	7.665249980836876	9.073999909260001
416	6815744	10	5.0	5.0	10.0	0.0	10	5.0	5.0	10.0	0.0	-0.008027927534458778	-2.3241499958001524	0.16391747877777815	7.76149998059625	8.911999910880002
420	6881280	10	6.0	4.898979485566356	10.0	0.0	10	9.0	3.0	10.0	0.0	-0.007867302148132638	-2.3632625810823775	0.15273428132408326	7.627249980931875	8.834999911650002
424	6946816	10	3.0	4.58257569495584	10.0	0.0	10	7.0	4.58257569495584	10.0	0.0	-0.009052123871057638	-2.368848643950232	0.10654611907720846	7.71049998072375	9.145999908540002
428	7012352	10	6.0	4.898979485566356	10.0	0.0	10	9.0	3.0	10.0	0.0	-0.007346686719597739	-2.3106191081381975	0.0863355863749455	7.763749980590625	16.608999833910005
432	7077888	10	6.0	4.898979485566356	10.0	0.0	10	7.0	4.58257569495584	10.0	0.0	-0.00722341770279492	-2.333311758692398	0.14735707623590874	7.691249980771875	16.546999834530002
436	7143424	10	5.0	5.0	10.0	0.0	10	6.0	4.898979485566356	10.0	0.0	-0.006295730624768961	-2.3104581358608907	0.1568207743724745	7.742249980644376	16.679999833200004
440	7208960	10	7.0	4.58257569495584	10.0	0.0	10	8.0	4.0	10.0	0.0	-0.007515006406846885	-2.3238325886491222	0.17837738686245755	7.727499980681251	16.528999834710003
444	7274496	10	8.0	4.0	10.0	0.0	10	7.0	4.58257569495584	10.0	0.0	-0.007914152293864002	-2.3217180815900864	0.164560882900774	7.656749980858125	9.160999908390002
448	7340032	10	7.0	4.58257569495584	10.0	0.0	10	8.0	4.0	10.0	0.0	-0.007689813478572675	-2.3314463046744764	0.15275393541242438	7.712749980718126	16.4499998355
452	7405568	10	5.0	5.0	10.0	0.0	10	8.0	4.0	10.0	0.0	-0.007238149930803347	-2.2846214942737815	0.1924493733282588	7.707249980731875	16.625999833740003
456	7471104	10	7.0	4.58257569495584	10.0	0.0	10	8.0	4.0	10.0	0.0	-0.006612572484824321	-2.27435225721351	0.1552816248957987	7.71749998070625	11.278999887210002
460	7536640	10	5.0	5.0	10.0	0.0	10	9.0	3.0	10.0	0.0	-0.007370269456401605	-2.343696149442837	0.16002317780203654	7.730749980673125	16.55499983445
464	7602176	10	4.0	4.898979485566356	10.0	0.0	10	9.0	3.0	10.0	0.0	-0.0077358472400319385	-2.3788916317130675	0.13169983579026187	7.729749980675625	8.711999912880001
468	7667712	10	5.0	5.0	10.0	0.0	10	7.0	4.58257569495584	10.0	0.0	-0.007029114889393535	-2.339161626750947	0.21326547680374233	7.735749980660626	8.78499991215
472	7733248	10	6.0	4.898979485566356	10.0	0.0	10	9.0	3.0	10.0	0.0	-0.007033401420383397	-2.3754517259706214	0.16517328333406928	7.718249980704375	16.459999835400005
476	7798784	10	5.0	5.0	10.0	0.0	10	8.0	4.0	10.0	0.0	-0.008020153690341822	-2.3629000656328913	0.10946176972186525	7.757749980605626	16.54299983457
480	7864320	10	6.0	4.898979485566356	10.0	0.0	10	9.0	3.0	10.0	0.0	-0.008128728687614963	-2.3274712858159807	0.14931823610480163	7.6854999807862505	9.10399990896
484	7929856	10	4.0	4.898979485566356	10.0	0.0	10	10.0	0.0	10.0	10.0	-0.007099703101497216	-2.3700562886908467	0.14937262996096126	7.66949998082625	1.5869999841300002
488	7995392	10	7.0	4.58257569495584	10.0	0.0	10	7.0	4.58257569495584	10.0	0.0	-0.006968030642263875	-2.3741593730956825	0.15278810462875067	7.677749980805625	16.607999833920005
492	8060928	10	4.0	4.898979485566356	10.0	0.0	10	9.0	3.0	10.0	0.0	-0.007562016584840636	-2.3411309120600565	0.14943574351875039	7.722749980693125	16.57799983422
496	8126464	10	5.0	5.0	10.0	0.0	10	9.0	3.0	10.0	0.0	-0.006862402056152888	-2.3571959582495987	0.13158000662793998	7.7094999807262505	8.895999911040002
500	8192000	10	7.0	4.58257569495584	10.0	0.0	10	8.0	4.0	10.0	0.0	-0.00823914087388677	-2.3871456307666397	0.17339742275011336	7.723249980691875	8.827999911720001
504	8257536	10	7.0	4.58257569495584	10.0	0.0	10	9.0	3.0	10.0	0.0	-0.0072603574606865725	-2.3444346658926882	0.1205801116177005	7.743749980640626	9.510999904890001
508	8323072	10	9.0	3.0	10.0	0.0	10	8.0	4.0	10.0	0.0	-0.0070740462365603204	-2.342349779858576	0.16254913126132683	7.703749980740626	9.017999909820002
512	8388608	10	5.0	5.0	10.0	0.0	10	8.0	4.0	10.0	0.0	-0.007611795354443107	-2.3369048831412766	0.161620968043422	7.730499980673749	13.349999866500001
516	8454144	10	7.0	4.58257569495584	10.0	0.0	10	9.0	3.0	10.0	0.0	-0.00670160002170249	-2.309278063235536	0.08822407491051806	7.70549998073625	8.857999911420002
520	8519680	10	6.0	4.898979485566356	10.0	0.0	10	8.0	4.0	10.0	0.0	-0.0057147186544281295	-2.297614815095144	0.18895798849767576	7.645249980886876	16.33299983667
524	8585216	10	7.0	4.58257569495584	10.0	0.0	10	5.0	5.0	10.0	0.0	-0.006973053575349112	-2.303597313422412	0.1736648411619563	7.717749980705626	16.781999832180002
528	8650752	10	4.0	4.898979485566356	10.0	0.0	10	9.0	3.0	10.0	0.0	-0.006720133069299657	-2.2957320682796585	0.19545058733299922	7.752249980619375	16.56299983437
532	8716288	10	9.0	3.0	10.0	0.0	10	5.0	5.0	10.0	0.0	-0.007350675554781848	-2.2955447383317296	0.13413741624448167	7.714499980713749	12.911999870880003
536	8781824	10	5.0	5.0	10.0	0.0	10	7.0	4.58257569495584	10.0	0.0	-0.007450145205269457	-2.345907993370308	0.15637501149051178	7.696999980757499	9.345999906540001
540	8847360	10	4.0	4.898979485566356	10.0	0.0	10	8.0	4.0	10.0	0.0	-0.006439766334184033	-2.331871263439939	0.21829049380084928	7.696999980757499	16.64699983353
544	8912896	10	6.0	4.898979485566356	10.0	0.0	10	6.0	4.898979485566356	10.0	0.0	-0.007552796559261841	-2.355406621846574	0.1663813740617818	7.689249980776875	9.073999909260001
548	8978432	10	7.0	4.58257569495584	10.0	0.0	10	8.0	4.0	10.0	0.0	-0.007726117061897738	-2.3108891991353886	0.18624628535083995	7.702999980742501	8.799999912000002
552	9043968	10	8.0	4.0	10.0	0.0	10	8.0	4.0	10.0	0.0	-0.006933567491801915	-2.33645741120478	0.15756292088489068	7.74749998063125	16.943999830560003
556	9109504	10	4.0	4.898979485566356	10.0	0.0	10	8.0	4.0	10.0	0.0	-0.007831196419922956	-2.275261007012349	0.1898059117565278	7.702249980744375	9.435999905640001
560	9175040	10	2.0	4.0	10.0	0.0	10	9.0	3.0	10.0	0.0	-0.006479618883463026	-2.346181732668464	0.1380424102003626	7.703249980741875	9.412999905870002
564	9240576	10	5.0	5.0	10.0	0.0	10	8.0	4.0	10.0	0.0	-0.006417045177475641	-2.304875381050821	0.1533129619429995	7.7469999806325	9.633999903660001
568	9306112	10	7.0	4.58257569495584	10.0	0.0	10	7.0	4.58257569495584	10.0	0.0	-0.007352420519805105	-2.3214927586481706	0.1437755371294161	7.67449998081375	8.907999910920001
572	9371648	10	6.0	4.898979485566356	10.0	0.0	10	9.0	3.0	10.0	0.0	-0.007651177733766439	-2.324316203352091	0.15020273562197892	7.748749980628125	16.34199983658
576	9437184	10	7.0	4.58257569495584	10.0	0.0	10	9.0	3.0	10.0	0.0	-0.007312780366642784	-2.3034484533056276	0.17324186184501575	7.696999980757499	17.108999828910004
580	9502720	10	5.0	5.0	10.0	0.0	10	8.0	4.0	10.0	0.0	-0.007103260775559749	-2.31464870249956	0.15968606176985373	7.734499980663751	16.996999830030003
584	9568256	10	5.0	5.0	10.0	0.0	10	7.0	4.58257569495584	10.0	0.0	-0.007480117292722404	-2.322728658473933	0.16883304810410643	7.760749980598125	9.139999908600002
588	9633792	10	4.0	4.898979485566356	10.0	0.0	10	8.0	4.0	10.0	0.0	-0.008131244876254072	-2.2933713865871455	0.17389438741891666	7.726749980683124	8.818999911810002
592	9699328	10	8.0	4.0	10.0	0.0	10	9.0	3.0	10.0	0.0	-0.0070788881559467305	-2.3180007807979384	0.16850336879909647	7.6297499809256255	9.969999900300003
596	9764864	10	2.0	4.0	10.0	0.0	10	7.0	4.58257569495584	10.0	0.0	-0.006938800030674079	-2.354312886549167	0.11978331051760892	7.75049998062375	9.450999905490002
600	9830400	10	6.0	4.898979485566356	10.0	0.0	10	9.0	3.0	10.0	0.0	-0.008154007619910864	-2.340213852380326	0.1464217588308171	7.71149998072125	10.175999898240002
604	9895936	10	4.0	4.898979485566356	10.0	0.0	10	8.0	4.0	10.0	0.0	-0.006975836829225081	-2.3242819008790265	0.20879880709261284	7.7069999807325	9.650999903490002
608	9961472	10	7.0	4.58257569495584	10.0	0.0	10	8.0	4.0	10.0	0.0	-0.007624231008891709	-2.2967573426754946	0.1639353746067088	7.713749980715625	13.2799998672
612	10027008	10	9.0	3.0	10.0	0.0	10	9.0	3.0	10.0	0.0	-0.0072624219214972524	-2.2781606239687577	0.13713138618940685	7.7649999805875005	15.020999849790003
616	10092544	10	1.0	3.0	10.0	0.0	10	8.0	4.0	10.0	0.0	-0.007181044356770329	-2.2792532938331393	0.24324745604718093	7.753499980616251	16.43899983561
620	10158080	10	7.0	4.58257569495584	10.0	0.0	10	9.0	3.0	10.0	0.0	-0.006790575029804669	-2.3087474577207465	0.20032497035425842	7.638749980903125	8.373999916260003
624	10223616	10	6.0	4.898979485566356	10.0	0.0	10	7.0	4.58257569495584	10.0	0.0	-0.007324231798667039	-2.3417327798947207	0.17259508066875445	7.7009999807475005	9.60599990394
628	10289152	10	8.0	4.0	10.0	0.0	10	8.0	4.0	10.0	0.0	-0.007398807171271919	-2.3303128254966428	0.19254656758792452	7.687749980780626	9.220999907790002
632	10354688	10	5.0	5.0	10.0	0.0	10	8.0	4.0	10.0	0.0	-0.00685129977186865	-2.3373222596992194	0.15997470389782184	7.630999980922501	11.889999881100003
636	10420224	10	6.0	4.898979485566356	10.0	0.0	10	10.0	0.0	10.0	10.0	-0.007488766044063862	-2.321612539148888	0.14395257735988048	7.811249980471876	12.956999870430003
640	10485760	10	8.0	4.0	10.0	0.0	10	10.0	0.0	10.0	10.0	-0.006486123924263479	-2.3699708975866343	0.13487278049726167	7.693999980765	9.300999906990002
644	10551296	10	4.0	4.898979485566356	10.0	0.0	10	9.0	3.0	10.0	0.0	-0.005376710810545948	-2.3652486848354197	0.15789307737630476	7.67249998081875	3.8169999618300006
648	10616832	10	8.0	4.0	10.0	0.0	10	8.0	4.0	10.0	0.0	-0.007098005424135148	-2.3008260153320834	0.1228452406618061	7.72249998069375	9.330999906690002
652	10682368	10	5.0	5.0	10.0	0.0	10	8.0	4.0	10.0	0.0	-0.0065671917751216604	-2.363066459449345	0.13286927527295314	7.71949998070125	14.092999859070002
656	10747904	10	6.0	4.898979485566356	10.0	0.0	10	7.0	4.58257569495584	10.0	0.0	-0.006747778106631655	-2.28973214801143	0.16847653196300957	7.694249980764376	8.75699991243
660	10813440	10	7.0	4.58257569495584	10.0	0.0	10	8.0	4.0	10.0	0.0	-0.007443540664535981	-2.3190465144880914	0.14357971895232258	7.764249980589375	4.121999958780001
664	10878976	10	4.0	4.898979485566356	10.0	0.0	10	7.0	4.58257569495584	10.0	0.0	-0.005969050565287352	-2.358790422233604	0.14137318886042355	7.696749980758125	16.244999837550004
668	10944512	10	5.0	5.0	10.0	0.0	10	8.0	4.0	10.0	0.0	-0.005974271655440211	-2.3878862358625845	0.16489775570254445	7.679249980801875	16.40699983593
672	11010048	10	7.0	4.58257569495584	10.0	0.0	10	9.0	3.0	10.0	0.0	-0.0072493427207243385	-2.3362943626990136	0.17959891350931692	7.694249980764376	17.069999829300002
676	11075584	10	7.0	4.58257569495584	10.0	0.0	10	8.0	4.0	10.0	0.0	-0.006868026377451365	-2.3161354186705108	0.1240155918316876	7.6729999808175	8.902999910970001
680	11141120	10	5.0	5.0	10.0	0.0	10	7.0	4.58257569495584	10.0	0.0	-0.007131383062354166	-2.3679671136058373	0.21266793174161278	7.6839999807899995	8.84899991151
684	11206656	10	6.0	4.898979485566356	10.0	0.0	10	9.0	3.0	10.0	0.0	-0.007210483620996606	-2.3534949518772144	0.15774102565586284	7.667249980831875	9.162999908370002
688	11272192	10	6.0	4.898979485566356	10.0	0.0	10	9.0	3.0	10.0	0.0	-0.007482371394092319	-2.3327024005407075	0.1603181476072117	7.72249998069375	16.546999834530002
692	11337728	10	6.0	4.898979485566356	10.0	0.0	10	9.0	3.0	10.0	0.0	-0.006506284208251738	-2.3525711618396787	0.18635029483508045	7.718749980703125	1.22799998772
696	11403264	10	7.0	4.58257569495584	10.0	0.0	10	9.0	3.0	10.0	0.0	-0.0067327363496850765	-2.363545472177033	0.11771032209058073	7.70849998072875	8.84699991153
700	11468800	10	6.0	4.898979485566356	10.0	0.0	10	9.0	3.0	10.0	0.0	-0.007243418061234836	-2.3604616743847604	0.128657916469757	7.696749980758125	9.639999903600001
704	11534336	10	3.0	4.58257569495584	10.0	0.0	10	10.0	0.0	10.0	10.0	-0.007030744349802338	-2.3635436865212167	0.14809364513503634	7.73449998066375	9.206999907930003
708	11599872	10	4.0	4.898979485566356	10.0	0.0	10	7.0	4.58257569495584	10.0	0.0	-0.007052550094030194	-2.3240873612526074	0.15092315996666705	7.774999980562501	12.021999879780003
712	11665408	10	7.0	4.58257569495584	10.0	0.0	10	10.0	0.0	10.0	10.0	-0.007010330481714017	-2.3289861974674344	0.15590816191325768	7.74249998064375	10.18099989819
716	11730944	10	5.0	5.0	10.0	0.0	10	10.0	0.0	10.0	10.0	-0.006448012749322661	-2.259041592243435	0.18642920975494034	7.769249980576875	10.896999891030003
720	11796480	10	4.0	4.898979485566356	10.0	0.0	10	9.0	3.0	10.0	0.0	-0.00722888052087491	-2.277157127620004	0.25222388838584464	7.729999980675	14.619999853800001
724	11862016	10	5.0	5.0	10.0	0.0	10	7.0	4.58257569495584	10.0	0.0	-0.008139992971095465	-2.309773571548663	0.22420069782521906	7.71449998071375	8.90199991098
728	11927552	10	3.0	4.58257569495584	10.0	0.0	10	7.0	4.58257569495584	10.0	0.0	-0.007732819396352176	-2.353172008944801	0.18706706257451036	7.6209999809474995	16.69099983309
732	11993088	10	8.0	4.0	10.0	0.0	10	7.0	4.58257569495584	10.0	0.0	-0.007278039199415096	-2.3017790315137714	0.1403027803025277	7.6529999808674996	8.722999912770002
736	12058624	10	9.0	3.0	10.0	0.0	10	8.0	4.0	10.0	0.0	-0.006055029086661764	-2.3241744337045076	0.07507287110584158	7.739749980650625	10.397999896020002
740	12124160	10	7.0	4.58257569495584	10.0	0.0	10	9.0	3.0	10.0	0.0	-0.007697708702639855	-2.275879328212496	0.1216873601534306	7.756249980609375	9.145999908540002
744	12189696	10	6.0	4.898979485566356	10.0	0.0	10	8.0	4.0	10.0	0.0	-0.00535565453845866	-2.3494937988655145	0.10205980965503007	7.728249980679374	3.2859999671400004
748	12255232	10	7.0	4.58257569495584	10.0	0.0	10	9.0	3.0	10.0	0.0	-0.006811007728071294	-2.2931972093974955	0.09667602946828457	7.726749980683125	8.829999911700002
752	12320768	10	8.0	4.0	10.0	0.0	10	8.0	4.0	10.0	0.0	-0.005676139291017441	-2.3806423865262385	0.10493265510375004	7.66849998082875	10.855999891440002
756	12386304	10	7.0	4.58257569495584	10.0	0.0	10	8.0	4.0	10.0	0.0	-0.00678284909544328	-2.366764853151467	0.11171819586695282	7.611249980971875	16.69499983305
760	12451840	10	5.0	5.0	10.0	0.0	10	7.0	4.58257569495584	10.0	0.0	-0.006013364908823199	-2.292354712644844	0.18653144010262265	7.723249980691875	8.94499991055
764	12517376	10	9.0	3.0	10.0	0.0	10	9.0	3.0	10.0	0.0	-0.007334094336171506	-2.358438330146372	0.11344730350326541	7.672249980819375	9.7799999022
768	12582912	10	8.0	4.0	10.0	0.0	10	6.0	4.898979485566356	10.0	0.0	-0.006721927267090105	-2.389175824572123	0.13327353535539185	7.6532499808668755	16.484999835150003
772	12648448	10	7.0	4.58257569495584	10.0	0.0	10	10.0	0.0	10.0	10.0	-0.0072500887877167425	-2.2985818880388895	0.1036469274635805	7.704249980739375	2.84799997152
776	12713984	10	7.0	4.58257569495584	10.0	0.0	10	9.0	3.0	10.0	0.0	-0.0074585227719693855	-2.349607787781582	0.11419075675826641	7.722749980693125	16.552999834470004
780	12779520	10	8.0	4.0	10.0	0.0	10	8.0	4.0	10.0	0.0	-0.006232022467235065	-2.2845887862249645	0.14527368757447048	7.6889999807775	2.3569999764300005
784	12845056	10	5.0	5.0	10.0	0.0	10	8.0	4.0	10.0	0.0	-0.006984790254015644	-2.27023616657848	0.18752137142763728	7.71049998072375	16.523999834760005
788	12910592	10	3.0	4.58257569495584	10.0	0.0	10	7.0	4.58257569495584	10.0	0.0	-0.006203843617146162	-2.2883653787374967	0.12892243513115395	7.703249980741875	16.523999834760005
792	12976128	10	4.0	4.898979485566356	10.0	0.0	10	7.0	4.58257569495584	10.0	0.0	-0.0071550284269631895	-2.2966019185972053	0.17869548358024398	7.64949998087625	8.85899991141
796	13041664	10	8.0	4.0	10.0	0.0	10	9.0	3.0	10.0	0.0	-0.006289214275917718	-2.310777293898361	0.1135755884730848	7.695249980761875	9.053999909460002
800	13107200	10	4.0	4.898979485566356	10.0	0.0	10	9.0	3.0	10.0	0.0	-0.006372392785673116	-2.2999947143185415	0.12302583478040972	7.63649998090875	16.418999835810002
804	13172736	10	9.0	3.0	10.0	0.0	10	8.0	4.0	10.0	0.0	-0.006543258931970362	-2.3021826244976107	0.14176175140385597	7.7007499807481254	12.127999878720003
808	13238272	10	7.0	4.58257569495584	10.0	0.0	10	7.0	4.58257569495584	10.0	0.0	-0.0068834370800186255	-2.3706636028999264	0.11506542659252585	7.669999980825	1.3349999866500002
812	13303808	10	7.0	4.58257569495584	10.0	0.0	10	8.0	4.0	10.0	0.0	-0.00773645987081235	-2.316791432357894	0.12452028572115982	7.71349998071625	8.961999910380001
816	13369344	10	5.0	5.0	10.0	0.0	10	9.0	3.0	10.0	0.0	-0.007306852750689171	-2.315606432415238	0.11705767752081836	7.7094999807262505	16.655999833440003
820	13434880	10	5.0	5.0	10.0	0.0	10	10.0	0.0	10.0	10.0	-0.00540396670056095	-2.3101215509154063	0.15066244245955288	7.649749980875625	9.370999906290002
824	13500416	10	8.0	4.0	10.0	0.0	10	9.0	3.0	10.0	0.0	-0.006614154280434799	-2.30751671121323	0.13812591471667482	7.612249980969374	5.916999940830001
828	13565952	10	6.0	4.898979485566356	10.0	0.0	10	10.0	0.0	10.0	10.0	-0.00789342666554386	-2.302056980389964	0.12926858200431635	7.7049999807375	9.33799990662
832	13631488	10	6.0	4.898979485566356	10.0	0.0	10	7.0	4.58257569495584	10.0	0.0	-0.00679021960897653	-2.357268273584865	0.137547898790441	7.66349998084125	11.485999885140002
836	13697024	10	6.0	4.898979485566356	10.0	0.0	10	8.0	4.0	10.0	0.0	-0.005561512993787218	-2.365197735281776	0.13451844010032188	7.66349998084125	16.503999834960005
840	13762560	10	5.0	5.0	10.0	0.0	10	6.0	4.898979485566356	10.0	0.0	-0.00665745482962924	-2.334605648870467	0.2220826190664996	7.692749980768125	16.86299983137
844	13828096	10	2.0	4.0	10.0	0.0	10	8.0	4.0	10.0	0.0	-0.0060877359373711646	-2.3554487275610496	0.16909394520125706	7.678999980802501	16.663999833360005
848	13893632	10	7.0	4.58257569495584	10.0	0.0	10	8.0	4.0	10.0	0.0	-0.006474957766772671	-2.3595472820128833	0.16546479835934913	7.981249980046876	8.677999913220003
852	13959168	10	4.0	4.898979485566356	10.0	0.0	10	5.0	5.0	10.0	0.0	-0.006116243403660359	-2.3528826333615007	0.23225190705373547	7.615749980960626	16.588999834110002
856	14024704	10	4.0	4.898979485566356	10.0	0.0	10	7.0	4.58257569495584	10.0	0.0	-0.006718986909524687	-2.354531372341622	0.15536744999633087	7.6889999807775	10.355999896440002
860	14090240	10	3.0	4.58257569495584	10.0	0.0	10	8.0	4.0	10.0	0.0	-0.007008746801630517	-2.3985609384859528	0.15394413384247102	7.703499980741249	16.379999836200003
864	14155776	10	7.0	4.58257569495584	10.0	0.0	10	7.0	4.58257569495584	10.0	0.0	-0.007481150983169905	-2.3389894189981013	0.18692595843451656	7.7709999805725	12.400999875990001
868	14221312	10	5.0	5.0	10.0	0.0	10	8.0	4.0	10.0	0.0	-0.006736459093397986	-2.3479334858594347	0.14609061405093102	7.706249980734376	8.8699999113
872	14286848	10	8.0	4.0	10.0	0.0	10	9.0	3.0	10.0	0.0	-0.006968385854514563	-2.303359242537096	0.1676532067183855	7.6469999808825	14.615999853840002
876	14352384	10	5.0	5.0	10.0	0.0	10	8.0	4.0	10.0	0.0	-0.00631759611067212	-2.3208380910323485	0.1576185084249551	7.66849998082875	16.42899983571
880	14417920	10	7.0	4.58257569495584	10.0	0.0	10	7.0	4.58257569495584	10.0	0.0	-0.00693144719529251	-2.3315015109931667	0.16289567740023794	7.664249980839375	16.26899983731
884	14483456	10	6.0	4.898979485566356	10.0	0.0	10	7.0	4.58257569495584	10.0	0.0	-0.006354270467095887	-2.342996147527614	0.11502431502609334	7.684749980788125	16.431999835680003
888	14548992	10	4.0	4.898979485566356	10.0	0.0	10	9.0	3.0	10.0	0.0	-0.006292655823271422	-2.332277431841138	0.11220513806906535	7.661999980845	8.711999912880001
892	14614528	10	6.0	4.898979485566356	10.0	0.0	10	9.0	3.0	10.0	0.0	-0.006343024355319525	-2.3056273532492293	0.12910814512107474	7.712749980718125	12.342999876570001
896	14680064	10	4.0	4.898979485566356	10.0	0.0	10	8.0	4.0	10.0	0.0	-0.005801116026003835	-2.3248604757152207	0.13223397932190126	7.699249980751875	9.3499999065
900	14745600	10	6.0	4.898979485566356	10.0	0.0	10	8.0	4.0	10.0	0.0	-0.005302894414907599	-2.337138791635566	0.19208015887549412	7.714249980714375	16.511999834880005
904	14811136	10	6.0	4.898979485566356	10.0	0.0	10	7.0	4.58257569495584	10.0	0.0	-0.006365177149386284	-2.3684425599889463	0.17349305910113744	7.7092499807268755	13.893999861060003
908	14876672	10	7.0	4.58257569495584	10.0	0.0	10	7.0	4.58257569495584	10.0	0.0	-0.006016312641784319	-2.389411983141752	0.1814512056109542	7.71349998071625	16.852999831470004
912	14942208	10	8.0	4.0	10.0	0.0	10	9.0	3.0	10.0	0.0	-0.006525096599264237	-2.352348754558303	0.13148697848459093	7.686749980783125	9.48799990512
916	15007744	10	7.0	4.58257569495584	10.0	0.0	10	9.0	3.0	10.0	0.0	-0.006325191059606574	-2.3390977653411307	0.12973327836377815	7.7572499806068755	8.918999910810001
920	15073280	10	6.0	4.898979485566356	10.0	0.0	10	8.0	4.0	10.0	0.0	-0.006328440314314491	-2.324357742822442	0.08906836323676431	7.7069999807325	12.904999870950002
924	15138816	10	7.0	4.58257569495584	10.0	0.0	10	9.0	3.0	10.0	0.0	-0.007201301567427936	-2.3427551038606405	0.09495793359606756	7.7254999806862505	3.1849999681500005
928	15204352	10	8.0	4.0	10.0	0.0	10	10.0	0.0	10.0	10.0	-0.0061802375148170795	-2.3305539536035296	0.2142873480692807	7.749749980625625	7.995999920040002
932	15269888	10	5.0	5.0	10.0	0.0	10	7.0	4.58257569495584	10.0	0.0	-0.006135674352933407	-2.306801385937248	0.15493153546254262	7.7599999806	16.920999830790002
936	15335424	10	10.0	0.0	10.0	10.0	10	8.0	4.0	10.0	0.0	-0.00623033255695775	-2.377754218628679	0.13384995837077726	7.7089999807275	11.046999889530003
940	15400960	10	4.0	4.898979485566356	10.0	0.0	10	10.0	0.0	10.0	10.0	-0.006318934576432132	-2.361021900924473	0.09687169931285557	7.681249980796876	9.065999909340002
944	15466496	10	3.0	4.58257569495584	10.0	0.0	10	9.0	3.0	10.0	0.0	-0.005745887600528697	-2.332522282754796	0.1627690332461719	7.688749980778126	9.307999906920001
948	15532032	10	6.0	4.898979485566356	10.0	0.0	10	7.0	4.58257569495584	10.0	0.0	-0.006990086480557457	-2.3404082032587032	0.17235188487053174	7.7269999806825	8.731999912680001
952	15597568	10	3.0	4.58257569495584	10.0	0.0	10	6.0	4.898979485566356	10.0	0.0	-0.006402268324806512	-2.334268308932815	0.10292750153549737	7.72399998069	9.041999909580001
956	15663104	10	6.0	4.898979485566356	10.0	0.0	10	9.0	3.0	10.0	0.0	-0.005111076870963445	-2.377040656656771	0.13791411516061788	7.701749980745626	9.34399990656
960	15728640	10	8.0	4.0	10.0	0.0	10	8.0	4.0	10.0	0.0	-0.0066015392045094285	-2.3322111688608427	0.12414032452377968	7.7322499806693745	4.109999958900001
964	15794176	10	8.0	4.0	10.0	0.0	10	7.0	4.58257569495584	10.0	0.0	-0.006263783790275368	-2.3431831918699535	0.13139765502602802	7.687249980781876	9.190999908090003
968	15859712	10	7.0	4.58257569495584	10.0	0.0	10	7.0	4.58257569495584	10.0	0.0	-0.007075378881554242	-2.3977037988589034	0.18416310045501996	7.751749980620626	9.693999903060002
972	15925248	10	5.0	5.0	10.0	0.0	10	10.0	0.0	10.0	10.0	-0.007585018731756101	-2.292037394900781	0.19061248794075134	7.7449999806375	8.739999912600002
976	15990784	10	7.0	4.58257569495584	10.0	0.0	10	10.0	0.0	10.0	10.0	-0.006382823661566023	-2.3497830626901064	0.13465610358547944	7.751499980621251	6.154999938450001
980	16056320	10	7.0	4.58257569495584	10.0	0.0	10	8.0	4.0	10.0	0.0	-0.005937481640394222	-2.4169994490807842	0.11194668433549407	7.68749998078125	16.442999835570003
984	16121856	10	5.0	5.0	10.0	0.0	10	7.0	4.58257569495584	10.0	0.0	-0.006143652217327161	-2.357801238450176	0.07636844288383145	7.710749980723125	8.79899991201
988	16187392	10	6.0	4.898979485566356	10.0	0.0	10	9.0	3.0	10.0	0.0	-0.0062348105850887	-2.3194623040723665	0.13596579570769562	7.7562499806093745	9.954999900450002
992	16252928	10	5.0	5.0	10.0	0.0	10	10.0	0.0	10.0	10.0	-0.0062959234728128454	-2.3518917880985994	0.15059266424100518	7.779249980551876	9.066999909330002
996	16318464	10	4.0	4.898979485566356	10.0	0.0	10	10.0	0.0	10.0	10.0	-0.005877277767158551	-2.331332708155654	0.09725323896618163	7.721249980696875	11.288999887110002
1000	16384000	10	6.0	4.898979485566356	10.0	0.0	10	7.0	4.58257569495584	10.0	0.0	-0.006567556312118359	-2.3149697579515554	0.1613902586421763	7.775249980561876	16.675999833240002
1004	16449536	10	5.0	5.0	10.0	0.0	10	8.0	4.0	10.0	0.0	-0.006635688574448672	-2.396067601689452	0.12883364262347127	7.6842499807893745	9.748999902510002
1008	16515072	10	9.0	3.0	10.0	0.0	10	9.0	3.0	10.0	0.0	-0.006898473700139129	-2.3597106980806255	0.12088531903478242	7.6937499807656256	2.2469999775300002
1012	16580608	10	4.0	4.898979485566356	10.0	0.0	10	7.0	4.58257569495584	10.0	0.0	-0.006817049503799862	-2.35175614779532	0.14332173736049147	7.697749980755625	16.448999835510005
1016	16646144	10	5.0	5.0	10.0	0.0	10	8.0	4.0	10.0	0.0	-0.006521615730210271	-2.3722211293888633	0.09763005770657235	7.66849998082875	8.89499991105
1020	16711680	10	8.0	4.0	10.0	0.0	10	10.0	0.0	10.0	10.0	-0.005587980900018005	-2.348270232234166	0.09428414220250009	7.696249980759375	7.581999924180001
1024	16777216	10	4.0	4.898979485566356	10.0	0.0	10	9.0	3.0	10.0	0.0	-0.006231477367042583	-2.3752219624826707	0.11803929325088938	7.7209999806975	16.568999834310002
1028	16842752	10	7.0	4.58257569495584	10.0	0.0	10	7.0	4.58257569495584	10.0	0.0	-0.007089884907316425	-2.35631662582648	0.09214459698230691	7.6777499808056255	12.938999870610003
1032	16908288	10	7.0	4.58257569495584	10.0	0.0	10	7.0	4.58257569495584	10.0	0.0	-0.005443760860280095	-2.3865600846705344	0.07709317492527012	7.769249980576876	9.505999904940001
1036	16973824	10	3.0	4.58257569495584	10.0	0.0	10	8.0	4.0	10.0	0.0	-0.007004129908210537	-2.3281899663367582	0.13113035198176898	7.678249980804375	9.14199990858
1040	17039360	10	3.0	4.58257569495584	10.0	0.0	10	7.0	4.58257569495584	10.0	0.0	-0.006188767216940067	-2.378657703350563	0.08115480892717805	7.706749980733125	16.471999835280005
1044	17104896	10	7.0	4.58257569495584	10.0	0.0	10	8.0	4.0	10.0	0.0	-0.006235896116734196	-2.295716697731889	0.10346162510190904	7.673749980815625	11.893999881060003
1048	17170432	10	6.0	4.898979485566356	10.0	0.0	10	8.0	4.0	10.0	0.0	-0.005750565854524551	-2.298365495859582	0.12217595357106519	7.70049998074875	16.539999834600003
1052	17235968	10	5.0	5.0	10.0	0.0	10	9.0	3.0	10.0	0.0	-0.006076297729399872	-2.3284156096536397	0.09941298020744153	7.7172499807068755	9.502999904970002
1056	17301504	10	7.0	4.58257569495584	10.0	0.0	10	8.0	4.0	10.0	0.0	-0.005364826545142525	-2.354243462039172	0.10257837625393655	7.8009999804975	9.158999908410003
1060	17367040	10	4.0	4.898979485566356	10.0	0.0	10	10.0	0.0	10.0	10.0	-0.005146200423718188	-2.3902977752182473	0.08971837462776511	7.737749980655625	9.606999903930001
1064	17432576	10	5.0	5.0	10.0	0.0	10	10.0	0.0	10.0	10.0	-0.0060347746420807095	-2.362987505646768	0.0813042347157122	7.7489999806275005	9.346999906530002
1068	17498112	10	7.0	4.58257569495584	10.0	0.0	10	6.0	4.898979485566356	10.0	0.0	-0.005998846392667114	-2.3335230670922122	0.11379045859966994	7.7599999806	16.59499983405
1072	17563648	10	6.0	4.898979485566356	10.0	0.0	10	7.0	4.58257569495584	10.0	0.0	-0.005055481965204596	-2.3787755864367557	0.10450967010186127	7.72799998068	16.86599983134
1076	17629184	10	7.0	4.58257569495584	10.0	0.0	10	9.0	3.0	10.0	0.0	-0.0069897186008645645	-2.3231877433820527	0.0870172253253565	7.66399998084	8.90699991093
1080	17694720	10	4.0	4.898979485566356	10.0	0.0	10	9.0	3.0	10.0	0.0	-0.004760125348294857	-2.3194569197861226	0.11628401530471368	7.71199998072	16.548999834510003
1084	17760256	10	5.0	5.0	10.0	0.0	10	8.0	4.0	10.0	0.0	-0.006023923317701154	-2.2795827510565205	0.17486032865051385	7.607999980980001	9.742999902570002
1088	17825792	10	4.0	4.898979485566356	10.0	0.0	10	9.0	3.0	10.0	0.0	-0.005311746011458701	-2.3623651785177864	0.08508839779423209	7.646249980884376	16.636999833630004
1092	17891328	10	6.0	4.898979485566356	10.0	0.0	10	8.0	4.0	10.0	0.0	-0.0049722590187507324	-2.3613133527362327	0.11351927942966086	7.7012499807468755	1.5769999842300002
1096	17956864	10	5.0	5.0	10.0	0.0	10	8.0	4.0	10.0	0.0	-0.005627733150221297	-2.3602080367530527	0.14366115100427074	7.63149998092125	16.344999836550002
1100	18022400	10	6.0	4.898979485566356	10.0	0.0	10	10.0	0.0	10.0	10.0	-0.00491748650963029	-2.3421904839619034	0.09697605505506825	7.633749980915625	2.1349999786500002
1104	18087936	10	8.0	4.0	10.0	0.0	10	8.0	4.0	10.0	0.0	-0.005402671478242353	-2.3451544267476523	0.11854114820721999	7.67849998080375	9.320999906790002
1108	18153472	10	5.0	5.0	10.0	0.0	10	9.0	3.0	10.0	0.0	-0.005388910626955107	-2.3652579831600034	0.12787850894409264	7.70749998073125	12.791999872080002
1112	18219008	10	6.0	4.898979485566356	10.0	0.0	10	7.0	4.58257569495584	10.0	0.0	-0.0063983763592967485	-2.366103855025665	0.14309099431521774	7.680499980798751	16.83399983166
1116	18284544	10	6.0	4.898979485566356	10.0	0.0	10	6.0	4.898979485566356	10.0	0.0	-0.006593678144701222	-2.376633107414635	0.11732376695475003	7.712249980719375	15.767999842320004
1120	18350080	10	6.0	4.898979485566356	10.0	0.0	10	9.0	3.0	10.0	0.0	-0.00643001082722872	-2.343200549239216	0.09698335014359956	7.784749980538126	9.50399990496
1124	18415616	10	4.0	4.898979485566356	10.0	0.0	10	9.0	3.0	10.0	0.0	-0.006700968677159097	-2.348543380452928	0.11285843817350484	7.73849998065375	16.479999835200005
1128	18481152	10	5.0	5.0	10.0	0.0	10	5.0	5.0	10.0	0.0	-0.006229240868639453	-2.354715255154262	0.07709789349049646	7.719749980700626	16.677999833220003
1132	18546688	10	8.0	4.0	10.0	0.0	10	8.0	4.0	10.0	0.0	-0.006521547815209248	-2.3122167286848487	0.1113147251774088	7.649749980875626	8.749999912500002
1136	18612224	10	8.0	4.0	10.0	0.0	10	7.0	4.58257569495584	10.0	0.0	-0.006508840979757096	-2.3606522999728394	0.03956626411503297	7.616749980958125	8.911999910880002
1140	18677760	10	4.0	4.898979485566356	10.0	0.0	10	9.0	3.0	10.0	0.0	-0.0058568432802190125	-2.3026689710801316	0.10246472921086429	7.6889999807775	9.664999903350001
1144	18743296	10	5.0	5.0	10.0	0.0	10	9.0	3.0	10.0	0.0	-0.00620041636462385	-2.324190355595242	0.1251674599349501	7.7242499806893745	10.594999894050002
1148	18808832	10	4.0	4.898979485566356	10.0	0.0	10	7.0	4.58257569495584	10.0	0.0	-0.006087687139948771	-2.2864656396311984	0.10231425835228494	7.712249980719375	16.480999835190005
1152	18874368	10	7.0	4.58257569495584	10.0	0.0	10	6.0	4.898979485566356	10.0	0.0	-0.006908084267593464	-2.3343891250642352	0.10666552693248073	7.711749980720626	16.619999833800005
1156	18939904	10	7.0	4.58257569495584	10.0	0.0	10	8.0	4.0	10.0	0.0	-0.00616102351883549	-2.3008392177609	0.1365762231147142	7.736249980659375	8.627999913720002
1160	19005440	10	6.0	4.898979485566356	10.0	0.0	10	8.0	4.0	10.0	0.0	-0.006397898354347398	-2.319791642086458	0.10672435062446607	7.746499980633749	14.822999851770003
1164	19070976	10	5.0	5.0	10.0	0.0	10	8.0	4.0	10.0	0.0	-0.0065733800601390615	-2.3266395402511297	0.15238202249130514	7.657749980855625	9.060999909390002
1168	19136512	10	2.0	4.0	10.0	0.0	10	9.0	3.0	10.0	0.0	-0.0065574984563824	-2.385889480262817	0.11860230175784592	7.693999980765	8.801999911980001
1172	19202048	10	9.0	3.0	10.0	0.0	10	8.0	4.0	10.0	0.0	-0.006532103376762456	-2.2944149372571836	0.08002324830295166	7.728249980679375	8.975999910240002
1176	19267584	10	6.0	4.898979485566356	10.0	0.0	10	9.0	3.0	10.0	0.0	-0.0062223767350775856	-2.3015414076632914	0.10218970243685904	7.839749980400625	9.086999909130002
1180	19333120	10	8.0	4.0	10.0	0.0	10	9.0	3.0	10.0	0.0	-0.005258745661253096	-2.30754662032727	0.10565474888295809	7.69249998076875	16.642999833570002
1184	19398656	10	3.0	4.58257569495584	10.0	0.0	10	9.0	3.0	10.0	0.0	-0.00642552844201182	-2.3234934630556543	0.10459574316702891	7.794749980513125	10.361999896380002
1188	19464192	10	7.0	4.58257569495584	10.0	0.0	10	9.0	3.0	10.0	0.0	-0.005778083133316815	-2.3105425087190885	0.11998838576945742	7.72449998068875	9.79599990204
1192	19529728	10	7.0	4.58257569495584	10.0	0.0	10	10.0	0.0	10.0	10.0	-0.0049279956093434985	-2.342980339879116	0.12652806179676956	7.76949998057625	9.15799990842
1196	19595264	10	2.0	4.0	10.0	0.0	10	7.0	4.58257569495584	10.0	0.0	-0.007005056571746863	-2.342417540405571	0.11900759468672104	7.696749980758125	12.534999874650001
1200	19660800	10	5.0	5.0	10.0	0.0	10	9.0	3.0	10.0	0.0	-0.006437804391616127	-2.3462707621395342	0.19679422573620042	7.691499980771249	9.726999902730002
1204	19726336	10	7.0	4.58257569495584	10.0	0.0	10	8.0	4.0	10.0	0.0	-0.006515366427193335	-2.289550758659763	0.16331802632821088	7.735999980660001	9.209999907900002
1208	19791872	10	6.0	4.898979485566356	10.0	0.0	10	9.0	3.0	10.0	0.0	-0.006965106512509254	-2.3413358303452463	0.11295216265510132	7.6249999809375	8.57499991425
1212	19857408	10	8.0	4.0	10.0	0.0	10	10.0	0.0	10.0	10.0	-0.006841608049595755	-2.3548588948975753	0.15852407612738761	7.605999980985	9.766999902330001
1216	19922944	10	5.0	5.0	10.0	0.0	10	10.0	0.0	10.0	10.0	-0.005926917700575822	-2.3439068791808917	0.12925684992041706	7.585749981035625	9.5099999049
1220	19988480	10	5.0	5.0	10.0	0.0	10	8.0	4.0	10.0	0.0	-0.005764682929420593	-2.2927555588479707	0.12075822876750188	7.662999980842501	9.462999905370001
1224	20054016	10	5.0	5.0	10.0	0.0	10	9.0	3.0	10.0	0.0	-0.006249377047380139	-2.276752335092689	0.16525243566357545	7.640749980898126	16.759999832400005
1228	20119552	10	7.0	4.58257569495584	10.0	0.0	10	7.0	4.58257569495584	10.0	0.0	-0.005779262054303599	-2.3014097732888454	0.10031564342520499	7.704499980738751	16.667999833320003
1232	20185088	10	3.0	4.58257569495584	10.0	0.0	10	8.0	4.0	10.0	0.0	-0.006436844746163938	-2.289351602156901	0.17470075324065365	7.792249980519375	16.58299983417
1236	20250624	10	3.0	4.58257569495584	10.0	0.0	10	8.0	4.0	10.0	0.0	-0.006534425223361052	-2.266215748848885	0.14690164705993233	7.7087499807281255	16.324999836750003
1240	20316160	10	6.0	4.898979485566356	10.0	0.0	10	9.0	3.0	10.0	0.0	-0.006134907280251373	-2.2450242636249382	0.13450292403339975	7.656749980858125	9.140999908590002
1244	20381696	10	6.0	4.898979485566356	10.0	0.0	10	8.0	4.0	10.0	0.0	-0.005314075394736724	-2.3187128948736837	0.13017804209183884	7.7489999806275005	9.320999906790002
1248	20447232	10	5.0	5.0	10.0	0.0	10	10.0	0.0	10.0	10.0	-0.005521088871956625	-2.3105706023749897	0.12014443709350073	7.752249980619375	8.774999912250001
1252	20512768	10	6.0	4.898979485566356	10.0	0.0	10	7.0	4.58257569495584	10.0	0.0	-0.007143853052046746	-2.3260908198913848	0.13228002943971323	7.7724999805687505	1.4949999850500004
1256	20578304	10	8.0	4.0	10.0	0.0	10	8.0	4.0	10.0	0.0	-0.006553584721207457	-2.334617674107549	0.16737981189316653	7.7599999806	16.43799983562
1260	20643840	10	4.0	4.898979485566356	10.0	0.0	10	8.0	4.0	10.0	0.0	-0.00644728087772356	-2.2506047410408723	0.17751902355515536	7.725999980685	11.107999888920002
1264	20709376	10	6.0	4.898979485566356	10.0	0.0	10	7.0	4.58257569495584	10.0	0.0	-0.0047756559234764595	-2.292291735370592	0.11872252234728488	7.7487499806281255	11.991999880080003
1268	20774912	10	7.0	4.58257569495584	10.0	0.0	10	8.0	4.0	10.0	0.0	-0.006559328025028126	-2.3344394338679475	0.10000017775189922	7.749749980625625	16.439999835600005
1272	20840448	10	4.0	4.898979485566356	10.0	0.0	10	9.0	3.0	10.0	0.0	-0.005863982945807083	-2.3036465394084105	0.12435356231352744	7.72549998068625	3.2399999676000006
1276	20905984	10	7.0	4.58257569495584	10.0	0.0	10	9.0	3.0	10.0	0.0	-0.006580472188258065	-2.318145148214623	0.11208243752283086	7.729749980675624	9.018999909810002
1280	20971520	10	6.0	4.898979485566356	10.0	0.0	10	9.0	3.0	10.0	0.0	-0.0053496520237973745	-2.257998535795243	0.0883048502054282	7.687249980781876	3.0769999692300005
1284	21037056	10	6.0	4.898979485566356	10.0	0.0	10	6.0	4.898979485566356	10.0	0.0	-0.00625087810653962	-2.2899828476308564	0.13270521509863792	7.66549998083625	9.200999907990003
1288	21102592	10	5.0	5.0	10.0	0.0	10	7.0	4.58257569495584	10.0	0.0	-0.005928305617381753	-2.3043188872519873	0.09779146033251863	7.704749980738126	9.99499990005
1292	21168128	10	5.0	5.0	10.0	0.0	10	8.0	4.0	10.0	0.0	-0.005787968062580836	-2.3121765948907043	0.12216440111600745	7.651249980871875	13.537999864620003
1296	21233664	10	7.0	4.58257569495584	10.0	0.0	10	9.0	3.0	10.0	0.0	-0.006198316940411518	-2.2806935655681806	0.07938157215198004	7.668749980828125	16.608999833910005
1300	21299200	10	6.0	4.898979485566356	10.0	0.0	10	9.0	3.0	10.0	0.0	-0.006595734920888002	-2.322456732150388	0.10930441377011546	7.714499980713749	2.3619999763800004
1304	21364736	10	5.0	5.0	10.0	0.0	10	7.0	4.58257569495584	10.0	0.0	-0.006071788668097042	-2.29362364834497	0.0822212451323591	7.778749980553125	9.655999903440001
1308	21430272	10	7.0	4.58257569495584	10.0	0.0	10	10.0	0.0	10.0	10.0	-0.006487623633732821	-2.2747585100546224	0.08768042551487973	7.746749980633125	9.874999901250002
1312	21495808	10	9.0	3.0	10.0	0.0	10	8.0	4.0	10.0	0.0	-0.0063291610148933355	-2.260988406601467	0.07085150136107149	7.729999980674999	2.28799997712
1316	21561344	10	7.0	4.58257569495584	10.0	0.0	10	9.0	3.0	10.0	0.0	-0.005851265195205851	-2.294091594476945	0.09543039997976858	7.794499980513749	8.748999912510001
1320	21626880	10	8.0	4.0	10.0	0.0	10	7.0	4.58257569495584	10.0	0.0	-0.0050479326741168255	-2.336219524100452	0.11131891054105869	7.69849998075375	13.853999861460002
1324	21692416	10	4.0	4.898979485566356	10.0	0.0	10	9.0	3.0	10.0	0.0	-0.005966584216957895	-2.294135836024525	0.07544373090485584	7.742249980644376	8.770999912290002
1328	21757952	10	3.0	4.58257569495584	10.0	0.0	10	6.0	4.898979485566356	10.0	0.0	-0.005993692089741848	-2.2948455311451035	0.11234582451088446	7.755749980610625	9.724999902750001
1332	21823488	10	7.0	4.58257569495584	10.0	0.0	10	10.0	0.0	10.0	10.0	-0.0066335139168346175	-2.3497351529733463	0.14215654016854246	7.704749980738125	9.13599990864
1336	21889024	10	5.0	5.0	10.0	0.0	10	8.0	4.0	10.0	0.0	-0.006770761799293293	-2.285208225012201	0.14825889874102316	7.69549998076125	16.328999836710004
1340	21954560	10	5.0	5.0	10.0	0.0	10	8.0	4.0	10.0	0.0	-0.00587106789740656	-2.2535740457611237	0.10223686000392616	7.68749998078125	9.028999909710002
1344	22020096	10	5.0	5.0	10.0	0.0	10	9.0	3.0	10.0	0.0	-0.005984449312243595	-2.312554056204866	0.07168102258806981	7.75949998060125	16.590999834090002
1348	22085632	10	8.0	4.0	10.0	0.0	10	9.0	3.0	10.0	0.0	-0.004511307728065102	-2.278648567459053	0.09558164944342279	7.759249980601875	9.064999909350002
1352	22151168	10	6.0	4.898979485566356	10.0	0.0	10	7.0	4.58257569495584	10.0	0.0	-0.004427878801676522	-2.3428526096089026	0.09235437013566214	7.733749980665626	9.65399990346
1356	22216704	10	6.0	4.898979485566356	10.0	0.0	10	10.0	0.0	10.0	10.0	-0.005356101033660906	-2.3423043064816707	0.12659493316353665	7.7554999806112495	10.176999898230001
1360	22282240	10	8.0	4.0	10.0	0.0	10	7.0	4.58257569495584	10.0	0.0	-0.006323807435615634	-2.359079224122199	0.12619708880709338	7.685749980785625	11.172999888270002
1364	22347776	10	7.0	4.58257569495584	10.0	0.0	10	7.0	4.58257569495584	10.0	0.0	-0.005149790900222962	-2.296337308743806	0.12609762976495195	7.653749980865625	8.70299991297
1368	22413312	10	4.0	4.898979485566356	10.0	0.0	10	9.0	3.0	10.0	0.0	-0.006177239189697355	-2.3135356577807746	0.13677214934462895	7.69749998075625	13.361999866380001
1372	22478848	10	5.0	5.0	10.0	0.0	10	10.0	0.0	10.0	10.0	-0.005830710083803019	-2.310854620990842	0.0812358923928476	7.691249980771875	8.72099991279
1376	22544384	10	7.0	4.58257569495584	10.0	0.0	10	9.0	3.0	10.0	0.0	-0.005323602531210425	-2.366108226032948	0.1052020423315155	7.698749980753125	16.69399983306
1380	22609920	10	7.0	4.58257569495584	10.0	0.0	10	7.0	4.58257569495584	10.0	0.0	-0.00497452314639024	-2.3235254483981533	0.09095220173692997	7.752749980618126	11.565999884340002
1384	22675456	10	3.0	4.58257569495584	10.0	0.0	10	6.0	4.898979485566356	10.0	0.0	-0.005486565246160301	-2.2642124789581497	0.121173348265185	7.686749980783125	16.471999835280005
1388	22740992	10	6.0	4.898979485566356	10.0	0.0	10	6.0	4.898979485566356	10.0	0.0	-0.005960293808418421	-2.2854991229974706	0.09573557089094584	7.743749980640626	8.791999912080001
1392	22806528	10	5.0	5.0	10.0	0.0	10	7.0	4.58257569495584	10.0	0.0	-0.005524901830267983	-2.2516115131615613	0.12519923417766582	7.754999980612501	9.526999904730001
1396	22872064	10	6.0	4.898979485566356	10.0	0.0	10	8.0	4.0	10.0	0.0	-0.006228976542800634	-2.3224421960676453	0.07776011325928321	7.749999980625	16.528999834710003
1400	22937600	10	4.0	4.898979485566356	10.0	0.0	10	9.0	3.0	10.0	0.0	-0.006079465201131555	-2.3206798034475833	0.05245225869232476	7.6809999807975	16.851999831480004
1404	23003136	10	5.0	5.0	10.0	0.0	10	8.0	4.0	10.0	0.0	-0.0048996666271452	-2.2746938390150477	0.06506827954145977	7.7159999807099995	8.77399991226
1408	23068672	10	4.0	4.898979485566356	10.0	0.0	10	6.0	4.898979485566356	10.0	0.0	-0.005949158754433751	-2.328248068447774	0.08085297080234011	7.701999980745	16.583999834160004
1412	23134208	10	4.0	4.898979485566356	10.0	0.0	10	9.0	3.0	10.0	0.0	-0.0062458094925671665	-2.3035036869431136	0.06751106018079353	7.704249980739375	9.040999909590003
1416	23199744	10	7.0	4.58257569495584	10.0	0.0	10	9.0	3.0	10.0	0.0	-0.006226175822988413	-2.2353747062540092	0.0829222461238739	7.725999980685001	1.0139999898600003
1420	23265280	10	6.0	4.898979485566356	10.0	0.0	10	8.0	4.0	10.0	0.0	-0.0046898223403903675	-2.2790604827414183	0.0795920828158015	7.736499980658751	8.90699991093
1424	23330816	10	7.0	4.58257569495584	10.0	0.0	10	8.0	4.0	10.0	0.0	-0.005719134682911596	-2.2475820330424345	0.058529521516869076	7.69849998075375	16.55499983445
1428	23396352	10	7.0	4.58257569495584	10.0	0.0	10	9.0	3.0	10.0	0.0	-0.004755947569830783	-2.3115892755564174	0.07350113480750381	7.716249980709375	8.715999912840001
1432	23461888	10	5.0	5.0	10.0	0.0	10	9.0	3.0	10.0	0.0	-0.006267583370525994	-2.2846165346706315	0.03793578615870664	7.663249980841875	8.881999911180001
1436	23527424	10	5.0	5.0	10.0	0.0	10	7.0	4.58257569495584	10.0	0.0	-0.005822999656932623	-2.271628526113234	0.10440086131836873	7.753249980616876	8.86499991135
1440	23592960	10	8.0	4.0	10.0	0.0	10	8.0	4.0	10.0	0.0	-0.005478148939836719	-2.3049818572981207	0.09358378106839907	7.699249980751875	5.844999941550001
1444	23658496	10	6.0	4.898979485566356	10.0	0.0	10	9.0	3.0	10.0	0.0	-0.00487569448836582	-2.416599943982165	0.0899613322790445	7.688249980779375	16.644999833550003
1448	23724032	10	5.0	5.0	10.0	0.0	10	9.0	3.0	10.0	0.0	-0.00470981743467495	-2.2462677108888442	0.0818927389639496	7.72799998068	10.50699989493
1452	23789568	10	6.0	4.898979485566356	10.0	0.0	10	9.0	3.0	10.0	0.0	-0.005838247573287539	-2.1999577306402895	0.08737666079407597	7.7012499807468755	8.839999911600001
1456	23855104	10	6.0	4.898979485566356	10.0	0.0	10	7.0	4.58257569495584	10.0	0.0	-0.006739880382060374	-2.2169701280867393	0.11286707601576051	7.722749980693125	8.93899991061
1460	23920640	10	7.0	4.58257569495584	10.0	0.0	10	9.0	3.0	10.0	0.0	-0.005628789945472199	-2.2029093327810445	0.07572812297135897	7.695249980761875	16.844999831550002
1464	23986176	10	7.0	4.58257569495584	10.0	0.0	10	8.0	4.0	10.0	0.0	-0.005642696901626302	-2.1691160994495466	0.11929867551195435	7.664249980839375	16.644999833550003
1468	24051712	10	7.0	4.58257569495584	10.0	0.0	10	10.0	0.0	10.0	10.0	-0.006102245944294822	-2.245463994408196	0.15365681124337058	7.719749980700626	8.91299991087
1472	24117248	10	5.0	5.0	10.0	0.0	10	9.0	3.0	10.0	0.0	-0.006232926449186192	-2.193504492213323	0.08538177301993922	7.757499980606251	9.047999909520001
1476	24182784	10	6.0	4.898979485566356	10.0	0.0	10	9.0	3.0	10.0	0.0	-0.005103309044063436	-2.3180137646763908	0.05640336521313655	7.7409999806475	9.188999908110002
1480	24248320	10	6.0	4.898979485566356	10.0	0.0	10	9.0	3.0	10.0	0.0	-0.005828053830554531	-2.279217675090836	0.10898801469816195	7.82799998043	8.625999913740001
1484	24313856	10	5.0	5.0	10.0	0.0	10	9.0	3.0	10.0	0.0	-0.0053746848844194485	-2.2690433509767782	0.11107383100711113	7.731749980670625	13.045999869540001
1488	24379392	10	4.0	4.898979485566356	10.0	0.0	10	10.0	0.0	10.0	10.0	-0.00489632875248621	-2.239181672300105	0.11518007092685499	7.79049998052375	8.73699991263
1492	24444928	10	2.0	4.0	10.0	0.0	10	7.0	4.58257569495584	10.0	0.0	-0.0053246245534472325	-2.2784699199210454	0.09843635131200472	7.67049998082375	8.60299991397
1496	24510464	10	7.0	4.58257569495584	10.0	0.0	10	10.0	0.0	10.0	10.0	-0.006119282612385914	-2.2805183254290324	0.09012205080975469	7.690499980773749	9.371999906280001
1500	24576000	10	6.0	4.898979485566356	10.0	0.0	10	8.0	4.0	10.0	0.0	-0.006532267217988655	-2.297672355929088	0.08214632465017067	7.728249980679375	9.259999907400001
1504	24641536	10	6.0	4.898979485566356	10.0	0.0	10	9.0	3.0	10.0	0.0	-0.004711908782574331	-2.330139013385442	0.08994321390282364	7.690749980773125	16.767999832320005
1508	24707072	10	5.0	5.0	10.0	0.0	10	10.0	0.0	10.0	10.0	-0.006396740346888114	-2.2994912115324344	0.08471388491152311	7.68849998077875	9.684999903150002
1512	24772608	10	6.0	4.898979485566356	10.0	0.0	10	10.0	0.0	10.0	10.0	-0.006032730010679845	-2.2510125138004264	0.11003899414032604	7.765499980586251	9.409999905900001
1516	24838144	10	7.0	4.58257569495584	10.0	0.0	10	9.0	3.0	10.0	0.0	-0.0048299241105088635	-2.3003668335664162	0.09837910477599422	7.70649998073375	16.70599983294
1520	24903680	10	5.0	5.0	10.0	0.0	10	10.0	0.0	10.0	10.0	-0.005707098185072347	-2.27733454829574	0.17669839674008073	7.67649998080875	8.897999911020001
1524	24969216	10	7.0	4.58257569495584	10.0	0.0	10	10.0	0.0	10.0	10.0	-0.005841906497150902	-2.3140746228469924	0.11538536263359185	7.7389999806525	8.62899991371
