iter	frame	n_test	mean_returns	std_returns	max_returns	min_returns	n_test_train	mean_returns_train	std_returns_train	max_returns_train	min_returns_train	actor_loss	entropy_loss	value_loss	training_time	evaluation_time
0	0	10	1.3	1.1	3.0	0.0	10	0.7	0.7810249675906655	2.0	0.0	0	0	0	0.0	42.80799957192001
4	65536	10	0.5	0.6708203932499369	2.0	0.0	10	0.9	0.8306623862918076	2.0	0.0	-0.00018113599797220926	-2.608818950480665	0.06843928420630147	12.807499967981249	41.55699958443001
8	131072	10	0.9	0.8306623862918076	2.0	0.0	10	1.4	0.9165151389911681	3.0	0.0	-0.004240005305759388	-2.595885182150008	0.03277092188022531	12.25349996936625	44.90399955096001
12	196608	10	1.8	2.891366458960192	10.0	0.0	10	1.2	2.9597297173897488	10.0	0.0	-0.004576663537114494	-2.6262382440016854	0.03602684720548534	12.561999968595002	40.988999590110005
16	262144	10	1.2	0.8717797887081347	3.0	0.0	10	1.4	2.9732137494637008	10.0	0.0	-0.005255066447169269	-2.6082221093043763	0.06500129282651133	11.795249970511875	34.66399965336001
20	327680	10	2.1	2.8442925306655784	10.0	0.0	10	0.9	0.7000000000000001	2.0	0.0	-0.005397442271758777	-2.5876960702028473	0.05700034081031688	11.629249970926875	41.587999584120006
24	393216	10	0.5	0.5	1.0	0.0	10	1.9	2.808914381037628	10.0	0.0	-0.0039488765707705095	-2.555548821620177	0.09106076744523056	11.413999971465	48.326999516730005
28	458752	10	1.1	1.044030650891055	3.0	0.0	10	1.3	1.004987562112089	3.0	0.0	-0.0051835742846436115	-2.573833164801313	0.07713943199071918	11.309749971725626	43.23399956766001
32	524288	10	4.0	4.538722287164087	13.0	1.0	10	3.4	4.903060268852505	13.0	0.0	-0.005357212294305183	-2.5616612084025046	0.06107705698954125	11.90249997024375	47.00799952992001
36	589824	10	2.8	3.515679166249389	13.0	0.0	10	1.4	0.66332495807108	2.0	0.0	-0.004471896482592597	-2.5551420000514127	0.09743561586902352	11.801249970496874	41.45099958549001
40	655360	10	1.2	0.8717797887081347	3.0	0.0	10	3.2	4.28485705712571	13.0	0.0	-0.00511111816687354	-2.5879231713499986	0.044127055342214	11.672249970819378	40.57599959424001
44	720896	10	1.2	0.9797958971132712	3.0	0.0	10	2.5	3.556683848755748	13.0	0.0	-0.0054976587786801905	-2.61305075111588	0.07750561708397959	11.16399997209	43.697999563020005
48	786432	10	3.4	4.903060268852505	13.0	0.0	10	2.4	3.5832945734337835	13.0	0.0	-0.005567509743464754	-2.5966479105032696	0.06933562815786488	11.757749970605627	39.09899960901
52	851968	10	1.2	0.9797958971132712	3.0	0.0	10	2.3	2.685144316419511	10.0	0.0	-0.004898356116826998	-2.5886362689023827	0.0565854846440917	11.110749972223125	45.02899954971001
56	917504	10	3.9	4.635730794599704	13.0	0.0	10	1.6	1.019803902718557	3.0	0.0	-0.004797560345454127	-2.5823157153817258	0.09207038766676755	11.468249971329374	43.81199956188001
60	983040	10	2.3	3.689173349139343	13.0	0.0	10	2.6	3.638681079732051	13.0	0.0	-0.005926658629191059	-2.554575358561807	0.049708699055348374	11.124249972189377	46.087999539120005
64	1048576	10	2.1	3.7	13.0	0.0	10	2.4	3.6110940170535573	13.0	0.0	-0.005047928400704387	-2.547002357475884	0.083015377023147	10.875249972811876	46.24299953757001
68	1114112	10	1.0	1.0	3.0	0.0	10	3.4	4.199999999999999	13.0	0.0	-0.00483767907715379	-2.5331594221138745	0.05932481974366242	10.598999973502501	47.07199952928001
72	1179648	10	1.5	1.02469507659596	3.0	0.0	10	1.7	0.7810249675906654	3.0	0.0	-0.0040209586339849945	-2.5232027741625136	0.12507396570345763	11.454249971364376	46.32499953675001
76	1245184	10	1.3	1.004987562112089	3.0	0.0	10	3.8	4.66476151587624	13.0	0.0	-0.004932854222201993	-2.531607853605888	0.0780133178453964	10.858249972854376	44.49899955501001
80	1310720	10	2.3	2.6476404589747453	10.0	0.0	10	2.1	3.753664875824692	13.0	0.0	-0.0054027271926751184	-2.538104330235581	0.04551517884354965	11.727749970680625	44.02899955971001
84	1376256	10	2.7	2.5317977802344327	10.0	1.0	10	4.2	4.445222154178574	13.0	1.0	-0.004442060152382121	-2.5150779781105865	0.10226972671712561	11.573249971066877	43.765999562340006
88	1441792	10	1.3	1.004987562112089	3.0	0.0	10	4.8	5.436910887627274	13.0	0.0	-0.004329098536046189	-2.5465667766660185	0.08562558188064918	10.952499972618751	37.34899962651
92	1507328	10	2.2	0.6	3.0	1.0	10	2.3	3.6891733491393435	13.0	0.0	-0.0036582494706159903	-2.5435641753010825	0.1268329010212924	11.0089999724775	44.36399955636001
96	1572864	10	4.0	4.604345773288535	13.0	0.0	10	1.2	0.6000000000000001	2.0	0.0	-0.004270295549010897	-2.5398487098352884	0.11230039149129087	11.321749971695626	48.750999512490004
100	1638400	10	3.6	4.7791212581394085	13.0	0.0	10	1.5	0.9219544457292888	3.0	0.0	-0.003807282649689971	-2.5462796014875204	0.11005916070831637	10.3729999740675	44.271999557280004
104	1703936	10	4.0	4.58257569495584	13.0	0.0	10	4.7	5.514526271584895	13.0	0.0	-0.004509932133093388	-2.5109990956750536	0.12051961950012802	12.033249969916874	42.930999570690005
108	1769472	10	2.8	3.4871191548325386	13.0	0.0	10	3.5	4.8218253804964775	13.0	0.0	-0.005273050193921091	-2.5089823824533957	0.08733304842280407	11.01599997246	45.58199954418001
112	1835008	10	3.5	4.177319714841085	13.0	0.0	10	6.2	5.6	13.0	0.0	-0.00432424447793716	-2.479322465499266	0.10022569198359109	10.937249972656874	43.21899956781001
116	1900544	10	1.5	1.02469507659596	3.0	0.0	10	3.0	3.4351128074635335	13.0	1.0	-0.0044615644117787625	-2.484777644017788	0.07238761342618327	11.69849997075375	40.18299959817001
120	1966080	10	1.8	0.7483314773547883	3.0	1.0	10	1.6	0.9165151389911681	3.0	0.0	-0.005368457187358645	-2.4942971440538306	0.05832471535903695	11.668749970828124	47.63699952363001
124	2031616	10	2.7	3.4942810419312296	13.0	0.0	10	3.6	4.7791212581394085	13.0	0.0	-0.004990474424717008	-2.4905517967927917	0.07926036240095416	10.86749997283125	42.46199957538001
128	2097152	10	1.4	0.9165151389911681	3.0	0.0	10	4.5	5.044799302251775	13.0	0.0	-0.004253904390540013	-2.4853606171800604	0.0899132908674516	11.349249971626875	41.09099958909001
132	2162688	10	2.7	2.5317977802344322	10.0	1.0	10	1.9	0.5385164807134505	3.0	1.0	-0.004288573238387003	-2.4859817994031563	0.07926542607940203	11.461249971346875	43.401999565980006
136	2228224	10	2.7	3.551056180912941	13.0	0.0	10	4.7	4.9	13.0	0.0	-0.004262619719318953	-2.46617716276785	0.0600139937533881	11.4789999713025	43.33199956668001
140	2293760	10	5.3	5.23545604508337	13.0	0.0	10	2.5	3.6674241641784495	13.0	0.0	-0.004060502090883293	-2.4983072104434503	0.12010080550399944	10.711499973221251	45.29799954702001
144	2359296	10	3.8	4.686149805543993	13.0	0.0	10	3.1	3.419064199455752	13.0	0.0	-0.004540566088944577	-2.529239890212605	0.06355951192204311	10.767749973080624	40.74199959258
148	2424832	10	3.3	3.3778691508109073	13.0	0.0	10	1.2	0.9797958971132712	3.0	0.0	-0.004524958719668343	-2.5084906590352114	0.07895196088698633	11.118749972203124	44.164999558350004
152	2490368	10	2.4	3.6110940170535577	13.0	0.0	10	4.0	4.626013402488151	13.0	0.0	-0.004628541032437365	-2.5113187553849508	0.0779359648311042	11.0029999724925	42.99999957000001
156	2555904	10	1.3	0.9000000000000001	3.0	0.0	10	2.9	3.477067730142742	13.0	0.0	-0.005240915199525635	-2.5022417055940833	0.06198871550280601	10.573999973565	47.25299952747001
160	2621440	10	1.5	0.9219544457292888	3.0	0.0	10	2.1	2.7367864366808017	10.0	0.0	-0.004041233396677684	-2.5096995306380974	0.07872771282713964	10.945249972636875	44.92899955071001
164	2686976	10	2.1	3.726929030716845	13.0	0.0	10	0.9	0.8306623862918076	3.0	0.0	-0.004386841282664649	-2.50955371532525	0.09168741005138642	11.683249970791877	40.09999959900001
168	2752512	10	2.0	3.7682887362833544	13.0	0.0	10	1.3	0.6403124237432849	2.0	0.0	-0.004742250297073822	-2.5416248810623996	0.11418189450607538	10.661749973345625	47.536999524630005
172	2818048	10	2.7	3.5791060336346563	13.0	0.0	10	2.8	3.515679166249389	13.0	0.0	-0.00465832526315335	-2.5041736585273524	0.07017321514282492	11.253499971866251	42.23999957760001
176	2883584	10	1.6	0.9165151389911681	3.0	0.0	10	2.7	3.5791060336346563	13.0	0.0	-0.004633584968786912	-2.535208592548136	0.10723258454865425	11.444749971388124	39.25199960748001
180	2949120	10	2.5	2.7294688127912363	10.0	0.0	10	2.2	2.749545416973504	10.0	0.0	-0.003813275698330401	-2.583227490116287	0.07955480410742444	11.313249971716875	41.756999582430005
184	3014656	10	3.8	4.686149805543993	13.0	0.0	10	2.2	2.749545416973504	10.0	0.0	-0.004669687002022785	-2.5278200132001825	0.10103227565720031	11.516249971209374	39.82799960172001
188	3080192	10	1.4	0.9165151389911681	3.0	0.0	10	5.1	5.262128846769148	13.0	0.0	-0.004185381433539051	-2.5143709602319686	0.11303788992795806	10.802249972994376	39.95499960045
192	3145728	10	2.2	3.7894590642992836	13.0	0.0	10	3.0	3.4351128074635335	13.0	1.0	-0.004295335534008134	-2.55758384091836	0.09845296932755802	10.324249974189375	45.52199954478001
196	3211264	10	2.3	3.74299345444258	13.0	0.0	10	2.8	3.54400902933387	13.0	0.0	-0.004475903888445855	-2.5642375297656854	0.12558145718893093	12.097499969756248	42.09199957908
200	3276800	10	2.6	3.6110940170535577	13.0	0.0	10	3.1	3.4481879299133333	13.0	0.0	-0.0044340297798275904	-2.534406321480123	0.1054673354652434	11.43599997141	40.433999595660005
204	3342336	10	1.6	1.019803902718557	3.0	0.0	10	2.6	3.5552777669262356	13.0	0.0	-0.005188501199341542	-2.5221073997373757	0.06764143062438918	10.85199997287	41.008999589910005
208	3407872	10	1.3	0.9	3.0	0.0	10	3.7	4.712748667179271	13.0	0.0	-0.004232901640396929	-2.5302367381599398	0.08761960787096362	11.5349999711625	42.926999570730004
212	3473408	10	2.3	3.716180835212409	13.0	0.0	10	3.3	3.3181320046074116	13.0	1.0	-0.004528068758628605	-2.5077349590629785	0.09688517413412243	10.73449997316375	41.81299958187001
216	3538944	10	2.4	3.6110940170535577	13.0	0.0	10	1.8	0.9797958971132712	3.0	0.0	-0.004269601323216489	-2.517142809665261	0.13152608766868312	10.944249972639376	44.49199955508001
220	3604480	10	2.7	3.5791060336346563	13.0	0.0	10	1.9	0.9433981132056605	3.0	0.0	-0.004629671197232181	-2.512926896151404	0.12423093681637042	10.85949997285125	43.52399956476001
224	3670016	10	1.3	1.1	3.0	0.0	10	2.7	2.6095976701399777	10.0	0.0	-0.005192354359744034	-2.507503859437574	0.13372817393551525	10.711249973221875	43.549999564500006
228	3735552	10	2.5	3.6124783736376886	13.0	0.0	10	1.0	1.0954451150103321	3.0	0.0	-0.005286121961090642	-2.4893084091335305	0.11506867295018998	10.2949999742625	34.75399965246
232	3801088	10	3.0	3.4641016151377544	13.0	0.0	10	2.8	3.487119154832538	13.0	1.0	-0.004755644102977983	-2.5111609297361825	0.1076946579739028	10.020749974948124	44.914999550850006
236	3866624	10	2.4	3.5832945734337835	13.0	0.0	10	3.1	3.4190641994557516	13.0	0.0	-0.005102381078130697	-2.5188949155170466	0.13906806539071614	10.68649997328375	40.87199959128001
240	3932160	10	2.5	2.6551836094703507	10.0	0.0	10	3.3	3.348133808556641	13.0	1.0	-0.004632708599094928	-2.4916904218382907	0.12891762993352562	11.3309999716725	39.77799960222001
244	3997696	10	2.9	3.477067730142742	13.0	0.0	10	2.5	0.5	3.0	2.0	-0.004785950185989216	-2.5089066050816795	0.09764264294015756	11.502749971243125	42.70299957297001
248	4063232	10	3.2	3.3406586176980135	13.0	1.0	10	5.6	4.882622246293481	13.0	1.0	-0.004372181491664902	-2.5219453272576677	0.19121301692160453	10.463249973841876	42.93899957061001
252	4128768	10	4.9	5.3935146240647205	13.0	0.0	10	3.0	3.492849839314596	13.0	0.0	-0.005070381152187059	-2.52338248465002	0.2098899651488204	10.315749974210625	42.79799957202001
256	4194304	10	4.1	4.52658811910251	13.0	0.0	10	4.4	4.363484845854286	13.0	1.0	-0.005165983286807805	-2.4740743684178335	0.1853324529366607	10.823999972940001	43.34099956659001
260	4259840	10	4.2	4.467661580737736	13.0	0.0	10	4.7	4.196427051671457	13.0	1.0	-0.005909003324016546	-2.4306266056946217	0.15655448600416041	10.711749973220625	41.98999958010001
264	4325376	10	5.1	5.262128846769148	13.0	0.0	10	4.9	5.3935146240647205	13.0	0.0	-0.0048181738597560635	-2.4389057603918136	0.21265615342142818	10.478249973804374	43.09499956905
268	4390912	10	5.7	4.859012245302536	13.0	0.0	10	6.5	5.371219600798314	13.0	0.0	-0.004983602981243058	-2.4368236236219407	0.17635527111615518	11.433249971416876	41.10599958894001
272	4456448	10	3.2	3.370459909270544	13.0	1.0	10	1.8	1.2489995996796797	3.0	0.0	-0.005793866596531868	-2.4430000406939114	0.2125738045600156	10.788999973027499	44.93999955060001
276	4521984	10	2.8	3.515679166249389	13.0	0.0	10	3.5	3.2326459750489227	13.0	1.0	-0.005642791803154114	-2.43223434661325	0.2125059202247283	10.44149997389625	42.70199957298001
280	4587520	10	6.4	5.40740233383831	13.0	1.0	10	1.7	0.7810249675906654	3.0	0.0	-0.006395780655354861	-2.4568169536614257	0.16544246392463852	10.645749973385625	41.822999581770006
284	4653056	10	5.4	5.023942674832188	13.0	1.0	10	3.6	3.1685959035509725	13.0	2.0	-0.00475917146297578	-2.4738036168024964	0.17260826998144457	11.59249997101875	39.76099960239001
288	4718592	10	5.5	4.984977432245807	13.0	0.0	10	2.2	0.8717797887081347	3.0	1.0	-0.0054486271917169584	-2.458783184232491	0.19999311955425061	11.27849997180375	37.77899962221001
292	4784128	10	4.2	4.445222154178574	13.0	1.0	10	2.3	0.6403124237432849	3.0	1.0	-0.005664489646143221	-2.470123921574144	0.15932677987234628	10.617999973455001	39.98099960019001
296	4849664	10	5.3	5.1000000000000005	13.0	1.0	10	4.8	4.1182520563948	13.0	2.0	-0.005660446411049356	-2.469163020194659	0.16078403807743447	11.349249971626877	38.95899961041001
300	4915200	10	2.9	3.5341194094144583	13.0	0.0	10	5.0	5.272570530585627	13.0	1.0	-0.005097398742463625	-2.485057949760976	0.22278507695696181	11.469749971325626	39.177999608220006
304	4980736	10	5.1	5.262128846769148	13.0	0.0	10	5.1	4.635730794599704	13.0	1.0	-0.005582449811627728	-2.4370054475908094	0.18916647398115638	11.677999970805	36.16399963836001
308	5046272	10	3.5	4.863126566315131	13.0	0.0	10	4.5	5.06458290484024	13.0	0.0	-0.005736027278553324	-2.451736762864308	0.20360027290312047	12.090749969773125	37.768999622310005
312	5111808	10	4.3	4.405678154382137	13.0	1.0	10	6.0	5.744562646538029	13.0	0.0	-0.006001673109475887	-2.4126828186184284	0.19524432041511153	11.585249971036875	35.0499996495
316	5177344	10	5.1	5.223983154643591	13.0	1.0	10	7.2	5.861740355901138	13.0	0.0	-0.006266635771634294	-2.421608400589303	0.22117479174267066	11.510499971223751	40.19999959800001
320	5242880	10	3.2	3.31058907144937	13.0	1.0	10	3.6	4.054626986542659	13.0	1.0	-0.005473459866491895	-2.4504180225164243	0.17466827270618052	10.969749972575626	44.07799955922001
324	5308416	10	5.7	4.817675788178362	13.0	1.0	10	3.5	3.2939338184001206	13.0	0.0	-0.005442898375540558	-2.4367570824866367	0.2434136561485392	10.194249974514376	39.80099960199001
328	5373952	10	6.2	5.075431016179808	13.0	0.0	10	4.2	3.762977544445356	13.0	1.0	-0.005455814902878469	-2.4723723205335464	0.17842573181730081	11.5229999711925	38.24999961750001
332	5439488	10	5.9	4.657252408878007	13.0	2.0	10	7.1	5.3935146240647205	13.0	1.0	-0.006466062447779609	-2.444666146977403	0.17652158631346163	11.301749971745627	40.65299959347001
336	5505024	10	5.0	5.310367218940701	13.0	0.0	10	6.9	5.593746508378798	13.0	1.0	-0.005574565952606339	-2.4452581552104116	0.2255966759362265	11.156999972107501	41.737999582620006
340	5570560	10	4.2	4.467661580737736	13.0	1.0	10	3.9	3.935733730830885	13.0	0.0	-0.00551834911011729	-2.439586177214176	0.2698946147099877	10.104749974738125	47.35099952649001
344	5636096	10	7.0	5.495452665613635	13.0	1.0	10	7.6	5.40740233383831	13.0	2.0	-0.006429891832579931	-2.460342099012945	0.251990595806218	9.84449997538875	42.61699957383001
348	5701632	10	7.4	5.624944444170094	13.0	1.0	10	6.3	5.514526271584894	13.0	0.0	-0.005404948769301843	-2.4339473021475295	0.269808842229181	10.5249999736875	41.011999589880006
352	5767168	10	5.2	5.192301994298868	13.0	0.0	10	5.6	4.882622246293481	13.0	1.0	-0.005590992008995256	-2.4252426323748577	0.3268888083256515	11.123749972190627	28.039999719600004
356	5832704	10	5.3	5.119570294468081	13.0	0.0	10	7.4	5.083306010855534	13.0	2.0	-0.006564202960284867	-2.4077188792303525	0.3508088020242403	11.40949997147625	41.325999586740004
360	5898240	10	6.6	5.238320341483519	13.0	2.0	10	7.2	5.8275209137333865	13.0	0.0	-0.005442951317833472	-2.4011268911244703	0.3687974110171981	10.824749972938125	39.70599960294001
364	5963776	10	4.6	5.571355310873647	13.0	0.0	10	6.1	5.664803615307419	13.0	0.0	-0.005504586856995544	-2.341829086099507	0.340378240801949	10.97349997256625	38.491999615080005
368	6029312	10	3.6	4.079215610874228	13.0	0.0	10	7.4	5.642694391866354	13.0	0.0	-0.005752308865953189	-2.350835660848515	0.27294939435348325	11.446249971384374	22.805999771940005
372	6094848	10	4.2	4.48998886412873	13.0	0.0	10	5.4	5.063595560468865	13.0	0.0	-0.005949152361292328	-2.4017356134932832	0.2674196553137988	12.09149996977125	37.71699962283
376	6160384	10	2.5	3.640054944640259	13.0	0.0	10	7.3	5.745432968889291	13.0	0.0	-0.005803427452218467	-2.3686527408675637	0.2703559919910144	11.075249972311875	29.340999706590004
380	6225920	10	3.2	3.370459909270544	13.0	1.0	10	5.8	4.791659420284375	13.0	1.0	-0.005838569323409162	-2.3720087381713357	0.33637133299284067	12.001249969996874	36.75799963242001
384	6291456	10	3.2	3.370459909270544	13.0	0.0	10	3.6	4.800000000000001	13.0	0.0	-0.0057443575418274885	-2.3983331171160107	0.3090975920658198	11.446249971384375	36.79099963209
388	6356992	10	6.3	5.532630477449221	13.0	0.0	10	4.4	4.340506882842141	13.0	1.0	-0.00563946854468131	-2.3993665449305457	0.31045348519950766	11.12949997217625	24.387999756120006
392	6422528	10	5.0	5.253570214625479	13.0	1.0	10	7.6	5.462600113499065	13.0	0.0	-0.005712171516290652	-2.3905909207953298	0.2367148675398813	11.387999971529998	31.581999684180005
396	6488064	10	8.5	5.518151864528558	13.0	1.0	10	8.5	5.518151864528558	13.0	1.0	-0.005334010017324923	-2.363413783164996	0.2827410728686575	11.23199997192	38.44999961550001
400	6553600	10	6.1	5.146843692983108	13.0	0.0	10	6.1	5.664803615307418	13.0	1.0	-0.0058498325906809175	-2.3625396487636063	0.34949552760854635	10.786999973032499	39.44399960556001
404	6619136	10	3.0	3.521363372331802	13.0	0.0	10	4.2	4.422668877499197	13.0	1.0	-0.005339430957418209	-2.321462573862649	0.4257286479253164	10.9389999726525	39.90099960099001
408	6684672	10	4.0	4.560701700396552	13.0	0.0	10	7.8	5.2306787322488075	13.0	1.0	-0.0050583516077379685	-2.3129902231270725	0.33215797937430014	11.670499970823752	28.238999717610007
412	6750208	10	7.5	5.518151864528558	13.0	1.0	10	6.4	4.862098312457287	13.0	2.0	-0.005550509977818019	-2.3099716998714026	0.2774031411877892	11.893749970265626	38.453999615460006
416	6815744	10	6.7	5.797413216254298	13.0	0.0	10	10.6	4.8207883172775805	13.0	0.0	-0.004813769848729256	-2.2335007461565737	0.2628637503869203	11.163249972091876	26.915999730840003
420	6881280	10	6.9	5.61159513863928	13.0	0.0	10	8.8	5.15363949069005	13.0	2.0	-0.005861297678464953	-2.267927452685625	0.2668425116099611	11.270749971823125	31.052999689470006
424	6946816	10	4.5	4.295346318982906	13.0	1.0	10	8.2	5.362835071116769	13.0	1.0	-0.005234478935927184	-2.260447775088722	0.2937387921541425	10.557999973605	38.60499961395
428	7012352	10	5.4	5.023942674832188	13.0	1.0	10	8.3	5.235456045083369	13.0	1.0	-0.005443706404587997	-2.2574591013424476	0.27393906979762056	10.959499972601252	30.682999693170004
432	7077888	10	8.1	6.024118192731613	13.0	0.0	10	8.6	5.40740233383831	13.0	1.0	-0.006144001967759	-2.2180796163950536	0.24264843899091726	11.664749970838127	39.987999600120006
436	7143424	10	2.8	3.4871191548325386	13.0	0.0	10	7.4	5.083306010855534	13.0	2.0	-0.00435780732080659	-2.2647378467147794	0.24735913609371832	11.076749972308123	40.38199959618
440	7208960	10	6.7	5.158488150611572	13.0	2.0	10	6.3	5.496362433464518	13.0	1.0	-0.0055945862956765	-2.19298692273105	0.282613809967156	11.530749971173126	36.54699963453
444	7274496	10	7.0	5.495452665613635	13.0	1.0	10	6.5	5.352569476429054	13.0	1.0	-0.0037589021311785625	-2.2260213690664217	0.2862805880618406	9.490749976273126	41.182999588170006
448	7340032	10	7.3	5.728001396647874	13.0	1.0	10	6.1	5.127377497317708	13.0	1.0	-0.0049921681803379225	-2.1458952822039388	0.2558154469710348	10.972249972569374	41.69999958300001
452	7405568	10	6.3	5.532630477449222	13.0	0.0	10	5.1	3.9610604640676716	13.0	2.0	-0.005102550518206279	-2.2154286923683637	0.22788939824437504	10.39049997402375	43.11599956884
456	7471104	10	6.7	5.158488150611572	13.0	2.0	10	5.3	5.060632371551998	13.0	1.0	-0.005511411831353535	-2.2638864067818862	0.2244666022946069	10.064499974838752	42.07199957928001
460	7536640	10	4.2	4.48998886412873	13.0	0.0	10	8.6	4.862098312457287	13.0	2.0	-0.005414944802438621	-2.2568996645642785	0.23501038533360497	10.353749974115624	38.816999611830006
464	7602176	10	3.8	4.686149805543993	13.0	0.0	10	6.3	5.550675634551166	13.0	0.0	-0.005437453003994264	-2.2841756863002844	0.19478336836045032	9.744499975638751	40.373999596260006
468	7667712	10	8.6	5.40740233383831	13.0	1.0	10	11.2	3.6	13.0	1.0	-0.006698996470640316	-2.267755831045119	0.23811655163147216	10.056249974859375	41.50799958492001
472	7733248	10	5.4	5.043808085167397	13.0	0.0	10	7.5	5.5	13.0	2.0	-0.006170477300317191	-2.210578960446719	0.24392044029451715	10.110749974723127	30.840999691590007
476	7798784	10	7.4	5.695612346359257	13.0	0.0	10	9.7	5.060632371551998	13.0	1.0	-0.0055340807515369015	-2.2866357835732187	0.26522415811537625	9.952249975119374	36.799999632
480	7864320	10	8.6	4.862098312457287	13.0	2.0	10	8.0	5.60357029044876	13.0	0.0	-0.004908007627307482	-2.2915952277776683	0.2674053805446481	9.81449997546375	28.009999719900005
484	7929856	10	5.9	5.838664230798	13.0	0.0	10	9.9	4.742362280551751	13.0	2.0	-0.005301000688080297	-2.3317314508115254	0.24534172220704362	11.259499971851252	38.319999616800004
488	7995392	10	7.2	5.8275209137333865	13.0	0.0	10	3.4	4.152107898405339	13.0	0.0	-0.006300544685726329	-2.3675363011675534	0.281064819825717	11.578249971054376	37.28499962715
492	8060928	10	3.4	3.261901286060018	13.0	1.0	10	7.5	5.5362442142665635	13.0	1.0	-0.0052602184508919285	-2.3149326391590255	0.19878865039078442	10.935749972660624	39.8699996013
496	8126464	10	4.0	4.604345773288535	13.0	0.0	10	8.6	5.40740233383831	13.0	1.0	-0.004376114015787721	-2.3036797640308158	0.27351802219891996	11.03649997240875	42.28399957716
500	8192000	10	3.7	4.73392015141785	13.0	0.0	10	8.5	5.572252686302013	13.0	0.0	-0.005417669749215596	-2.2804410554576697	0.25617777677688774	10.741249973146877	22.571999774280002
504	8257536	10	6.4	5.425863986500215	13.0	1.0	10	6.0	5.779273310719955	13.0	0.0	-0.0055382245015598765	-2.3417546523158244	0.18026261704958785	11.302249971744375	41.540999584590004
508	8323072	10	5.5	4.944694126030447	13.0	1.0	10	7.2	5.30659966456864	13.0	1.0	-0.005991479919715658	-2.37465009565254	0.21881278858103434	11.206249971984374	41.14399958856001
512	8388608	10	7.3	5.728001396647874	13.0	1.0	10	4.5	4.272001872658765	13.0	2.0	-0.005769580519584022	-2.41377398346553	0.2062737948511994	10.470249973824375	41.093999589060004
516	8454144	10	5.8	5.929586832149437	13.0	0.0	10	7.4	5.083306010855534	13.0	2.0	-0.005607210169447285	-2.3597879233485046	0.233469334096232	10.738499973153749	44.13199955868001
520	8519680	10	9.5	5.371219600798314	13.0	0.0	10	7.4	5.10294032886923	13.0	1.0	-0.005722087513893683	-2.3078007794996194	0.24825587152090517	9.927749975180625	44.47599955524001
524	8585216	10	3.7	4.73392015141785	13.0	0.0	10	9.7	5.040833264451424	13.0	2.0	-0.007049800376255524	-2.302818014977904	0.19976044940854468	9.385999976535	42.996999570030006
528	8650752	10	6.4	5.4258639865002145	13.0	1.0	10	7.6	5.462600113499065	13.0	0.0	-0.00612887847876789	-2.3087115583399074	0.2413283269601016	9.86049997534875	43.26399956736001
532	8716288	10	4.4	4.340506882842141	13.0	1.0	10	9.4	5.517245689653488	13.0	0.0	-0.005714242793460956	-2.2813606384006957	0.21837301068837633	10.039999974899999	42.91899957081
536	8781824	10	3.9	4.635730794599703	13.0	0.0	10	6.1	5.127377497317708	13.0	1.0	-0.005680399657663726	-2.292996980011028	0.2037825720793325	10.053999974865	42.463999575360006
540	8847360	10	6.1	5.6824290580701495	13.0	0.0	10	6.6	5.276362383309168	13.0	1.0	-0.005774464144759473	-2.304266688484331	0.26374010863139713	9.406749976483123	44.20399955796001
544	8912896	10	1.9	1.1357816691600549	3.0	0.0	10	6.1	5.127377497317708	13.0	1.0	-0.006549691535762134	-2.278549201549169	0.28184914166897135	9.719749975700626	42.098999579010005
548	8978432	10	4.8	5.418486873657626	13.0	0.0	10	6.4	5.4626001134990645	13.0	0.0	-0.005905298197822337	-2.2834354611839496	0.24015066971984342	9.94049997514875	45.576999544230006
552	9043968	10	3.4	4.862098312457287	13.0	0.0	10	11.0	4.0	13.0	3.0	-0.004880871403754689	-2.2221899725665515	0.2412854875186576	9.684249975789376	46.07399953926001
556	9109504	10	5.2	5.192301994298868	13.0	0.0	10	7.5	5.5362442142665635	13.0	1.0	-0.005395773091897362	-2.2346629895425623	0.19747560802963193	8.857749977855624	48.61799951382001
560	9175040	10	4.4	5.6956123463592565	13.0	0.0	10	7.2	5.287721626560915	13.0	1.0	-0.0056542110305773125	-2.2883844174544468	0.20313708039678585	9.769999975575	44.87699955123001
564	9240576	10	5.1	5.243090691567332	13.0	0.0	10	8.7	5.292447448959697	13.0	1.0	-0.0063208945132610566	-2.348228993270566	0.23888123979787176	9.71749997570625	43.74999956250001
568	9306112	10	4.6	4.983974317750844	13.0	0.0	10	8.4	5.122499389946279	13.0	1.0	-0.005952513995590904	-2.28312101688047	0.2456564920077632	9.97249997506875	38.01899961981
572	9371648	10	2.8	3.4871191548325386	13.0	1.0	10	11.0	4.0	13.0	3.0	-0.0049569202814675655	-2.293617886562642	0.24327355838019737	11.144499972138751	34.27999965720001
576	9437184	10	5.8	4.728636167014756	13.0	2.0	10	6.3	5.514526271584894	13.0	0.0	-0.006299135099905965	-2.3807157201075193	0.22420567287280194	12.10649996973375	36.15499963845001
580	9502720	10	6.7	5.158488150611572	13.0	2.0	10	11.7	3.0347981810987035	13.0	3.0	-0.005815166702936016	-2.359970134747564	0.23261093904635208	12.104749969738124	20.760999792390002
584	9568256	10	6.7	5.1778373863998475	13.0	1.0	10	6.4	5.425863986500215	13.0	1.0	-0.005434395720577339	-2.30620176321087	0.26352300818127156	11.566999971082502	38.111999618880006
588	9633792	10	7.5	5.572252686302013	13.0	0.0	10	5.4	5.023942674832188	13.0	1.0	-0.005776429152930854	-2.2914477807876708	0.2923151820904002	11.567749971080623	41.347999586520004
592	9699328	10	6.2	5.6000000000000005	13.0	0.0	10	7.5	5.518151864528558	13.0	1.0	-0.006039194057522445	-2.322993506745911	0.19432062684707244	11.443749971390627	38.75799961242001
596	9764864	10	6.5	5.333854141237834	13.0	1.0	10	6.1	4.548626166217664	13.0	1.0	-0.007018174490315557	-2.2609346630801	0.2664434159828339	10.487749973780625	39.29499960705001
600	9830400	10	4.7	5.496362433464518	13.0	0.0	10	7.3	5.728001396647874	13.0	1.0	-0.005873862917718651	-2.2543634049729633	0.2507366647993111	10.27049997432375	41.21499958785001
604	9895936	10	8.5	5.5362442142665635	13.0	1.0	10	5.1	4.657252408878007	13.0	0.0	-0.00571804396593364	-2.3484893687106596	0.2524788745726403	10.44449997388875	39.53299960467001
608	9961472	10	7.3	5.745432968889291	13.0	0.0	10	8.0	5.60357029044876	13.0	0.0	-0.006564775825531602	-2.367074457061086	0.18033717850207315	10.486249973784375	41.40199958598001
612	10027008	10	8.9	5.028916384272064	13.0	2.0	10	7.7	5.330103188494571	13.0	1.0	-0.006195339730120788	-2.3098013150272765	0.2321261296117403	10.251499974371251	42.96899957031001
616	10092544	10	7.5	5.5362442142665635	13.0	1.0	10	5.0	4.69041575982343	13.0	1.0	-0.006408205458925342	-2.3066480703732672	0.2392244646076515	10.273249974316876	44.634999553650005
620	10158080	10	5.8	5.946427498927402	13.0	0.0	10	9.1	4.805205510693586	13.0	1.0	-0.005868276211908377	-2.3655916847307976	0.24306557728550107	10.4709999738225	40.96099959039
624	10223616	10	7.5	5.554277630799526	13.0	0.0	10	7.7	5.3113086899558	13.0	2.0	-0.005494889936050934	-2.287857388218344	0.1739958904812785	11.120749972198126	38.771999612280005
628	10289152	10	5.2	5.15363949069005	13.0	0.0	10	7.2	4.749736834815167	13.0	1.0	-0.005562446894476051	-2.2821606693274754	0.2631144594747925	11.880749970298124	33.738999662610006
632	10354688	10	7.7	5.3113086899558	13.0	2.0	10	4.9	4.158124577258358	13.0	0.0	-0.005794453443743817	-2.2949076143496843	0.24916751198979503	12.27599996931	35.100999648990005
636	10420224	10	3.1	3.419064199455752	13.0	0.0	10	6.4	5.462600113499065	13.0	0.0	-0.00579657792392885	-2.33142718400114	0.19867651837671024	12.642249968394374	37.91399962086001
640	10485760	10	6.1	5.6824290580701495	13.0	0.0	10	9.3	5.1000000000000005	13.0	1.0	-0.00639039350723405	-2.364367837460913	0.20006514454970423	10.981999972545001	37.399999626
644	10551296	10	5.0	5.310367218940701	13.0	0.0	10	6.4	5.407402333838309	13.0	1.0	-0.006446780209378904	-2.3981053826695087	0.20163111751351	10.891249972771874	40.09899959901
648	10616832	10	9.5	5.352569476429054	13.0	1.0	10	6.3	4.960846701924985	13.0	1.0	-0.00710347244529332	-2.287844230493011	0.20684446143936194	10.714499973213751	39.76399960236001
652	10682368	10	4.0	4.58257569495584	13.0	0.0	10	4.5	4.295346318982906	13.0	1.0	-0.006199880805637117	-2.3371278864691	0.30564706489985244	11.334249971664375	37.95299962047001
656	10747904	10	6.4	5.4626001134990645	13.0	0.0	10	8.7	5.273518749374084	13.0	2.0	-0.006678171732863543	-2.338206181679985	0.258689398539935	11.582999971042499	37.532999624670005
660	10813440	10	6.5	5.315072906367325	13.0	2.0	10	8.7	5.273518749374084	13.0	2.0	-0.006479462634698597	-2.3885540314014175	0.23504882194757792	11.702249970744374	37.701999622980004
664	10878976	10	9.5	5.352569476429054	13.0	1.0	10	7.4	5.624944444170094	13.0	1.0	-0.006648660801667434	-2.377305410554728	0.22802127336570643	11.695999970759999	29.686999703130006
668	10944512	10	8.6	5.44426303552648	13.0	0.0	10	9.1	4.784349485562275	13.0	2.0	-0.006471382695895484	-2.3491018585897274	0.2270298029525272	11.028249972429375	38.471999615280005
672	11010048	10	3.1	3.419064199455752	13.0	0.0	10	9.8	4.894895300208167	13.0	2.0	-0.004998305963539859	-2.210651558904048	0.2406803701443104	10.811249972971872	38.71099961289001
676	11075584	10	6.1	5.717516943569123	13.0	0.0	10	6.7	5.1778373863998475	13.0	1.0	-0.005752095811362352	-2.2340688554105568	0.26959926368343873	11.190249972024375	38.67099961329001
680	11141120	10	6.1	5.6471231613982	13.0	1.0	10	7.3	5.235456045083369	13.0	0.0	-0.0066556495093249195	-2.3207280409898896	0.1959234565137137	10.86649997283375	36.1599996384
684	11206656	10	6.3	5.496362433464518	13.0	1.0	10	9.5	4.780167361086848	13.0	2.0	-0.006625877139632504	-2.2874243058365047	0.24201037856402333	9.897249975256875	39.861999601380006
688	11272192	10	5.2	5.134199061197374	13.0	1.0	10	10.9	4.2059481689626175	13.0	2.0	-0.007140175494455935	-2.2162370679454115	0.29007321810432635	11.16149997209625	38.99999961
692	11337728	10	7.5	5.5362442142665635	13.0	1.0	10	9.8	4.894895300208167	13.0	2.0	-0.006447856243474395	-2.136428239222347	0.3286637796988458	10.799499973001248	41.46199958538001
696	11403264	10	6.5	5.315072906367325	13.0	2.0	10	10.4	4.5431266766402185	13.0	1.0	-0.005436018494381095	-2.2535788836714574	0.24391526866026084	10.15349997461625	37.62399962376001
700	11468800	10	7.4	5.624944444170094	13.0	1.0	10	8.0	6.148170459575759	13.0	0.0	-0.006711205452330749	-2.222358435160884	0.21720736114529188	10.601749973495624	5.61599994384
704	11534336	10	6.0	5.779273310719955	13.0	0.0	10	10.5	4.341658669218482	13.0	2.0	-0.006600106551478111	-2.2861949774228285	0.2097313737588704	10.984749972538125	36.058999639410004
708	11599872	10	7.5	5.5	13.0	2.0	10	11.6	3.32264954516723	13.0	2.0	-0.007034987118332475	-2.2350660659528137	0.2397733948254167	11.392249971519377	26.522999734770003
712	11665408	10	10.8	4.422668877499197	13.0	1.0	10	9.3	5.119570294468081	13.0	0.0	-0.006571327109893326	-2.2388054701340634	0.2654087316589255	10.664499973338751	29.384999706150005
716	11730944	10	6.5	5.333854141237834	13.0	1.0	10	11.6	3.32264954516723	13.0	2.0	-0.007002847899030966	-2.176163039874844	0.2730804589913442	10.4909999737725	40.216999597830004
720	11796480	10	10.7	4.605431575867782	13.0	1.0	10	8.3	5.21632054229799	13.0	2.0	-0.0060350553727786275	-2.186345718573277	0.2782588860040629	11.557499971106251	25.650999743490004
724	11862016	10	7.5	5.518151864528558	13.0	1.0	10	9.5	4.780167361086848	13.0	2.0	-0.00614451628580014	-2.2108612604619804	0.24707130712677308	11.337999971655002	29.734999702650004
728	11927552	10	7.3	5.745432968889291	13.0	0.0	10	8.8	5.1536394906900505	13.0	2.0	-0.007268648550204947	-2.2297978398861376	0.2841603572494821	11.15249997211875	37.56399962436001
732	11993088	10	3.1	3.448187929913334	13.0	0.0	10	9.7	4.473253849269008	13.0	3.0	-0.0063488652200305125	-2.2277112278008535	0.2506224669565462	11.6089999709775	36.97399963026
736	12058624	10	11.8	3.6	13.0	1.0	10	7.3	5.745432968889291	13.0	0.0	-0.0074559041924167615	-2.2526205651599125	0.2244530794908249	11.58049997104875	26.859999731400002
740	12124160	10	9.6	5.2	13.0	1.0	10	11.4	3.0397368307141326	13.0	3.0	-0.006185075285694991	-2.2295439240994206	0.27426117609192097	10.57949997355125	29.409999705900006
744	12189696	10	8.8	5.15363949069005	13.0	2.0	10	9.8	4.915282290977803	13.0	1.0	-0.006973278726219481	-2.2565449846420527	0.24840196886927202	10.099749974750626	42.64199957358001
748	12255232	10	6.5	5.333854141237834	13.0	1.0	10	8.0	5.059644256269407	13.0	1.0	-0.0054223034937534095	-2.276898587506264	0.2489833700366489	9.165749977085625	41.59799958402001
752	12320768	10	8.8	5.173006862551025	13.0	1.0	10	7.4	5.660388679233963	13.0	0.0	-0.005896054387138104	-2.209233847527052	0.28212909707965117	10.233999974415001	43.09499956905
756	12386304	10	4.7	4.172529209005013	13.0	2.0	10	7.1	5.39351462406472	13.0	1.0	-0.006017896427369204	-2.3101452487287557	0.25389680977749524	10.584249973539377	44.552999554470006
760	12451840	10	8.5	5.554277630799526	13.0	0.0	10	11.7	3.0347981810987035	13.0	3.0	-0.007228211629964912	-2.3106397909499323	0.2727169994912083	9.843749975390626	31.014999689850004
764	12517376	10	6.4	5.407402333838309	13.0	1.0	10	7.5	5.554277630799526	13.0	0.0	-0.006506904488488921	-2.306096161165027	0.23110784851711647	9.387499976531249	45.97099954029
768	12582912	10	8.1	5.503635162326805	13.0	0.0	10	10.4	3.878143885933063	13.0	3.0	-0.00757628078566292	-2.2918401209112833	0.23710789715263983	8.98749997753125	48.57499951425001
772	12648448	10	3.2	3.3406586176980135	13.0	1.0	10	8.6	4.862098312457287	13.0	2.0	-0.00680027877559752	-2.3134136197541366	0.25509210021371803	9.296999976757501	45.89999954100001
776	12713984	10	8.7	5.292447448959697	13.0	1.0	10	11.6	3.32264954516723	13.0	2.0	-0.00627741462990134	-2.250202439491003	0.26907293526757325	9.684249975789376	42.182999578170005
780	12779520	10	8.5	5.572252686302013	13.0	0.0	10	9.6	5.2	13.0	1.0	-0.005723233564529288	-2.2181187443608175	0.2752217546129136	9.587249976031876	45.33699954663001
784	12845056	10	5.9	5.85576638878294	13.0	0.0	10	8.5	5.004997502496879	13.0	1.0	-0.005136064876519492	-2.272560087106332	0.24312570649771034	9.509499976226252	43.81299956187001
788	12910592	10	7.1	5.906775770248943	13.0	1.0	10	10.8	4.4	13.0	2.0	-0.005899528873964584	-2.185422107349676	0.2534401536034295	10.312749974218127	35.03199964968
792	12976128	10	8.1	6.057227088363124	13.0	0.0	10	9.9	4.742362280551751	13.0	2.0	-0.005340423560533067	-2.1405067416782693	0.29844201236648465	10.07249997481875	26.975999730240005
796	13041664	10	7.6	5.4258639865002145	13.0	1.0	10	9.2	5.2497618993626745	13.0	0.0	-0.00618607904406553	-2.1446014367293538	0.2531428445487778	11.41549997146125	38.01199961988001
800	13107200	10	10.0	4.58257569495584	13.0	3.0	10	11.9	3.3	13.0	2.0	-0.006650961088390961	-2.126109443383476	0.22661918244137091	11.02949997242625	32.14799967852001
804	13172736	10	7.2	5.30659966456864	13.0	1.0	10	9.8	4.894895300208167	13.0	2.0	-0.005899451547512388	-2.1125317337895284	0.2406525097847141	11.319249971701876	35.25799964742001
808	13238272	10	10.0	4.58257569495584	13.0	3.0	10	10.6	4.1521078984053394	13.0	2.0	-0.004873605594889474	-2.174936865540287	0.254007305457806	12.087749969780624	29.366999706330006
812	13303808	10	6.3	5.514526271584894	13.0	0.0	10	11.6	3.32264954516723	13.0	2.0	-0.00662145241637969	-2.171426802647421	0.27724349930478026	11.781749970545624	29.604999703950003
816	13369344	10	7.8	5.2306787322488075	13.0	1.0	10	9.5	5.371219600798314	13.0	0.0	-0.006626983623610608	-2.2107660370749076	0.20394017653898924	11.145999972135002	36.60299963397001
820	13434880	10	8.7	5.292447448959697	13.0	1.0	10	8.5	5.5362442142665635	13.0	1.0	-0.006966942918129818	-2.1776890975948695	0.2822828977074727	12.069999969825	35.914999640850006
824	13500416	10	7.5	5.5362442142665635	13.0	1.0	10	8.6	5.40740233383831	13.0	1.0	-0.006282471000862448	-2.163175696902647	0.1801876525672584	12.044499969888749	35.162999648370004
828	13565952	10	7.1	5.906775770248943	13.0	1.0	10	9.0	4.898979485566356	13.0	3.0	-0.005599807835726072	-2.202156170973268	0.23420099647759618	11.984749970038125	24.820999751790005
832	13631488	10	9.4	4.94368283772331	13.0	1.0	10	9.6	5.2	13.0	1.0	-0.006683882291236973	-2.16994816787289	0.2392165904305044	12.696999968257499	30.993999690060004
836	13697024	10	7.3	5.762811813689564	13.0	0.0	10	10.5	4.364630568559039	13.0	1.0	-0.006370256063689399	-2.147796466722873	0.20107962918546324	12.651249968371877	32.78599967214001
840	13762560	10	5.7	4.817675788178362	13.0	1.0	10	11.0	4.0	13.0	3.0	-0.006447669881946724	-2.079943885189197	0.3040464821265324	12.878499967803752	24.881999751180004
844	13828096	10	10.7	4.605431575867782	13.0	1.0	10	9.7	5.060632371551998	13.0	1.0	-0.006414365699370452	-2.076651523294297	0.2586242253622723	11.810249970474375	27.206999727930004
848	13893632	10	10.7	4.648655719667784	13.0	0.0	10	10.8	4.422668877499197	13.0	1.0	-0.006280203982242449	-2.139957775449364	0.22727866437402178	11.331999971670001	37.41899962581
852	13959168	10	4.5	4.272001872658765	13.0	2.0	10	8.3	5.762811813689564	13.0	1.0	-0.005958663238426081	-2.1503939378008394	0.2909512486160959	11.619749970950627	36.52599963474001
856	14024704	10	6.2	5.617828762075256	13.0	0.0	10	9.2	5.230678732248808	13.0	1.0	-0.006266717145944243	-2.1432286498698256	0.21689532081820753	11.430249971424374	38.730999612690006
860	14090240	10	4.2	4.467661580737736	13.0	1.0	10	11.8	3.6	13.0	1.0	-0.005848882188120217	-2.2034958449691002	0.2810518118880983	11.56949997107625	25.108999748910005
864	14155776	10	6.3	5.496362433464518	13.0	1.0	10	9.6	4.6303347611160905	13.0	2.0	-0.007466054896647826	-2.192234491080172	0.22966863383319724	10.815999972959998	40.83099959169001
868	14221312	10	6.3	5.550675634551166	13.0	0.0	10	13.0	0.0	13.0	13.0	-0.005590498526871403	-2.2145270181375643	0.25209987083307445	10.044749974888125	31.325999686740005
872	14286848	10	7.8	5.2115256883181535	13.0	2.0	10	9.5	4.780167361086848	13.0	2.0	-0.0057562070815105415	-2.190268635521664	0.2737327686536282	9.40549997648625	46.90499953095001
876	14352384	10	9.8	4.894895300208167	13.0	2.0	10	9.9	4.742362280551751	13.0	2.0	-0.006390036611811835	-2.2327884632010013	0.24869441129781056	9.270999976822502	45.212999547870005
880	14417920	10	6.5	5.333854141237834	13.0	1.0	10	8.3	5.21632054229799	13.0	2.0	-0.006346594211760422	-2.2904967340427875	0.24088679142891484	9.12249997719375	49.592999504070015
884	14483456	10	5.5	4.944694126030447	13.0	1.0	10	7.7	5.3113086899558	13.0	2.0	-0.007528206951190237	-2.210914969213971	0.24340990586775205	9.267249976831875	46.03699953963001
888	14548992	10	10.8	4.4	13.0	2.0	10	10.9	4.2059481689626175	13.0	2.0	-0.006662718970410638	-2.292368384460238	0.2124336486616231	9.682249975794376	25.548999744510002
892	14614528	10	7.3	5.745432968889291	13.0	0.0	10	9.7	5.040833264451424	13.0	2.0	-0.0072380698322113	-2.202830167878684	0.2494437176629592	9.865999975335	43.98299956017
896	14680064	10	7.3	5.745432968889291	13.0	0.0	10	11.0	4.0	13.0	3.0	-0.0048473938169185955	-2.2476132907115622	0.2393866961106891	9.76649997558375	41.50199958498001
900	14745600	10	5.5	4.924428900898052	13.0	2.0	10	10.4	4.5431266766402185	13.0	1.0	-0.007458591270259678	-2.230103840198275	0.23692949113761994	10.61049997347375	26.65599973344
904	14811136	10	5.6	4.862098312457287	13.0	2.0	10	11.9	3.3	13.0	2.0	-0.006203781237936223	-2.235017021264276	0.25337511476904817	10.105749974735623	38.95499961045
908	14876672	10	10.8	4.4	13.0	2.0	10	10.6	4.152107898405339	13.0	2.0	-0.005737297828099654	-2.19557693577784	0.2364469599508561	11.182749972043126	37.295999627040004
912	14942208	10	8.7	5.292447448959697	13.0	1.0	10	10.8	4.4	13.0	2.0	-0.006835707222505415	-2.231758033003393	0.21002795723562634	11.265749971835627	39.107999608920004
916	15007744	10	6.1	5.6824290580701495	13.0	0.0	10	10.9	4.2059481689626175	13.0	2.0	-0.007732341627871449	-2.2608983613679086	0.20988095891027886	11.694749970763125	33.866999661330006
920	15073280	10	5.5	5.004997502496879	13.0	1.0	10	8.2	5.344155686354955	13.0	1.0	-0.005701808636646963	-2.2812887104956205	0.22888821283454627	12.271749969320625	32.05599967944
924	15138816	10	7.1	5.374941860150675	13.0	1.0	10	10.4	3.878143885933063	13.0	3.0	-0.006368649722635912	-2.1854492498147873	0.25213516252593365	12.718249968204375	32.79299967207
928	15204352	10	7.6	5.4258639865002145	13.0	1.0	10	10.7	3.9509492530276824	13.0	3.0	-0.00715401479269285	-2.182806305359916	0.21447584713748152	12.753249968116876	34.42399965576001
932	15269888	10	7.5	5.5362442142665635	13.0	1.0	10	11.0	4.0	13.0	3.0	-0.007511568589634117	-2.2495321951946807	0.19784322184933187	12.0829999697925	33.782999662170006
936	15335424	10	9.8	4.894895300208167	13.0	2.0	10	9.8	4.915282290977803	13.0	1.0	-0.006462672933224119	-2.1711054516557287	0.22143482725002453	12.245249969386876	32.864999671350006
940	15400960	10	6.7	5.158488150611572	13.0	2.0	10	8.3	5.273518749374084	13.0	0.0	-0.005656093433589249	-2.1890990259949925	0.24411543595855695	12.034249969914375	39.32199960678001
944	15466496	10	8.7	5.292447448959697	13.0	1.0	10	10.4	4.586937976471886	13.0	0.0	-0.005735168536081319	-2.2413960121720757	0.1648814677244285	11.069999972325	38.97199961028001
948	15532032	10	9.2	5.2497618993626745	13.0	0.0	10	8.3	5.235456045083369	13.0	1.0	-0.0072713502102795795	-2.199495911369091	0.22299006594505685	10.958999972602502	38.578999614210005
952	15597568	10	9.4	5.499090833947008	13.0	1.0	10	7.3	5.710516614107694	13.0	1.0	-0.0056340681615936	-2.213190038768381	0.2022302408957676	10.484999973787499	37.80399962196001
956	15663104	10	9.6	5.2	13.0	1.0	10	10.8	4.422668877499197	13.0	1.0	-0.006497459296275183	-2.171583985062731	0.2067295113983977	10.797749973005626	40.78499959215
960	15728640	10	7.4	5.642694391866353	13.0	1.0	10	11.0	4.0	13.0	3.0	-0.00627763428863637	-2.2166604248360455	0.23084636340617537	10.021249974946874	39.86299960137001
964	15794176	10	9.8	4.915282290977803	13.0	1.0	10	11.5	3.6124783736376886	13.0	1.0	-0.007049627184211133	-2.186842197945409	0.17585926470067084	10.584749973538125	39.70099960299001
968	15859712	10	7.9	5.107837115648853	13.0	2.0	10	8.2	5.89576118919347	13.0	0.0	-0.006099220437410114	-2.1334294699393643	0.21533396620543854	10.959499972601249	36.633999633660004
972	15925248	10	6.3	5.496362433464518	13.0	1.0	10	9.3	5.657738063926254	13.0	0.0	-0.005611855628276856	-2.2128298876364707	0.18647893167021	11.365749971585625	42.51699957483001
976	15990784	10	6.5	5.371219600798314	13.0	0.0	10	7.9	5.107837115648853	13.0	2.0	-0.007224490579124807	-2.2428039086508997	0.18687609286273976	10.478249973804374	39.088999609110004
980	16056320	10	7.4	5.607138307550474	13.0	1.0	10	11.0	4.0	13.0	3.0	-0.00596845229482195	-2.2574953558676287	0.20484965789171053	11.36849997157875	37.3699996263
984	16121856	10	7.5	5.518151864528558	13.0	1.0	10	12.7	0.9	13.0	10.0	-0.005660704717245909	-2.2892302247484095	0.1683306255357705	11.269249971826875	22.521999774780003
988	16187392	10	7.2	5.344155686354955	13.0	0.0	10	11.7	3.034798181098703	13.0	3.0	-0.006035923966897241	-2.1708881976925984	0.22278007614278772	10.719749973200624	40.55999959440001
992	16252928	10	7.5	5.518151864528558	13.0	1.0	10	11.0	4.0	13.0	3.0	-0.005447659381427668	-2.0954506991110997	0.17329128286548365	11.189249972026875	39.41699960583001
996	16318464	10	6.1	5.6824290580701495	13.0	0.0	10	12.7	0.9	13.0	10.0	-0.006013469027776648	-2.0598517877698033	0.26373858452200394	10.768749973078126	27.960999720390003
1000	16384000	10	10.4	4.586937976471886	13.0	0.0	10	10.7	4.648655719667784	13.0	0.0	-0.005834185226678342	-2.1368064207593	0.21868262934393629	10.340749974148125	42.53299957467001
1004	16449536	10	10.9	4.205948168962618	13.0	2.0	10	10.9	4.2059481689626175	13.0	2.0	-0.006576317087741213	-2.0395997623961493	0.24995088155571693	9.97949997505125	44.78999955210001
1008	16515072	10	8.1	5.467174773134658	13.0	1.0	10	13.0	0.0	13.0	13.0	-0.005605608908224872	-2.1624865405492453	0.21121149019000715	9.749999975625	28.371999716280005
1012	16580608	10	7.7	5.3113086899558	13.0	2.0	10	8.5	4.984977432245807	13.0	2.0	-0.0058522763629265595	-2.229236746595549	0.23832590728067826	9.780999975547498	43.90199956098001
1016	16646144	10	9.6	5.219195340279955	13.0	1.0	10	9.9	4.742362280551751	13.0	2.0	-0.004696810787326039	-2.1633776895931893	0.27720780341792367	10.452249973869376	43.89699956103001
1020	16711680	10	7.3	5.197114584074513	13.0	1.0	10	11.7	3.0347981810987035	13.0	3.0	-0.005286191200315951	-2.1331689752899816	0.26863294712884406	10.777749973055624	39.39899960601001
1024	16777216	10	8.8	5.1536394906900505	13.0	2.0	10	10.5	4.341658669218482	13.0	2.0	-0.0063564976098301855	-2.1911548100612963	0.2684130041270006	10.8309999729225	38.255999617440004
1028	16842752	10	7.2	5.861740355901138	13.0	0.0	10	7.5	5.572252686302013	13.0	0.0	-0.006186349712114068	-2.226885559426242	0.24031564505440597	11.348249971629375	39.112999608870005
1032	16908288	10	6.7	5.158488150611572	13.0	2.0	10	10.5	4.341658669218482	13.0	2.0	-0.00597194296701614	-2.174893182786252	0.18398057038841964	10.951249972621875	39.38899960611001
1036	16973824	10	9.9	4.742362280551751	13.0	2.0	10	12.4	1.2	13.0	10.0	-0.007548042885114686	-2.12048882223929	0.21580585485870252	10.768749973078126	21.244999787550004
1040	17039360	10	5.7	5.984145720150872	13.0	0.0	10	9.8	4.894895300208167	13.0	2.0	-0.007338136147602998	-2.152899674846979	0.21418912427131398	10.259749974350626	36.69399963306001
1044	17104896	10	7.5	5.5362442142665635	13.0	1.0	10	11.7	3.0347981810987035	13.0	3.0	-0.006290417437969951	-2.1302654318775986	0.20055162089650394	9.51049997622375	29.840999701590007
1048	17170432	10	8.7	5.273518749374084	13.0	2.0	10	12.0	3.0	13.0	3.0	-0.006596740404873155	-2.1234961572064313	0.2674252654457672	11.536749971158125	41.94299958057
1052	17235968	10	9.2	5.249761899362675	13.0	0.0	10	10.6	4.152107898405339	13.0	2.0	-0.005811344143998587	-2.0833241738692396	0.2613515034045729	10.824499972938751	42.07799957922001
1056	17301504	10	10.7	4.605431575867782	13.0	1.0	10	12.7	0.9	13.0	10.0	-0.006147415183746417	-2.13169687715816	0.20107876266741787	10.744999973137501	21.939999780600004
1060	17367040	10	7.4	5.607138307550475	13.0	1.0	10	10.6	4.8	13.0	1.0	-0.005211034358644459	-2.1305504948164975	0.26134479834769764	12.825249967936875	38.46799961532001
1064	17432576	10	8.8	5.173006862551025	13.0	1.0	10	10.5	4.341658669218482	13.0	2.0	-0.006121150488948474	-2.0179728168133897	0.21170100722740245	11.80249997049375	36.58399963416001
1068	17498112	10	6.2	5.5641710972974225	13.0	1.0	10	10.6	4.152107898405339	13.0	2.0	-0.005755421377526378	-2.1013304464813665	0.2345632137486381	11.35199997162	22.245999777540003
1072	17563648	10	8.6	5.44426303552648	13.0	0.0	10	11.6	3.32264954516723	13.0	2.0	-0.005487015443612313	-2.081775272669107	0.19763058623723875	11.241249971896876	37.493999625060006
1076	17629184	10	7.3	5.728001396647874	13.0	1.0	10	10.7	3.9509492530276824	13.0	3.0	-0.0060438586048268145	-2.0762679798228416	0.22251853096154056	11.016749972458125	39.051999609480006
1080	17694720	10	6.7	5.1778373863998475	13.0	1.0	10	10.8	4.422668877499197	13.0	1.0	-0.00476621003277079	-2.0437761071182234	0.26406595542759764	10.75449997311375	42.009999579900004
1084	17760256	10	7.3	5.74543296888929	13.0	0.0	10	9.1	4.805205510693586	13.0	1.0	-0.005861949145881787	-2.139766245857506	0.16318056854892699	10.53349997366625	38.25499961745001
1088	17825792	10	7.5	5.554277630799526	13.0	0.0	10	12.0	3.0	13.0	3.0	-0.0051227252182918905	-2.1488499664015337	0.1938668677070951	11.661249970846876	37.299999627000005
1092	17891328	10	8.5	4.984977432245807	13.0	2.0	10	12.0	3.0	13.0	3.0	-0.006809588778093482	-2.1145474411828054	0.23962206220241763	11.70749997073125	40.010999599890006
1096	17956864	10	8.4	5.660388679233963	13.0	0.0	10	13.0	0.0	13.0	13.0	-0.0063965167906651224	-2.1349137125175575	0.18021068743415528	10.97999997255	18.467999815320002
1100	18022400	10	8.7	5.273518749374084	13.0	2.0	10	9.3	5.0803543183522155	13.0	1.0	-0.0058035215715808355	-2.1254353247852444	0.22686610384033257	11.795499970511251	37.38299962617001
1104	18087936	10	9.9	4.742362280551751	13.0	2.0	10	10.6	4.1521078984053394	13.0	2.0	-0.005876014304394938	-2.162839946422189	0.19122125206385948	11.153999972115	38.534999614650005
1108	18153472	10	8.6	5.40740233383831	13.0	1.0	10	13.0	0.0	13.0	13.0	-0.005852905652011927	-2.0345485506322603	0.2560549460395184	10.880749972798126	23.265999767340002
1112	18219008	10	8.7	5.292447448959697	13.0	1.0	10	11.0	4.0	13.0	3.0	-0.006661864925781931	-2.1012734396056985	0.19454521963208957	11.10799997223	38.28499961715
1116	18284544	10	4.3	4.428317965096905	13.0	0.0	10	13.0	0.0	13.0	13.0	-0.006537310831770748	-2.115604839998645	0.23322984511707628	11.126749972183125	22.801999771980004
1120	18350080	10	8.6	5.40740233383831	13.0	1.0	10	10.3	4.733920151417849	13.0	1.0	-0.006543804124324974	-2.066531705144354	0.25353473911214863	10.602499973493751	23.995999760040004
1124	18415616	10	6.7	5.158488150611572	13.0	2.0	10	11.6	3.32264954516723	13.0	2.0	-0.0043983855595460305	-2.134735010341959	0.20095258786112424	11.356749971608124	39.045999609540004
1128	18481152	10	7.5	5.5362442142665635	13.0	1.0	10	10.6	4.1521078984053394	13.0	2.0	-0.0056768072675821	-2.064595209840448	0.24500732059211444	11.090499972273749	40.79199959208001
1132	18546688	10	8.5	5.518151864528558	13.0	1.0	10	11.9	3.3	13.0	2.0	-0.006734601968275458	-2.0650609704687817	0.18492396329155494	11.775999970560001	18.51599981484
1136	18612224	10	6.7	5.797413216254298	13.0	0.0	10	10.7	4.605431575867782	13.0	1.0	-0.005345191454326719	-2.0928950990543207	0.20546903893694776	10.97849997255375	38.23299961767
1140	18677760	10	7.3	5.745432968889291	13.0	0.0	10	9.3	5.0803543183522155	13.0	1.0	-0.005452144097376324	-2.1420239630097075	0.2587226945637375	11.579999971050002	36.468999635310006
1144	18743296	10	8.3	5.814636704042653	13.0	0.0	10	11.9	3.3000000000000003	13.0	2.0	-0.006388900876058806	-2.1635555697213955	0.21277951532310588	12.169249969576875	32.922999670770004
1148	18808832	10	11.0	4.0	13.0	3.0	10	10.6	4.82078831727758	13.0	0.0	-0.006811449457521304	-2.102577787915397	0.21545966316564122	13.031749967420627	32.75199967248001
1152	18874368	10	7.7	5.330103188494571	13.0	1.0	10	10.5	4.364630568559039	13.0	1.0	-0.006419652365303962	-2.146367979322808	0.17954744877906945	11.982249970044373	35.402999645970006
1156	18939904	10	9.9	4.742362280551751	13.0	2.0	10	9.1	4.805205510693585	13.0	1.0	-0.006888154197329412	-2.109982261835289	0.19409870695784415	10.909249972726878	42.21899957781001
1160	19005440	10	8.5	5.554277630799526	13.0	0.0	10	10.7	4.605431575867782	13.0	1.0	-0.0061158258825339895	-2.068900915268123	0.22277336029809267	10.59199997352	40.93099959069001
1164	19070976	10	9.9	4.742362280551751	13.0	2.0	10	12.7	0.9	13.0	10.0	-0.006303456869571209	-2.0748423335775104	0.18726808847460996	10.066249974834376	28.924999710750004
1168	19136512	10	7.4	5.607138307550475	13.0	1.0	10	13.0	0.0	13.0	13.0	-0.006238245033533092	-2.0166298943644176	0.1996624542114649	8.964249977589375	29.719999702800003
1172	19202048	10	9.4	4.94368283772331	13.0	1.0	10	11.5	3.6124783736376886	13.0	1.0	-0.00618473069270444	-2.075160340500279	0.17273946531490678	10.599749973500625	20.292999797070003
1176	19267584	10	7.8	5.2115256883181535	13.0	2.0	10	11.5	3.6124783736376886	13.0	1.0	-0.004762400144913545	-2.07827308131464	0.19688470077512674	12.84949996787625	33.55099966449001
1180	19333120	10	7.6	5.425863986500215	13.0	1.0	10	11.7	3.0347981810987035	13.0	3.0	-0.0053537254662419315	-2.08459087936224	0.1963145597633371	12.61149996847125	33.04599966954
1184	19398656	10	11.9	3.3000000000000003	13.0	2.0	10	11.8	3.6	13.0	1.0	-0.005174543749254262	-2.0907626497554457	0.21996576616111885	12.575249968561875	22.828999771710006
1188	19464192	10	8.8	5.1536394906900505	13.0	2.0	10	8.7	5.292447448959697	13.0	1.0	-0.0053620946777172005	-2.117281260369208	0.23120004533865243	11.2969999717575	39.325999606740005
1192	19529728	10	10.8	4.4	13.0	2.0	10	10.9	4.2059481689626175	13.0	2.0	-0.005642423345022591	-2.1147835451148436	0.1739009233243293	11.47749997130625	37.643999623560006
1196	19595264	10	8.1	5.467174773134658	13.0	1.0	10	9.8	4.915282290977803	13.0	1.0	-0.0059894676141818105	-2.1095886960911687	0.22614024670301622	10.96049997259875	42.51899957481
1200	19660800	10	8.5	5.572252686302013	13.0	0.0	10	11.0	4.0	13.0	3.0	-0.006288951022069987	-2.020303626644766	0.21707260187316763	10.056749974858127	44.89999955100001
1204	19726336	10	9.8	4.894895300208167	13.0	2.0	10	10.2	4.261455150532504	13.0	2.0	-0.0055823315567012964	-2.1144508816582794	0.19887774746035153	9.758999975602501	42.32299957677001
1208	19791872	10	10.7	4.605431575867782	13.0	1.0	10	12.0	3.0	13.0	3.0	-0.006675709408138646	-2.0285357669366326	0.18520597630424274	10.724249973189377	38.69099961309001
1212	19857408	10	7.5	5.518151864528558	13.0	1.0	10	11.7	3.0347981810987035	13.0	3.0	-0.006696620414519522	-2.0111685964356996	0.22569846949362138	10.87549997281125	19.849999801500005
1216	19922944	10	7.3	5.728001396647874	13.0	1.0	10	10.9	4.2059481689626175	13.0	2.0	-0.004787432608995929	-2.0148001820233787	0.28883292336733507	12.5349999686625	33.70699966293001
1220	19988480	10	10.7	4.605431575867782	13.0	1.0	10	10.6	4.8	13.0	1.0	-0.0046726585055374276	-1.9790790178303703	0.2687593511957114	12.324999969187502	34.09499965905
1224	20054016	10	7.7	5.330103188494571	13.0	1.0	10	10.4	4.5431266766402185	13.0	1.0	-0.005456477085355548	-2.021194935876193	0.2755447195090175	12.174999969562501	26.281999737180005
1228	20119552	10	5.1	4.635730794599704	13.0	1.0	10	11.4	3.039736830714133	13.0	3.0	-0.005819018762243589	-2.077921353064094	0.22423088641364144	9.6549999758625	44.401999555980005
1232	20185088	10	7.6	5.4258639865002145	13.0	1.0	10	9.2	4.64327470649756	13.0	2.0	-0.005726144990461916	-2.035897169050098	0.272018140929666	10.422249973944375	40.23299959767
1236	20250624	10	8.9	5.028916384272064	13.0	2.0	10	11.9	3.3	13.0	2.0	-0.004436692283123667	-1.9950659409570715	0.22014959922561111	10.555249973611875	21.603999783960003
1240	20316160	10	8.5	5.554277630799526	13.0	0.0	10	11.7	3.0347981810987035	13.0	3.0	-0.005046215053354939	-1.9494598120903812	0.2549972193981325	12.194249969514376	37.00599962994001
1244	20381696	10	7.4	5.624944444170093	13.0	1.0	10	13.0	0.0	13.0	13.0	-0.005063531344985732	-2.011815606096432	0.23645413323015568	10.93949997265125	35.36799964632001
1248	20447232	10	10.8	4.422668877499197	13.0	1.0	10	13.0	0.0	13.0	13.0	-0.004785472907422967	-2.01539655381309	0.19643772546639243	10.781749973045624	21.012999789870005
1252	20512768	10	8.7	5.292447448959697	13.0	1.0	10	13.0	0.0	13.0	13.0	-0.00437922357574744	-2.0296676678331433	0.23512938554122534	10.863249972841876	22.572999774270006
1256	20578304	10	8.5	5.554277630799526	13.0	0.0	10	13.0	0.0	13.0	13.0	-0.0049456309007839365	-2.0347526332106596	0.18613144124781855	11.590999971022502	22.459999775400004
1260	20643840	10	7.4	5.660388679233963	13.0	0.0	10	10.7	4.605431575867782	13.0	1.0	-0.0057180896152917065	-1.9731122874151708	0.17343247020362743	12.146249969634376	32.55799967442
1264	20709376	10	9.3	5.119570294468081	13.0	0.0	10	12.7	0.9	13.0	10.0	-0.00646218809251259	-2.00850122401058	0.1859001612562755	12.60949996847625	19.855999801440007
1268	20774912	10	8.4	5.6780278266313555	13.0	0.0	10	13.0	0.0	13.0	13.0	-0.006114208570549081	-2.022355602222622	0.19677676460208143	10.394249974014377	29.148999708510004
1272	20840448	10	7.6	5.462600113499065	13.0	0.0	10	13.0	0.0	13.0	13.0	-0.0055698001421618844	-1.930424790628334	0.19598971227625903	9.54549997613625	30.790999692090004
1276	20905984	10	7.7	5.3113086899558	13.0	2.0	10	13.0	0.0	13.0	13.0	-0.005798682882719606	-1.9039384236438646	0.1450643987864642	11.0069999724825	17.555999824440004
1280	20971520	10	10.7	4.648655719667783	13.0	0.0	10	12.0	3.0	13.0	3.0	-0.005454026077170058	-2.024401555247829	0.21961994063304976	13.039749967400626	19.362999806370002
1284	21037056	10	7.4	5.660388679233963	13.0	0.0	10	12.7	0.9	13.0	10.0	-0.00489990549198301	-1.9393108385768019	0.18765224832638921	10.598749973503127	25.280999747190002
1288	21102592	10	8.3	5.814636704042652	13.0	0.0	10	10.6	4.1521078984053394	13.0	2.0	-0.006019965252541792	-1.9700111931000444	0.163182665964975	10.027249974931875	43.252999567470006
1292	21168128	10	10.7	4.605431575867782	13.0	1.0	10	12.7	0.9	13.0	10.0	-0.005736128887301396	-1.9950600761083788	0.17124120035598084	10.58049997354875	20.419999795800006
1296	21233664	10	9.1	5.374941860150676	13.0	1.0	10	13.0	0.0	13.0	13.0	-0.006606921659637579	-1.9016607637709342	0.1402594699999121	11.4529999713675	19.597999804020002
1300	21299200	10	8.5	5.554277630799526	13.0	0.0	10	13.0	0.0	13.0	13.0	-0.004936484864418112	-1.9080944940943734	0.1375271888927412	12.365999969085001	20.625999793740004
1304	21364736	10	9.9	4.742362280551751	13.0	2.0	10	13.0	0.0	13.0	13.0	-0.004136755370860744	-1.9169307845820935	0.19430682511217937	10.300249974249375	26.937999730620003
1308	21430272	10	8.8	5.173006862551025	13.0	1.0	10	12.0	3.0	13.0	3.0	-0.0042235787497547144	-1.9325318259967954	0.19859945026951564	9.40349997649125	42.87499957125001
1312	21495808	10	8.6	5.40740233383831	13.0	1.0	10	10.8	4.4	13.0	2.0	-0.0048136415129635506	-1.9892666909013292	0.21643837228646357	10.896249972759376	37.000999629990005
1316	21561344	10	11.8	3.6	13.0	1.0	10	13.0	0.0	13.0	13.0	-0.005606503550271742	-1.986155365697281	0.24666421749232745	10.992749972518125	19.650999803490002
1320	21626880	10	10.9	4.2059481689626175	13.0	2.0	10	12.0	3.0	13.0	3.0	-0.006334807301095187	-2.0261298949892765	0.14453292613274815	11.776249970559375	22.843999771560004
1324	21692416	10	10.5	4.364630568559039	13.0	1.0	10	11.7	3.0347981810987035	13.0	3.0	-0.005885336901573528	-2.0208956770977315	0.20476415006173543	11.0369999724075	6.1179999388200015
1328	21757952	10	7.4	5.642694391866354	13.0	0.0	10	11.0	4.0	13.0	3.0	-0.006096970636131147	-2.020482130138215	0.20216858555629955	11.668499970828751	33.676999663230006
1332	21823488	10	8.7	5.273518749374084	13.0	2.0	10	11.4	3.0397368307141326	13.0	3.0	-0.00547335887862554	-1.9812244485241706	0.19120561476978223	12.977749967555624	24.483999755160006
1336	21889024	10	8.9	5.028916384272063	13.0	2.0	10	11.7	3.0347981810987035	13.0	3.0	-0.0057876533070797985	-1.946505207365646	0.1699400005374655	11.92149997019625	35.77899964221001
1340	21954560	10	10.0	4.58257569495584	13.0	3.0	10	11.9	3.3	13.0	2.0	-0.005595179253480185	-2.009467343280009	0.16970266136125264	12.074999969812499	21.507999784920003
1344	22020096	10	9.5	4.801041553663121	13.0	1.0	10	10.7	4.605431575867782	13.0	1.0	-0.005261444081101272	-1.9237348534646448	0.1791433553645665	10.531749973670626	41.99899958001001
1348	22085632	10	11.9	3.3	13.0	2.0	10	13.0	0.0	13.0	13.0	-0.004761444346017615	-1.8964211293072955	0.15001252474408103	11.32649997168375	21.062999789370004
1352	22151168	10	8.8	5.1536394906900505	13.0	2.0	10	10.8	4.422668877499197	13.0	1.0	-0.004789003699247439	-2.0345837186144373	0.17940592740656228	11.359749971600625	38.12999961870001
1356	22216704	10	6.1	5.6824290580701495	13.0	0.0	10	11.6	3.32264954516723	13.0	2.0	-0.004428582397691677	-2.0700336618055313	0.1481812572883686	11.667499970831251	17.689999823100003
1360	22282240	10	9.9	4.742362280551751	13.0	2.0	10	11.5	3.6124783736376886	13.0	1.0	-0.005548429500199312	-1.9800457244539031	0.14289765508598692	13.30449996673875	17.608999823910004
1364	22347776	10	8.3	5.814636704042651	13.0	0.0	10	13.0	0.0	13.0	13.0	-0.004858574143124196	-1.941551212019139	0.14789252618028953	11.126749972183127	24.6499997535
1368	22413312	10	11.0	4.0	13.0	3.0	10	12.0	3.0	13.0	3.0	-0.005690888954645629	-1.9118966619665652	0.1483070377571621	10.420999973947499	44.127999558720006
1372	22478848	10	9.9	4.742362280551751	13.0	2.0	10	12.7	0.9	13.0	10.0	-0.0055204348967597345	-1.9574807967193357	0.19144424654411832	10.061499974846251	24.980999750190005
1376	22544384	10	10.9	4.2059481689626175	13.0	2.0	10	13.0	0.0	13.0	13.0	-0.005060437263413177	-2.0124746037413446	0.22706929134012763	11.360749971598127	24.916999750830005
1380	22609920	10	6.3	4.94064773081425	13.0	2.0	10	11.6	3.32264954516723	13.0	2.0	-0.00646979723077705	-1.9969216595496808	0.22764301313199586	12.540749968648127	18.046999819530004
1384	22675456	10	5.9	5.85576638878294	13.0	0.0	10	13.0	0.0	13.0	13.0	-0.005875501676801284	-1.9591664967880311	0.18700730418390615	11.0869999722825	26.844999731550004
1388	22740992	10	10.8	4.4	13.0	2.0	10	13.0	0.0	13.0	13.0	-0.005335292836561107	-1.8702063918649101	0.206607482529765	9.85749997535625	24.716999752830002
1392	22806528	10	8.7	5.292447448959697	13.0	1.0	10	13.0	0.0	13.0	13.0	-0.005499948516477837	-1.8886842253823648	0.1730511608198079	10.840999972897501	18.351999816480003
1396	22872064	10	9.9	4.742362280551751	13.0	2.0	10	11.0	4.0	13.0	3.0	-0.005167579691328511	-1.9482454928713158	0.13398604962820862	12.781499968046251	34.23599965764
1400	22937600	10	7.5	5.5362442142665635	13.0	1.0	10	13.0	0.0	13.0	13.0	-0.005787950568753414	-1.9480938176768297	0.17539692807978222	11.5489999711275	34.51099965489001
1404	23003136	10	5.6	4.882622246293481	13.0	1.0	10	11.7	3.0347981810987035	13.0	3.0	-0.00676554755096591	-1.8988525207349567	0.11555800096790776	11.092749972268125	24.924999750750004
1408	23068672	10	9.2	5.2497618993626745	13.0	0.0	10	12.7	0.9	13.0	10.0	-0.00549539615595125	-1.900570382476559	0.18427227707212432	11.031499972421251	22.653999773460004
1412	23134208	10	10.7	4.605431575867782	13.0	1.0	10	10.6	4.82078831727758	13.0	0.0	-0.006226531597913156	-1.9555058675954244	0.18427632087474288	11.696499970758751	40.451999595480004
1416	23199744	10	9.0	4.898979485566356	13.0	3.0	10	13.0	0.0	13.0	13.0	-0.00615851449822729	-1.9557824306636267	0.16026276775208137	11.963749970090626	17.76899982231
1420	23265280	10	10.8	4.422668877499197	13.0	1.0	10	12.4	1.2	13.0	10.0	-0.005299944674994838	-1.8286147128127572	0.13753023090271047	11.603749970990625	20.465999795340004
1424	23330816	10	9.6	5.2	13.0	1.0	10	13.0	0.0	13.0	13.0	-0.0033706346969489633	-1.7226562026335461	0.1745039582225948	11.028499972428751	23.032999769670006
1428	23396352	10	9.7	5.060632371551998	13.0	1.0	10	13.0	0.0	13.0	13.0	-0.0041724074637284414	-1.7696352263931832	0.1297903708823179	10.8729999728175	21.802999781970005
1432	23461888	10	10.8	4.422668877499197	13.0	1.0	10	12.0	3.0	13.0	3.0	-0.005739546909058816	-1.6449759836768225	0.13216302542501857	10.400249973999374	42.73699957263001
1436	23527424	10	7.6	5.425863986500215	13.0	1.0	10	13.0	0.0	13.0	13.0	-0.0036488882587176856	-1.6618031634149424	0.14504892905284017	10.93149997267125	23.923999760760005
1440	23592960	10	7.4	5.624944444170093	13.0	1.0	10	13.0	0.0	13.0	13.0	-0.005949129706385639	-1.7228214155329753	0.13302222327495775	9.576749976058126	23.459999765400006
1444	23658496	10	8.6	5.40740233383831	13.0	1.0	10	13.0	0.0	13.0	13.0	-0.004245851079316446	-1.6215673968990307	0.10672936622338604	11.384749971538126	28.018999719810004
1448	23724032	10	9.7	5.060632371551998	13.0	1.0	10	12.7	0.9	13.0	10.0	-0.005511868863355065	-1.6489804708233393	0.11970390680861784	11.668999970827501	20.690999793090004
1452	23789568	10	9.6	5.2	13.0	1.0	10	11.6	3.32264954516723	13.0	2.0	-0.003013726073721194	-1.6668613861751722	0.13019815792215142	11.686749970783126	42.96699957033
1456	23855104	10	7.5	5.554277630799526	13.0	0.0	10	10.7	4.605431575867782	13.0	1.0	-0.006150626324563036	-1.714736699879365	0.12625482898287346	10.626249973434374	44.719999552800004
1460	23920640	10	10.9	4.2059481689626175	13.0	2.0	10	13.0	0.0	13.0	13.0	-0.006209506788420315	-1.620402879844197	0.08689275732290112	9.70949997572625	20.351999796480005
1464	23986176	10	6.7	5.1778373863998475	13.0	1.0	10	13.0	0.0	13.0	13.0	-0.004789551695271051	-1.6524899947908755	0.11196736392640508	11.88549997028625	19.30799980692
1468	24051712	10	8.6	5.40740233383831	13.0	1.0	10	12.7	0.9	13.0	10.0	-0.002382084530588303	-1.6367550925198928	0.12135746262789988	10.806249972984377	26.873999731260003
1472	24117248	10	11.7	3.034798181098703	13.0	3.0	10	13.0	0.0	13.0	13.0	-0.005308347127895123	-1.6357018337433378	0.1426172219456315	10.69999997325	27.326999726730005
1476	24182784	10	8.8	5.1536394906900505	13.0	2.0	10	13.0	0.0	13.0	13.0	-0.005769407215974948	-1.6746077796562557	0.08538394412688596	10.93349997266625	36.64699963353
1480	24248320	10	9.5	4.780167361086848	13.0	2.0	10	11.3	3.3181320046074116	13.0	2.0	-0.0025752849175706125	-1.563427204724215	0.1254227865201468	10.414249973964374	42.60199957398
1484	24313856	10	7.5	5.5362442142665635	13.0	1.0	10	13.0	0.0	13.0	13.0	-0.003946670112371046	-1.6981000873664431	0.11457120525078111	10.301499974246251	21.660999783390004
1488	24379392	10	7.2	5.844655678480984	13.0	0.0	10	12.7	0.9	13.0	10.0	-0.004281418836559446	-1.6558835082514762	0.12414281829519339	11.486749971283126	18.045999819540004
1492	24444928	10	8.5	5.554277630799526	13.0	0.0	10	13.0	0.0	13.0	13.0	-0.0030810675158564824	-1.4604449829428008	0.10619406067280941	12.218249969454376	18.992999810070003
1496	24510464	10	10.9	4.2059481689626175	13.0	2.0	10	12.7	0.9	13.0	10.0	-0.0015191384298541464	-1.5511950898541462	0.06442961565634267	11.1309999721725	21.207999787920002
1500	24576000	10	9.9	4.742362280551751	13.0	2.0	10	13.0	0.0	13.0	13.0	-0.0021148196584282394	-1.5703245126558736	0.12003857668325357	10.19849997450375	19.5799998042
1504	24641536	10	8.8	5.15363949069005	13.0	2.0	10	13.0	0.0	13.0	13.0	-0.004616524967912414	-1.5579830232626533	0.0755584724944851	11.168999972077499	17.574999824250003
1508	24707072	10	10.4	5.2	13.0	0.0	10	13.0	0.0	13.0	13.0	-0.003008321351737428	-1.6255281292692332	0.0859195336532376	11.341999971645	26.92299973077
1512	24772608	10	9.9	4.742362280551751	13.0	2.0	10	13.0	0.0	13.0	13.0	-0.003997087584935377	-1.5623017696898984	0.10439648839023284	11.068249972329376	25.958999740410004
1516	24838144	10	7.2	5.861740355901138	13.0	0.0	10	11.8	3.6	13.0	1.0	-0.0022204838530757863	-1.4733308117543757	0.13389261344915662	10.988249972529376	41.60199958398
1520	24903680	10	12.0	3.0	13.0	3.0	10	13.0	0.0	13.0	13.0	-0.0045750060133371755	-1.4013358526955637	0.07704970297998016	11.361749971595627	29.759999702400005
1524	24969216	10	11.4	3.903844259188627	13.0	0.0	10	13.0	0.0	13.0	13.0	-0.005150403264218261	-1.4413570052374032	0.0858740712969829	10.63749997340625	25.167999748320003
