iter	frame	n_test	mean_returns	std_returns	max_returns	min_returns	n_test_train	mean_returns_train	std_returns_train	max_returns_train	min_returns_train	actor_loss	entropy_loss	value_loss	training_time	evaluation_time
0	0	10	2.0	4.0	10.0	0.0	10	2.0	4.0	10.0	0.0	0	0	0	0.0	9.096999909030002
4	65536	10	5.0	5.0	10.0	0.0	10	3.0	4.58257569495584	10.0	0.0	0.0001662360276116432	-2.6676964235507166	0.7602298373806319	8.048749979878126	3.0319999696800006
8	131072	10	4.0	4.898979485566356	10.0	0.0	10	2.0	4.0	10.0	0.0	-0.003818565637232177	-2.638527720891764	1.4249145120139786	7.5029999812425	2.2709999772900002
12	196608	10	4.0	4.898979485566356	10.0	0.0	10	4.0	4.898979485566356	10.0	0.0	-0.002588404967994887	-2.6073644729719536	1.0533184345956161	7.523749981190625	2.4469999755300003
16	262144	10	2.0	4.0	10.0	0.0	10	2.0	4.0	10.0	0.0	-0.00157868614995628	-2.5619444149050716	0.7385210021560991	7.4852499812868745	3.0899999691000004
20	327680	10	2.0	4.0	10.0	0.0	10	6.0	4.898979485566356	10.0	0.0	-0.0024255196522567826	-2.5251852718345473	0.40964904330128943	7.4609999813475	1.7619999823800003
24	393216	10	3.0	4.58257569495584	10.0	0.0	10	3.0	4.58257569495584	10.0	0.0	-0.0018665980991980908	-2.492128833868783	0.3522181468648883	7.500499981248751	3.6339999636600004
28	458752	10	4.0	4.898979485566356	10.0	0.0	10	3.0	4.58257569495584	10.0	0.0	-0.0015210037865100539	-2.4502802289953522	0.35057677759551936	7.452749981368126	1.5999999840000003
32	524288	10	5.0	5.0	10.0	0.0	10	4.0	4.898979485566356	10.0	0.0	-0.0019410653644120898	-2.453179309509958	0.26697268466167734	7.4692499813268745	2.39299997607
36	589824	10	4.0	4.898979485566356	10.0	0.0	10	5.0	5.0	10.0	0.0	-0.002706170307365078	-2.4898925570040102	0.20386332209271527	7.387749981530626	4.233999957660001
40	655360	10	2.0	4.0	10.0	0.0	10	4.0	4.898979485566356	10.0	0.0	-0.0021331058618874127	-2.5257403202207453	0.11679227676112545	7.530249981174376	3.429999965700001
44	720896	10	1.0	3.0	10.0	0.0	10	3.0	4.58257569495584	10.0	0.0	-0.002500288602926626	-2.5049164640281005	0.1924014417254182	7.525999981185	5.467999945320001
48	786432	10	2.0	4.0	10.0	0.0	10	4.0	4.898979485566356	10.0	0.0	-0.0022202659987782445	-2.537012638880784	0.08331295455093334	7.55749998110625	3.6349999636500003
52	851968	10	3.0	4.58257569495584	10.0	0.0	10	4.0	4.898979485566356	10.0	0.0	-0.0009488737752914461	-2.511588789261024	0.141637460081054	7.4944999812637505	3.3429999665700003
56	917504	10	5.0	5.0	10.0	0.0	10	4.0	4.898979485566356	10.0	0.0	-0.0027360943359053284	-2.537333018813472	0.12701333396288297	7.494999981262501	2.9029999709700003
60	983040	10	5.0	5.0	10.0	0.0	10	4.0	4.898979485566356	10.0	0.0	-0.002679815087527829	-2.518392987286972	0.16386188863777154	7.4909999812725	4.117999958820001
64	1048576	10	3.0	4.58257569495584	10.0	0.0	10	1.0	3.0	10.0	0.0	-0.0031934248542113425	-2.521427924171695	0.1160280937596123	7.4697499813256245	3.3569999664300005
68	1114112	10	2.0	4.0	10.0	0.0	10	4.0	4.898979485566356	10.0	0.0	-0.0022248579065597806	-2.532648471230698	0.13785852226544865	7.48049998129875	3.2849999671500005
72	1179648	10	3.0	4.58257569495584	10.0	0.0	10	4.0	4.898979485566356	10.0	0.0	-0.003246208363902833	-2.4891920708010487	0.16321429488256398	7.568499981078751	5.388999946110001
76	1245184	10	5.0	5.0	10.0	0.0	10	4.0	4.898979485566356	10.0	0.0	-0.0030268612739018795	-2.4869174110285717	0.17577064733983983	7.468749981328125	4.4219999557800005
80	1310720	10	4.0	4.898979485566356	10.0	0.0	10	4.0	4.898979485566356	10.0	0.0	-0.0020935301021626305	-2.496209328113251	0.1650762969921683	7.510749981223125	2.1839999781600006
84	1376256	10	1.0	3.0	10.0	0.0	10	2.0	4.0	10.0	0.0	-0.0033764314281263877	-2.4733171212083636	0.21395330198674437	7.549999981125	2.0429999795700007
88	1441792	10	4.0	4.898979485566356	10.0	0.0	10	1.0	3.0	10.0	0.0	-0.003862234081884085	-2.4607327304700743	0.2671128642311853	7.5169999812074995	1.5759999842400003
92	1507328	10	5.0	5.0	10.0	0.0	10	2.0	4.0	10.0	0.0	-0.002902827676432509	-2.473335064689966	0.1879795101896315	7.48399998129	1.9519999804800003
96	1572864	10	4.0	4.898979485566356	10.0	0.0	10	4.0	4.898979485566356	10.0	0.0	-0.0033385025244124025	-2.501402410107562	0.21368393711072067	7.521249981196875	1.0909999890900002
100	1638400	10	4.0	4.898979485566356	10.0	0.0	10	6.0	4.898979485566356	10.0	0.0	-0.0033128314919733744	-2.459419635178756	0.2194474331495556	7.526749981183125	4.5419999545800005
104	1703936	10	1.0	3.0	10.0	0.0	10	3.0	4.58257569495584	10.0	0.0	-0.002996057335916267	-2.4808561749655635	0.19736010649048316	7.518749981203125	3.6939999630600004
108	1769472	10	3.0	4.58257569495584	10.0	0.0	10	5.0	5.0	10.0	0.0	-0.003960528543951166	-2.4791747006178295	0.177253437598088	7.4789999813025005	1.7759999822400003
112	1835008	10	1.0	3.0	10.0	0.0	10	3.0	4.58257569495584	10.0	0.0	-0.004843820484995278	-2.463852206609295	0.17113491177018006	7.504499981238751	3.4679999653200007
116	1900544	10	3.0	4.58257569495584	10.0	0.0	10	4.0	4.898979485566356	10.0	0.0	-0.0035895298347794614	-2.48304746274117	0.14818652562495221	7.51599998121	4.195999958040001
120	1966080	10	4.0	4.898979485566356	10.0	0.0	10	4.0	4.898979485566356	10.0	0.0	-0.004367614067480735	-2.5028588073825397	0.19332530044799384	7.570749981073125	2.5289999747100005
124	2031616	10	2.0	4.0	10.0	0.0	10	4.0	4.898979485566356	10.0	0.0	-0.003827918371427203	-2.5007095185297543	0.1954165364722501	7.475749981310625	2.497999975020001
128	2097152	10	3.0	4.58257569495584	10.0	0.0	10	5.0	5.0	10.0	0.0	-0.003849219697766911	-2.4787728361686883	0.18910099843409786	7.479749981300626	2.941999970580001
132	2162688	10	3.0	4.58257569495584	10.0	0.0	10	6.0	4.898979485566356	10.0	0.0	-0.0030694755183944336	-2.5103083399303503	0.19605954346377816	7.48349998129125	4.529999954700001
136	2228224	10	4.0	4.898979485566356	10.0	0.0	10	4.0	4.898979485566356	10.0	0.0	-0.003148431747503675	-2.4855070186052477	0.18398964418665298	7.474749981313125	2.2619999773800004
140	2293760	10	4.0	4.898979485566356	10.0	0.0	10	4.0	4.898979485566356	10.0	0.0	-0.0034818713074260318	-2.495947658755661	0.19210769187520546	7.451249981371875	3.3689999663100005
144	2359296	10	2.0	4.0	10.0	0.0	10	3.0	4.58257569495584	10.0	0.0	-0.004001884788711614	-2.5318624126260625	0.19577359382817808	7.457749981355625	2.7279999727200006
148	2424832	10	1.0	3.0	10.0	0.0	10	4.0	4.898979485566356	10.0	0.0	-0.0040056085292307165	-2.497278327483079	0.2609534864818176	7.4864999812837505	1.6069999839300002
152	2490368	10	4.0	4.898979485566356	10.0	0.0	10	3.0	4.58257569495584	10.0	0.0	-0.005751985774630045	-2.5242334527128087	0.20598072409036391	7.4932499812668745	4.224999957750001
156	2555904	10	1.0	3.0	10.0	0.0	10	3.0	4.58257569495584	10.0	0.0	-0.005342966853326946	-2.5045461776230526	0.17299980614084468	7.491999981269999	2.8199999718
160	2621440	10	4.0	4.898979485566356	10.0	0.0	10	3.0	4.58257569495584	10.0	0.0	-0.004351577779290531	-2.5187989272036995	0.17317116150070397	7.490749981273125	4.584999954150001
164	2686976	10	3.0	4.58257569495584	10.0	0.0	10	6.0	4.898979485566356	10.0	0.0	-0.005532670666100781	-2.4989566527187477	0.16643206594951285	7.512749981218126	1.5989999840100002
168	2752512	10	3.0	4.58257569495584	10.0	0.0	10	3.0	4.58257569495584	10.0	0.0	-0.004015361729707466	-2.4489625019264296	0.22379091426261644	7.5049999812375	2.79599997204
172	2818048	10	7.0	4.58257569495584	10.0	0.0	10	2.0	4.0	10.0	0.0	-0.004410111002921348	-2.436218706016286	0.23733083427895013	7.498749981253124	2.5019999749800004
176	2883584	10	2.0	4.0	10.0	0.0	10	5.0	5.0	10.0	0.0	-0.005301998605069531	-2.414498517659129	0.21417130279296884	7.482749981293124	2.9349999706500007
180	2949120	10	6.0	4.898979485566356	10.0	0.0	10	3.0	4.58257569495584	10.0	0.0	-0.0057433250252344826	-2.4751891764406935	0.16052696805637828	7.50149998124625	3.7019999629800004
184	3014656	10	1.0	3.0	10.0	0.0	10	2.0	4.0	10.0	0.0	-0.004048588828363462	-2.499242514111534	0.16040000178111674	7.509749981225625	4.210999957890001
188	3080192	10	5.0	5.0	10.0	0.0	10	2.0	4.0	10.0	0.0	-0.004172446717519766	-2.474686669548859	0.17681776904987473	7.472499981318751	1.4589999854100002
192	3145728	10	3.0	4.58257569495584	10.0	0.0	10	3.0	4.58257569495584	10.0	0.0	-0.005194074362169379	-2.4716170353103	0.1677572359156205	7.496499981258752	3.441999965580001
196	3211264	10	4.0	4.898979485566356	10.0	0.0	10	2.0	4.0	10.0	0.0	-0.004337893240672053	-2.4274274629806136	0.1799242655403997	7.488499981278751	3.1049999689500005
200	3276800	10	2.0	4.0	10.0	0.0	10	7.0	4.58257569495584	10.0	0.0	-0.0053426712299564525	-2.4287280611647457	0.19011800648837254	7.517999981205	4.619999953800001
204	3342336	10	4.0	4.898979485566356	10.0	0.0	10	6.0	4.898979485566356	10.0	0.0	-0.0034313015490688523	-2.4780580672027237	0.11114170098450873	7.537249981156875	5.422999945770001
208	3407872	10	3.0	4.58257569495584	10.0	0.0	10	3.0	4.58257569495584	10.0	0.0	-0.00362572621050707	-2.4802846533456675	0.1973538757872392	7.456249981359375	3.0109999698900007
212	3473408	10	2.0	4.0	10.0	0.0	10	2.0	4.0	10.0	0.0	-0.004008041449385579	-2.496723331250945	0.16394811618607122	7.49049998127375	5.107999948920001
216	3538944	10	5.0	5.0	10.0	0.0	10	5.0	5.0	10.0	0.0	-0.0035116849220968387	-2.5151181193553116	0.12664578199852403	7.5092499812268745	3.1889999681100005
220	3604480	10	3.0	4.58257569495584	10.0	0.0	10	6.0	4.898979485566356	10.0	0.0	-0.004355596669030222	-2.4807553561924633	0.1434306927884844	7.5012499812468745	2.7419999725800004
224	3670016	10	3.0	4.58257569495584	10.0	0.0	10	2.0	4.0	10.0	0.0	-0.004077517925482417	-2.501751380401524	0.14744610213690912	7.473749981315625	4.969999950300001
228	3735552	10	3.0	4.58257569495584	10.0	0.0	10	5.0	5.0	10.0	0.0	-0.0045095260813015365	-2.4940347644075564	0.12392541784278349	7.51649998120875	3.4609999653900005
232	3801088	10	4.0	4.898979485566356	10.0	0.0	10	4.0	4.898979485566356	10.0	0.0	-0.003346862360816287	-2.5276361378381234	0.12359654147365064	7.524749981188125	3.3299999667000004
236	3866624	10	3.0	4.58257569495584	10.0	0.0	10	4.0	4.898979485566356	10.0	0.0	-0.004120852922698179	-2.486409708598535	0.10797240077557367	7.555249981111875	4.172999958270001
240	3932160	10	6.0	4.898979485566356	10.0	0.0	10	4.0	4.898979485566356	10.0	0.0	-0.0038503780399202453	-2.4853789133224775	0.16135437090286936	7.50349998124125	3.0349999696500007
244	3997696	10	4.0	4.898979485566356	10.0	0.0	10	6.0	4.898979485566356	10.0	0.0	-0.004167104025499973	-2.4948976335310844	0.15104087619089804	7.521999981194999	2.7869999721300003
248	4063232	10	3.0	4.58257569495584	10.0	0.0	10	2.0	4.0	10.0	0.0	-0.0034425397676438635	-2.4574205326461005	0.15635709299939846	7.491499981271249	2.9669999703300007
252	4128768	10	3.0	4.58257569495584	10.0	0.0	10	4.0	4.898979485566356	10.0	0.0	-0.0039011315477363133	-2.4947985085233064	0.15936646034522772	7.505749981235624	5.579999944200001
256	4194304	10	7.0	4.58257569495584	10.0	0.0	10	1.0	3.0	10.0	0.0	-0.0036021355162308933	-2.453622544549623	0.09586990833215148	7.468999981327499	5.304999946950001
260	4259840	10	4.0	4.898979485566356	10.0	0.0	10	1.0	3.0	10.0	0.0	-0.002996522621279049	-2.429507026816654	0.08759507000465193	7.5549999811125	3.6019999639800004
264	4325376	10	1.0	3.0	10.0	0.0	10	5.0	5.0	10.0	0.0	-0.00018259052980807073	-2.5016027562197922	0.04596096084187833	7.495749981260625	6.351999936480001
268	4390912	10	4.0	4.898979485566356	10.0	0.0	10	4.0	4.898979485566356	10.0	0.0	-0.0026777492697510545	-2.4984124970813815	0.04799985521322238	7.496249981259375	8.107999918920003
272	4456448	10	3.0	4.58257569495584	10.0	0.0	10	3.0	4.58257569495584	10.0	0.0	-0.002476765659942427	-2.5188149757543035	0.029409499734021353	7.48949998127625	5.81599994184
276	4521984	10	6.0	4.898979485566356	10.0	0.0	10	3.0	4.58257569495584	10.0	0.0	-0.0023467712790666627	-2.5107683561610448	0.061751140483703074	7.520749981198125	5.601999943980001
280	4587520	10	3.0	4.58257569495584	10.0	0.0	10	7.0	4.58257569495584	10.0	0.0	-0.003362248898715655	-2.529488896066709	0.03698726856579356	7.498749981253125	5.158999948410001
284	4653056	10	4.0	4.898979485566356	10.0	0.0	10	6.0	4.898979485566356	10.0	0.0	-0.0034591317983272197	-2.5418297198747295	0.059832438468657136	7.48949998127625	3.986999960130001
288	4718592	10	2.0	4.0	10.0	0.0	10	5.0	5.0	10.0	0.0	-0.003629574968955205	-2.4804349936444634	0.09024269759568682	7.549249981126876	7.912999920870002
292	4784128	10	3.0	4.58257569495584	10.0	0.0	10	5.0	5.0	10.0	0.0	-0.004353075348415675	-2.4802367610135954	0.10627501775024459	7.474749981313125	5.755999942440001
296	4849664	10	6.0	4.898979485566356	10.0	0.0	10	3.0	4.58257569495584	10.0	0.0	-0.00253821683846517	-2.4858965895964054	0.08174982199001259	7.507749981230625	4.306999956930001
300	4915200	10	3.0	4.58257569495584	10.0	0.0	10	4.0	4.898979485566356	10.0	0.0	-0.0037646259487720828	-2.460076560320499	0.08664316721425154	7.488499981278751	6.182999938170001
304	4980736	10	4.0	4.898979485566356	10.0	0.0	10	5.0	5.0	10.0	0.0	-0.0043919883120576205	-2.4498387522927083	0.08175786319889333	7.520749981198125	3.2599999674
308	5046272	10	3.0	4.58257569495584	10.0	0.0	10	7.0	4.58257569495584	10.0	0.0	-0.0018609453470952405	-2.474546027422473	0.07301784610624092	7.4939999812649996	5.002999949970001
312	5111808	10	6.0	4.898979485566356	10.0	0.0	10	4.0	4.898979485566356	10.0	0.0	-0.004579842090129622	-2.5060048125557364	0.10272080033025163	7.48749998128125	3.878999961210001
316	5177344	10	2.0	4.0	10.0	0.0	10	3.0	4.58257569495584	10.0	0.0	-0.002689540960720442	-2.4691241828015382	0.07252219447130044	7.441499981396251	4.102999958970001
320	5242880	10	2.0	4.0	10.0	0.0	10	3.0	4.58257569495584	10.0	0.0	-0.0033399425128216548	-2.472648493688031	0.10917346714343641	7.472249981319374	2.1339999786600004
324	5308416	10	7.0	4.58257569495584	10.0	0.0	10	4.0	4.898979485566356	10.0	0.0	-0.0026276925512917935	-2.4663869736009643	0.09561031180757361	7.4949999812625006	3.5109999648900008
328	5373952	10	6.0	4.898979485566356	10.0	0.0	10	3.0	4.58257569495584	10.0	0.0	-0.0032549003392831535	-2.490338104207187	0.08069786338342734	7.494249981264376	2.7469999725300003
332	5439488	10	3.0	4.58257569495584	10.0	0.0	10	3.0	4.58257569495584	10.0	0.0	-0.003133089916725863	-2.5211183599985056	0.08610171995994449	7.500749981248125	3.6939999630600004
336	5505024	10	5.0	5.0	10.0	0.0	10	3.0	4.58257569495584	10.0	0.0	-0.0036137224641783583	-2.5284895496913475	0.09432348247100607	7.515749981210625	5.369999946300001
340	5570560	10	4.0	4.898979485566356	10.0	0.0	10	5.0	5.0	10.0	0.0	-0.0034360355660038554	-2.5493264493670895	0.04697423552469135	7.484249981289375	4.790999952090001
344	5636096	10	3.0	4.58257569495584	10.0	0.0	10	4.0	4.898979485566356	10.0	0.0	-0.003810971531096147	-2.57165833039119	0.012415986287346307	7.463749981340625	8.119999918800001
348	5701632	10	2.0	4.0	10.0	0.0	10	4.0	4.898979485566356	10.0	0.0	-0.0018136159801169457	-2.568026415736201	0.020180067886960442	7.482999981292501	7.910999920890001
352	5767168	10	3.0	4.58257569495584	10.0	0.0	10	2.0	4.0	10.0	0.0	-0.0014352309394801395	-2.601801591343861	0.047290228016133425	7.44249998139375	8.088999919110002
356	5832704	10	7.0	4.58257569495584	10.0	0.0	10	5.0	5.0	10.0	0.0	-0.003075357734797858	-2.5780539087749235	0.028671163601802212	7.4549999813625005	7.420999925790001
360	5898240	10	2.0	4.0	10.0	0.0	10	3.0	4.58257569495584	10.0	0.0	-0.0033228675089225575	-2.577103140185049	0.08012961929139772	7.483499981291249	8.093999919060002
364	5963776	10	5.0	5.0	10.0	0.0	10	4.0	4.898979485566356	10.0	0.0	-0.0036856223640927143	-2.573056476543541	0.031545855600040314	7.520999981197499	8.181999918180002
368	6029312	10	3.0	4.58257569495584	10.0	0.0	10	2.0	4.0	10.0	0.0	-0.003821640815866853	-2.562946604918694	0.10253681829780319	7.455749981360626	8.059999919400001
372	6094848	10	3.0	4.58257569495584	10.0	0.0	10	3.0	4.58257569495584	10.0	0.0	-0.0019015029803227201	-2.564205586643143	0.03173311267561578	7.443749981390625	8.146999918530001
376	6160384	10	7.0	4.58257569495584	10.0	0.0	10	3.0	4.58257569495584	10.0	0.0	-0.00484268242821177	-2.562192765108083	0.01754179278758865	7.46749998133125	8.00799991992
380	6225920	10	2.0	4.0	10.0	0.0	10	8.0	4.0	10.0	0.0	-0.003157333909534872	-2.5828301134001914	0.026208485009493968	7.4387499814031255	8.066999919330001
384	6291456	10	4.0	4.898979485566356	10.0	0.0	10	4.0	4.898979485566356	10.0	0.0	-0.0027679521733107136	-2.5781012224452358	0.04379504968072437	7.423749981440626	8.08799991912
388	6356992	10	5.0	5.0	10.0	0.0	10	5.0	5.0	10.0	0.0	-0.0040147537264360956	-2.569580450386365	0.0383773652728795	7.423749981440626	7.886999921130001
392	6422528	10	4.0	4.898979485566356	10.0	0.0	10	4.0	4.898979485566356	10.0	0.0	-0.003254001612998743	-2.617634159550588	0.03951173212239272	7.46149998134625	8.107999918920003
396	6488064	10	4.0	4.898979485566356	10.0	0.0	10	3.0	4.58257569495584	10.0	0.0	-0.0035278573895350554	-2.599606640366128	0.05709411525470162	7.441999981394999	6.959999930400001
400	6553600	10	5.0	5.0	10.0	0.0	10	6.0	4.898979485566356	10.0	0.0	-0.0044911733937796705	-2.5587431164897443	0.07067901234395772	7.505499981236251	6.69299993307
404	6619136	10	3.0	4.58257569495584	10.0	0.0	10	3.0	4.58257569495584	10.0	0.0	-0.004448402354825866	-2.5469653752773316	0.05070793064035172	7.467749981330626	8.05799991942
408	6684672	10	2.0	4.0	10.0	0.0	10	3.0	4.58257569495584	10.0	0.0	-0.003539155201840899	-2.5774346959886314	0.021019921194473865	7.46799998133	8.060999919390001
412	6750208	10	4.0	4.898979485566356	10.0	0.0	10	8.0	4.0	10.0	0.0	-0.0044975283546150905	-2.5584540016767647	0.016195472118377824	7.443249981391875	8.004999919950002
416	6815744	10	5.0	5.0	10.0	0.0	10	5.0	5.0	10.0	0.0	-0.002921978399474033	-2.558480115961754	0.046975284767498245	7.43049998142375	8.033999919660001
420	6881280	10	5.0	5.0	10.0	0.0	10	3.0	4.58257569495584	10.0	0.0	-0.003094793532283995	-2.556599636606297	0.030439412175698663	7.426749981433125	8.10699991893
424	6946816	10	9.0	3.0	10.0	0.0	10	5.0	5.0	10.0	0.0	-0.002454947461700457	-2.5489424911466476	0.031620733152866155	7.432749981418126	4.324999956750001
428	7012352	10	2.0	4.0	10.0	0.0	10	7.0	4.58257569495584	10.0	0.0	-0.0020548298462908757	-2.5912425714018825	0.042531227841326465	7.456999981357501	6.236999937630001
432	7077888	10	5.0	5.0	10.0	0.0	10	3.0	4.58257569495584	10.0	0.0	-0.0019362824748697972	-2.5635784638237844	0.02676204885901965	7.448499981378751	8.054999919450001
436	7143424	10	6.0	4.898979485566356	10.0	0.0	10	5.0	5.0	10.0	0.0	-0.0034643469282581336	-2.5897362626874907	0.014226954273639316	7.5089999812275	8.046999919530002
440	7208960	10	2.0	4.0	10.0	0.0	10	2.0	4.0	10.0	0.0	-0.002771774219293131	-2.569713172545578	0.05070681687799068	7.444749981388125	5.816999941830001
444	7274496	10	4.0	4.898979485566356	10.0	0.0	10	3.0	4.58257569495584	10.0	0.0	-0.0029557824936953694	-2.529410471255354	0.08507549583336133	7.4789999813025005	6.298999937010001
448	7340032	10	3.0	4.58257569495584	10.0	0.0	10	3.0	4.58257569495584	10.0	0.0	-0.0037555012770431307	-2.547246428562106	0.04165540686083578	7.474499981313751	4.611999953880001
452	7405568	10	6.0	4.898979485566356	10.0	0.0	10	4.0	4.898979485566356	10.0	0.0	-0.0032881276149874512	-2.5637911704492238	0.06158646311900733	7.452249981369375	4.124999958750001
456	7471104	10	5.0	5.0	10.0	0.0	10	7.0	4.58257569495584	10.0	0.0	-0.004382806225747141	-2.5247231470895444	0.031676525707588256	7.4709999813225	3.5589999644100008
460	7536640	10	5.0	5.0	10.0	0.0	10	4.0	4.898979485566356	10.0	0.0	-0.0033734825358626886	-2.4963273552440017	0.023813681632060154	7.465249981336874	7.387999926120001
464	7602176	10	5.0	5.0	10.0	0.0	10	5.0	5.0	10.0	0.0	-0.004599198446285217	-2.537544461323737	0.013409000048763331	7.46649998133375	8.049999919500001
468	7667712	10	5.0	5.0	10.0	0.0	10	6.0	4.898979485566356	10.0	0.0	-0.001210326035283935	-2.5193462468542926	0.026863860337098124	7.469249981326875	6.871999931280001
472	7733248	10	6.0	4.898979485566356	10.0	0.0	10	3.0	4.58257569495584	10.0	0.0	-0.003459651838909022	-2.533032665386192	0.019555028289469475	7.46649998133375	8.08599991914
476	7798784	10	6.0	4.898979485566356	10.0	0.0	10	5.0	5.0	10.0	0.0	-0.0037580344550432673	-2.5362980338275927	0.013775925739921339	7.490749981273125	8.062999919370002
480	7864320	10	4.0	4.898979485566356	10.0	0.0	10	4.0	4.898979485566356	10.0	0.0	-0.003047399222533362	-2.549522109064125	0.031408749956489686	7.461999981345	7.643999923560002
484	7929856	10	3.0	4.58257569495584	10.0	0.0	10	3.0	4.58257569495584	10.0	0.0	-0.002897171639234796	-2.577674925058793	0.034258292536902726	7.467249981331875	8.052999919470002
488	7995392	10	8.0	4.0	10.0	0.0	10	5.0	5.0	10.0	0.0	-0.002796513940071577	-2.5607865201746245	0.014583044551724409	7.418249981454376	8.097999919020003
492	8060928	10	8.0	4.0	10.0	0.0	10	4.0	4.898979485566356	10.0	0.0	-0.00393366439391939	-2.567727789015327	0.011010638929358043	7.475999981310001	6.248999937510001
496	8126464	10	6.0	4.898979485566356	10.0	0.0	10	2.0	4.0	10.0	0.0	-0.0016791124385002636	-2.54275065385637	0.018552264137308	7.433999981415	8.116999918830002
500	8192000	10	5.0	5.0	10.0	0.0	10	4.0	4.898979485566356	10.0	0.0	-0.0017899087128732062	-2.557951385509748	0.024063541985540064	7.449999981374999	7.862999921370002
504	8257536	10	4.0	4.898979485566356	10.0	0.0	10	3.0	4.58257569495584	10.0	0.0	-0.0025230228102776572	-2.5448524527084357	0.02980802126869034	7.47349998131625	8.06399991936
508	8323072	10	2.0	4.0	10.0	0.0	10	2.0	4.0	10.0	0.0	-0.0036887802436869435	-2.5458239488135286	0.04161138607551112	7.4612499813468744	7.224999927750001
512	8388608	10	2.0	4.0	10.0	0.0	10	6.0	4.898979485566356	10.0	0.0	-0.0033505617317280225	-2.4825736554857922	0.025053427976488123	7.473249981316875	3.6749999632500003
516	8454144	10	4.0	4.898979485566356	10.0	0.0	10	7.0	4.58257569495584	10.0	0.0	-0.0035247287665663898	-2.4042728068906998	0.062273488911948935	7.50849998122875	1.3639999863600003
520	8519680	10	3.0	4.58257569495584	10.0	0.0	10	5.0	5.0	10.0	0.0	-0.0024608607197643792	-2.4137782650658455	0.09670452312723153	7.5149999812125	2.82799997172
524	8585216	10	2.0	4.0	10.0	0.0	10	4.0	4.898979485566356	10.0	0.0	-0.00340203025517472	-2.408590316521566	0.1166850551016697	7.532249981169374	3.9289999607100006
528	8650752	10	5.0	5.0	10.0	0.0	10	5.0	5.0	10.0	0.0	-0.003598364734220501	-2.4932216800635723	0.06641062853825784	7.4857499812856245	3.6679999633200007
532	8716288	10	2.0	4.0	10.0	0.0	10	4.0	4.898979485566356	10.0	0.0	-0.003270602653742944	-2.5301699983424863	0.07309064160620322	7.491999981270001	3.4109999658900008
536	8781824	10	6.0	4.898979485566356	10.0	0.0	10	3.0	4.58257569495584	10.0	0.0	-0.0033862511745114694	-2.524607754980798	0.0882179492041931	7.5332499811668745	5.306999946930001
540	8847360	10	4.0	4.898979485566356	10.0	0.0	10	4.0	4.898979485566356	10.0	0.0	-0.002621027657702574	-2.5099040341743004	0.05953482812387664	7.489999981275	6.314999936850001
544	8912896	10	4.0	4.898979485566356	10.0	0.0	10	3.0	4.58257569495584	10.0	0.0	-0.0023851264302055144	-2.524381495749254	0.03779729071630237	7.4769999813075	5.190999948090001
548	8978432	10	4.0	4.898979485566356	10.0	0.0	10	2.0	4.0	10.0	0.0	-0.0036669244432960273	-2.5403472654358796	0.0951512636866956	7.472249981319375	5.147999948520001
552	9043968	10	8.0	4.0	10.0	0.0	10	4.0	4.898979485566356	10.0	0.0	-0.003340516622257142	-2.525032388404241	0.07542129188067988	7.48549998128625	6.759999932400001
556	9109504	10	6.0	4.898979485566356	10.0	0.0	10	5.0	5.0	10.0	0.0	-0.0028667769920548325	-2.5661153890002995	0.024225934996646787	7.453249981366875	7.3469999265300014
560	9175040	10	4.0	4.898979485566356	10.0	0.0	10	4.0	4.898979485566356	10.0	0.0	-0.003575238410961767	-2.545004777345197	0.016111166046195117	7.5339999811650005	8.194999918050001
564	9240576	10	3.0	4.58257569495584	10.0	0.0	10	4.0	4.898979485566356	10.0	0.0	-0.003766294585361996	-2.56525803578994	0.049600576072091326	7.529249981176875	8.020999919790002
568	9306112	10	3.0	4.58257569495584	10.0	0.0	10	4.0	4.898979485566356	10.0	0.0	-0.0022050437871689163	-2.5385678954261657	0.06301181403806952	7.4622499813443754	4.73599995264
572	9371648	10	2.0	4.0	10.0	0.0	10	5.0	5.0	10.0	0.0	-0.0027578393028465788	-2.5039357441042296	0.05143233384246074	7.463249981341876	5.62899994371
576	9437184	10	5.0	5.0	10.0	0.0	10	3.0	4.58257569495584	10.0	0.0	-0.003829706127569844	-2.5086397029329834	0.07346951721130489	7.523249981191875	3.4409999655900005
580	9502720	10	2.0	4.0	10.0	0.0	10	5.0	5.0	10.0	0.0	-0.0031096664033404297	-2.512147826191368	0.051329285394592986	7.458499981353749	4.467999955320001
584	9568256	10	3.0	4.58257569495584	10.0	0.0	10	5.0	5.0	10.0	0.0	-0.0035429361447260983	-2.5295580896087055	0.03321204943270411	7.492749981268124	5.629999943700001
588	9633792	10	4.0	4.898979485566356	10.0	0.0	10	3.0	4.58257569495584	10.0	0.0	-0.003318859758673973	-2.5265131540448227	0.052974999401400026	7.496499981258751	4.87499995125
592	9699328	10	5.0	5.0	10.0	0.0	10	2.0	4.0	10.0	0.0	-0.004456043723157234	-2.5156995527309274	0.05939852356204659	7.498999981252501	5.372999946270001
596	9764864	10	5.0	5.0	10.0	0.0	10	5.0	5.0	10.0	0.0	-0.0034237657912622437	-2.479997761289232	0.06026916855240769	7.516749981208125	3.2139999678600004
600	9830400	10	4.0	4.898979485566356	10.0	0.0	10	4.0	4.898979485566356	10.0	0.0	-0.0020900338808381	-2.4317848257670884	0.05954374846731326	7.519249981201875	2.2699999773000004
604	9895936	10	4.0	4.898979485566356	10.0	0.0	10	5.0	5.0	10.0	0.0	-0.003168339423582852	-2.470019628346959	0.04578368962401292	7.503749981240626	3.6329999636700006
608	9961472	10	7.0	4.58257569495584	10.0	0.0	10	4.0	4.898979485566356	10.0	0.0	-0.0030437043724166235	-2.467884443443242	0.050960202565114195	7.484249981289375	2.2329999776700005
612	10027008	10	3.0	4.58257569495584	10.0	0.0	10	4.0	4.898979485566356	10.0	0.0	-0.003960262995751467	-2.4828537327445086	0.019713722517804372	7.50949998122625	3.1569999684300005
616	10092544	10	5.0	5.0	10.0	0.0	10	7.0	4.58257569495584	10.0	0.0	-0.0027415288298949896	-2.4700093490292634	0.014788424959660531	7.49999998125	4.1049999589500015
620	10158080	10	4.0	4.898979485566356	10.0	0.0	10	5.0	5.0	10.0	0.0	-0.0026602611879103706	-2.5210538826740265	0.04999967594110186	7.5169999812074995	3.5479999645200007
624	10223616	10	4.0	4.898979485566356	10.0	0.0	10	4.0	4.898979485566356	10.0	0.0	-0.004699750346961439	-2.544477055205099	0.018488624119117156	7.501249981246874	4.784999952150001
628	10289152	10	7.0	4.58257569495584	10.0	0.0	10	5.0	5.0	10.0	0.0	-0.0031693516402541166	-2.518222393826589	0.022524084148929972	7.495749981260626	2.3339999766600004
632	10354688	10	7.0	4.58257569495584	10.0	0.0	10	4.0	4.898979485566356	10.0	0.0	-0.004261376004716961	-2.542738546662901	0.007724948841419284	7.475749981310626	3.3809999661900005
636	10420224	10	5.0	5.0	10.0	0.0	10	4.0	4.898979485566356	10.0	0.0	-0.003816378930632315	-2.489837544400415	0.027310253634706974	7.484249981289374	4.665999953340001
640	10485760	10	4.0	4.898979485566356	10.0	0.0	10	4.0	4.898979485566356	10.0	0.0	-0.0027205876270773575	-2.4897629690557017	0.021148778049711027	7.484499981288751	2.6119999738800006
644	10551296	10	6.0	4.898979485566356	10.0	0.0	10	3.0	4.58257569495584	10.0	0.0	-0.0027487530845536137	-2.4828571451104215	0.02853674664165581	7.47449998131375	4.606999953930001
648	10616832	10	4.0	4.898979485566356	10.0	0.0	10	7.0	4.58257569495584	10.0	0.0	-0.00270813485593847	-2.4756043376926717	0.0267181409201596	7.506249981234375	5.329999946700001
652	10682368	10	5.0	5.0	10.0	0.0	10	5.0	5.0	10.0	0.0	-0.0034930264078865863	-2.530002698038727	0.049697313168788275	7.45749998135625	1.7999999820000003
656	10747904	10	5.0	5.0	10.0	0.0	10	4.0	4.898979485566356	10.0	0.0	-0.0040350463237135556	-2.5172625678142366	0.043469343667027725	7.467499981331249	2.7709999722900003
660	10813440	10	5.0	5.0	10.0	0.0	10	4.0	4.898979485566356	10.0	0.0	-0.0037709987999746146	-2.4702898087511174	0.043421584081164366	7.4932499812668745	3.0589999694100007
664	10878976	10	5.0	5.0	10.0	0.0	10	6.0	4.898979485566356	10.0	0.0	-0.0030839991762272334	-2.3958107603080876	0.08573860568459483	7.510249981224375	1.4089999859100002
668	10944512	10	8.0	4.0	10.0	0.0	10	4.0	4.898979485566356	10.0	0.0	-0.003054562363998672	-2.3843388703962005	0.08005632165334732	7.553249981116876	2.3699999763000004
672	11010048	10	6.0	4.898979485566356	10.0	0.0	10	3.0	4.58257569495584	10.0	0.0	-0.0035974129152733856	-2.4788453104496737	0.06297469894172598	7.546749981133125	3.0029999699700007
676	11075584	10	3.0	4.58257569495584	10.0	0.0	10	5.0	5.0	10.0	0.0	-0.003743649151969806	-2.4570868832293704	0.015338633375216184	7.53349998116625	4.303999956960001
680	11141120	10	2.0	4.0	10.0	0.0	10	4.0	4.898979485566356	10.0	0.0	-0.0038122002511621566	-2.4181559257173912	0.041237479267944736	7.5109999812225015	5.454999945450001
684	11206656	10	7.0	4.58257569495584	10.0	0.0	10	7.0	4.58257569495584	10.0	0.0	-0.0029657224122217134	-2.3978315440302778	0.05243240042606108	7.557249981106875	2.1589999784100002
688	11272192	10	3.0	4.58257569495584	10.0	0.0	10	9.0	3.0	10.0	0.0	-0.0038323148397112847	-2.492600381114713	0.0720790683915262	7.52799998118	2.7889999721100005
692	11337728	10	4.0	4.898979485566356	10.0	0.0	10	4.0	4.898979485566356	10.0	0.0	-0.003997185611486983	-2.4467818361952265	0.0478242165407718	7.48399998129	3.2099999679000004
696	11403264	10	6.0	4.898979485566356	10.0	0.0	10	4.0	4.898979485566356	10.0	0.0	-0.0018150248031744201	-2.4555403413797596	0.02645400083532588	7.497749981255626	3.1869999681300003
700	11468800	10	7.0	4.58257569495584	10.0	0.0	10	7.0	4.58257569495584	10.0	0.0	-0.0027409460232648347	-2.467133640985988	0.0439556882632123	7.507749981230625	2.2989999770100003
704	11534336	10	4.0	4.898979485566356	10.0	0.0	10	6.0	4.898979485566356	10.0	0.0	-0.003150923389487116	-2.481480084101158	0.01300889108931799	7.50399998124	3.1029999689700007
708	11599872	10	5.0	5.0	10.0	0.0	10	4.0	4.898979485566356	10.0	0.0	-0.0026542327053563626	-2.4701802727987197	0.035599640585062556	7.527749981180626	3.0019999699800004
712	11665408	10	4.0	4.898979485566356	10.0	0.0	10	5.0	5.0	10.0	0.0	-0.003442371993762575	-2.4303494043600153	0.01857451506706573	7.563249981091875	3.6929999630700006
716	11730944	10	4.0	4.898979485566356	10.0	0.0	10	5.0	5.0	10.0	0.0	-0.0025886861910326036	-2.3594450327283085	0.041989553333397295	7.546249981134376	2.9199999708
720	11796480	10	4.0	4.898979485566356	10.0	0.0	10	3.0	4.58257569495584	10.0	0.0	-0.0025786187686250416	-2.437814342224972	0.04536036781077027	7.4859999812849995	4.227999957720001
724	11862016	10	5.0	5.0	10.0	0.0	10	9.0	3.0	10.0	0.0	-0.004235912577176517	-2.4623817923086886	0.020973887876848014	7.49849998125375	3.857999961420001
728	11927552	10	5.0	5.0	10.0	0.0	10	2.0	4.0	10.0	0.0	-0.002926660512152741	-2.43746054643831	0.03281510185743925	7.544249981139376	3.5329999646700005
732	11993088	10	6.0	4.898979485566356	10.0	0.0	10	5.0	5.0	10.0	0.0	-0.0028653913016919307	-2.4085266811126944	0.01628748702157089	7.5104999812237505	3.0899999691000004
736	12058624	10	2.0	4.0	10.0	0.0	10	4.0	4.898979485566356	10.0	0.0	-0.0030741661196903576	-2.447154169026412	0.05086683484069674	7.4789999813025	2.6649999733500005
740	12124160	10	5.0	5.0	10.0	0.0	10	5.0	5.0	10.0	0.0	-0.0013510636234470978	-2.3890633828932923	0.03318748803473283	7.536249981159376	3.6559999634400007
744	12189696	10	4.0	4.898979485566356	10.0	0.0	10	8.0	4.0	10.0	0.0	-0.002107055657469276	-2.388787641872483	0.060260626083404406	7.53049998117375	2.6899999731000004
748	12255232	10	2.0	4.0	10.0	0.0	10	6.0	4.898979485566356	10.0	0.0	-0.003812251304131411	-2.4370786843145424	0.027096749252659605	7.5329999811674995	3.5929999640700006
752	12320768	10	5.0	5.0	10.0	0.0	10	2.0	4.0	10.0	0.0	-0.004082218049794198	-2.445479581498675	0.04010895878740444	7.5389999811525	6.524999934750001
756	12386304	10	7.0	4.58257569495584	10.0	0.0	10	6.0	4.898979485566356	10.0	0.0	-0.0028028688778664644	-2.5063867442182564	0.021278871530342146	7.526749981183125	3.6429999635700003
760	12451840	10	6.0	4.898979485566356	10.0	0.0	10	5.0	5.0	10.0	0.0	-0.0028001446016902498	-2.4981924888869576	0.024849244809187397	7.473999981315	7.040999929590002
764	12517376	10	4.0	4.898979485566356	10.0	0.0	10	5.0	5.0	10.0	0.0	-0.00406582196550001	-2.506701397137993	0.03348292207268221	7.4489999813775	3.2729999672700005
768	12582912	10	3.0	4.58257569495584	10.0	0.0	10	5.0	5.0	10.0	0.0	-0.0041432815725712556	-2.4562762997969396	0.009889019961399195	7.471749981320626	5.243999947560001
772	12648448	10	5.0	5.0	10.0	0.0	10	5.0	5.0	10.0	0.0	-0.0032492591462516315	-2.488527826705633	0.016036257238280685	7.49049998127375	8.054999919450001
776	12713984	10	4.0	4.898979485566356	10.0	0.0	10	3.0	4.58257569495584	10.0	0.0	-0.0035109967207953346	-2.5589017219659485	0.013089458339740453	7.485249981286875	8.115999918840002
780	12779520	10	5.0	5.0	10.0	0.0	10	2.0	4.0	10.0	0.0	-0.004138990947642576	-2.5556229896664853	0.0009739631312990692	7.466749981333124	8.092999919070001
784	12845056	10	6.0	4.898979485566356	10.0	0.0	10	3.0	4.58257569495584	10.0	0.0	-0.0027388658488110293	-2.5696880740230763	0.025749753464319063	7.484749981288125	8.066999919330001
788	12910592	10	6.0	4.898979485566356	10.0	0.0	10	3.0	4.58257569495584	10.0	0.0	-0.004011960166166167	-2.583753977943533	0.013368611243824664	7.497249981256874	8.07499991925
792	12976128	10	5.0	5.0	10.0	0.0	10	5.0	5.0	10.0	0.0	-0.004064180686510722	-2.5590039936022646	0.007664208173496747	7.51249998121875	6.044999939550001
796	13041664	10	6.0	4.898979485566356	10.0	0.0	10	5.0	5.0	10.0	0.0	-0.003238761845716353	-2.574460702369658	0.027018764809544158	7.473749981315625	8.0799999192
800	13107200	10	6.0	4.898979485566356	10.0	0.0	10	4.0	4.898979485566356	10.0	0.0	-0.0023963266670691237	-2.5576782646097818	0.024461590954038017	7.528499981178751	6.464999935350001
804	13172736	10	4.0	4.898979485566356	10.0	0.0	10	3.0	4.58257569495584	10.0	0.0	-0.0036692336964246532	-2.558176055284098	0.04082408318996172	7.460499981348751	6.548999934510001
808	13238272	10	7.0	4.58257569495584	10.0	0.0	10	6.0	4.898979485566356	10.0	0.0	-0.0031720588737122815	-2.460878503562965	0.03580796516437854	7.464249981339374	2.957999970420001
812	13303808	10	3.0	4.58257569495584	10.0	0.0	10	3.0	4.58257569495584	10.0	0.0	-0.0026041742382419556	-2.454769295695025	0.03562054519345137	7.54399998114	4.307999956920001
816	13369344	10	6.0	4.898979485566356	10.0	0.0	10	6.0	4.898979485566356	10.0	0.0	-0.0032494178712669684	-2.4645343022958186	0.018001220352081515	7.537999981154999	3.0609999693900005
820	13434880	10	3.0	4.58257569495584	10.0	0.0	10	5.0	5.0	10.0	0.0	-0.002288649622403568	-2.38520684068391	0.025458536064510706	7.529999981174999	3.6169999638300006
824	13500416	10	5.0	5.0	10.0	0.0	10	7.0	4.58257569495584	10.0	0.0	-0.0024373345486803184	-2.4895639888832473	0.013584361263484257	7.469249981326875	7.223999927760001
828	13565952	10	4.0	4.898979485566356	10.0	0.0	10	3.0	4.58257569495584	10.0	0.0	-0.003911540224682541	-2.5378999409416134	0.007697783128410283	7.45849998135375	6.198999938010001
832	13631488	10	5.0	5.0	10.0	0.0	10	7.0	4.58257569495584	10.0	0.0	-0.005028892453468896	-2.574667237430837	0.007012260016863548	7.4389999814025005	8.05799991942
836	13697024	10	4.0	4.898979485566356	10.0	0.0	10	6.0	4.898979485566356	10.0	0.0	-0.004421682254202921	-2.5542450395546035	0.0010687509407437208	7.480499981298751	8.044999919550001
840	13762560	10	3.0	4.58257569495584	10.0	0.0	10	4.0	4.898979485566356	10.0	0.0	-0.0031840186805329657	-2.5524443335655893	0.011171420596584093	7.3949999815125	7.990999920090001
844	13828096	10	4.0	4.898979485566356	10.0	0.0	10	4.0	4.898979485566356	10.0	0.0	-0.0035312860147880378	-2.5808970180445643	0.018002266556569783	7.387749981530626	8.05199991948
848	13893632	10	5.0	5.0	10.0	0.0	10	4.0	4.898979485566356	10.0	0.0	-0.003988844534927145	-2.5734407576224756	0.007813725198295051	7.410249981474376	8.050999919490001
852	13959168	10	3.0	4.58257569495584	10.0	0.0	10	2.0	4.0	10.0	0.0	-0.003919152222398342	-2.5473615673511123	0.007196743990039739	7.433999981414999	8.173999918260002
856	14024704	10	3.0	4.58257569495584	10.0	0.0	10	4.0	4.898979485566356	10.0	0.0	-0.0046787216058851	-2.5104876381523966	0.0013488268552272063	7.468499981328751	8.108999918910001
860	14090240	10	4.0	4.898979485566356	10.0	0.0	10	2.0	4.0	10.0	0.0	-0.003543335163092257	-2.508589034017876	0.0064411615114861685	7.45249998136875	8.076999919230001
864	14155776	10	4.0	4.898979485566356	10.0	0.0	10	3.0	4.58257569495584	10.0	0.0	-0.0036836462831265054	-2.479446070631356	0.0014154676105177255	7.433749981415626	8.13299991867
868	14221312	10	3.0	4.58257569495584	10.0	0.0	10	5.0	5.0	10.0	0.0	-0.0034707890708303374	-2.5017771296080644	0.020546409198971955	7.4929999812675	8.078999919210002
872	14286848	10	4.0	4.898979485566356	10.0	0.0	10	8.0	4.0	10.0	0.0	-0.003945659348465985	-2.5076376147439627	0.01620293259943013	7.4749999813125	8.116999918830002
876	14352384	10	1.0	3.0	10.0	0.0	10	5.0	5.0	10.0	0.0	-0.0037272684078195864	-2.5142935958865853	0.007805796168309809	7.4139999814649995	7.989999920100002
880	14417920	10	4.0	4.898979485566356	10.0	0.0	10	3.0	4.58257569495584	10.0	0.0	-0.0024881465309424065	-2.5459330725004667	0.012209990913653709	7.447749981380626	8.044999919550001
884	14483456	10	4.0	4.898979485566356	10.0	0.0	10	7.0	4.58257569495584	10.0	0.0	-0.0033532343607317783	-2.565385748675465	0.011277144104231775	7.4649999813375	5.266999947330001
888	14548992	10	5.0	5.0	10.0	0.0	10	5.0	5.0	10.0	0.0	-0.00202974778443076	-2.5520020944201978	0.04324822761346998	7.4429999813925	3.1689999683100005
892	14614528	10	3.0	4.58257569495584	10.0	0.0	10	4.0	4.898979485566356	10.0	0.0	-0.003210568813573402	-2.5193580709256986	0.07032996051561434	7.443249981391874	3.854999961450001
896	14680064	10	0.0	0.0	0.0	0.0	10	4.0	4.898979485566356	10.0	0.0	-0.0036864382269211843	-2.539219831162436	0.08911584219743114	7.4932499812668745	3.7129999628700006
900	14745600	10	5.0	5.0	10.0	0.0	10	3.0	4.58257569495584	10.0	0.0	-0.002982696731419356	-2.4857109881831745	0.07070039879415087	7.450999981372501	3.3589999664100003
904	14811136	10	5.0	5.0	10.0	0.0	10	4.0	4.898979485566356	10.0	0.0	-0.003293618988775755	-2.525556025142646	0.05398158974198912	7.435249981411875	4.77599995224
908	14876672	10	3.0	4.58257569495584	10.0	0.0	10	3.0	4.58257569495584	10.0	0.0	-0.0017020650798001268	-2.4881531096886578	0.04405398836172121	7.5094999812262495	7.001999929980001
912	14942208	10	7.0	4.58257569495584	10.0	0.0	10	6.0	4.898979485566356	10.0	0.0	-0.0031363555314244743	-2.5171507644018107	0.02944207708238651	7.492999981267499	3.1379999686200004
916	15007744	10	5.0	5.0	10.0	0.0	10	2.0	4.0	10.0	0.0	-0.0038469442596512937	-2.524437789852712	0.028278470059462532	7.544499981138751	6.343999936560001
920	15073280	10	4.0	4.898979485566356	10.0	0.0	10	4.0	4.898979485566356	10.0	0.0	-0.0025776914939082754	-2.5140029636386907	0.04375831607739042	7.480499981298751	5.157999948420001
924	15138816	10	3.0	4.58257569495584	10.0	0.0	10	5.0	5.0	10.0	0.0	-0.003452760522369511	-2.4685399182052956	0.041842467715961	7.5264999811837505	2.1879999781200006
928	15204352	10	3.0	4.58257569495584	10.0	0.0	10	5.0	5.0	10.0	0.0	-0.004314879601381538	-2.4206747285983696	0.023706827868061855	7.52349998119125	1.7399999826000003
932	15269888	10	2.0	4.0	10.0	0.0	10	5.0	5.0	10.0	0.0	-0.0024464140949201517	-2.4304728778651814	0.030604912425734626	7.525999981185	1.5549999844500002
936	15335424	10	4.0	4.898979485566356	10.0	0.0	10	5.0	5.0	10.0	0.0	-0.003043627506775076	-2.468526959162112	0.042703337385721546	7.529749981175625	4.326999956730001
940	15400960	10	6.0	4.898979485566356	10.0	0.0	10	5.0	5.0	10.0	0.0	-0.00419531944940248	-2.4884223711878755	0.0017692114777649911	7.474749981313125	5.010999949890001
944	15466496	10	4.0	4.898979485566356	10.0	0.0	10	6.0	4.898979485566356	10.0	0.0	-0.003492764684415274	-2.4526258257456854	0.015290225415430637	7.489999981275	3.0529999694700005
948	15532032	10	4.0	4.898979485566356	10.0	0.0	10	5.0	5.0	10.0	0.0	-0.004922280754517098	-2.4769787015917597	0.00828115435468578	7.498749981253124	4.91199995088
952	15597568	10	4.0	4.898979485566356	10.0	0.0	10	7.0	4.58257569495584	10.0	0.0	-0.003522775455709532	-2.4875172721735286	0.019525669427000146	7.576499981058751	2.1229999787700007
956	15663104	10	2.0	4.0	10.0	0.0	10	6.0	4.898979485566356	10.0	0.0	-0.005011551117991998	-2.4699445364286574	0.027635639703932145	7.50549998123625	6.4669999353300005
960	15728640	10	10.0	0.0	10.0	10.0	10	7.0	4.58257569495584	10.0	0.0	-0.003979627884180024	-2.4860162831736825	0.015403517036462104	7.500249981249375	3.0259999697400004
964	15794176	10	5.0	5.0	10.0	0.0	10	4.0	4.898979485566356	10.0	0.0	-0.004959522513156092	-2.5600628850177505	0.008702958885808791	7.48549998128625	8.05599991944
968	15859712	10	5.0	5.0	10.0	0.0	10	3.0	4.58257569495584	10.0	0.0	-0.0026143852540983373	-2.5609155046259047	0.014782931558305372	7.42749998143125	8.119999918800001
972	15925248	10	5.0	5.0	10.0	0.0	10	5.0	5.0	10.0	0.0	-0.00317117679724421	-2.5718061225914224	0.020959614401605094	7.472749981318125	8.05799991942
976	15990784	10	3.0	4.58257569495584	10.0	0.0	10	5.0	5.0	10.0	0.0	-0.0037230929673632254	-2.552117081714065	0.007958137291784807	7.405249981486874	8.034999919650001
980	16056320	10	5.0	5.0	10.0	0.0	10	3.0	4.58257569495584	10.0	0.0	-0.004142554059270766	-2.569722801179235	0.0067247274654586965	7.4777499813056245	8.04899991951
984	16121856	10	3.0	4.58257569495584	10.0	0.0	10	6.0	4.898979485566356	10.0	0.0	-0.0027479486522545542	-2.5603036753649837	0.03312891285065446	7.4549999813625005	5.399999946000001
988	16187392	10	2.0	4.0	10.0	0.0	10	3.0	4.58257569495584	10.0	0.0	-0.0032757983277631997	-2.5717131765984855	0.010416655760740124	7.469499981326251	8.018999919810001
992	16252928	10	5.0	5.0	10.0	0.0	10	3.0	4.58257569495584	10.0	0.0	-0.003037027061193077	-2.5277716961850163	0.049030776082009696	7.47949998130125	2.6319999736800006
996	16318464	10	2.0	4.0	10.0	0.0	10	4.0	4.898979485566356	10.0	0.0	-0.0026873638620226086	-2.421358033762477	0.03504780967218953	7.5329999811675	1.22199998778
1000	16384000	10	2.0	4.0	10.0	0.0	10	5.0	5.0	10.0	0.0	-0.002503663233298159	-2.388998555391525	0.04466720040626038	7.563249981091875	3.0149999698500007
1004	16449536	10	5.0	5.0	10.0	0.0	10	4.0	4.898979485566356	10.0	0.0	-0.0037197803099606646	-2.4257525029238476	0.03387741914786596	7.52149998119625	2.0109999798900002
1008	16515072	10	3.0	4.58257569495584	10.0	0.0	10	5.0	5.0	10.0	0.0	-0.003940440871594569	-2.4149421301948775	0.027068522492815137	7.506249981234375	3.8199999618000007
1012	16580608	10	6.0	4.898979485566356	10.0	0.0	10	4.0	4.898979485566356	10.0	0.0	-0.002636407975870842	-2.4321539523650904	0.05023341687978849	7.553499981116251	2.9959999700400006
1016	16646144	10	4.0	4.898979485566356	10.0	0.0	10	6.0	4.898979485566356	10.0	0.0	-0.002837326156630631	-2.4738867404466807	0.025359760336652607	7.53199998117	2.01399997986
1020	16711680	10	5.0	5.0	10.0	0.0	10	4.0	4.898979485566356	10.0	0.0	-0.003227613336060737	-2.4660366646860212	0.018298075179613328	7.537249981156875	3.1479999685200006
1024	16777216	10	5.0	5.0	10.0	0.0	10	7.0	4.58257569495584	10.0	0.0	-0.003143186365353664	-2.444023499631609	0.024484336212356003	7.56649998108375	2.0229999797700007
1028	16842752	10	4.0	4.898979485566356	10.0	0.0	10	3.0	4.58257569495584	10.0	0.0	-0.003618754249678691	-2.465974663437827	0.044261672023758906	7.55449998111375	3.5349999646500008
1032	16908288	10	4.0	4.898979485566356	10.0	0.0	10	5.0	5.0	10.0	0.0	-0.002964466586788275	-2.5158687603833196	0.032770608550811965	7.5094999812262495	4.167999958320001
1036	16973824	10	5.0	5.0	10.0	0.0	10	5.0	5.0	10.0	0.0	-0.00399918535508001	-2.552958470813734	0.007432255826475222	7.5414999811462495	5.75699994243
1040	17039360	10	5.0	5.0	10.0	0.0	10	5.0	5.0	10.0	0.0	-0.003538058034726519	-2.5611295151029485	0.03598932843295011	7.455249981361875	5.854999941450002
1044	17104896	10	7.0	4.58257569495584	10.0	0.0	10	4.0	4.898979485566356	10.0	0.0	-0.002931354162074905	-2.550377972158366	0.036280250861798834	7.495249981261876	4.56299995437
1048	17170432	10	1.0	3.0	10.0	0.0	10	2.0	4.0	10.0	0.0	-0.0034661251407697054	-2.551032135618234	0.030545379428532724	7.505249981236875	5.247999947520001
1052	17235968	10	5.0	5.0	10.0	0.0	10	3.0	4.58257569495584	10.0	0.0	-0.0037091148426423863	-2.533757830395615	0.02722075177208869	7.481999981294999	7.034999929650001
1056	17301504	10	8.0	4.0	10.0	0.0	10	5.0	5.0	10.0	0.0	-0.0036241440705012647	-2.513732808069801	0.02038000028884728	7.459249981351875	4.2779999572200005
1060	17367040	10	4.0	4.898979485566356	10.0	0.0	10	6.0	4.898979485566356	10.0	0.0	-0.0032358809957829357	-2.5357964880606554	0.007667108908015992	7.455249981361875	8.065999919340001
1064	17432576	10	2.0	4.0	10.0	0.0	10	3.0	4.58257569495584	10.0	0.0	-0.004405898790987868	-2.5661352224458467	0.026043894285082504	7.506749981233125	8.146999918530001
1068	17498112	10	4.0	4.898979485566356	10.0	0.0	10	6.0	4.898979485566356	10.0	0.0	-0.0024714198538127756	-2.5858524314849114	0.019306373458483714	7.4809999812975	8.559999914400002
1072	17563648	10	5.0	5.0	10.0	0.0	10	4.0	4.898979485566356	10.0	0.0	-0.004918900305804793	-2.5854685527373293	0.00099949833616137	7.505999981235	8.155999918440003
1076	17629184	10	5.0	5.0	10.0	0.0	10	6.0	4.898979485566356	10.0	0.0	-0.003206476470616284	-2.5479617016840246	0.014733518083005522	7.429249981426875	8.05199991948
1080	17694720	10	6.0	4.898979485566356	10.0	0.0	10	7.0	4.58257569495584	10.0	0.0	-0.0033470794850927483	-2.5797734978094606	0.01809966848479871	7.466999981332501	8.104999918950002
1084	17760256	10	5.0	5.0	10.0	0.0	10	4.0	4.898979485566356	10.0	0.0	-0.003382464222897941	-2.5843043945521273	0.02127322696732959	7.45199998137	8.094999919050002
1088	17825792	10	1.0	3.0	10.0	0.0	10	4.0	4.898979485566356	10.0	0.0	-0.004351705346230048	-2.5881670189188033	0.0009238540841526525	7.477749981305625	8.110999918890002
1092	17891328	10	5.0	5.0	10.0	0.0	10	2.0	4.0	10.0	0.0	-0.001493202291836175	-2.5835724197120395	0.019455491202981387	7.449999981374999	8.070999919290001
1096	17956864	10	6.0	4.898979485566356	10.0	0.0	10	4.0	4.898979485566356	10.0	0.0	-0.0033454267561714972	-2.556968311202409	0.0360391314430117	7.452749981368125	6.905999930940001
1100	18022400	10	6.0	4.898979485566356	10.0	0.0	10	2.0	4.0	10.0	0.0	-0.002825838681937678	-2.55714995884087	0.0371975688301424	7.505999981235	7.089999929100001
1104	18087936	10	5.0	5.0	10.0	0.0	10	3.0	4.58257569495584	10.0	0.0	-0.003178577664859964	-2.6018890487424255	0.016290875427755508	7.507999981230001	8.06499991935
1108	18153472	10	6.0	4.898979485566356	10.0	0.0	10	3.0	4.58257569495584	10.0	0.0	-0.0027521571801281623	-2.6080858605370145	0.024726000645236796	7.4649999813375	6.421999935780001
1112	18219008	10	2.0	4.0	10.0	0.0	10	5.0	5.0	10.0	0.0	-0.003932738895748941	-2.588439643113397	0.006855765598825011	7.485249981286875	8.242999917570002
1116	18284544	10	6.0	4.898979485566356	10.0	0.0	10	3.0	4.58257569495584	10.0	0.0	-0.002726650490956408	-2.5797622474327606	0.05594304197583615	7.455749981360626	7.258999927410001
1120	18350080	10	4.0	4.898979485566356	10.0	0.0	10	4.0	4.898979485566356	10.0	0.0	-0.0033207097097022937	-2.573148078948444	0.015678822597878266	7.4464999813837505	8.008999919910002
1124	18415616	10	5.0	5.0	10.0	0.0	10	7.0	4.58257569495584	10.0	0.0	-0.0030683799556287072	-2.5915578427198085	0.005653945275012823	7.42449998143875	8.222999917770002
1128	18481152	10	7.0	4.58257569495584	10.0	0.0	10	9.0	3.0	10.0	0.0	-0.0038192567319394926	-2.537432163689465	0.01456111650410604	7.448749981378125	6.201999937980001
1132	18546688	10	6.0	4.898979485566356	10.0	0.0	10	7.0	4.58257569495584	10.0	0.0	-0.003028654599790074	-2.545054219398033	0.01931002743833388	7.490249981274375	8.078999919210002
1136	18612224	10	7.0	4.58257569495584	10.0	0.0	10	3.0	4.58257569495584	10.0	0.0	-0.002622899688836932	-2.551964769494938	0.011910768014151923	7.4384999814037505	6.118999938810001
1140	18677760	10	4.0	4.898979485566356	10.0	0.0	10	6.0	4.898979485566356	10.0	0.0	-0.0019679790418873403	-2.5258490937303955	0.01582984684578481	7.435749981410625	8.038999919610001
1144	18743296	10	3.0	4.58257569495584	10.0	0.0	10	5.0	5.0	10.0	0.0	-0.0028582939639872763	-2.533924683664539	0.03291027541875401	7.43449998141375	3.493999965060001
1148	18808832	10	3.0	4.58257569495584	10.0	0.0	10	6.0	4.898979485566356	10.0	0.0	-0.004581666638364595	-2.534352056418115	0.001793002760491293	7.453999981365	8.086999919130001
1152	18874368	10	4.0	4.898979485566356	10.0	0.0	10	3.0	4.58257569495584	10.0	0.0	-0.003661078218629598	-2.5436161281995795	0.024801548843084747	7.48549998128625	7.806999921930002
1156	18939904	10	5.0	5.0	10.0	0.0	10	5.0	5.0	10.0	0.0	-0.002721591784412906	-2.5752701533138387	0.007704692788851597	7.462749981343125	7.107999928920001
1160	19005440	10	5.0	5.0	10.0	0.0	10	2.0	4.0	10.0	0.0	-0.0039242115558868595	-2.551012091072904	0.0012756584951790157	7.47049998132375	8.15499991845
1164	19070976	10	2.0	4.0	10.0	0.0	10	8.0	4.0	10.0	0.0	-0.003485538440994902	-2.5557218290686734	0.0009529361770766546	7.50549998123625	4.731999952680001
1168	19136512	10	4.0	4.898979485566356	10.0	0.0	10	5.0	5.0	10.0	0.0	-0.000851970730978569	-2.552343718441692	0.006135493443220142	7.439749981400625	8.152999918470002
1172	19202048	10	5.0	5.0	10.0	0.0	10	4.0	4.898979485566356	10.0	0.0	-0.0035068440625749212	-2.5557851987401707	0.0010350842790540953	7.4189999814525	8.0799999192
1176	19267584	10	5.0	5.0	10.0	0.0	10	7.0	4.58257569495584	10.0	0.0	-0.00311543427443198	-2.5492791108615087	0.0008729028706814984	7.45249998136875	8.08799991912
1180	19333120	10	5.0	5.0	10.0	0.0	10	4.0	4.898979485566356	10.0	0.0	-0.001317409029539504	-2.539030603799982	0.00806025407359221	7.497749981255625	8.07399991926
1184	19398656	10	3.0	4.58257569495584	10.0	0.0	10	5.0	5.0	10.0	0.0	-0.0024372608699082055	-2.551850363346357	0.027044087044095465	7.437749981405625	8.07199991928
1188	19464192	10	6.0	4.898979485566356	10.0	0.0	10	6.0	4.898979485566356	10.0	0.0	-0.0029683293005231125	-2.5282235937663877	0.007894665855106545	7.456249981359375	3.0069999699300007
1192	19529728	10	5.0	5.0	10.0	0.0	10	3.0	4.58257569495584	10.0	0.0	-0.002257766657816997	-2.518090019361137	0.028738551482130635	7.460249981349374	7.505999924940001
1196	19595264	10	5.0	5.0	10.0	0.0	10	4.0	4.898979485566356	10.0	0.0	-0.003867351818271705	-2.498519134757927	0.01681147743214861	7.5022499812443755	6.739999932600001
1200	19660800	10	5.0	5.0	10.0	0.0	10	6.0	4.898979485566356	10.0	0.0	-0.0018795971577232119	-2.4974509648860725	0.020189926567601043	7.4472499813818755	2.7209999727900005
1204	19726336	10	8.0	4.0	10.0	0.0	10	7.0	4.58257569495584	10.0	0.0	-0.0033851386599771634	-2.4885304269582615	0.006537663202759988	7.49849998125375	4.598999954010001
1208	19791872	10	5.0	5.0	10.0	0.0	10	4.0	4.898979485566356	10.0	0.0	-0.0031083445498043087	-2.4718608679779432	0.024252758250946138	7.489749981275625	5.968999940310002
1212	19857408	10	7.0	4.58257569495584	10.0	0.0	10	5.0	5.0	10.0	0.0	-0.002949265023133994	-2.425519004211491	0.013224938744756685	7.499249981251875	5.403999945960001
1216	19922944	10	5.0	5.0	10.0	0.0	10	4.0	4.898979485566356	10.0	0.0	-0.0027189015694195984	-2.4468162206246777	0.025417969900222926	7.5102499812243755	3.1499999685000004
1220	19988480	10	4.0	4.898979485566356	10.0	0.0	10	8.0	4.0	10.0	0.0	-0.0026301814987455983	-2.4215466203749996	0.02180542471630291	7.528249981179376	3.2399999676000006
1224	20054016	10	6.0	4.898979485566356	10.0	0.0	10	2.0	4.0	10.0	0.0	-0.004106532148880132	-2.4090591989431696	0.03417829534623901	7.5422499811443755	5.350999946490001
1228	20119552	10	3.0	4.58257569495584	10.0	0.0	10	6.0	4.898979485566356	10.0	0.0	-0.00191049818002392	-2.4453006731903466	0.019039287431180777	7.438749981403125	4.089999959100001
1232	20185088	10	2.0	4.0	10.0	0.0	10	3.0	4.58257569495584	10.0	0.0	-0.0028105554953782304	-2.44869725877368	0.027298727585312075	7.520249981199374	5.992999940070002
1236	20250624	10	5.0	5.0	10.0	0.0	10	1.0	3.0	10.0	0.0	-0.0035610479750104278	-2.4705913113961016	0.0016565062310082274	7.503749981240626	8.04599991954
1240	20316160	10	5.0	5.0	10.0	0.0	10	3.0	4.58257569495584	10.0	0.0	-0.0034122664337178483	-2.527465921873824	0.00129662292103436	7.4547499813631255	8.221999917780002
1244	20381696	10	6.0	4.898979485566356	10.0	0.0	10	6.0	4.898979485566356	10.0	0.0	-0.0035637797915040494	-2.5546133912922233	0.0008816611364021395	7.449999981375	8.107999918920003
1248	20447232	10	4.0	4.898979485566356	10.0	0.0	10	3.0	4.58257569495584	10.0	0.0	-0.0029934968379079514	-2.5229829770678736	0.0009437453335448576	7.45249998136875	8.084999919150002
1252	20512768	10	5.0	5.0	10.0	0.0	10	5.0	5.0	10.0	0.0	-0.003862680552833139	-2.539926195873488	0.01212966602052871	7.4539999813649995	8.137999918620002
1256	20578304	10	6.0	4.898979485566356	10.0	0.0	10	2.0	4.0	10.0	0.0	-0.0038270739456144616	-2.5384529478687283	0.007882841681837052	7.451249981371875	8.233999917660002
1260	20643840	10	6.0	4.898979485566356	10.0	0.0	10	2.0	4.0	10.0	0.0	-0.0030787330006030226	-2.5516079189702316	0.007106050343754268	7.5184999812037505	8.02199991978
1264	20709376	10	3.0	4.58257569495584	10.0	0.0	10	6.0	4.898979485566356	10.0	0.0	-0.003817539579264213	-2.537123349541389	0.013418293582735564	7.4909999812725	8.094999919050002
1268	20774912	10	5.0	5.0	10.0	0.0	10	2.0	4.0	10.0	0.0	-0.0034134414135609252	-2.5555736121853476	0.01244392501870737	7.4859999812849995	5.622999943770001
1272	20840448	10	3.0	4.58257569495584	10.0	0.0	10	5.0	5.0	10.0	0.0	-0.0024545922579383866	-2.526599821681844	0.01940120164888679	7.4829999812925	4.240999957590001
1276	20905984	10	4.0	4.898979485566356	10.0	0.0	10	4.0	4.898979485566356	10.0	0.0	-0.0015970128453322316	-2.418387631323351	0.028993588020372007	7.482249981294376	3.874999961250001
1280	20971520	10	7.0	4.58257569495584	10.0	0.0	10	5.0	5.0	10.0	0.0	-0.0028132944350343554	-2.412605382250766	0.031624171497585854	7.544249981139375	4.053999959460001
1284	21037056	10	7.0	4.58257569495584	10.0	0.0	10	6.0	4.898979485566356	10.0	0.0	-0.003979048669447611	-2.4174729483788306	0.013612928205876302	7.48049998129875	2.5829999741700007
1288	21102592	10	4.0	4.898979485566356	10.0	0.0	10	4.0	4.898979485566356	10.0	0.0	-0.0023936484986363054	-2.3516897035175632	0.06681333449555286	7.5332499811668745	7.693999923060002
1292	21168128	10	3.0	4.58257569495584	10.0	0.0	10	5.0	5.0	10.0	0.0	-0.0028036181365789416	-2.5329452899440144	0.029063095465369768	7.50649998123375	6.118999938810001
1296	21233664	10	3.0	4.58257569495584	10.0	0.0	10	4.0	4.898979485566356	10.0	0.0	-0.0028665029334100462	-2.517057542737392	0.013783959532782279	7.4689999813275	4.7099999529000005
1300	21299200	10	3.0	4.58257569495584	10.0	0.0	10	4.0	4.898979485566356	10.0	0.0	-0.002977138899034211	-2.5731712204517754	0.009798518439806154	7.45199998137	8.04199991958
1304	21364736	10	4.0	4.898979485566356	10.0	0.0	10	5.0	5.0	10.0	0.0	-0.0043364567047046885	-2.575740731984291	0.0009713732329650272	7.4462499813843745	7.179999928200001
1308	21430272	10	5.0	5.0	10.0	0.0	10	8.0	4.0	10.0	0.0	-0.004028497069344005	-2.565858058364143	0.007220827456124407	7.447999981380001	6.0939999390600015
1312	21495808	10	6.0	4.898979485566356	10.0	0.0	10	4.0	4.898979485566356	10.0	0.0	-0.001800148786478977	-2.5427492034766805	0.022148739615777152	7.4772499813068745	6.2299999377000015
1316	21561344	10	5.0	5.0	10.0	0.0	10	4.0	4.898979485566356	10.0	0.0	-0.0035781412439884535	-2.5271151907593135	0.037311704694481335	7.4552499813618756	4.5199999548
1320	21626880	10	7.0	4.58257569495584	10.0	0.0	10	5.0	5.0	10.0	0.0	-0.0036175930674765683	-2.549631066354763	0.020249987508893705	7.47849998130375	5.986999940130001
1324	21692416	10	3.0	4.58257569495584	10.0	0.0	10	5.0	5.0	10.0	0.0	-0.004087859980122757	-2.549475632342366	0.011108402338075144	7.457249981356875	8.08599991914
1328	21757952	10	7.0	4.58257569495584	10.0	0.0	10	7.0	4.58257569495584	10.0	0.0	-0.004441209745732221	-2.5766143696803074	0.0009232240982427607	7.4269999814325	8.070999919290001
1332	21823488	10	5.0	5.0	10.0	0.0	10	3.0	4.58257569495584	10.0	0.0	-0.0030828923308765677	-2.5675098024117715	0.0049739767146975145	7.492749981268125	8.169999918300002
1336	21889024	10	1.0	3.0	10.0	0.0	10	4.0	4.898979485566356	10.0	0.0	-0.004019885914088196	-2.545490070912327	0.0006533410786916385	7.455499981361251	7.997999920020002
1340	21954560	10	6.0	4.898979485566356	10.0	0.0	10	3.0	4.58257569495584	10.0	0.0	-0.004154196205058005	-2.5453429070443923	0.006756655262712359	7.408499981478751	8.052999919470002
1344	22020096	10	5.0	5.0	10.0	0.0	10	3.0	4.58257569495584	10.0	0.0	-0.002828331542644019	-2.5715024518274845	0.008702367150972315	7.476249981309375	8.114999918850001
1348	22085632	10	4.0	4.898979485566356	10.0	0.0	10	4.0	4.898979485566356	10.0	0.0	-0.0027323815614670095	-2.5847178421705688	0.025225510314865026	7.450749981373125	8.070999919290001
1352	22151168	10	4.0	4.898979485566356	10.0	0.0	10	4.0	4.898979485566356	10.0	0.0	-0.0031719688143342618	-2.5553104601622185	0.042910633404746476	7.457999981355	6.460999935390001
1356	22216704	10	6.0	4.898979485566356	10.0	0.0	10	6.0	4.898979485566356	10.0	0.0	-0.0035134819817639485	-2.5675952953405856	0.017799614509653745	7.4189999814525	3.5939999640600004
1360	22282240	10	3.0	4.58257569495584	10.0	0.0	10	2.0	4.0	10.0	0.0	-0.0030753015450025287	-2.5450726422003207	0.031192772870563882	7.482749981293125	5.979999940200002
1364	22347776	10	5.0	5.0	10.0	0.0	10	4.0	4.898979485566356	10.0	0.0	-0.0036130267128581706	-2.5561062889615425	0.03393737714587866	7.465499981336251	2.5729999742700005
1368	22413312	10	4.0	4.898979485566356	10.0	0.0	10	5.0	5.0	10.0	0.0	-0.0031398426747792224	-2.5177669025818434	0.01925090152307816	7.45449998136375	3.5359999646400007
1372	22478848	10	5.0	5.0	10.0	0.0	10	5.0	5.0	10.0	0.0	-0.0025947807198791876	-2.5556443405469467	0.04288564791242746	7.498749981253124	5.632999943670001
1376	22544384	10	4.0	4.898979485566356	10.0	0.0	10	5.0	5.0	10.0	0.0	-0.0034504836278497113	-2.564033550253651	0.03396959848891375	7.49849998125375	5.215999947840001
1380	22609920	10	4.0	4.898979485566356	10.0	0.0	10	6.0	4.898979485566356	10.0	0.0	-0.003815608401870415	-2.55260298126175	0.008191421608348855	7.475249981311875	6.288999937110001
1384	22675456	10	2.0	4.0	10.0	0.0	10	1.0	3.0	10.0	0.0	-0.003071097339047743	-2.5784513848320936	0.019929147400384074	7.45749998135625	8.191999918080002
1388	22740992	10	3.0	4.58257569495584	10.0	0.0	10	3.0	4.58257569495584	10.0	0.0	-0.004049973537684745	-2.5723444171053864	0.007487310282591164	7.498249981254374	8.0399999196
1392	22806528	10	5.0	5.0	10.0	0.0	10	5.0	5.0	10.0	0.0	-0.004442190064605309	-2.566459027162082	0.013695046050784008	7.445249981386875	8.159999918400002
1396	22872064	10	4.0	4.898979485566356	10.0	0.0	10	5.0	5.0	10.0	0.0	-0.002639584538911563	-2.562378490697657	0.015303760616838087	7.5022499812443755	8.084999919150002
1400	22937600	10	1.0	3.0	10.0	0.0	10	5.0	5.0	10.0	0.0	-0.003517609656771237	-2.59749647699558	0.02534962176811251	7.456249981359375	6.123999938760001
1404	23003136	10	8.0	4.0	10.0	0.0	10	4.0	4.898979485566356	10.0	0.0	-0.003598623782564731	-2.5587905319846582	0.02081922893947393	7.456249981359375	3.6439999635600007
1408	23068672	10	6.0	4.898979485566356	10.0	0.0	10	5.0	5.0	10.0	0.0	-0.0032713585990604677	-2.5594662996447286	0.012337625038756966	7.463749981340626	7.681999923180002
1412	23134208	10	4.0	4.898979485566356	10.0	0.0	10	7.0	4.58257569495584	10.0	0.0	-0.003206605510937218	-2.524240346983387	0.03578770490691369	7.503749981240626	4.332999956670001
1416	23199744	10	7.0	4.58257569495584	10.0	0.0	10	5.0	5.0	10.0	0.0	-0.002979226087511156	-2.513074685868109	0.039118621921127646	7.489749981275626	6.310999936890001
1420	23265280	10	6.0	4.898979485566356	10.0	0.0	10	2.0	4.0	10.0	0.0	-0.003904311919740845	-2.479481249789404	0.03241601568420627	7.474249981314375	4.156999958430001
1424	23330816	10	6.0	4.898979485566356	10.0	0.0	10	6.0	4.898979485566356	10.0	0.0	-0.0029377881895290506	-2.476000874976687	0.033727126650898887	7.51449998121375	2.2069999779300002
1428	23396352	10	3.0	4.58257569495584	10.0	0.0	10	4.0	4.898979485566356	10.0	0.0	-0.003678929482319875	-2.472956143062007	0.026511363461665424	7.504249981239375	4.561999954380001
1432	23461888	10	7.0	4.58257569495584	10.0	0.0	10	4.0	4.898979485566356	10.0	0.0	-0.002928781561723759	-2.4551906285112644	0.026372430870026466	7.526999981182501	1.6649999833500002
1436	23527424	10	3.0	4.58257569495584	10.0	0.0	10	5.0	5.0	10.0	0.0	-0.0031614293108195063	-2.4520417126445815	0.032724728021020034	7.54049998114875	3.0409999695900005
1440	23592960	10	2.0	4.0	10.0	0.0	10	2.0	4.0	10.0	0.0	-0.0031642178531040015	-2.4827290547288126	0.044699784847471544	7.529749981175625	7.393999926060001
1444	23658496	10	4.0	4.898979485566356	10.0	0.0	10	4.0	4.898979485566356	10.0	0.0	-0.0017534923170380062	-2.518241616324527	0.03140121741768799	7.53449998116375	6.318999936810001
1448	23724032	10	2.0	4.0	10.0	0.0	10	4.0	4.898979485566356	10.0	0.0	-0.0030724365227022396	-2.510957379874296	0.02064399191928617	7.515249981211875	4.069999959300001
1452	23789568	10	4.0	4.898979485566356	10.0	0.0	10	5.0	5.0	10.0	0.0	0.00023555974619104812	-2.5198229101655656	0.02700428733463965	7.50249998124375	2.5639999743600006
1456	23855104	10	6.0	4.898979485566356	10.0	0.0	10	5.0	5.0	10.0	0.0	-0.0023708020693403637	-2.496399469413592	0.03650261299343213	7.4942499812643755	3.5269999647300008
1460	23920640	10	6.0	4.898979485566356	10.0	0.0	10	5.0	5.0	10.0	0.0	-0.004049351453010074	-2.499628367262974	0.03153482952898676	7.51849998120375	6.258999937410001
1464	23986176	10	6.0	4.898979485566356	10.0	0.0	10	9.0	3.0	10.0	0.0	-0.002887253421252034	-2.520181834435204	0.015514668267214558	7.483749981290625	2.4699999753000004
1468	24051712	10	7.0	4.58257569495584	10.0	0.0	10	6.0	4.898979485566356	10.0	0.0	-0.0034424152857103745	-2.5522680503451576	0.013660783727666114	7.5099999812250005	2.7199999728000006
1472	24117248	10	6.0	4.898979485566356	10.0	0.0	10	5.0	5.0	10.0	0.0	-0.0029982223152940357	-2.5517090382500824	0.02364494676169235	7.497999981254999	4.7979999520200005
1476	24182784	10	8.0	4.0	10.0	0.0	10	6.0	4.898979485566356	10.0	0.0	-0.002749858306153072	-2.55280665529998	0.014514951033262058	7.489499981276251	1.8109999818900002
1480	24248320	10	3.0	4.58257569495584	10.0	0.0	10	5.0	5.0	10.0	0.0	-0.004747527483647222	-2.517688450451693	0.0020184021593821194	7.545249981136876	2.7419999725800004
1484	24313856	10	4.0	4.898979485566356	10.0	0.0	10	6.0	4.898979485566356	10.0	0.0	-0.0030920102262636624	-2.5190557015298385	0.020013227012024043	7.544499981138751	2.39299997607
1488	24379392	10	7.0	4.58257569495584	10.0	0.0	10	4.0	4.898979485566356	10.0	0.0	-0.002426192018649201	-2.470342265805568	0.014311307526769169	7.491249981271875	4.040999959590001
1492	24444928	10	6.0	4.898979485566356	10.0	0.0	10	4.0	4.898979485566356	10.0	0.0	-0.00294821286630607	-2.440247550352535	0.02516257186390982	7.548249981129374	2.02199997978
1496	24510464	10	4.0	4.898979485566356	10.0	0.0	10	4.0	4.898979485566356	10.0	0.0	-0.004609023174275945	-2.4080262926692764	0.0017681190036432715	7.5339999811650005	3.7919999620800002
1500	24576000	10	4.0	4.898979485566356	10.0	0.0	10	3.0	4.58257569495584	10.0	0.0	-0.002594856059994955	-2.338289633149716	0.015636252853748804	7.529999981175	3.1569999684300005
1504	24641536	10	5.0	5.0	10.0	0.0	10	5.0	5.0	10.0	0.0	-0.0029129421039515726	-2.415030583487715	0.011840574221402859	7.530749981173124	3.1979999680200004
1508	24707072	10	8.0	4.0	10.0	0.0	10	4.0	4.898979485566356	10.0	0.0	-0.003130142006716442	-2.3409915514335324	0.025283436596301626	7.5102499812243755	2.1859999781400004
1512	24772608	10	4.0	4.898979485566356	10.0	0.0	10	5.0	5.0	10.0	0.0	-0.0023491530152850333	-2.2268757792974463	0.017425133461684637	7.546749981133125	2.2629999773700002
1516	24838144	10	2.0	4.0	10.0	0.0	10	5.0	5.0	10.0	0.0	-0.0020038776320723847	-2.3434444266103425	0.04434503366087882	7.46799998133	2.899999971
1520	24903680	10	6.0	4.898979485566356	10.0	0.0	10	6.0	4.898979485566356	10.0	0.0	-0.002780243295711963	-2.4414605992476086	0.008069309564000348	7.436749981408125	4.951999950480001
1524	24969216	10	5.0	5.0	10.0	0.0	10	4.0	4.898979485566356	10.0	0.0	-0.004599304534597859	-2.510712039705845	0.0007252067552298651	7.482749981293124	8.116999918830002
