iter	frame	n_test	mean_returns	std_returns	max_returns	min_returns	n_test_train	mean_returns_train	std_returns_train	max_returns_train	min_returns_train	actor_loss	entropy_loss	value_loss	training_time	evaluation_time
0	0	10	0.2	0.6000000000000001	2.0	0.0	10	0.8	1.32664991614216	4.0	0.0	0	0	0	0.0	10.179999898200002
4	65536	10	1.4	2.009975124224178	6.0	0.0	10	0.2	0.6000000000000001	2.0	0.0	0.001244471289456488	-2.6257342519607856	0.12978058974458923	8.055749979860627	8.92299991077
8	131072	10	0.8	0.9797958971132713	2.0	0.0	10	1.0	1.3416407864998738	4.0	0.0	-0.0032583859886412716	-2.610728968904659	0.06283911639014715	7.457999981355	5.291999947080001
12	196608	10	1.0	1.8439088914585775	6.0	0.0	10	1.6	1.7435595774162693	4.0	0.0	-0.004499111780040074	-2.5391175620096464	0.05769590737938895	7.408249981479375	10.916999890830002
16	262144	10	0.6	1.2806248474865698	4.0	0.0	10	1.4	2.009975124224178	6.0	0.0	-0.005567768595358129	-2.4768591371578794	0.07011830445114281	7.4209999814475	9.492999905070002
20	327680	10	0.4	0.8000000000000002	2.0	0.0	10	1.8	2.4413111231467406	8.0	0.0	-0.006171991766641234	-2.4036172650734207	0.05800325030943296	7.432249981419375	3.3089999669100005
24	393216	10	2.6	5.44426303552648	18.0	0.0	10	1.0	1.8439088914585775	6.0	0.0	-0.006187085253221125	-2.350459736837483	0.04799303753422455	7.4059999814849995	13.075999869240002
28	458752	10	1.0	1.0	2.0	0.0	10	1.8	2.2715633383201097	6.0	0.0	-0.006503015341200073	-2.3102723581172526	0.044105608942980754	7.40949998147625	9.564999904350001
32	524288	10	0.8	1.32664991614216	4.0	0.0	10	2.2	2.6	8.0	0.0	-0.0064247998057885385	-2.2623708295452327	0.04681133462870267	7.409999981475	8.536999914630002
36	589824	10	1.4	1.8	6.0	0.0	10	2.4	2.1540659228538015	6.0	0.0	-0.007049127410809262	-2.2372280779137306	0.049443383385554436	7.366249981584375	11.997999880020002
40	655360	10	0.8	0.9797958971132712	2.0	0.0	10	1.4	1.8	4.0	0.0	-0.007617876267547677	-2.2213986836543373	0.03730991525031653	7.388499981528751	9.387999906120001
44	720896	10	2.0	1.5491933384829668	4.0	0.0	10	0.8	0.9797958971132712	2.0	0.0	-0.007073445909424233	-2.125519806918624	0.04215127908340853	7.393999981515	2.1509999784900002
48	786432	10	0.8	1.32664991614216	4.0	0.0	10	0.8	1.32664991614216	4.0	0.0	-0.007096277245958765	-2.0803950302619283	0.04769056355860012	7.348499981628751	11.576999884230002
52	851968	10	1.4	1.2806248474865698	4.0	0.0	10	2.6	2.2	6.0	0.0	-0.007125132330824217	-2.181297935318226	0.039045928798739596	7.403749981490625	5.68499994315
56	917504	10	1.4	1.2806248474865698	4.0	0.0	10	2.6	2.3748684174075834	8.0	0.0	-0.0074761523663350125	-2.2251228091783113	0.04127421802023136	7.41199998147	8.08399991916
60	983040	10	1.6	1.9595917942265426	6.0	0.0	10	2.2	2.4413111231467406	8.0	0.0	-0.00914098996777562	-2.263126815123055	0.04365031174317417	7.352749981618126	3.885999961140001
64	1048576	10	1.2	1.8330302779823358	6.0	0.0	10	3.2	3.4871191548325386	10.0	0.0	-0.007931193491238707	-2.2284279984894715	0.0464604525041178	7.404749981488125	11.620999883790002
68	1114112	10	2.2	1.886796226411321	6.0	0.0	10	1.2	1.32664991614216	4.0	0.0	-0.009268126757529138	-2.2892001144686933	0.03731084238193946	7.4369999814075	9.760999902390001
72	1179648	10	1.4	1.2806248474865698	4.0	0.0	10	1.8	1.661324772583615	4.0	0.0	-0.009774829762027789	-2.2999088165748485	0.041006218075050845	7.389999981525	3.1959999680400006
76	1245184	10	1.0	1.3416407864998738	4.0	0.0	10	2.0	1.2649110640673518	4.0	0.0	-0.009625142804207773	-2.2718242801842905	0.04283273716321454	7.4349999814125	8.42099991579
80	1310720	10	1.2	1.6	4.0	0.0	10	2.4	4.715930449020638	16.0	0.0	-0.010106597145606853	-2.2189065091484097	0.039224289761029964	7.401999981495	16.563999834360004
84	1376256	10	1.2	1.8330302779823358	6.0	0.0	10	1.4	1.2806248474865698	4.0	0.0	-0.009044465717092057	-2.2214268890689475	0.031156707823445876	7.416499981458751	1.9699999803000003
88	1441792	10	1.0	1.3416407864998738	4.0	0.0	10	1.6	2.154065922853802	6.0	0.0	-0.00922399024809864	-2.2309580666483115	0.03452469039503964	7.3829999815425005	3.6749999632500003
92	1507328	10	2.0	2.0	6.0	0.0	10	2.2	2.08806130178211	6.0	0.0	-0.009475453362860892	-2.148218258991582	0.03925148901741622	7.38249998154375	7.486999925130001
96	1572864	10	1.4	2.009975124224178	6.0	0.0	10	1.6	1.4966629547095764	4.0	0.0	-0.009141730175196826	-2.136209338680905	0.03979807497984605	7.445249981386874	3.9889999601100006
100	1638400	10	1.2	1.8330302779823362	4.0	0.0	10	3.8	4.331281565541543	16.0	0.0	-0.009578081940680626	-2.1974006243244664	0.03143793553717781	7.373249981566874	16.34199983658
104	1703936	10	2.4	2.8	10.0	0.0	10	3.6	3.0724582991474434	8.0	0.0	-0.009690266397431953	-2.1597461474672297	0.03482127001068738	7.377999981555	15.269999847300001
108	1769472	10	1.6	1.7435595774162693	6.0	0.0	10	0.8	1.32664991614216	4.0	0.0	-0.009602876008011806	-2.191070963710794	0.032851492167753744	7.43149998142125	9.271999907280001
112	1835008	10	1.0	1.3416407864998738	4.0	0.0	10	2.6	3.2310988842807027	10.0	0.0	-0.008773797886832151	-2.28809721744068	0.03800204737336953	7.376749981558126	15.585999844140003
116	1900544	10	1.8	1.661324772583615	4.0	0.0	10	2.2	2.749545416973504	8.0	0.0	-0.009924595900456532	-2.2455867973611086	0.02899907810389049	7.405999981485	4.996999950030001
120	1966080	10	2.0	1.2649110640673518	4.0	0.0	10	2.4	2.33238075793812	6.0	0.0	-0.010633643693638171	-2.221553258366439	0.03328324904473871	7.395249981511875	8.989999910100002
124	2031616	10	2.0	2.3664319132398464	6.0	0.0	10	3.0	3.492849839314596	12.0	0.0	-0.009933100410788941	-2.207220921683864	0.03319418226255783	7.389249981526875	15.295999847040003
128	2097152	10	2.2	2.2715633383201093	6.0	0.0	10	2.6	2.2	6.0	0.0	-0.008919453038875053	-2.1703808355057426	0.04595164457478287	7.391749981520626	8.669999913300002
132	2162688	10	1.4	2.5377155080899043	8.0	0.0	10	3.6	2.8000000000000003	8.0	0.0	-0.009670652254098116	-2.205632147459907	0.02988619572404519	7.412249981469375	9.510999904890001
136	2228224	10	2.0	1.7888543819998317	6.0	0.0	10	2.4	1.7435595774162693	6.0	0.0	-0.010024311374022748	-2.2026115430087243	0.03033163213864043	7.369999981575	11.104999888950003
140	2293760	10	2.0	3.0983866769659336	10.0	0.0	10	3.2	3.9191835884530852	12.0	0.0	-0.009916236153789457	-2.191608803739342	0.03972789685526537	7.363249981591876	16.35399983646
144	2359296	10	1.4	1.562049935181331	4.0	0.0	10	2.8	2.5612496949731396	8.0	0.0	-0.010494217867257918	-2.2376583489431585	0.032300883163437745	7.394749981513125	9.56199990438
148	2424832	10	1.6	1.2000000000000002	4.0	0.0	10	2.0	2.3664319132398464	8.0	0.0	-0.009558294812667189	-2.21272514737445	0.030376111309294733	7.427249981431875	10.43099989569
152	2490368	10	2.6	2.009975124224178	6.0	0.0	10	2.6	2.973213749463701	8.0	0.0	-0.009515254956183399	-2.208644663064089	0.028705609668315694	7.3899999815249995	14.432999855670003
156	2555904	10	1.4	1.2806248474865698	4.0	0.0	10	2.0	2.0	6.0	0.0	-0.009051729606317121	-2.220772097276782	0.032825492920504754	7.39649998150875	7.192999928070001
160	2621440	10	1.2	1.8330302779823358	4.0	0.0	10	3.0	4.669047011971501	16.0	0.0	-0.009986392640884847	-2.2045508322803538	0.03167573490315781	7.40549998148625	16.531999834680004
164	2686976	10	1.2	1.32664991614216	4.0	0.0	10	1.6	1.4966629547095767	4.0	0.0	-0.009267279354637075	-2.2078902495587722	0.04022518281095433	7.37049998157375	8.971999910280001
168	2752512	10	1.4	1.8	4.0	0.0	10	1.6	1.7435595774162693	4.0	0.0	-0.010149559743547384	-2.248115345601507	0.02868326171002521	7.360499981598751	5.058999949410001
172	2818048	10	0.8	1.32664991614216	4.0	0.0	10	4.2	2.891366458960192	10.0	0.0	-0.00977349070691521	-2.256416812304057	0.03613351207471006	7.3272499816818755	8.927999910720002
176	2883584	10	0.8	1.32664991614216	4.0	0.0	10	2.2	2.2715633383201093	6.0	0.0	-0.011061906951666107	-2.204672450590951	0.03157990155800666	7.398749981503125	2.7549999724500003
180	2949120	10	1.2	2.0396078054371136	6.0	0.0	10	3.0	1.8439088914585775	6.0	0.0	-0.010353217087092664	-2.256241346163964	0.03421897060502259	7.332749981668126	2.0969999790300005
184	3014656	10	1.4	2.3748684174075834	6.0	0.0	10	2.2	1.4	4.0	0.0	-0.010224950080399968	-2.2534258760648083	0.03614495917390155	7.380249981549375	3.8319999616800007
188	3080192	10	1.6	2.154065922853802	6.0	0.0	10	3.2	3.370459909270543	10.0	0.0	-0.011018783316168377	-2.2510752601066804	0.03194121109997925	7.3809999815475	9.034999909650002
192	3145728	10	1.6	1.4966629547095767	4.0	0.0	10	3.6	2.65329983228432	8.0	0.0	-0.010993367462476788	-2.2375755878938963	0.028418447547736373	7.454249981364375	16.344999836550002
196	3211264	10	2.4	1.9595917942265424	6.0	0.0	10	2.8	2.5612496949731396	8.0	0.0	-0.009161975333230647	-2.1797854351713584	0.03771385614134536	7.38649998153375	8.843999911560001
200	3276800	10	1.6	2.3323807579381204	8.0	0.0	10	2.8	1.32664991614216	6.0	2.0	-0.010233585236614625	-2.1265938627491496	0.03540405572488915	7.394499981513751	9.722999902770002
204	3342336	10	0.6	1.2806248474865698	4.0	0.0	10	1.2	1.6	4.0	0.0	-0.01050240497364072	-2.169242779187896	0.0327420477566041	7.401749981495625	5.499999945000001
208	3407872	10	0.8	1.32664991614216	4.0	0.0	10	2.4	2.3323807579381204	6.0	0.0	-0.01087467472712387	-2.1174234422822513	0.031096165783102887	7.4077499814806265	9.565999904340002
212	3473408	10	2.4	3.4409301068170506	12.0	0.0	10	4.8	6.273754856543249	18.0	0.0	-0.01020910394814933	-2.1893255882168137	0.03839672205104064	7.398249981504376	10.018999899810002
216	3538944	10	2.6	1.8	6.0	0.0	10	2.6	3.104834939252005	10.0	0.0	-0.010166589518881296	-2.2013336666118835	0.0333485528986001	7.3517499816206255	15.993999840060003
220	3604480	10	3.8	4.6	16.0	0.0	10	2.0	2.5298221281347035	8.0	0.0	-0.010332283875701813	-2.1965917967455293	0.03267435086938748	7.317999981705	10.24499989755
224	3670016	10	1.2	1.3266499161421599	4.0	0.0	10	2.0	1.7888543819998317	6.0	0.0	-0.010186315171116199	-2.2356577389096954	0.034897397171640886	7.387749981530626	9.57799990422
228	3735552	10	1.4	1.2806248474865698	4.0	0.0	10	1.8	2.08806130178211	6.0	0.0	-0.010090240079848026	-2.2553044033681493	0.03365303288484238	7.399999981500001	16.267999837320005
232	3801088	10	2.0	3.0983866769659336	8.0	0.0	10	2.2	2.4413111231467406	6.0	0.0	-0.01076761014831702	-2.2277089752419865	0.03351360720155596	7.3489999816275	16.42599983574
236	3866624	10	0.4	0.8000000000000002	2.0	0.0	10	4.2	1.6613247725836149	6.0	2.0	-0.009672676706843198	-2.228153392440439	0.040140174344502136	7.4569999813575	9.549999904500002
240	3932160	10	0.8	0.9797958971132713	2.0	0.0	10	2.8	2.227105745132009	8.0	0.0	-0.010446661209065056	-2.2217393540015156	0.03193987131484559	7.776749980558125	4.296999957030001
244	3997696	10	1.0	1.61245154965971	4.0	0.0	10	5.4	3.4698703145794947	12.0	0.0	-0.010666250041545058	-2.2224669205814176	0.02967023243818566	8.19199997952	9.178999908210002
248	4063232	10	2.4	2.1540659228538015	6.0	0.0	10	2.4	1.7435595774162693	6.0	0.0	-0.010169837183792475	-2.2889715480406916	0.02579632765965666	8.73049997817375	13.091999869080002
252	4128768	10	1.4	1.562049935181331	4.0	0.0	10	4.2	5.473572873361603	18.0	0.0	-0.01014559064682362	-2.2752505190783965	0.03469336226531579	7.792499980518751	9.475999905240002
256	4194304	10	1.0	1.8439088914585775	6.0	0.0	10	3.2	2.227105745132009	6.0	0.0	-0.009580143622075498	-2.253666360938237	0.027684301697714467	7.397749981505625	6.001999939980001
260	4259840	10	1.2	1.6	4.0	0.0	10	3.4	2.973213749463701	10.0	0.0	-0.01020808556146601	-2.2573021672798244	0.03295019390882419	7.340499981648751	16.221999837780004
264	4325376	10	0.8	0.9797958971132713	2.0	0.0	10	3.2	1.6	6.0	0.0	-0.010355421534902508	-2.3106252200978132	0.02727700808422247	7.3349999816625	9.754999902450002
268	4390912	10	2.4	2.154065922853802	6.0	0.0	10	2.8	2.227105745132009	6.0	0.0	-0.009897987687084447	-2.2642433318123985	0.02898691652506391	7.3737499815656244	6.938999930610001
272	4456448	10	1.6	2.154065922853802	6.0	0.0	10	2.2	2.08806130178211	6.0	0.0	-0.011322813821640468	-2.2499702843666807	0.032882398184999356	7.3389999816525	7.835999921640002
276	4521984	10	2.0	2.0	6.0	0.0	10	4.0	2.0	8.0	2.0	-0.009946042530095098	-2.2700226105868526	0.030898229914292776	7.33349998166625	15.928999840710002
280	4587520	10	2.6	2.2	6.0	0.0	10	2.4	1.4966629547095767	4.0	0.0	-0.009767852812317806	-2.26976125167012	0.03825886514182589	7.34349998164125	9.894999901050001
284	4653056	10	2.0	1.7888543819998317	4.0	0.0	10	3.2	2.7129319932501073	8.0	0.0	-0.010098611934921228	-2.2778777875116933	0.03208482558116755	7.372999981567499	10.842999891570003
288	4718592	10	1.2	1.8330302779823358	6.0	0.0	10	2.2	2.08806130178211	6.0	0.0	-0.010976449636239376	-2.2893527371286786	0.031621674848530915	7.341249981646874	9.627999903720001
292	4784128	10	0.6	0.9165151389911681	2.0	0.0	10	1.2	1.6	4.0	0.0	-0.010818399252543054	-2.3058090902946575	0.032272846143590606	7.3729999815675	16.119999838800002
296	4849664	10	3.4	2.973213749463701	8.0	0.0	10	3.6	5.043808085167397	18.0	0.0	-0.010750281054638808	-2.3313197068925136	0.025083312141269267	7.349249981626874	16.269999837300002
300	4915200	10	1.2	1.8330302779823358	6.0	0.0	10	2.8	2.4	6.0	0.0	-0.011424166573631944	-2.302602715550417	0.028636977558611276	7.40649998148375	2.1929999780700005
304	4980736	10	2.0	2.0	6.0	0.0	10	2.2	1.8867962264113207	6.0	0.0	-0.010868712572199467	-2.2672766593717126	0.029905217153319924	7.40549998148625	16.34299983657
308	5046272	10	2.2	2.08806130178211	6.0	0.0	10	3.8	2.4413111231467406	6.0	0.0	-0.01039788023761118	-2.2465719454133803	0.02631809525305688	7.402249981494375	11.745999882540003
312	5111808	10	3.0	2.8635642126552705	8.0	0.0	10	2.4	2.33238075793812	8.0	0.0	-0.011209926571654644	-2.1918793616395837	0.04140504577231493	7.382749981543125	5.969999940300001
316	5177344	10	0.6	1.2806248474865698	4.0	0.0	10	3.4	2.1999999999999997	8.0	0.0	-0.010853212670029843	-2.2759721748643584	0.03263890442176045	7.400749981498125	8.897999911020001
320	5242880	10	1.2	1.6	4.0	0.0	10	4.6	5.141984052872976	18.0	0.0	-0.011222919588709626	-2.312482391553639	0.02920175502548662	7.373749981565625	7.620999923790001
324	5308416	10	1.8	2.749545416973504	8.0	0.0	10	2.2	1.661324772583615	6.0	0.0	-0.010559452192068358	-2.318154578166131	0.03283906624853643	7.382749981543125	10.661999893380003
328	5373952	10	1.4	2.973213749463701	10.0	0.0	10	2.6	1.5620499351813308	6.0	0.0	-0.010184808247534882	-2.3186144503522668	0.03123896444511846	7.391749981520626	16.12799983872
332	5439488	10	1.0	1.61245154965971	4.0	0.0	10	3.0	2.8635642126552705	8.0	0.0	-0.011278528056853466	-2.3167272679578	0.03270139430386549	7.361249981596875	9.126999908730003
336	5505024	10	1.6	2.4979991993593593	8.0	0.0	10	2.8	2.5612496949731396	8.0	0.0	-0.010525064502988126	-2.3050185389899225	0.030536302090546027	7.375749981560626	11.876999881230002
340	5570560	10	0.8	1.32664991614216	4.0	0.0	10	2.2	2.2715633383201097	6.0	0.0	-0.011521926686946576	-2.272848345102543	0.03190700917094753	7.364499981588751	5.242999947570001
344	5636096	10	1.8	2.4413111231467406	6.0	0.0	10	3.2	2.227105745132009	6.0	0.0	-0.011460421751223665	-2.309166478373474	0.023159808205201245	7.3667499815831246	15.955999840440002
348	5701632	10	1.0	1.3416407864998738	4.0	0.0	10	4.0	4.381780460041329	16.0	0.0	-0.010569705929922528	-2.2903670020499205	0.02886707812712646	7.377749981555626	16.13899983861
352	5767168	10	1.8	2.4413111231467406	6.0	0.0	10	2.4	2.33238075793812	8.0	0.0	-0.009631667755666234	-2.2629347913093505	0.03274594427443801	7.3517499816206255	16.02299983977
356	5832704	10	1.6	2.4979991993593593	8.0	0.0	10	4.0	1.2649110640673518	6.0	2.0	-0.009355815202914942	-2.2695052025338263	0.032039695901097495	7.35449998161375	16.169999838300004
360	5898240	10	0.6	0.9165151389911679	2.0	0.0	10	3.6	3.2	10.0	0.0	-0.01083550934959838	-2.2603231666117787	0.021459495840531893	7.376999981557499	8.859999911400001
364	5963776	10	1.8	1.4000000000000001	4.0	0.0	10	1.8	2.4413111231467406	8.0	0.0	-0.01081123548049475	-2.254359903200083	0.02547671882325517	7.338749981653124	9.303999906960001
368	6029312	10	2.2	2.08806130178211	6.0	0.0	10	2.2	2.4413111231467406	8.0	0.0	-0.009402862101454109	-2.2590342186521717	0.028077194600080093	7.379249981551874	16.45799983542
372	6094848	10	2.0	3.0983866769659336	8.0	0.0	10	2.2	2.08806130178211	6.0	0.0	-0.010455357673711224	-2.2627692592767192	0.03143994857152008	7.37549998156125	10.792999892070002
376	6160384	10	1.6	1.9595917942265426	6.0	0.0	10	2.6	1.8	6.0	0.0	-0.010633022801007887	-2.2794650244325205	0.02739979537927426	7.364499981588751	8.963999910360002
380	6225920	10	1.6	1.9595917942265428	6.0	0.0	10	2.6	2.009975124224178	6.0	0.0	-0.010691407003325505	-2.3124550032193674	0.02418076256426246	7.386999981532501	2.4069999759300003
384	6291456	10	2.2	1.8867962264113207	6.0	0.0	10	4.6	4.294182110716778	16.0	0.0	-0.011071188039506514	-2.2697702619055877	0.02793600415752773	7.386249981534376	14.187999858120003
388	6356992	10	1.0	1.3416407864998738	4.0	0.0	10	4.0	3.0983866769659336	10.0	0.0	-0.010833888851956696	-2.235262979830916	0.03007248375484389	7.349749981625625	9.281999907180001
392	6422528	10	2.0	3.0983866769659336	10.0	0.0	10	3.2	2.039607805437114	6.0	0.0	-0.010382397894752598	-2.247151064141958	0.03110192166705427	7.384499981538751	16.375999836240005
396	6488064	10	0.8	0.9797958971132713	2.0	0.0	10	4.6	4.476605857119878	16.0	0.0	-0.011058159213826137	-2.25541464215865	0.031010696214963537	7.41349998146625	9.264999907350003
400	6553600	10	1.6	1.4966629547095764	4.0	0.0	10	2.6	2.3748684174075834	6.0	0.0	-0.010287104639084457	-2.267679316065924	0.030231609529926116	7.361499981596251	10.883999891160002
404	6619136	10	2.2	2.749545416973504	10.0	0.0	10	2.4	1.9595917942265426	6.0	0.0	-0.010184862438867187	-2.300751931725689	0.02756713745673187	7.39549998151125	12.21299987787
408	6684672	10	2.0	2.3664319132398464	6.0	0.0	10	3.4	2.009975124224178	6.0	0.0	-0.010173916417899293	-2.2828818805621287	0.029894744760812875	7.352749981618125	8.908999910910001
412	6750208	10	1.8	1.4000000000000001	4.0	0.0	10	3.4	3.4698703145794947	10.0	0.0	-0.010434637467192164	-2.3019699551250743	0.03116352580318328	7.3509999816225005	8.94499991055
416	6815744	10	1.8	2.08806130178211	6.0	0.0	10	4.0	3.0983866769659336	10.0	0.0	-0.010124709521588003	-2.2955515282941796	0.030609644771624697	7.334249981664375	12.197999878020003
420	6881280	10	3.8	5.095095681142799	18.0	0.0	10	2.6	2.0099751242241783	6.0	0.0	-0.009987302657030154	-2.288520340879789	0.029643453169475403	7.3789999815525	16.376999836230002
424	6946816	10	2.0	2.6832815729997477	8.0	0.0	10	3.6	3.32264954516723	8.0	0.0	-0.010720209816498804	-2.2796236497769393	0.03052648806548895	7.420749981448125	11.281999887180001
428	7012352	10	0.4	1.2000000000000002	4.0	0.0	10	2.8	2.227105745132009	6.0	0.0	-0.010083309219691545	-2.2932655784085725	0.03199042688023478	7.39049998152375	9.300999906990002
432	7077888	10	2.6	3.3526109228480423	8.0	0.0	10	5.0	5.310367218940701	20.0	0.0	-0.009515259840776277	-2.298857455212819	0.04009487108918726	7.374499981563751	16.1399998386
436	7143424	10	0.2	0.6000000000000001	2.0	0.0	10	3.4	2.1999999999999997	8.0	0.0	-0.009939091679245076	-2.294353179394622	0.03221368116068681	7.385499981536251	9.867999901320001
440	7208960	10	1.4	1.2806248474865698	4.0	0.0	10	3.6	4.543126676640219	16.0	0.0	-0.009797551447455767	-2.2895233156879007	0.03253852309863452	7.426999981432501	4.302999956970001
444	7274496	10	1.8	2.08806130178211	6.0	0.0	10	3.0	2.8635642126552705	8.0	0.0	-0.010294535847443458	-2.2338042852935875	0.04233923548158671	7.3517499816206255	9.742999902570002
448	7340032	10	1.8	2.2715633383201097	6.0	0.0	10	4.8	4.995998398718719	16.0	0.0	-0.009102368597836311	-2.2847257030610533	0.043303309877083265	7.370999981572501	14.882999851170002
452	7405568	10	1.2	1.8330302779823358	6.0	0.0	10	2.0	1.5491933384829668	4.0	0.0	-0.009820956129450236	-2.271699405969972	0.039708994227826554	7.345249981636875	13.917999860820002
456	7471104	10	1.8	1.886796226411321	4.0	0.0	10	1.8	2.08806130178211	6.0	0.0	-0.009686210308146304	-2.264122242493023	0.03955944823077136	7.321749981695625	9.011999909880002
460	7536640	10	1.0	2.4083189157584592	8.0	0.0	10	1.8	1.886796226411321	6.0	0.0	-0.010424044707305657	-2.260129334790516	0.04749741932503336	7.372749981568125	16.131999838680002
464	7602176	10	1.8	2.08806130178211	6.0	0.0	10	2.8	5.3065996645686395	18.0	0.0	-0.01048306183547479	-2.2515216020384536	0.04283769273063356	7.41949998145125	9.543999904560001
468	7667712	10	1.4	1.5620499351813308	4.0	0.0	10	5.2	5.6000000000000005	16.0	0.0	-0.009783164611580568	-2.2716042993086623	0.04079182767660435	7.354749981613125	8.091999919080003
472	7733248	10	1.2	1.5999999999999999	4.0	0.0	10	6.4	6.858571279792899	22.0	0.0	-0.008401835067195603	-2.2624895148106026	0.049781458272535384	7.4069999814825005	16.495999835040003
476	7798784	10	1.8	2.4413111231467406	6.0	0.0	10	2.8	2.4	8.0	0.0	-0.010257221997403771	-2.2394866618168083	0.04048037639164584	7.4109999814725	9.345999906540001
480	7864320	10	2.4	2.33238075793812	6.0	0.0	10	5.2	5.74108003776293	16.0	0.0	-0.010710714927069246	-2.2759189330154186	0.036538123265759344	7.3584999816037495	16.269999837300002
484	7929856	10	0.4	1.2000000000000002	4.0	0.0	10	3.0	2.4083189157584592	8.0	0.0	-0.00981284242050252	-2.2427371266134895	0.034116363149307806	7.392999981517501	8.668999913310001
488	7995392	10	0.8	0.9797958971132713	2.0	0.0	10	4.4	5.642694391866353	18.0	0.0	-0.010122304553236972	-2.184171716144654	0.0483405901029953	7.401749981495625	4.436999955630001
492	8060928	10	1.6	1.2000000000000002	4.0	0.0	10	2.8	3.124099870362662	10.0	0.0	-0.0097397755491491	-2.2378316146784485	0.032045250580567675	7.4462499813843745	16.14099983859
496	8126464	10	2.4	1.7435595774162695	6.0	0.0	10	1.6	1.7435595774162695	4.0	0.0	-0.010345571416245028	-2.213298032450595	0.054496591827432925	7.403749981490625	3.5659999643400004
500	8192000	10	3.2	5.075431016179809	16.0	0.0	10	5.0	5.531726674375733	20.0	0.0	-0.010161188194769735	-2.227150221433705	0.04883675191353171	7.4629999813425005	12.355999876440002
504	8257536	10	1.0	2.04939015319192	6.0	0.0	10	3.6	2.939387691339814	8.0	0.0	-0.009716566782014649	-2.229049769308435	0.0481966583318474	7.3424999816437495	10.601999893980002
508	8323072	10	3.2	5.075431016179809	16.0	0.0	10	3.2	2.5612496949731396	8.0	0.0	-0.009658180347190704	-2.239379127587064	0.0513192187592015	7.3979999815049995	16.226999837730002
512	8388608	10	0.4	0.8000000000000002	2.0	0.0	10	3.0	1.8439088914585775	6.0	0.0	-0.009287639333345333	-2.2708457780499103	0.04229133697950262	7.408249981479376	16.255999837440005
516	8454144	10	1.8	2.4413111231467406	6.0	0.0	10	5.4	4.983974317750845	18.0	0.0	-0.010252948015015473	-2.236866429215121	0.04508094473582796	7.37349998156625	9.772999902270001
520	8519680	10	1.8	2.6	8.0	0.0	10	5.6	5.71314274283428	16.0	0.0	-0.00974365146147105	-2.1944553824960136	0.04493440054665087	7.337249981656874	9.478999905210001
524	8585216	10	2.8	5.2306787322488075	18.0	0.0	10	2.8	2.5612496949731396	6.0	0.0	-0.010198139785793786	-2.25701304004921	0.04515602198579912	7.398749981503125	10.178999898210002
528	8650752	10	3.2	4.664761515876241	16.0	0.0	10	2.2	3.1559467676119	8.0	0.0	-0.010500579952468501	-2.2818576095111465	0.0446408917149594	7.370999981572501	10.463999895360002
532	8716288	10	1.8	2.4413111231467406	8.0	0.0	10	4.6	6.32771680782255	18.0	0.0	-0.009585682650960851	-2.25439956760765	0.04966363655662029	7.39849998150375	11.365999886340001
536	8781824	10	2.0	2.5298221281347035	6.0	0.0	10	2.8	2.85657137141714	8.0	0.0	-0.009584128528242496	-2.2584685656062584	0.043825018758356184	7.426999981432501	16.215999837840005
540	8847360	10	2.2	4.686149805543993	16.0	0.0	10	6.2	6.4156059729381765	22.0	0.0	-0.009459950869237697	-2.2424222476928084	0.05170773648273502	7.3584999816037495	12.997999870020001
544	8912896	10	0.8	1.32664991614216	4.0	0.0	10	1.8	1.4000000000000001	4.0	0.0	-0.009537641401864338	-2.2831185432877117	0.04229095992967781	7.337999981655	11.212999887870001
548	8978432	10	3.8	4.512205669071391	16.0	0.0	10	3.0	2.23606797749979	6.0	0.0	-0.009978185799679679	-2.2358860321497422	0.05213535225329494	7.33349998166625	15.174999848250003
552	9043968	10	2.2	1.8867962264113207	6.0	0.0	10	3.4	3.352610922848042	10.0	0.0	-0.009260631534082395	-2.27493053402648	0.038609044758151266	7.362249981594376	6.403999935960001
556	9109504	10	0.8	1.8330302779823362	6.0	0.0	10	6.0	6.260990336999411	18.0	0.0	-0.009435550313585422	-2.2874932708940294	0.04696608318768466	7.3269999816825	9.7599999024
560	9175040	10	3.2	2.993325909419153	10.0	0.0	10	4.2	6.539113089708726	18.0	0.0	-0.010189531525156448	-2.3146014583679997	0.04162444984882857	7.3987499815031255	9.71199990288
564	9240576	10	2.0	1.5491933384829668	4.0	0.0	10	3.4	4.565084884205331	16.0	0.0	-0.010275246889695897	-2.336718432361858	0.04054755589036721	7.364749981588124	11.674999883250003
568	9306112	10	2.4	2.8000000000000003	8.0	0.0	10	3.2	2.7129319932501077	8.0	0.0	-0.009835082994147247	-2.2948067657742617	0.043242410480507414	7.3512499816218755	15.940999840590003
572	9371648	10	2.0	2.0	6.0	0.0	10	2.0	2.1908902300206643	6.0	0.0	-0.01036174868702793	-2.331508832430366	0.049453325777906364	7.344499981638751	9.597999904020002
576	9437184	10	1.0	1.8439088914585775	6.0	0.0	10	2.6	2.5377155080899043	8.0	0.0	-0.009712273273381436	-2.301988082387665	0.04952784419552771	7.392499981518751	16.276999837230004
580	9502720	10	1.4	1.8	4.0	0.0	10	7.0	5.458937625582473	16.0	2.0	-0.009173867267493394	-2.3033381747786974	0.05594749010826992	7.3889999815275	9.344999906550003
584	9568256	10	2.8	2.85657137141714	10.0	0.0	10	4.0	5.513619500836088	20.0	0.0	-0.010472488336260745	-2.29531894351971	0.05274822589547082	7.39349998151625	16.366999836330002
588	9633792	10	2.4	3.555277766926235	12.0	0.0	10	4.4	6.053098380168622	16.0	0.0	-0.011300920842318807	-2.2890245763063213	0.04012763296068814	7.36649998158375	16.1299998387
592	9699328	10	1.2	2.4	8.0	0.0	10	2.6	2.537715508089904	8.0	0.0	-0.010178461577653163	-2.3153690022798536	0.038946258152348236	7.432249981419375	13.756999862430002
596	9764864	10	2.4	1.9595917942265424	6.0	0.0	10	5.0	4.024922359499621	16.0	0.0	-0.010612536768759296	-2.2890866123238918	0.04220249289983237	7.370749981573124	12.216999877830002
600	9830400	10	1.4	2.009975124224178	6.0	0.0	10	1.6	2.939387691339814	10.0	0.0	-0.01027733480940658	-2.2949455378049186	0.045790996494744926	7.434249981414376	10.229999897700003
604	9895936	10	1.2	1.32664991614216	4.0	0.0	10	2.2	2.891366458960192	10.0	0.0	-0.010094100605944942	-2.298694570619826	0.048260990175979304	7.358249981604375	4.154999958450001
608	9961472	10	2.6	2.6907248094147422	6.0	0.0	10	1.4	2.3748684174075834	8.0	0.0	-0.009651213298846373	-2.3146086382441675	0.04138899731872359	7.379249981551875	14.000999859990001
612	10027008	10	1.4	2.3748684174075834	8.0	0.0	10	3.0	2.23606797749979	8.0	0.0	-0.010159831245652066	-2.2918916441596324	0.04437633112464403	7.4389999814025005	11.116999888830003
616	10092544	10	1.2	1.8330302779823362	6.0	0.0	10	3.8	5.249761899362675	18.0	0.0	-0.010491280730516403	-2.272903360189665	0.04013962362241974	7.3739999815649995	6.501999934980001
620	10158080	10	4.2	5.8275209137333865	20.0	0.0	10	4.6	6.069596362197406	22.0	0.0	-0.009562899665589979	-2.280773997069243	0.041566719859389124	7.353749981615625	13.772999862270002
624	10223616	10	1.8	1.8867962264113207	6.0	0.0	10	6.2	6.095900261651268	20.0	2.0	-0.008514129882034031	-2.257659941676524	0.04779836899723905	7.444249981389375	10.143999898560002
628	10289152	10	3.2	4.915282290977803	16.0	0.0	10	3.2	2.039607805437114	6.0	0.0	-0.010105236563361014	-2.27500756806279	0.04187049215689009	7.33249998166875	16.19099983809
632	10354688	10	3.6	5.2	18.0	0.0	10	5.2	4.214261501141095	16.0	0.0	-0.008722551796685655	-2.2280240180754407	0.04238283323303445	7.36349998159125	10.890999891090003
636	10420224	10	2.8	4.66476151587624	16.0	0.0	10	4.0	4.560701700396552	16.0	0.0	-0.009498784400037718	-2.1963730601168607	0.06996457526352373	7.3739999815649995	11.887999881120002
640	10485760	10	4.8	5.741080037762929	20.0	0.0	10	3.0	3.1304951684997055	8.0	0.0	-0.010261976304559238	-2.2696148850143087	0.04527293335330018	7.360499981598751	16.90599983094
644	10551296	10	2.4	1.4966629547095764	4.0	0.0	10	2.4	1.4966629547095767	4.0	0.0	-0.00901075372436751	-2.2333302793560605	0.04939909026598695	7.34849998162875	14.054999859450001
648	10616832	10	2.0	1.7888543819998317	6.0	0.0	10	6.0	6.260990336999411	18.0	0.0	-0.009471196275246173	-2.275201248388914	0.03645741946925934	7.374749981563125	16.055999839440002
652	10682368	10	1.8	2.08806130178211	6.0	0.0	10	2.6	2.3748684174075834	6.0	0.0	-0.009619515583440187	-2.2782055112333226	0.040474050227837996	7.426249981434375	16.24599983754
656	10747904	10	2.4	1.9595917942265424	6.0	0.0	10	4.4	2.154065922853802	8.0	2.0	-0.009163878684937211	-2.2630232371516077	0.04509788665761167	7.3512499816218755	16.093999839060004
660	10813440	10	3.2	5.30659966456864	18.0	0.0	10	4.0	2.6832815729997477	8.0	0.0	-0.009275909631109492	-2.2579745474092503	0.04898956533942428	7.39349998151625	11.191999888080002
664	10878976	10	2.4	2.939387691339814	10.0	0.0	10	7.0	5.2345009313209605	18.0	2.0	-0.010499473754678064	-2.2822312362598285	0.03591600386051728	7.336249981659376	9.457999905420001
668	10944512	10	3.2	4.578209256903839	16.0	0.0	10	4.6	2.3748684174075834	8.0	0.0	-0.00914709088491299	-2.337385964646843	0.035440641180024816	7.369499981576251	15.380999846190003
672	11010048	10	1.0	1.3416407864998738	4.0	0.0	10	2.6	2.3748684174075834	8.0	0.0	-0.009011589472388138	-2.2717173767703702	0.056995591569653226	7.4129999814675	6.030999939690001
676	11075584	10	3.8	5.095095681142799	18.0	0.0	10	3.0	2.23606797749979	6.0	0.0	-0.009490498041104453	-2.3020878158595246	0.05072088480864369	7.3587499816031245	9.0399999096
680	11141120	10	0.8	0.9797958971132712	2.0	0.0	10	3.6	3.4409301068170506	10.0	0.0	-0.008981933624731582	-2.2674364047867477	0.053815040188513276	7.345999981635	12.547999874520002
684	11206656	10	1.8	1.886796226411321	4.0	0.0	10	2.8	0.9797958971132713	4.0	2.0	-0.009655348157649147	-2.282598207156511	0.045458025061446805	7.389749981525625	12.104999878950002
688	11272192	10	1.2	1.5999999999999999	4.0	0.0	10	3.6	2.154065922853802	8.0	0.0	-0.009159637450421473	-2.2728295199689033	0.042081189686705635	7.356749981608125	16.208999837910003
692	11337728	10	2.8	2.993325909419153	10.0	0.0	10	5.6	4.17612260356422	16.0	2.0	-0.009281267845172194	-2.266882026952803	0.04756826526610762	7.344749981638125	15.024999849750003
696	11403264	10	1.4	2.537715508089904	8.0	0.0	10	7.2	5.946427498927402	20.0	0.0	-0.009369194829190373	-2.3100360704042266	0.047721030010993114	7.41549998146125	9.275999907240001
700	11468800	10	2.8	5.2306787322488075	18.0	0.0	10	5.4	4.476605857119878	16.0	0.0	-0.008993231508584342	-2.2728191512442404	0.04198036189141799	7.344749981638126	8.77399991226
704	11534336	10	2.0	2.1908902300206643	6.0	0.0	10	2.0	1.5491933384829668	4.0	0.0	-0.009687851245165583	-2.2896133385697173	0.05110170194967746	7.35949998160125	3.2329999676700005
708	11599872	10	2.6	4.737087712930804	16.0	0.0	10	4.2	3.280243893371345	10.0	0.0	-0.009478520535516873	-2.223503619200834	0.06814558888696573	7.3999999815	16.262999837370003
712	11665408	10	3.4	4.651881339845202	16.0	0.0	10	5.0	5.2345009313209605	18.0	0.0	-0.009393711233852428	-2.2577898922197552	0.059051748320207466	7.327499981681249	14.604999853950003
716	11730944	10	3.6	4.882622246293481	16.0	0.0	10	5.4	7.158212067269312	20.0	0.0	-0.008808381980686881	-2.2979240241239913	0.04108538773103742	7.362749981593125	15.994999840050001
720	11796480	10	2.0	2.1908902300206643	6.0	0.0	10	5.2	5.1536394906900505	18.0	0.0	-0.009274327762739438	-2.2393604042780257	0.056071083288386975	7.37649998155875	9.6899999031
724	11862016	10	3.0	5.2345009313209605	18.0	0.0	10	5.2	4.833218389437829	18.0	0.0	-0.009740219882179275	-2.2106468774559067	0.0498254855189104	7.35449998161375	14.739999852600002
728	11927552	10	2.0	2.9664793948382653	10.0	0.0	10	6.0	5.796550698475776	18.0	0.0	-0.0092001017682799	-2.2470163973812096	0.04915384724612245	8.8289999779275	10.662999893370001
732	11993088	10	2.2	2.891366458960192	10.0	0.0	10	4.2	5.546169849544819	20.0	0.0	-0.009027344531477327	-2.1600783787901197	0.05424871349452595	7.378749981553125	10.386999896130002
736	12058624	10	4.4	5.043808085167396	18.0	0.0	10	7.6	8.754427451295717	22.0	0.0	-0.008306595736074654	-2.2377173649920605	0.05396358935997288	7.31049998172375	15.990999840090002
740	12124160	10	4.6	3.5832945734337835	10.0	0.0	10	4.2	3.515679166249389	10.0	0.0	-0.008242709539495937	-2.285009003937641	0.05095938006661238	7.381749981545625	16.19099983809
744	12189696	10	2.4	2.4979991993593593	8.0	0.0	10	2.0	1.7888543819998317	6.0	0.0	-0.009035240215142498	-2.2138642889935367	0.056161605941179915	7.3524999816187515	15.833999841660003
748	12255232	10	1.2	1.8330302779823362	6.0	0.0	10	5.8	4.142463035441596	16.0	0.0	-0.00869311221716788	-2.248305571341761	0.052031020822481955	7.344249981639375	9.16799990832
752	12320768	10	5.0	5.744562646538029	20.0	0.0	10	1.8	2.2715633383201097	6.0	0.0	-0.008643057378331003	-2.2534044109421107	0.05356459540222669	7.370749981573124	11.177999888220002
756	12386304	10	4.8	6.764613810115105	18.0	0.0	10	9.0	5.882176467941097	18.0	2.0	-0.009169989899979922	-2.2867454983395508	0.05122855487522065	7.347749981630626	11.915999880840003
760	12451840	10	1.2	2.0396078054371136	6.0	0.0	10	11.6	7.310266752998826	20.0	2.0	-0.008518560501237832	-2.307964081325126	0.05741156082157538	7.363749981590626	9.188999908110002
764	12517376	10	0.6	1.2806248474865698	4.0	0.0	10	4.8	4.995998398718719	18.0	0.0	-0.008035865512052895	-2.252933385236822	0.07434717068295094	7.38649998153375	8.501999914980003
768	12582912	10	1.4	1.562049935181331	4.0	0.0	10	6.6	6.755738301621814	20.0	0.0	-0.008991108539373174	-2.2361160837268095	0.055660035921050725	7.33949998165125	16.218999837810003
772	12648448	10	1.2	0.9797958971132712	2.0	0.0	10	5.0	5.2345009313209605	18.0	0.0	-0.0072181107987853085	-2.242224884296343	0.06405723734557192	7.395749981510625	11.240999887590002
776	12713984	10	4.4	4.8	16.0	0.0	10	7.0	5.813776741499453	18.0	0.0	-0.009622309166750649	-2.2371654359156055	0.05816347042734535	7.4009999814975	13.883999861160003
780	12779520	10	1.8	1.8867962264113207	6.0	0.0	10	8.4	5.9194594347794975	18.0	0.0	-0.008654096798341462	-2.3038412280464415	0.042312002251329035	7.389249981526875	11.325999886740002
784	12845056	10	2.6	2.3748684174075834	8.0	0.0	10	7.8	7.922120928135343	22.0	0.0	-0.008539150031558156	-2.2815101690697333	0.06021631939175065	7.350999981622501	16.39499983605
788	12910592	10	4.8	6.9397406291589885	20.0	0.0	10	2.0	2.0	6.0	0.0	-0.009137342510821458	-2.2410104471097516	0.05704742620958576	7.38949998152625	14.034999859650002
792	12976128	10	1.8	2.6	8.0	0.0	10	3.8	2.749545416973504	8.0	0.0	-0.00886406008944636	-2.258594323956141	0.049074047822049965	7.3517499816206255	4.136999958630001
796	13041664	10	2.0	5.366563145999495	18.0	0.0	10	4.6	4.2	16.0	0.0	-0.008189810363906267	-2.2282983136836148	0.06090979211484456	7.396749981508126	14.591999854080003
800	13107200	10	1.4	2.009975124224178	6.0	0.0	10	6.6	6.814690014960329	18.0	0.0	-0.009043836079973383	-2.255029355251335	0.05333663670100992	7.3502499816243745	14.587999854120001
804	13172736	10	1.0	1.0	2.0	0.0	10	4.2	4.686149805543993	16.0	0.0	-0.008388148770220703	-2.299460080523177	0.04993873896177961	7.34949998162625	15.845999841540003
808	13238272	10	4.0	3.22490309931942	8.0	0.0	10	6.0	6.324555320336759	18.0	0.0	-0.008464456697490469	-2.2802690488705	0.050631625339702654	7.402749981493124	11.666999883330002
812	13303808	10	3.8	5.617828762075256	20.0	0.0	10	5.2	4.833218389437829	18.0	0.0	-0.009074303325445754	-2.3052729862513885	0.05005686126205564	7.394749981513125	16.15099983849
816	13369344	10	4.6	5.589275444992849	20.0	0.0	10	8.4	5.986651818838307	18.0	0.0	-0.009029039932677322	-2.2652219034855308	0.06399941218660689	7.363249981591875	14.137999858620002
820	13434880	10	6.0	6.387487769068525	18.0	0.0	10	5.6	5.642694391866354	16.0	0.0	-0.00901610258639936	-2.302257949867438	0.0468969102512002	7.313249981716875	11.469999885300002
824	13500416	10	1.2	1.32664991614216	4.0	0.0	10	7.8	6.289674077406556	20.0	2.0	-0.008522859100616056	-2.3170410739948752	0.05405408919536274	7.3267499816831245	16.311999836880005
828	13565952	10	2.8	3.370459909270543	12.0	0.0	10	5.0	6.767569726275452	20.0	0.0	-0.009751925525248608	-2.268883642814646	0.05969610472053578	7.378749981553125	15.960999840390002
832	13631488	10	1.2	1.32664991614216	4.0	0.0	10	5.4	6.135144660071187	18.0	0.0	-0.009528031125448309	-2.2998750356424256	0.06332026266143757	7.3869999815325	10.472999895270002
836	13697024	10	1.6	1.9595917942265426	6.0	0.0	10	6.4	6.1838499334961226	20.0	0.0	-0.008666892074271066	-2.311152100322304	0.052288304620874096	7.37849998155375	16.17099983829
840	13762560	10	4.2	6.352952069707436	22.0	0.0	10	10.0	6.572670690061994	18.0	2.0	-0.009016312497776506	-2.2794488169361973	0.046219635730606584	7.417999981455	16.131999838680002
844	13828096	10	1.6	2.3323807579381204	6.0	0.0	10	3.0	2.04939015319192	6.0	0.0	-0.008766806979410147	-2.2612361259886544	0.058592739314877594	7.39049998152375	12.512999874870001
848	13893632	10	1.4	2.537715508089904	8.0	0.0	10	5.8	5.89576118919347	18.0	0.0	-0.008964886279172692	-2.257942065361378	0.052121413905021716	7.370249981574376	16.619999833800005
852	13959168	10	2.6	2.2	6.0	0.0	10	5.8	6.095900261651268	18.0	0.0	-0.00892392546330598	-2.275891405603643	0.04820872877687955	7.34749998163125	16.55099983449
856	14024704	10	3.6	4.454211490264018	16.0	0.0	10	4.8	4.749736834815167	18.0	0.0	-0.010659470226630652	-2.2638769346104217	0.050365786528556306	7.401999981495	8.284999917150001
860	14090240	10	2.0	2.0	6.0	0.0	10	3.6	3.0724582991474434	8.0	0.0	-0.009294544748265379	-2.239441968267339	0.0586339040249045	7.395249981511876	10.402999895970002
864	14155776	10	1.2	1.6	4.0	0.0	10	9.4	6.575712889109439	20.0	2.0	-0.009459879017943606	-2.180579130621105	0.05535693935628523	7.3279999816800006	10.01099989989
868	14221312	10	3.6	5.986651818838306	20.0	0.0	10	8.2	7.124605252222751	20.0	2.0	-0.007913100573593533	-2.226105597880061	0.05889031926798314	7.369999981574999	16.333999836660002
872	14286848	10	4.6	5.7306195127577615	20.0	0.0	10	9.0	6.884765791223402	18.0	0.0	-0.008175399204504765	-2.2622775135067927	0.044235297745763354	7.389249981526875	16.38299983617
876	14352384	10	3.8	4.6	16.0	0.0	10	5.4	6.069596362197408	18.0	0.0	-0.009061554363411679	-2.262659609082086	0.04631534976945542	7.408999981477501	16.177999838220003
880	14417920	10	4.0	3.3466401061363023	10.0	0.0	10	1.8	1.661324772583615	4.0	0.0	-0.008911014094622017	-2.229129540191351	0.06194667769726804	7.348749981628125	16.220999837790004
884	14483456	10	3.6	4.454211490264018	16.0	0.0	10	6.8	6.823488843692791	22.0	0.0	-0.00781884117086928	-2.282580370466564	0.054640881672708176	7.4139999814649995	14.901999850980001
888	14548992	10	5.2	6.273754856543249	18.0	0.0	10	7.8	6.660330322138685	20.0	0.0	-0.009208734199648431	-2.2636569885041697	0.052266001346664634	7.356999981607499	16.21499983785
892	14614528	10	4.4	5.122499389946279	18.0	0.0	10	5.0	4.494441010848846	16.0	0.0	-0.009634023543394436	-2.3105355424262313	0.041868181875426125	7.379249981551875	16.241999837580003
896	14680064	10	3.8	3.026549190084311	8.0	0.0	10	3.2	2.9933259094191533	8.0	0.0	-0.009100518494012881	-2.266877198976577	0.06681082532821285	7.305499981736251	9.55599990444
900	14745600	10	4.2	5.015974481593782	18.0	0.0	10	7.4	6.696267617113283	18.0	0.0	-0.008418822313344607	-2.2993403919129536	0.04971560412344777	7.353999981615	14.963999850360002
904	14811136	10	3.4	5.141984052872977	18.0	0.0	10	6.8	6.4621977685614045	20.0	0.0	-0.007600416145999441	-2.322033432380872	0.052033131665097106	7.36399998159	12.499999875000002
908	14876672	10	3.8	5.015974481593781	18.0	0.0	10	4.4	3.32264954516723	10.0	0.0	-0.008853452335023871	-2.322691092646567	0.05169750656394076	7.383749981540625	16.500999834990004
912	14942208	10	2.0	2.8284271247461903	8.0	0.0	10	3.8	2.749545416973504	8.0	0.0	-0.009343990304475006	-2.25814130878768	0.05559334942181469	7.371249981571875	13.903999860960003
916	15007744	10	4.0	4.6475800154489	16.0	0.0	10	4.8	4.915282290977803	18.0	0.0	-0.009455068938147713	-2.234478170440294	0.06669099125704486	7.3529999816175	13.208999867910002
920	15073280	10	1.6	2.4979991993593593	8.0	0.0	10	5.8	7.291090453423274	22.0	0.0	-0.00805378068532953	-2.252610981229739	0.052464955519697216	7.37999998155	16.153999838460003
924	15138816	10	2.6	1.5620499351813308	6.0	0.0	10	6.4	7.031358332498779	22.0	0.0	-0.009643268780166362	-2.241421373948425	0.05243599821732857	7.340249981649375	7.350999926490001
928	15204352	10	1.4	2.009975124224178	6.0	0.0	10	7.8	5.095095681142799	16.0	2.0	-0.008883792828463978	-2.282803547641268	0.060404585396477195	7.346249981634376	12.055999879440002
932	15269888	10	3.8	6.415605972938176	22.0	0.0	10	5.0	5.310367218940701	18.0	0.0	-0.009039193586096539	-2.289080207308106	0.050447905586123616	7.378249981554376	16.184999838150002
936	15335424	10	3.6	4.543126676640219	16.0	0.0	10	3.4	2.5377155080899043	6.0	0.0	-0.00888740617451619	-2.2194731059345316	0.07032199242040633	7.3669999815825005	9.84599990154
940	15400960	10	2.8	1.6	4.0	0.0	10	2.4	2.1540659228538015	8.0	0.0	-0.009343489402087046	-2.2654939738536335	0.07069033713430174	7.380249981549375	16.669999833300004
944	15466496	10	1.4	1.562049935181331	4.0	0.0	10	7.6	7.2	22.0	0.0	-0.010216094338978344	-2.2502768459558897	0.06157775179928104	7.4389999814025005	11.114999888850003
948	15532032	10	4.2	5.173006862551025	18.0	0.0	10	6.6	6.32771680782255	20.0	2.0	-0.009188021484940393	-2.2455003830438276	0.06238099935901301	7.362499981593751	14.404999855950003
952	15597568	10	3.2	5.1536394906900505	18.0	0.0	10	5.6	5.276362383309168	18.0	0.0	-0.00961181757299146	-2.293042878071027	0.05155193519940042	7.33249998166875	9.938999900610002
956	15663104	10	1.8	2.08806130178211	6.0	0.0	10	6.4	6.248199740725323	20.0	0.0	-0.009897475205009944	-2.3276751833716287	0.045950711680601504	7.354249981614376	11.728999882710001
960	15728640	10	3.8	5.89576118919347	20.0	0.0	10	6.0	4.898979485566356	18.0	0.0	-0.009717710024130617	-2.287271067261857	0.056297871549958224	7.385749981535625	12.531999874680002
964	15794176	10	2.2	5.4	18.0	0.0	10	5.0	4.919349550499537	16.0	0.0	-0.00925369507871451	-2.2777332586657626	0.05733487921324919	7.363249981591875	10.093999899060002
968	15859712	10	1.8	2.08806130178211	6.0	0.0	10	1.6	1.4966629547095764	4.0	0.0	-0.008624327200788897	-2.299931737044289	0.052336804834951546	7.39949998150125	16.395999836040005
972	15925248	10	3.8	2.0880613017821097	8.0	0.0	10	9.2	8.255906976220118	20.0	0.0	-0.008661903760192154	-2.2923623668746433	0.047634197277642974	7.362249981594376	15.785999842140003
976	15990784	10	4.2	5.015974481593781	16.0	0.0	10	7.4	5.370288632839021	22.0	2.0	-0.008460347568899138	-2.215090681878458	0.055956278029277974	7.382749981543125	16.252999837470004
980	16056320	10	4.8	4.3999999999999995	16.0	0.0	10	3.2	2.5612496949731396	8.0	0.0	-0.007603733770455733	-2.277732295057339	0.050735166756739246	7.419499981451249	14.933999850660001
984	16121856	10	3.0	3.3763886032268267	10.0	0.0	10	6.4	8.039900496896712	22.0	0.0	-0.008773491127608531	-2.2751933383558476	0.052272829182899286	7.36399998159	16.35399983646
988	16187392	10	4.0	1.5491933384829668	6.0	2.0	10	4.0	5.059644256269407	18.0	0.0	-0.009098548482407981	-2.2530738137798982	0.05355852482825789	7.354749981613125	16.250999837490003
992	16252928	10	3.8	3.4	8.0	0.0	10	8.0	7.321202087089251	22.0	0.0	-0.008857272494107947	-2.3133068231318714	0.041109081935511924	7.3909999815225005	13.395999866040002
996	16318464	10	1.4	1.562049935181331	4.0	0.0	10	4.8	4.833218389437828	18.0	2.0	-0.00972614577666358	-2.2360174901937806	0.071070976470334	7.345749981635625	8.79499991205
1000	16384000	10	2.4	2.1540659228538015	6.0	0.0	10	6.4	5.571355310873648	16.0	0.0	-0.008063856683665799	-2.323956196264739	0.04409771759457366	7.38799998153	11.372999886270001
1004	16449536	10	7.6	6.974238309665077	18.0	0.0	10	8.4	8.039900496896712	18.0	0.0	-0.009069653657474704	-2.2519548383989583	0.05152634255206542	7.3992499815018755	11.876999881230002
1008	16515072	10	3.8	5.758472019555188	20.0	0.0	10	6.2	6.352952069707437	20.0	0.0	-0.008080307765710927	-2.295948562283568	0.04532867754958266	7.36649998158375	10.014999899850002
1012	16580608	10	3.2	2.4	8.0	0.0	10	5.0	5.674504383644443	20.0	0.0	-0.008681526057449157	-2.264010550839306	0.059214773775739846	7.357999981605	16.505999834940003
1016	16646144	10	2.0	3.0983866769659336	10.0	0.0	10	5.0	2.8635642126552705	8.0	0.0	-0.009015759311569796	-2.309433509665567	0.05712085839464435	7.356499981608751	14.887999851120002
1020	16711680	10	9.2	6.823488843692792	18.0	0.0	10	12.2	7.180529228406497	22.0	4.0	-0.009384757954581019	-2.268410955629885	0.04485301995027494	7.356249981609375	11.858999881410002
1024	16777216	10	2.4	2.1540659228538015	6.0	0.0	10	6.0	5.059644256269407	20.0	0.0	-0.009055353530399043	-2.3270730920195466	0.03893003647275804	7.372749981568125	16.154999838450003
1028	16842752	10	4.8	6.013318551349163	22.0	0.0	10	6.6	6.003332407921453	20.0	2.0	-0.009514115707355502	-2.3023693807508336	0.05842355199636155	7.373249981566874	11.172999888270002
1032	16908288	10	6.0	8.438009243891594	22.0	0.0	10	8.0	5.366563145999495	16.0	2.0	-0.008504139573863236	-2.3256476990939556	0.0616723911694891	7.380249981549375	15.245999847540002
1036	16973824	10	5.0	6.148170459575759	18.0	0.0	10	4.8	3.249615361854384	10.0	0.0	-0.00854415729708133	-2.2958739397518437	0.04668697652231108	7.3819999815449995	14.176999858230001
1040	17039360	10	3.6	6.248199740725324	16.0	0.0	10	8.8	6.997142273814361	20.0	0.0	-0.007831428297416138	-2.279102131486951	0.05687572825883691	7.368749981578126	16.157999838420004
1044	17104896	10	6.0	4.560701700396552	18.0	2.0	10	10.0	6.985699678629192	22.0	2.0	-0.008611707157809796	-2.3012697296924336	0.05563286656399962	7.37549998156125	11.193999888060002
1048	17170432	10	5.0	4.219004621945797	16.0	0.0	10	7.6	6.3118935352238	20.0	0.0	-0.008780890900192665	-2.26003198302092	0.05169945733548841	7.38799998153	16.137999838620004
1052	17235968	10	2.4	4.715930449020638	16.0	0.0	10	10.4	7.889233169326408	22.0	4.0	-0.008842739118021095	-2.2692433891316774	0.06361239267005747	7.340749981648125	9.105999908940001
1056	17301504	10	3.4	5.0635955604688645	18.0	0.0	10	8.6	8.248636250920512	22.0	0.0	-0.008657653984914835	-2.276519785087595	0.06107937978565232	7.32749998168125	16.403999835960004
1060	17367040	10	2.0	2.0	6.0	0.0	10	6.4	7.418894796396564	18.0	0.0	-0.008480554462671869	-2.2711042461413715	0.06276518738330016	7.322749981693126	11.203999887960002
1064	17432576	10	4.0	5.215361924162119	18.0	0.0	10	9.8	7.011419257183242	20.0	0.0	-0.00878057796368103	-2.289131072421836	0.05350255284599572	7.3739999815649995	16.100999838990003
1068	17498112	10	3.6	5.71314274283428	20.0	0.0	10	7.0	5.60357029044876	18.0	0.0	-0.008761521925101249	-2.2720337358730633	0.06135273759079893	7.375249981561875	16.061999839380004
1072	17563648	10	5.8	6.289674077406555	22.0	0.0	10	9.4	7.592101158440923	20.0	2.0	-0.009469824953686897	-2.285821320871824	0.058752841154823016	7.360499981598751	10.988999890110003
1076	17629184	10	2.8	3.1240998703626617	10.0	0.0	10	3.4	1.7999999999999998	8.0	2.0	-0.009775554881538223	-2.2708808951197867	0.05708652544016792	7.356749981608125	13.249999867500001
1080	17694720	10	5.8	6.095900261651268	18.0	0.0	10	4.2	4.331281565541543	16.0	0.0	-0.008190549124624566	-2.333282053227561	0.04744443762553244	7.346249981634376	15.689999843100003
1084	17760256	10	3.6	5.043808085167397	18.0	0.0	10	4.2	5.095095681142799	18.0	0.0	-0.009051763277023636	-2.3104614091492994	0.051044331625374764	7.38549998153625	16.50299983497
1088	17825792	10	2.4	3.0724582991474434	8.0	0.0	10	5.0	4.58257569495584	18.0	2.0	-0.008853717958408464	-2.315197144704296	0.05087871255288767	7.392749981518125	10.51699989483
1092	17891328	10	6.8	6.9397406291589885	18.0	0.0	10	7.0	6.826419266350405	18.0	0.0	-0.009265136445664067	-2.2568511960539737	0.0688787982727364	7.352749981618126	16.20499983795
1096	17956864	10	3.2	5.075431016179809	16.0	0.0	10	7.0	6.276941930590086	20.0	0.0	-0.00811274928649936	-2.2915949645238207	0.048605214236673834	7.368749981578125	13.114999868850003
1100	18022400	10	1.6	2.1540659228538015	6.0	0.0	10	4.8	5.67097875150313	18.0	0.0	-0.009099822026010868	-2.2720577689625396	0.0417883011546539	7.441249981396875	11.062999889370003
1104	18087936	10	4.2	4.935585071701227	16.0	0.0	10	5.6	6.118823416311343	22.0	0.0	-0.008927500085499114	-2.2637645972397196	0.05524377842479176	7.32949998167625	11.716999882830002
1108	18153472	10	4.8	6.079473661428265	16.0	0.0	10	6.8	7.054076835419359	18.0	0.0	-0.008540307524849768	-2.260166729254528	0.06361419687471495	7.3604999815987515	16.324999836750003
1112	18219008	10	4.0	2.6832815729997477	10.0	0.0	10	8.6	7.748548251124206	22.0	0.0	-0.009022435036634583	-2.287347907583072	0.06985337981071356	7.399749981500625	16.090999839090003
1116	18284544	10	5.4	6.200000000000001	22.0	0.0	10	7.6	7.031358332498779	18.0	0.0	-0.0088738648400828	-2.3035456585471388	0.05427744522280603	7.396249981509375	16.391999836080004
1120	18350080	10	4.4	5.3516352641038605	18.0	0.0	10	8.2	7.45385806143369	22.0	0.0	-0.008512776632740809	-2.2550280017291935	0.052525622027421774	7.3909999815225005	16.54599983454
1124	18415616	10	2.4	1.9595917942265424	6.0	0.0	10	6.6	5.44426303552648	22.0	2.0	-0.008239445057421394	-2.2460071541512896	0.05620780811680474	7.381249981546875	16.221999837780004
1128	18481152	10	5.2	4.915282290977803	18.0	0.0	10	5.4	5.141984052872976	18.0	0.0	-0.008952376429358987	-2.282564215124305	0.06438356315201658	7.36449998158875	16.375999836240005
1132	18546688	10	3.0	5.2345009313209605	18.0	0.0	10	3.6	2.1540659228538015	8.0	0.0	-0.00901428369400877	-2.252888465686408	0.052733961487283744	7.391749981520626	4.236999957630001
1136	18612224	10	3.8	5.015974481593781	16.0	0.0	10	14.4	7.787168933572714	22.0	4.0	-0.009242630671852946	-2.265684117637501	0.04868271092687571	7.3512499816218755	14.259999857400002
1140	18677760	10	5.6	6.974238309665077	22.0	0.0	10	6.6	5.370288632839021	16.0	2.0	-0.008710261460087828	-2.2041096411832988	0.05945719308376606	7.39199998152	14.572999854270003
1144	18743296	10	3.8	5.827520913733386	20.0	0.0	10	9.6	6.8	22.0	2.0	-0.008481558709744227	-2.2982333200762795	0.05709961137605227	7.379249981551874	16.186999838130003
1148	18808832	10	4.6	6.452906321960671	18.0	0.0	10	9.0	7.443117626371358	18.0	0.0	-0.00843872078897538	-2.297734431683088	0.05830682472028939	7.37349998156625	3.1309999686900003
1152	18874368	10	3.0	2.7202941017470885	8.0	0.0	10	4.6	4.737087712930805	16.0	0.0	-0.009160892003774988	-2.2989249773412346	0.05534953031655642	7.369249981576875	11.533999884660002
1156	18939904	10	5.6	6.118823416311342	18.0	0.0	10	6.4	5.642694391866353	18.0	0.0	-0.008943112110175561	-2.2723143346724215	0.053219498750487496	7.396999981507499	11.532999884670001
1160	19005440	10	3.0	3.0	10.0	0.0	10	8.2	6.2257529665093525	18.0	0.0	-0.009132289960950756	-2.2888925346334696	0.05374364608649369	7.387249981531875	11.56199988438
1164	19070976	10	2.8	2.2271057451320084	6.0	0.0	10	5.8	6.415605972938176	18.0	0.0	-0.008792229158334221	-2.290489362935051	0.058560152570825835	7.368499981578751	16.208999837910003
1168	19136512	10	4.6	6.390618123468182	18.0	0.0	10	10.4	7.939773296511683	20.0	0.0	-0.009100515098565994	-2.3215092517500837	0.054836996650664674	7.375499981561249	8.71899991281
1172	19202048	10	3.8	4.686149805543993	16.0	0.0	10	2.8	1.8330302779823362	6.0	0.0	-0.00823636548289566	-2.2794669441987874	0.06221099697802385	7.361499981596251	13.640999863590002
1176	19267584	10	2.4	1.9595917942265426	6.0	0.0	10	5.2	7.166589146867568	20.0	0.0	-0.008695463702379815	-2.253669919832235	0.06259267134327981	7.350999981622501	10.486999895130001
1180	19333120	10	6.0	6.985699678629192	22.0	0.0	10	7.6	7.08801805866774	18.0	0.0	-0.008098828957135163	-2.3082456586340694	0.05147594725176926	7.416749981458126	16.307999836920004
1184	19398656	10	2.6	1.8000000000000003	6.0	0.0	10	10.8	7.166589146867566	20.0	0.0	-0.008733408961233854	-2.2512263156612136	0.06600249360093637	7.332749981668126	9.576999904230002
1188	19464192	10	4.2	3.4	12.0	0.0	10	12.2	8.316249154516717	22.0	2.0	-0.008897170093691164	-2.266958688460084	0.05409564271316196	7.36249998159375	16.381999836180004
1192	19529728	10	7.2	6.4	18.0	0.0	10	7.2	5.6000000000000005	20.0	2.0	-0.008677099236295232	-2.2271348856553117	0.04688121106297686	7.357249981606874	16.41799983582
1196	19595264	10	6.8	6.881860213634101	22.0	0.0	10	11.2	6.764613810115105	22.0	2.0	-0.009149386694497266	-2.255102554722165	0.06352220145168573	7.375749981560626	13.668999863310002
1200	19660800	10	1.4	2.009975124224178	6.0	0.0	10	5.8	5.8275209137333865	16.0	0.0	-0.008605986645926352	-2.2536785649892535	0.06314274718482445	7.397249981506874	16.243999837560004
1204	19726336	10	4.4	2.9393876913398134	8.0	0.0	10	4.6	5.8	20.0	0.0	-0.008174179121000444	-2.2972890483926847	0.04167529373616479	7.354999981612501	16.51899983481
1208	19791872	10	7.8	6.029925372672534	20.0	0.0	10	6.4	6.1838499334961226	20.0	0.0	-0.008634167288326146	-2.2014652364146308	0.06265041988156053	7.4072499814818755	14.650999853490003
1212	19857408	10	2.4	2.1540659228538015	6.0	0.0	10	5.8	5.963220606350229	18.0	0.0	-0.007981713981661566	-2.225884546604354	0.05584867581298583	7.376749981558126	16.487999835120004
1216	19922944	10	5.0	4.669047011971501	18.0	2.0	10	4.6	2.8354893757515653	10.0	0.0	-0.010515689167243434	-2.207254978287769	0.06100848029353002	7.403749981490626	16.560999834390003
1220	19988480	10	3.8	4.6	16.0	0.0	10	12.2	6.029925372672534	18.0	4.0	-0.00917022776801154	-2.2166694052691907	0.06630766131069227	7.400499981498751	16.06599983934
1224	20054016	10	7.2	6.462197768561405	18.0	0.0	10	8.8	7.277362159464101	22.0	0.0	-0.008544948276134763	-2.2542173040545266	0.06009947845551929	7.347249981631875	11.601999883980001
1228	20119552	10	2.2	1.6613247725836149	4.0	0.0	10	9.0	7.0	22.0	2.0	-0.009395439737021585	-2.266316133004784	0.05202257023427142	7.36349998159125	16.203999837960005
1232	20185088	10	4.2	5.173006862551025	16.0	0.0	10	9.2	7.11055553385247	18.0	0.0	-0.008296771234851272	-2.2782061172138777	0.05435759012874856	7.392249981519376	13.706999862930003
1236	20250624	10	6.4	7.1442284397967	22.0	0.0	10	7.6	7.472616676907762	22.0	0.0	-0.007635510907789908	-2.2625458213316945	0.07057680138427712	7.354999981612501	15.467999845320003
1240	20316160	10	8.0	8.148619514985345	20.0	0.0	10	7.6	6.053098380168622	16.0	0.0	-0.008758109522808425	-2.2273648478254118	0.06051797120356731	7.354249981614376	15.949999840500002
1244	20381696	10	2.6	4.651881339845203	16.0	0.0	10	7.0	6.276941930590086	22.0	2.0	-0.009453693377130468	-2.2632107682652127	0.06949572089801266	7.3329999816675	16.524999834750002
1248	20447232	10	5.8	5.89576118919347	18.0	0.0	10	6.0	6.511528238439882	20.0	0.0	-0.008101213746830411	-2.278217787306618	0.05765031432753297	7.37999998155	16.443999835560003
1252	20512768	10	3.4	5.0635955604688645	18.0	0.0	10	8.2	5.827520913733386	20.0	2.0	-0.008269172260394265	-2.2951205469760687	0.05628897035684205	7.378249981554376	16.262999837370003
1256	20578304	10	6.8	5.741080037762929	18.0	0.0	10	6.0	6.0	18.0	0.0	-0.009210313089726502	-2.2795410849263	0.05672476377989051	7.399999981500001	10.758999892410001
1260	20643840	10	5.2	5.30659966456864	18.0	0.0	10	5.4	5.589275444992849	16.0	0.0	-0.008277461786794412	-2.287694905956703	0.06783589153464822	7.36149998159625	16.3099998369
1264	20709376	10	7.4	6.814690014960329	18.0	0.0	10	4.6	5.295280917949491	16.0	0.0	-0.008172585829376936	-2.2934622538680958	0.05985677870298282	7.400749981498126	16.39399983606
1268	20774912	10	3.6	3.32264954516723	12.0	0.0	10	6.2	5.758472019555188	18.0	0.0	-0.008260004602307733	-2.285443305731171	0.06917649766796213	7.37199998157	16.166999838330003
1272	20840448	10	3.2	2.85657137141714	10.0	0.0	10	6.6	5.8	18.0	0.0	-0.008675567373156536	-2.3236929548346428	0.05349009087683375	7.349999981625	16.226999837730002
1276	20905984	10	6.2	7.180529228406497	22.0	0.0	10	8.0	6.6332495807108	22.0	2.0	-0.008676517228807754	-2.28172429627254	0.05874303153414562	7.3739999815649995	16.206999837930002
1280	20971520	10	5.4	6.26418390534633	22.0	0.0	10	9.4	8.296987405076615	20.0	2.0	-0.00876845251240932	-2.2815399093039463	0.05259937551876858	7.344999981637501	11.938999880610002
1284	21037056	10	5.2	4.1182520563948	16.0	2.0	10	7.2	5.6000000000000005	20.0	2.0	-0.007522515954228851	-2.3168066439599446	0.06538863525976092	7.3672499815818755	16.17099983829
1288	21102592	10	3.2	4.915282290977803	16.0	0.0	10	6.8	6.705221845696084	22.0	0.0	-0.008065320232838463	-2.2633598022288774	0.06495313477646725	7.38649998153375	11.963999880360003
1292	21168128	10	3.8	5.89576118919347	20.0	0.0	10	6.6	5.295280917949491	16.0	2.0	-0.008192440481915005	-2.3062618322751627	0.057684883275269265	7.357249981606874	16.131999838680002
1296	21233664	10	3.0	3.605551275463989	10.0	0.0	10	2.4	2.8000000000000003	10.0	0.0	-0.007852352376267527	-2.3340191838694215	0.054393467487689286	7.35749998160625	16.58299983417
1300	21299200	10	6.0	6.870225614927067	20.0	0.0	10	3.8	4.331281565541543	16.0	0.0	-0.007776869683259637	-2.3409816421613394	0.04723496567741985	7.3597499816006255	12.079999879200003
1304	21364736	10	6.0	4.732863826479693	16.0	0.0	10	5.8	4.6	16.0	2.0	-0.008072736167749775	-2.339704870933954	0.05237328103430769	7.393249981516875	16.1299998387
1308	21430272	10	4.4	5.499090833947008	18.0	0.0	10	3.2	2.7129319932501073	8.0	0.0	-0.00874493240462327	-2.3213256545430334	0.05296285544979343	7.373499981566251	16.211999837880004
1312	21495808	10	5.4	4.476605857119878	16.0	0.0	10	11.8	8.121576201698781	22.0	0.0	-0.00829512271749682	-2.2874771652223074	0.0632919087008768	7.355749981610626	16.312999836870002
1316	21561344	10	1.8	2.08806130178211	6.0	0.0	10	10.4	7.200000000000001	22.0	2.0	-0.008262613991113232	-2.327651348964302	0.06504257449513155	7.401749981495625	16.040999839590004
1320	21626880	10	4.8	6.013318551349163	16.0	0.0	10	7.8	7.011419257183241	20.0	0.0	-0.008903633642130666	-2.3120260906791352	0.05780151959216999	7.387749981530625	9.87199990128
1324	21692416	10	5.2	5.075431016179809	18.0	0.0	10	9.6	6.499230723708768	18.0	0.0	-0.007770360269608658	-2.3403445181792946	0.04551451229792332	7.365499981586251	16.09499983905
1328	21757952	10	3.6	5.276362383309167	18.0	0.0	10	6.6	5.063595560468865	16.0	0.0	-0.008683546432019998	-2.2839005140071267	0.059833602740715926	7.323749981690626	9.224999907750002
1332	21823488	10	5.6	7.08801805866774	22.0	0.0	10	6.2	5.8275209137333865	20.0	0.0	-0.008053927943435667	-2.2845582413280474	0.05542567107870002	7.396999981507499	16.241999837580003
1336	21889024	10	4.4	5.4258639865002145	16.0	0.0	10	5.6	4.715930449020639	18.0	2.0	-0.008899511587800633	-2.27067063476831	0.05027772974630494	7.38149998154625	16.142999838570002
1340	21954560	10	1.8	2.2715633383201097	6.0	0.0	10	10.2	7.4	22.0	0.0	-0.00854851957078995	-2.2201660496664033	0.06350195255866034	7.379749981550625	16.412999835870004
1344	22020096	10	4.6	5.370288632839021	18.0	0.0	10	12.2	6.779380502671317	22.0	4.0	-0.009643404496178405	-2.2773592122010404	0.0537718534025541	7.374249981564375	16.328999836710004
1348	22085632	10	9.0	8.06225774829855	22.0	0.0	10	7.2	5.1536394906900505	16.0	0.0	-0.008921477889372484	-2.240420599545116	0.05407584873240911	7.3909999815225005	16.249999837500003
1352	22151168	10	3.8	5.095095681142799	16.0	0.0	10	5.4	4.004996878900157	16.0	2.0	-0.007606436681995075	-2.2898349262872273	0.059502726298146624	7.3849999815375	16.40699983593
1356	22216704	10	2.4	2.8000000000000003	8.0	0.0	10	9.6	7.787168933572715	22.0	0.0	-0.00825136254242196	-2.301334532358932	0.051098324159115006	7.433749981415625	16.144999838550003
1360	22282240	10	7.6	6.681317235396026	18.0	0.0	10	5.6	6.1838499334961226	18.0	0.0	-0.008197230722599806	-2.295914570251361	0.053775161421533685	7.369499981576251	16.35099983649
1364	22347776	10	6.8	7.05407683541936	20.0	0.0	10	9.8	6.779380502671317	22.0	2.0	-0.008407760951471305	-2.2986892409711728	0.04900666207418345	7.407749981480626	16.549999834500003
1368	22413312	10	3.4	3.104834939252004	10.0	0.0	10	6.8	5.528109984434101	18.0	2.0	-0.00834662424953789	-2.259703814747982	0.05726644935576387	7.33449998166375	16.055999839440002
1372	22478848	10	9.8	8.268010643437755	22.0	0.0	10	9.8	6.4156059729381765	18.0	2.0	-0.008654188224386853	-2.256557099286102	0.05787366014923304	7.365249981586874	12.595999874040002
1376	22544384	10	7.4	6.636264009214824	20.0	0.0	10	8.4	5.122499389946279	18.0	2.0	-0.006900004115362261	-2.2662497383975646	0.05116577341153957	7.41199998147	16.340999836590004
1380	22609920	10	4.0	4.898979485566356	16.0	0.0	10	6.6	5.0635955604688645	18.0	0.0	-0.00867308379293413	-2.3198767773874036	0.056666550880293626	7.341999981645	16.11599983884
1384	22675456	10	2.6	2.5377155080899043	8.0	0.0	10	7.0	7.861297602813418	20.0	0.0	-0.007989312763813023	-2.259030485911293	0.05963349702612506	7.369749981575626	10.733999892660002
1388	22740992	10	5.4	4.294182110716778	16.0	0.0	10	6.4	5.642694391866354	18.0	0.0	-0.008282412138564475	-2.2226117027470886	0.05625175831563927	7.404249981489375	16.339999836600004
1392	22806528	10	2.8	4.833218389437828	16.0	0.0	10	5.4	5.370288632839022	18.0	0.0	-0.007738156488309926	-2.2589238780370695	0.05060207556095618	7.37349998156625	16.339999836600004
1396	22872064	10	9.2	6.337191807101944	20.0	0.0	10	5.8	5.249761899362675	20.0	0.0	-0.008344828446186128	-2.276291439693484	0.04384577824898306	7.4147499814631255	16.365999836340002
1400	22937600	10	1.4	1.562049935181331	4.0	0.0	10	8.0	6.260990336999411	20.0	0.0	-0.00706168167306824	-2.265074396890888	0.059506245707948074	7.34149998164625	10.020999899790002
1404	23003136	10	5.0	6.708203932499369	18.0	0.0	10	8.6	7.748548251124206	22.0	2.0	-0.008743715700801258	-2.279229946197078	0.048203687857627096	7.377999981555	16.004999839950003
1408	23068672	10	3.4	2.537715508089904	8.0	0.0	10	7.2	6.462197768561405	18.0	0.0	-0.008283082371888652	-2.2686895527065896	0.052030477104721425	7.4149999814625005	15.359999846400003
1412	23134208	10	4.6	4.983974317750845	18.0	0.0	10	7.2	7.6000000000000005	20.0	0.0	-0.007519597977509051	-2.2996005587367905	0.04871414803081944	7.349499981626251	13.177999868220002
1416	23199744	10	5.4	6.069596362197408	22.0	0.0	10	9.0	7.54983443527075	22.0	2.0	-0.009259154885760708	-2.267315851909175	0.06566176815050578	8.49149997877125	16.231999837680004
1420	23265280	10	6.2	4.331281565541544	16.0	0.0	10	9.6	5.986651818838306	18.0	2.0	-0.008922191190302436	-2.3261148504973344	0.04881353353728257	7.350249981624375	15.954999840450002
1424	23330816	10	3.6	4.8	16.0	0.0	10	11.4	5.8	20.0	4.0	-0.008648891020441401	-2.323479930317765	0.03871857411368073	7.325999981685	16.04799983952
1428	23396352	10	6.6	6.755738301621815	22.0	0.0	10	4.4	4.6303347611160905	16.0	0.0	-0.007697368001073969	-2.2688493254404203	0.06168834748035322	7.342249981644375	15.943999840560004
1432	23461888	10	10.0	7.694153624668538	22.0	2.0	10	8.2	7.87146746166177	22.0	0.0	-0.00808688755848724	-2.2718674165624155	0.060531705378768626	7.3369999816575	16.34299983657
1436	23527424	10	2.0	1.5491933384829668	4.0	0.0	10	7.0	5.2345009313209605	16.0	0.0	-0.008284139133185087	-2.269377449911871	0.06074202618860278	7.35599998161	10.743999892560002
1440	23592960	10	6.4	7.1442284397967	20.0	0.0	10	8.0	6.572670690061994	22.0	0.0	-0.008347090005412599	-2.3029133799260078	0.05168427518651436	7.3597499816006255	10.498999895010002
1444	23658496	10	7.4	6.755738301621815	18.0	0.0	10	8.2	7.011419257183242	20.0	0.0	-0.008299648042990236	-2.284525702159057	0.061500417450245426	7.328749981678126	15.868999841310002
1448	23724032	10	5.4	4.737087712930805	16.0	0.0	10	5.8	7.291090453423274	22.0	0.0	-0.00786338321549864	-2.299392401932568	0.06420522974135238	7.341999981645	11.008999889910003
1452	23789568	10	6.2	6.779380502671317	20.0	0.0	10	7.4	6.988562083862459	18.0	0.0	-0.0072868408756210125	-2.304636756339015	0.06552495453600259	7.355749981610626	11.899999881000003
1456	23855104	10	4.0	4.381780460041329	16.0	0.0	10	8.2	5.96322060635023	18.0	0.0	-0.009256111311460586	-2.301922589300698	0.058552919124207424	7.337499981656251	15.967999840320003
1460	23920640	10	7.6	6.374950980203691	18.0	0.0	10	8.4	7.144228439796701	18.0	2.0	-0.007957568136670125	-2.3354157057952025	0.04965319875886637	7.281749981795625	16.13899983861
1464	23986176	10	4.2	4.6	16.0	0.0	10	7.4	6.069596362197408	18.0	0.0	-0.008364257013795716	-2.3149054495069032	0.06788404471465134	7.194249982014375	12.032999879670001
1468	24051712	10	3.6	2.65329983228432	8.0	0.0	10	5.6	5.122499389946279	18.0	0.0	-0.008374763683339082	-2.327911724404395	0.06059817839170701	7.427249981431874	16.395999836040005
1472	24117248	10	4.8	2.9933259094191533	8.0	0.0	10	5.8	4.686149805543993	18.0	2.0	-0.007873355936467225	-2.3569607906071885	0.06242879033214486	7.366249981584375	15.945999840540003
1476	24182784	10	7.6	6.374950980203691	18.0	0.0	10	6.6	6.988562083862459	22.0	0.0	-0.008014966388523462	-2.3139588929785924	0.07263040229464858	7.3749999815625005	15.486999845130002
1480	24248320	10	6.0	6.324555320336759	18.0	0.0	10	9.2	7.166589146867567	22.0	0.0	-0.008462229636004364	-2.3029083756193742	0.05054330650656188	7.320749981698126	16.131999838680002
1484	24313856	10	5.2	4.995998398718719	18.0	0.0	10	6.4	6.437390775772434	20.0	0.0	-0.008810169239639086	-2.3379735720702466	0.05300790819873831	7.2957499817606255	16.05399983946
1488	24379392	10	4.4	5.71314274283428	20.0	0.0	10	5.2	5.230678732248808	18.0	0.0	-0.008371787411646884	-2.3366334137866756	0.0438639090234357	7.2872499817818746	16.152999838470002
1492	24444928	10	5.4	7.10211236182588	20.0	0.0	10	8.4	7.889233169326408	22.0	0.0	-0.009445633517545049	-2.328481276587487	0.04794504438648382	7.2469999818825	13.165999868340002
1496	24510464	10	7.2	5.6000000000000005	18.0	0.0	10	6.6	7.213875518748574	18.0	0.0	-0.007364758596386154	-2.2999161628473166	0.05811968949638874	7.276749981808126	15.908999840910003
1500	24576000	10	1.8	2.4413111231467406	8.0	0.0	10	7.8	5.473572873361603	20.0	2.0	-0.008874433097223047	-2.2885188755989385	0.061243289920020275	7.2789999818025	16.144999838550003
1504	24641536	10	8.2	7.507329751649384	22.0	0.0	10	9.2	6.997142273814361	20.0	0.0	-0.00824402120790406	-2.2948557160887786	0.06371069885126694	7.31949998170125	10.62299989377
1508	24707072	10	4.0	4.1952353926806065	16.0	0.0	10	11.8	7.345747068882782	22.0	0.0	-0.007877422857228441	-2.259267605605819	0.04996449317417874	7.300249981749375	16.023999839760002
1512	24772608	10	4.0	6.131883886702357	16.0	0.0	10	5.2	5.670978751503131	20.0	0.0	-0.00751741779259253	-2.2641111833478913	0.06078535554452607	7.29249998176875	16.261999837380003
1516	24838144	10	7.6	6.437390775772433	18.0	0.0	10	8.2	7.769169839822013	18.0	0.0	-0.0074632781438399845	-2.2919499474363243	0.057682333740916414	7.339249981651875	16.837999831620003
1520	24903680	10	3.8	2.2715633383201097	8.0	0.0	10	8.6	6.636264009214823	18.0	0.0	-0.009479473918794876	-2.2890345377325785	0.047322852202263066	7.297749981755625	16.01199983988
1524	24969216	10	6.0	6.44980619863884	20.0	0.0	10	11.8	8.072174428244226	20.0	0.0	-0.007783383639533485	-2.2514169983704106	0.06702113255625945	7.2629999818425	16.529999834700003
