iter	frame	n_test	mean_returns	std_returns	max_returns	min_returns	n_test_train	mean_returns_train	std_returns_train	max_returns_train	min_returns_train	actor_loss	entropy_loss	value_loss	training_time	evaluation_time
0	0	10	6.0	4.898979485566356	10.0	0.0	10	4.0	4.898979485566356	10.0	0.0	0	0	0	0.0	28.849999711500008
4	65536	10	5.0	5.0	10.0	0.0	10	3.0	4.58257569495584	10.0	0.0	0.002775242743472346	-2.5667003514675915	0.6347535357459796	11.577249971056874	11.701999882980003
8	131072	10	1.0	3.0	10.0	0.0	10	3.0	4.58257569495584	10.0	0.0	-0.00323716863412838	-2.4862539417935383	0.9240748626769618	10.548749973628125	14.188999858110002
12	196608	10	4.0	4.898979485566356	10.0	0.0	10	3.0	4.58257569495584	10.0	0.0	-0.00420037691175723	-2.426518509532572	1.0325050421225368	10.375249974061875	3.961999960380001
16	262144	10	4.0	4.898979485566356	10.0	0.0	10	5.0	5.0	10.0	0.0	-0.0045570683567451855	-2.4064654705401893	1.0894254376597856	11.143999972139998	6.091999939080001
20	327680	10	2.0	4.0	10.0	0.0	10	4.0	4.898979485566356	10.0	0.0	-0.0037310959059195753	-2.399104508010979	1.0403172279555746	10.60249997349375	5.343999946560001
24	393216	10	3.0	4.58257569495584	10.0	0.0	10	5.0	5.0	10.0	0.0	-0.003252615635235515	-2.331642081097274	1.2271517588410017	11.145499972136252	3.8769999612300006
28	458752	10	5.0	5.0	10.0	0.0	10	5.0	5.0	10.0	0.0	-0.0037732850295480323	-2.3218856600488547	1.1928429906566156	11.7489999706275	4.523999954760001
32	524288	10	4.0	4.898979485566356	10.0	0.0	10	6.0	4.898979485566356	10.0	0.0	-0.004082298446700507	-2.2468478801492857	1.355604436107332	10.391749974020625	5.344999946550001
36	589824	10	4.0	4.898979485566356	10.0	0.0	10	6.0	4.898979485566356	10.0	0.0	-0.004805709957614687	-2.229416049784649	1.1932326684394283	12.9329999676675	3.3089999669100005
40	655360	10	2.0	4.0	10.0	0.0	10	7.0	4.58257569495584	10.0	0.0	-0.004992560075541577	-2.2251309476958494	1.1611398966394322	10.8799999728	25.121999748780002
44	720896	10	2.0	4.0	10.0	0.0	10	3.0	4.58257569495584	10.0	0.0	-0.003032250322260287	-2.2411441676467647	1.126957331356237	11.604749970988124	3.4549999654500008
48	786432	10	5.0	5.0	10.0	0.0	10	4.0	4.898979485566356	10.0	0.0	-0.006460137540907548	-2.3259727877935807	0.8109865963856	13.257499966856251	5.942999940570001
52	851968	10	3.0	4.58257569495584	10.0	0.0	10	3.0	4.58257569495584	10.0	0.0	-0.006279235511053675	-2.408540464686797	0.5433060616309744	12.33249996916875	23.194999768050003
56	917504	10	5.0	5.0	10.0	0.0	10	2.0	4.0	10.0	0.0	-0.0064276061778071655	-2.3886649109418494	0.6105490226904345	11.17349997206625	12.464999875350001
60	983040	10	5.0	5.0	10.0	0.0	10	5.0	5.0	10.0	0.0	-0.0069692292156121735	-2.4459697551960957	0.4899095603685868	12.287999969280001	13.003999869960001
64	1048576	10	5.0	5.0	10.0	0.0	10	5.0	5.0	10.0	0.0	-0.008269296321534872	-2.465714772285472	0.3672072905664598	12.839249967901875	31.677999683220005
68	1114112	10	6.0	4.898979485566356	10.0	0.0	10	4.0	4.898979485566356	10.0	0.0	-0.006907873694104174	-2.4939367172504383	0.34443426004437944	11.766499970583752	11.447999885520002
72	1179648	10	7.0	4.58257569495584	10.0	0.0	10	3.0	4.58257569495584	10.0	0.0	-0.006795751645666616	-2.472806262215681	0.29675775142399735	11.475749971310627	30.747999692520008
76	1245184	10	4.0	4.898979485566356	10.0	0.0	10	4.0	4.898979485566356	10.0	0.0	-0.007310042215215401	-2.440907391154818	0.3202394322779481	12.377999969055	43.67099956329
80	1310720	10	7.0	4.58257569495584	10.0	0.0	10	6.0	4.898979485566356	10.0	0.0	-0.0076720129743880275	-2.5044320496294805	0.2422443297439305	11.277749971805624	27.677999723220005
84	1376256	10	5.0	5.0	10.0	0.0	10	5.0	5.0	10.0	0.0	-0.006274223967267423	-2.4764744760993347	0.2942148466908925	12.225999969435	43.13299956867001
88	1441792	10	5.0	5.0	10.0	0.0	10	6.0	4.898979485566356	10.0	0.0	-0.005465650743681791	-2.5028664392605973	0.21822529718490183	11.62349997094125	11.932999880670002
92	1507328	10	3.0	4.58257569495584	10.0	0.0	10	5.0	5.0	10.0	0.0	-0.005827379744610797	-2.49813807232981	0.2289023397562383	12.46349996884125	35.96099964039001
96	1572864	10	4.0	4.898979485566356	10.0	0.0	10	5.0	5.0	10.0	0.0	-0.006739535969756104	-2.476528015971499	0.27408530544738974	11.31149997172125	42.267999577320005
100	1638400	10	5.0	5.0	10.0	0.0	10	6.0	4.898979485566356	10.0	0.0	-0.005395995308131492	-2.4942669269824593	0.23017866348312696	12.0249999699375	39.80399960196001
104	1703936	10	5.0	5.0	10.0	0.0	10	6.0	4.898979485566356	10.0	0.0	-0.006388155803447275	-2.4835977204040445	0.22341311068740827	11.599999971	41.87999958120001
108	1769472	10	3.0	4.58257569495584	10.0	0.0	10	7.0	4.58257569495584	10.0	0.0	-0.006498131342525466	-2.5010036798693247	0.2072010159587099	11.243499971891252	44.28599955714001
112	1835008	10	3.0	4.58257569495584	10.0	0.0	10	4.0	4.898979485566356	10.0	0.0	-0.007324216266922854	-2.510680916147168	0.2314534821927352	12.723749968190624	39.84399960156001
116	1900544	10	3.0	4.58257569495584	10.0	0.0	10	1.0	3.0	10.0	0.0	-0.0070458156131823595	-2.492781174419932	0.1964055027142469	12.30649996923375	43.078999569210005
120	1966080	10	5.0	5.0	10.0	0.0	10	3.0	4.58257569495584	10.0	0.0	-0.0064776849703091655	-2.4859044449918803	0.26683731048382325	12.063749969840623	23.964999760350004
124	2031616	10	5.0	5.0	10.0	0.0	10	5.0	5.0	10.0	0.0	-0.006594632644838718	-2.493784015117593	0.3635665156189375	12.757249968106876	17.95399982046
128	2097152	10	3.0	4.58257569495584	10.0	0.0	10	5.0	5.0	10.0	0.0	-0.006685892703809181	-2.4402860052825184	0.33021620455793965	11.816249970459376	12.081999879180003
132	2162688	10	5.0	5.0	10.0	0.0	10	3.0	4.58257569495584	10.0	0.0	-0.0069141898437690245	-2.4214538507124703	0.30972765631230936	13.076249967309375	43.101999568980006
136	2228224	10	5.0	5.0	10.0	0.0	10	5.0	5.0	10.0	0.0	-0.006939036659367582	-2.4300459198605924	0.2221148724746799	12.577749968555626	23.188999768110005
140	2293760	10	4.0	4.898979485566356	10.0	0.0	10	4.0	4.898979485566356	10.0	0.0	-0.0069172340462268205	-2.446286320431519	0.29134268838360955	12.0529999698675	35.66199964338001
144	2359296	10	5.0	5.0	10.0	0.0	10	6.0	4.898979485566356	10.0	0.0	-0.007097639807265074	-2.4708454357990752	0.22232256835183775	11.88149997029625	42.26699957733001
148	2424832	10	6.0	4.898979485566356	10.0	0.0	10	3.0	4.58257569495584	10.0	0.0	-0.006075209510500697	-2.4651301599954687	0.21524830920863108	12.553749968615625	25.405999745940004
152	2490368	10	3.0	4.58257569495584	10.0	0.0	10	6.0	4.898979485566356	10.0	0.0	-0.007664886746281009	-2.4929583690947235	0.26789907099372023	12.598499968503752	7.757999922420002
156	2555904	10	3.0	4.58257569495584	10.0	0.0	10	5.0	5.0	10.0	0.0	-0.006768673464853024	-2.4835317281281775	0.2693429683675441	12.236499969408749	33.57199966428001
160	2621440	10	5.0	5.0	10.0	0.0	10	7.0	4.58257569495584	10.0	0.0	-0.0067211460414578535	-2.480007784803661	0.2669627663090894	11.63049997092375	29.022999709770005
164	2686976	10	5.0	5.0	10.0	0.0	10	6.0	4.898979485566356	10.0	0.0	-0.007317261590131786	-2.421221675719933	0.3842090746608503	11.718749970703126	20.738999792610006
168	2752512	10	5.0	5.0	10.0	0.0	10	5.0	5.0	10.0	0.0	-0.0068291016594998945	-2.3897477063034143	0.40217757686508554	11.22349997194125	12.274999877250002
172	2818048	10	4.0	4.898979485566356	10.0	0.0	10	4.0	4.898979485566356	10.0	0.0	-0.008068568033567517	-2.3584880727059585	0.386262689211217	11.296999971757499	29.312999706870002
176	2883584	10	3.0	4.58257569495584	10.0	0.0	10	6.0	4.898979485566356	10.0	0.0	-0.007794211090283451	-2.4239673611976986	0.2533349330894012	11.77149997057125	12.614999873850003
180	2949120	10	6.0	4.898979485566356	10.0	0.0	10	7.0	4.58257569495584	10.0	0.0	-0.006091540254270197	-2.399748642989365	0.3445419598943215	12.135749969660624	27.432999725670005
184	3014656	10	5.0	5.0	10.0	0.0	10	5.0	5.0	10.0	0.0	-0.006963502564033163	-2.395906517653436	0.31672550206809136	12.417999968955002	43.059999569400006
188	3080192	10	2.0	4.0	10.0	0.0	10	7.0	4.58257569495584	10.0	0.0	-0.007517343328016995	-2.3480239532925604	0.3649044883988668	12.641499968396252	41.35599958644001
192	3145728	10	5.0	5.0	10.0	0.0	10	5.0	5.0	10.0	0.0	-0.008613714772776301	-2.3988935547555066	0.32571139881719813	12.81599996796	41.81299958187001
196	3211264	10	3.0	4.58257569495584	10.0	0.0	10	5.0	5.0	10.0	0.0	-0.008838320094268413	-2.4166985598669357	0.25536328815368137	12.75449996811375	20.783999792160003
200	3276800	10	1.0	3.0	10.0	0.0	10	4.0	4.898979485566356	10.0	0.0	-0.007777514531980361	-2.4295671405844304	0.2679734825808812	12.698999968252501	32.82499967175001
204	3342336	10	3.0	4.58257569495584	10.0	0.0	10	7.0	4.58257569495584	10.0	0.0	-0.007714412243436935	-2.439598910256415	0.2860404317900603	12.538749968653125	24.3299997567
208	3407872	10	5.0	5.0	10.0	0.0	10	5.0	5.0	10.0	0.0	-0.008166861706193197	-2.435976177200247	0.3098019376695304	11.168749972078125	29.455999705440004
212	3473408	10	2.0	4.0	10.0	0.0	10	6.0	4.898979485566356	10.0	0.0	-0.008210578076365244	-2.437206409617702	0.2807504078080864	12.545749968635626	30.558999694410005
216	3538944	10	5.0	5.0	10.0	0.0	10	4.0	4.898979485566356	10.0	0.0	-0.006305455029430796	-2.4751037679517927	0.19056394345004649	11.5489999711275	46.08999953910001
220	3604480	10	4.0	4.898979485566356	10.0	0.0	10	4.0	4.898979485566356	10.0	0.0	-0.00901708274035074	-2.4818098467983436	0.1819397982330841	11.569249971076873	46.235999537640005
224	3670016	10	4.0	4.898979485566356	10.0	0.0	10	3.0	4.58257569495584	10.0	0.0	-0.007712809626461087	-2.45167604808303	0.21787403521652443	11.811749970470625	34.70699965293001
228	3735552	10	3.0	4.58257569495584	10.0	0.0	10	5.0	5.0	10.0	0.0	-0.007217827739780954	-2.433535406733379	0.23871277285736714	11.541249971146875	28.232999717670005
232	3801088	10	3.0	4.58257569495584	10.0	0.0	10	6.0	4.898979485566356	10.0	0.0	-0.008813194375449956	-2.337443063413005	0.4400805110274297	11.00649997248375	16.80199983198
236	3866624	10	9.0	3.0	10.0	0.0	10	4.0	4.898979485566356	10.0	0.0	-0.006806422645138	-2.3304423637744143	0.33648222743443373	12.8449999678875	7.5279999247200005
240	3932160	10	8.0	4.0	10.0	0.0	10	7.0	4.58257569495584	10.0	0.0	-0.007048092987915361	-2.3602749305491715	0.32426907755161116	12.4969999687575	15.230999847690002
244	3997696	10	3.0	4.58257569495584	10.0	0.0	10	4.0	4.898979485566356	10.0	0.0	-0.008361895194298653	-2.272113829614472	0.43700181005316674	11.46799997133	31.534999684650007
248	4063232	10	4.0	4.898979485566356	10.0	0.0	10	7.0	4.58257569495584	10.0	0.0	-0.006608604731727397	-2.2443081187850904	0.4396763269641961	11.544249971139378	15.870999841290002
252	4128768	10	4.0	4.898979485566356	10.0	0.0	10	5.0	5.0	10.0	0.0	-0.0066006762395566885	-2.318054069833889	0.2940922806043547	12.617999968454999	18.13299981867
256	4194304	10	5.0	5.0	10.0	0.0	10	7.0	4.58257569495584	10.0	0.0	-0.00793873758971806	-2.3243896611097155	0.28975962844452907	13.639749965900627	8.802999911970002
260	4259840	10	5.0	5.0	10.0	0.0	10	5.0	5.0	10.0	0.0	-0.008081133888852291	-2.3176928160160504	0.2936233464943482	12.101999969745	30.066999699330005
264	4325376	10	4.0	4.898979485566356	10.0	0.0	10	4.0	4.898979485566356	10.0	0.0	-0.007030434651091842	-2.384232729425028	0.2427540358368758	12.284499969288749	43.26399956736001
268	4390912	10	5.0	5.0	10.0	0.0	10	6.0	4.898979485566356	10.0	0.0	-0.007758408102543468	-2.3815545412404098	0.30024114418751735	12.511499968721251	11.841999881580003
272	4456448	10	6.0	4.898979485566356	10.0	0.0	10	6.0	4.898979485566356	10.0	0.0	-0.007290304312693197	-2.3987376737082737	0.26232314029459497	11.508749971228125	29.021999709780005
276	4521984	10	4.0	4.898979485566356	10.0	0.0	10	4.0	4.898979485566356	10.0	0.0	-0.007860116506981067	-2.3979624507313524	0.20546775867884867	11.670249970824374	36.64699963353
280	4587520	10	6.0	4.898979485566356	10.0	0.0	10	4.0	4.898979485566356	10.0	0.0	-0.008848747906983163	-2.3974132038639118	0.20919697558811715	12.169249969576876	15.009999849900002
284	4653056	10	5.0	5.0	10.0	0.0	10	2.0	4.0	10.0	0.0	-0.00850254954429406	-2.3968653850244186	0.21547025564055272	11.622249970944374	31.272999687270005
288	4718592	10	7.0	4.58257569495584	10.0	0.0	10	7.0	4.58257569495584	10.0	0.0	-0.008229527398474708	-2.3846217490732213	0.21232547740723792	11.83649997040875	18.201999817980006
292	4784128	10	4.0	4.898979485566356	10.0	0.0	10	3.0	4.58257569495584	10.0	0.0	-0.008372931119424139	-2.4102316421739944	0.20516028214282034	12.485249968786876	22.757999772420003
296	4849664	10	4.0	4.898979485566356	10.0	0.0	10	5.0	5.0	10.0	0.0	-0.0078267126765273	-2.344021533682159	0.24039995667814434	12.14399996964	41.69099958309001
300	4915200	10	2.0	4.0	10.0	0.0	10	5.0	5.0	10.0	0.0	-0.00751259023352113	-2.433942590897066	0.19959724017202427	11.867249970331876	48.31099951689001
304	4980736	10	3.0	4.58257569495584	10.0	0.0	10	6.0	4.898979485566356	10.0	0.0	-0.007782622106280514	-2.4055381017404405	0.2236538748023889	12.428249968929375	27.473999725260004
308	5046272	10	5.0	5.0	10.0	0.0	10	6.0	4.898979485566356	10.0	0.0	-0.007754895296886217	-2.4366361297612387	0.20605229242731515	11.83449997041375	42.70499957295001
312	5111808	10	7.0	4.58257569495584	10.0	0.0	10	4.0	4.898979485566356	10.0	0.0	-0.007254735769646774	-2.416837860888815	0.2244866088109323	11.523749971190625	43.69699956303001
316	5177344	10	2.0	4.0	10.0	0.0	10	5.0	5.0	10.0	0.0	-0.007797479371620528	-2.4341937325842737	0.16419704520606268	12.625749968435626	50.71599949284001
320	5242880	10	6.0	4.898979485566356	10.0	0.0	10	6.0	4.898979485566356	10.0	0.0	-0.007422866898029048	-2.450611722710763	0.15187781729395136	11.785749970535624	48.52699951473001
324	5308416	10	3.0	4.58257569495584	10.0	0.0	10	7.0	4.58257569495584	10.0	0.0	-0.00799353427805831	-2.451213689886502	0.14937952399870894	11.759999970600001	49.305999506940005
328	5373952	10	3.0	4.58257569495584	10.0	0.0	10	4.0	4.898979485566356	10.0	0.0	-0.008048569794856585	-2.4663033756031485	0.16932830018711054	11.641249970896874	49.952999500470014
332	5439488	10	5.0	5.0	10.0	0.0	10	10.0	0.0	10.0	10.0	-0.007935136718295176	-2.488656197725778	0.20718108177510447	10.890249972774377	28.407999715920006
336	5505024	10	4.0	4.898979485566356	10.0	0.0	10	8.0	4.0	10.0	0.0	-0.00798727602197553	-2.387406763682427	0.33969220919100507	10.828249972929376	29.239999707600003
340	5570560	10	5.0	5.0	10.0	0.0	10	7.0	4.58257569495584	10.0	0.0	-0.008466900342406854	-2.4025042451899044	0.2911617718333696	11.53999997115	28.876999711230003
344	5636096	10	6.0	4.898979485566356	10.0	0.0	10	3.0	4.58257569495584	10.0	0.0	-0.007982128551174464	-2.3825960181655153	0.23834586948157113	12.622499968443751	30.844999691550004
348	5701632	10	4.0	4.898979485566356	10.0	0.0	10	7.0	4.58257569495584	10.0	0.0	-0.008800223369379414	-2.4211854882499777	0.20137401023955084	12.755249968111876	24.124999758750004
352	5767168	10	2.0	4.0	10.0	0.0	10	5.0	5.0	10.0	0.0	-0.008747400588919364	-2.3759763610868263	0.2108944693050147	12.6489999683775	40.94399959056001
356	5832704	10	4.0	4.898979485566356	10.0	0.0	10	6.0	4.898979485566356	10.0	0.0	-0.0074582217364990875	-2.383047543217857	0.203335904184658	13.841999965395	41.58199958418001
360	5898240	10	5.0	5.0	10.0	0.0	10	5.0	5.0	10.0	0.0	-0.008498103730465443	-2.367812682938294	0.18412491095197012	11.742249970644373	24.842999751570005
364	5963776	10	4.0	4.898979485566356	10.0	0.0	10	3.0	4.58257569495584	10.0	0.0	-0.0084919566388884	-2.400525890040682	0.20615873095605042	12.2149999694625	43.802999561970005
368	6029312	10	5.0	5.0	10.0	0.0	10	8.0	4.0	10.0	0.0	-0.008242604491645234	-2.4512076499491653	0.156887645894462	11.685499970786251	37.704999622950005
372	6094848	10	4.0	4.898979485566356	10.0	0.0	10	4.0	4.898979485566356	10.0	0.0	-0.00793073520292183	-2.419771601504354	0.17431194154903	12.662749968343125	44.39699955603
376	6160384	10	6.0	4.898979485566356	10.0	0.0	10	4.0	4.898979485566356	10.0	0.0	-0.007009038155226551	-2.4420836913028645	0.1441922110044761	11.501999971245	27.295999727040005
380	6225920	10	7.0	4.58257569495584	10.0	0.0	10	5.0	5.0	10.0	0.0	-0.00836489327203582	-2.426805903261434	0.16064191212135598	12.83249996791875	39.834999601650004
384	6291456	10	0.0	0.0	0.0	0.0	10	4.0	4.898979485566356	10.0	0.0	-0.0077672212832510315	-2.393388854711289	0.23019517474583018	11.2909999717725	30.289999697100004
388	6356992	10	4.0	4.898979485566356	10.0	0.0	10	6.0	4.898979485566356	10.0	0.0	-0.008456391087473217	-2.327184999740101	0.2525429458404769	12.093249969766875	43.04399956956
392	6422528	10	3.0	4.58257569495584	10.0	0.0	10	3.0	4.58257569495584	10.0	0.0	-0.008480938436783002	-2.3127688018058623	0.1869985716377862	12.540499968648747	28.059999719400004
396	6488064	10	4.0	4.898979485566356	10.0	0.0	10	6.0	4.898979485566356	10.0	0.0	-0.008338944558737772	-2.310804029065067	0.24299238681745566	12.881999967795	33.926999660730004
400	6553600	10	6.0	4.898979485566356	10.0	0.0	10	4.0	4.898979485566356	10.0	0.0	-0.007002401649998619	-2.4098121248158937	0.1824753977323483	12.105749969735626	41.32799958672001
404	6619136	10	5.0	5.0	10.0	0.0	10	2.0	4.0	10.0	0.0	-0.007089216125545791	-2.4603597916583344	0.09638126257501536	12.485249968786876	27.967999720320005
408	6684672	10	4.0	4.898979485566356	10.0	0.0	10	5.0	5.0	10.0	0.0	-0.007760671716015305	-2.4458045112525806	0.17668934498314834	12.807249967981875	26.294999737050006
412	6750208	10	7.0	4.58257569495584	10.0	0.0	10	4.0	4.898979485566356	10.0	0.0	-0.008235701841589081	-2.435154390578126	0.17474211494480762	13.11599996721	33.63699966363001
416	6815744	10	9.0	3.0	10.0	0.0	10	6.0	4.898979485566356	10.0	0.0	-0.009394568787918023	-2.3705352964514805	0.21649276726797131	12.150749969623124	33.97399966026
420	6881280	10	6.0	4.898979485566356	10.0	0.0	10	4.0	4.898979485566356	10.0	0.0	-0.00844520910234928	-2.3290594391582213	0.21143634250358173	12.059749969850625	27.716999722830003
424	6946816	10	5.0	5.0	10.0	0.0	10	6.0	4.898979485566356	10.0	0.0	-0.0077653315303092465	-2.4128171625206845	0.1706822612921175	12.1569999696075	32.04499967955001
428	7012352	10	4.0	4.898979485566356	10.0	0.0	10	5.0	5.0	10.0	0.0	-0.008414078649702467	-2.4392179720046414	0.21680476064087584	12.32049996919875	29.329999706700004
432	7077888	10	3.0	4.58257569495584	10.0	0.0	10	8.0	4.0	10.0	0.0	-0.008529530876048519	-2.40618789916008	0.24218979599535917	12.333749969165623	7.258999927410001
436	7143424	10	3.0	4.58257569495584	10.0	0.0	10	5.0	5.0	10.0	0.0	-0.009101025419681085	-2.4433519887365858	0.21940272283627982	12.560249968599376	30.308999696910007
440	7208960	10	3.0	4.58257569495584	10.0	0.0	10	4.0	4.898979485566356	10.0	0.0	-0.009739204837585818	-2.4729871647960824	0.16430508848120406	12.737999968155	35.33099964669001
444	7274496	10	3.0	4.58257569495584	10.0	0.0	10	3.0	4.58257569495584	10.0	0.0	-0.008232876240427142	-2.449572245024784	0.16773868156401944	12.97749996755625	34.415999655840004
448	7340032	10	3.0	4.58257569495584	10.0	0.0	10	4.0	4.898979485566356	10.0	0.0	-0.007800369617240543	-2.431522704407609	0.1726274570891248	12.931999967669999	46.13299953867001
452	7405568	10	5.0	5.0	10.0	0.0	10	6.0	4.898979485566356	10.0	0.0	-0.009050078895261448	-2.4352841399556815	0.15710472958078123	11.773749970565625	44.09999955900001
456	7471104	10	1.0	3.0	10.0	0.0	10	4.0	4.898979485566356	10.0	0.0	-0.008647736044631121	-2.439688729489028	0.1519770016735435	13.1409999671475	43.29999956700001
460	7536640	10	2.0	4.0	10.0	0.0	10	5.0	5.0	10.0	0.0	-0.00836056932200861	-2.424456191307085	0.17400241090345334	12.665999968335	38.78199961218
464	7602176	10	5.0	5.0	10.0	0.0	10	5.0	5.0	10.0	0.0	-0.009105574729156114	-2.4109040744574846	0.16867561077804671	12.25249996936875	42.802999571970005
468	7667712	10	3.0	4.58257569495584	10.0	0.0	10	4.0	4.898979485566356	10.0	0.0	-0.008345190281983564	-2.406221136200119	0.14474254325076702	12.565249968586874	45.572999544270004
472	7733248	10	6.0	4.898979485566356	10.0	0.0	10	8.0	4.0	10.0	0.0	-0.008415218720713574	-2.3854799988367796	0.15132166967547958	11.9849999700375	22.660999773390007
476	7798784	10	4.0	4.898979485566356	10.0	0.0	10	6.0	4.898979485566356	10.0	0.0	-0.008310689429934568	-2.442545282089591	0.1080182206238791	12.249749969375625	36.00599963994001
480	7864320	10	3.0	4.58257569495584	10.0	0.0	10	2.0	4.0	10.0	0.0	-0.008677019174082973	-2.4453060078060536	0.11673540093030473	12.643999968390002	43.58299956417
484	7929856	10	2.0	4.0	10.0	0.0	10	6.0	4.898979485566356	10.0	0.0	-0.009078359921623116	-2.358898753675472	0.20493361367261523	12.694749968263125	42.76899957231001
488	7995392	10	6.0	4.898979485566356	10.0	0.0	10	2.0	4.0	10.0	0.0	-0.00818876415881167	-2.3146644132905103	0.1609656125294631	12.72149996819625	40.878999591210004
492	8060928	10	2.0	4.0	10.0	0.0	10	8.0	4.0	10.0	0.0	-0.007605880124594671	-2.34569867675904	0.16366410959980246	12.292249969269374	30.936999690630007
496	8126464	10	7.0	4.58257569495584	10.0	0.0	10	6.0	4.898979485566356	10.0	0.0	-0.007990898447210185	-2.3557311616867618	0.1446848520082272	12.97449996756375	33.87099966129001
500	8192000	10	6.0	4.898979485566356	10.0	0.0	10	5.0	5.0	10.0	0.0	-0.00809164268297528	-2.361430925381567	0.1980579569729488	13.014749967463125	28.274999717250004
504	8257536	10	4.0	4.898979485566356	10.0	0.0	10	5.0	5.0	10.0	0.0	-0.00806071977580673	-2.3377224129983505	0.2220946059641358	11.632749970918123	43.39099956609
508	8323072	10	7.0	4.58257569495584	10.0	0.0	10	5.0	5.0	10.0	0.0	-0.007695451191271138	-2.289380850652795	0.27058461367748887	12.05849996985375	25.994999740050005
512	8388608	10	3.0	4.58257569495584	10.0	0.0	10	7.0	4.58257569495584	10.0	0.0	-0.0076362788717767496	-2.338998595629869	0.19327373428119596	12.249249969376875	35.509999644900006
516	8454144	10	6.0	4.898979485566356	10.0	0.0	10	9.0	3.0	10.0	0.0	-0.007873218190463006	-2.3974445633576407	0.16291924618660575	11.148999972127502	33.40199966598001
520	8519680	10	6.0	4.898979485566356	10.0	0.0	10	7.0	4.58257569495584	10.0	0.0	-0.008285518366135607	-2.3451844054004445	0.20796124239148564	10.962749972593125	31.337999686620005
524	8585216	10	6.0	4.898979485566356	10.0	0.0	10	7.0	4.58257569495584	10.0	0.0	-0.00785121327659676	-2.4356376029497433	0.09878719760007303	12.385249969036874	37.88399962116001
528	8650752	10	5.0	5.0	10.0	0.0	10	3.0	4.58257569495584	10.0	0.0	-0.008522988058476138	-2.4437760708170644	0.12934657895055862	12.128749969678125	39.451999605480005
532	8716288	10	5.0	5.0	10.0	0.0	10	4.0	4.898979485566356	10.0	0.0	-0.008312318858814224	-2.4242152767835083	0.1752634960975471	12.273749969315626	31.536999684630004
536	8781824	10	5.0	5.0	10.0	0.0	10	6.0	4.898979485566356	10.0	0.0	-0.007822434994314556	-2.4047478708106715	0.17125270971796694	11.991749970020624	39.026999609730005
540	8847360	10	5.0	5.0	10.0	0.0	10	7.0	4.58257569495584	10.0	0.0	-0.008217145012524454	-2.3956482730793933	0.22241610255259073	11.025249972436875	37.85799962142001
544	8912896	10	7.0	4.58257569495584	10.0	0.0	10	4.0	4.898979485566356	10.0	0.0	-0.00841982425878904	-2.4040309163410654	0.249808473641729	11.941249970146876	36.299999637000006
548	8978432	10	6.0	4.898979485566356	10.0	0.0	10	5.0	5.0	10.0	0.0	-0.009131658495141401	-2.402606380232243	0.22760499530274061	12.89849996775375	25.02199974978
552	9043968	10	3.0	4.58257569495584	10.0	0.0	10	4.0	4.898979485566356	10.0	0.0	-0.0081229269505787	-2.364553970348893	0.21134451448578526	11.78349997054125	45.18599954814001
556	9109504	10	5.0	5.0	10.0	0.0	10	5.0	5.0	10.0	0.0	-0.007924431104668105	-2.348107866698288	0.21583148648576778	13.21049996697375	39.664999603350005
560	9175040	10	4.0	4.898979485566356	10.0	0.0	10	5.0	5.0	10.0	0.0	-0.00902506278146848	-2.390856516608894	0.13753263324929144	13.859499965351251	40.21499959785001
564	9240576	10	3.0	4.58257569495584	10.0	0.0	10	8.0	4.0	10.0	0.0	-0.0073711467913706325	-2.423510049527761	0.12607868573246367	12.469249968826878	29.531999704680004
568	9306112	10	6.0	4.898979485566356	10.0	0.0	10	6.0	4.898979485566356	10.0	0.0	-0.008058829440788336	-2.349960783872593	0.20271176943616978	12.722249968194376	42.10899957891001
572	9371648	10	3.0	4.58257569495584	10.0	0.0	10	3.0	4.58257569495584	10.0	0.0	-0.007624927640602768	-2.3653198031107365	0.13252516361125183	12.500249968749374	49.18799950812001
576	9437184	10	3.0	4.58257569495584	10.0	0.0	10	6.0	4.898979485566356	10.0	0.0	-0.007142240454882371	-2.428897219146601	0.1223847196930816	11.798249970504374	51.87699948123001
580	9502720	10	5.0	5.0	10.0	0.0	10	5.0	5.0	10.0	0.0	-0.007132871652947616	-2.431136376902537	0.1632838599058523	10.945999972635	45.96999954030001
584	9568256	10	3.0	4.58257569495584	10.0	0.0	10	4.0	4.898979485566356	10.0	0.0	-0.00850981127498503	-2.4216345521271956	0.15961906770133746	11.900749970248125	40.56299959437001
588	9633792	10	8.0	4.0	10.0	0.0	10	3.0	4.58257569495584	10.0	0.0	-0.00776098257524104	-2.405679389583812	0.15337019652703698	11.013249972466875	18.74899981251
592	9699328	10	6.0	4.898979485566356	10.0	0.0	10	6.0	4.898979485566356	10.0	0.0	-0.008233441296146038	-2.460461921733619	0.13417050714448708	11.255249971861875	45.50799954492001
596	9764864	10	3.0	4.58257569495584	10.0	0.0	10	5.0	5.0	10.0	0.0	-0.007983057530890632	-2.4104106249881285	0.1376809452827405	11.516249971209374	45.232999547670005
600	9830400	10	4.0	4.898979485566356	10.0	0.0	10	7.0	4.58257569495584	10.0	0.0	-0.008014451425347414	-2.369880430153509	0.14804258436595558	11.74149997064625	45.83899954161001
604	9895936	10	2.0	4.0	10.0	0.0	10	4.0	4.898979485566356	10.0	0.0	-0.007766244927349525	-2.366760665925172	0.19085278499746086	11.77649997055875	41.57299958427001
608	9961472	10	3.0	4.58257569495584	10.0	0.0	10	7.0	4.58257569495584	10.0	0.0	-0.006865399799196004	-2.2732656844075825	0.31447330579611166	12.037999969904998	43.45699956543001
612	10027008	10	5.0	5.0	10.0	0.0	10	6.0	4.898979485566356	10.0	0.0	-0.008415966179839201	-2.339233172192885	0.25036594827845415	12.387249969031878	34.905999650940004
616	10092544	10	5.0	5.0	10.0	0.0	10	7.0	4.58257569495584	10.0	0.0	-0.008962232363931918	-2.442364327355126	0.16367975209376406	12.5849999685375	40.42899959571001
620	10158080	10	5.0	5.0	10.0	0.0	10	6.0	4.898979485566356	10.0	0.0	-0.008069637364080727	-2.4127805553346886	0.21541517846525915	12.9529999676175	7.191999928080001
624	10223616	10	3.0	4.58257569495584	10.0	0.0	10	4.0	4.898979485566356	10.0	0.0	-0.008663202567132534	-2.407729866353205	0.20086172422785373	12.051499969871251	31.003999689960008
628	10289152	10	6.0	4.898979485566356	10.0	0.0	10	6.0	4.898979485566356	10.0	0.0	-0.007216312408830615	-2.4019621012092984	0.23482146398822681	12.394999969012499	31.863999681360006
632	10354688	10	3.0	4.58257569495584	10.0	0.0	10	7.0	4.58257569495584	10.0	0.0	-0.007754567869092337	-2.3379925337978635	0.3104257244914268	12.867749967830626	19.384999806150006
636	10420224	10	6.0	4.898979485566356	10.0	0.0	10	4.0	4.898979485566356	10.0	0.0	-0.008032922833456997	-2.380164272835276	0.24919984657825975	12.544749968638126	43.69699956303001
640	10485760	10	5.0	5.0	10.0	0.0	10	8.0	4.0	10.0	0.0	-0.009238185343088172	-2.442365174237787	0.17409868187320174	12.578749968553124	28.196999718030003
644	10551296	10	5.0	5.0	10.0	0.0	10	4.0	4.898979485566356	10.0	0.0	-0.008430223122893765	-2.4703283133516383	0.15916258351150708	13.974749965063126	43.30699956693001
648	10616832	10	5.0	5.0	10.0	0.0	10	9.0	3.0	10.0	0.0	-0.007514473331387018	-2.479871046781507	0.12836431396253656	12.399249969001874	24.285999757140004
652	10682368	10	6.0	4.898979485566356	10.0	0.0	10	6.0	4.898979485566356	10.0	0.0	-0.009093190011261444	-2.420996859417498	0.22588331498336237	12.993999967515002	33.77399966226
656	10747904	10	2.0	4.0	10.0	0.0	10	8.0	4.0	10.0	0.0	-0.007189388335224595	-2.439497758690715	0.1529879401433796	12.44449996888875	22.391999776080002
660	10813440	10	2.0	4.0	10.0	0.0	10	4.0	4.898979485566356	10.0	0.0	-0.008281131262008974	-2.4106974499893385	0.1967469653064952	13.423249966441874	27.608999723910006
664	10878976	10	6.0	4.898979485566356	10.0	0.0	10	5.0	5.0	10.0	0.0	-0.008056251609023667	-2.396003762631377	0.1666243141343476	12.574249968564375	26.831999731680003
668	10944512	10	6.0	4.898979485566356	10.0	0.0	10	4.0	4.898979485566356	10.0	0.0	-0.008533937974506673	-2.4160615774459218	0.16564333367298645	13.14749996713125	40.44199959558001
672	11010048	10	3.0	4.58257569495584	10.0	0.0	10	5.0	5.0	10.0	0.0	-0.00811595493518064	-2.4472649939292523	0.14463577759497745	12.692249968269376	41.841999581580005
676	11075584	10	5.0	5.0	10.0	0.0	10	4.0	4.898979485566356	10.0	0.0	-0.00790703171675073	-2.450294124328164	0.14941175792672537	12.213249969466876	33.761999662380006
680	11141120	10	6.0	4.898979485566356	10.0	0.0	10	8.0	4.0	10.0	0.0	-0.00840009469208894	-2.4346753604657505	0.19595525132313626	12.4649999688375	36.58599963414
684	11206656	10	4.0	4.898979485566356	10.0	0.0	10	7.0	4.58257569495584	10.0	0.0	-0.0076693987761745465	-2.416965372608664	0.15208554080034561	12.344749969138125	48.17199951828
688	11272192	10	5.0	5.0	10.0	0.0	10	3.0	4.58257569495584	10.0	0.0	-0.008495871590360924	-2.3729948473485045	0.17976463894660302	11.592249971019376	29.964999700350006
692	11337728	10	3.0	4.58257569495584	10.0	0.0	10	4.0	4.898979485566356	10.0	0.0	-0.008942252198699699	-2.421732358382208	0.15750460092200283	13.0709999673225	26.058999739410005
696	11403264	10	6.0	4.898979485566356	10.0	0.0	10	6.0	4.898979485566356	10.0	0.0	-0.0073890091193671206	-2.409485707429396	0.1595694152472098	12.87149996782125	29.366999706330006
700	11468800	10	5.0	5.0	10.0	0.0	10	6.0	4.898979485566356	10.0	0.0	-0.0072192798559988875	-2.3143604072504456	0.2335539330329846	12.772749968068128	16.743999832560004
704	11534336	10	4.0	4.898979485566356	10.0	0.0	10	6.0	4.898979485566356	10.0	0.0	-0.008373997413437705	-2.384833032637767	0.1842488565600714	12.780749968048127	16.464999835350003
708	11599872	10	4.0	4.898979485566356	10.0	0.0	10	4.0	4.898979485566356	10.0	0.0	-0.007056951052792783	-2.4236304509101942	0.16659144721742133	12.371249969071876	42.81599957184001
712	11665408	10	6.0	4.898979485566356	10.0	0.0	10	6.0	4.898979485566356	10.0	0.0	-0.007058831333650415	-2.4233090179621155	0.151674078024336	11.617749970955627	44.762999552370005
716	11730944	10	6.0	4.898979485566356	10.0	0.0	10	5.0	5.0	10.0	0.0	-0.006795665563812092	-2.4214350057106158	0.14016233724634142	12.281999969295	36.26299963737
720	11796480	10	4.0	4.898979485566356	10.0	0.0	10	5.0	5.0	10.0	0.0	-0.00808261361490405	-2.367648432405525	0.1859304790657051	13.091249967271876	35.36399964636
724	11862016	10	2.0	4.0	10.0	0.0	10	5.0	5.0	10.0	0.0	-0.008089203176866119	-2.444945831838875	0.11034878633232571	13.258749966853124	42.62699957373001
728	11927552	10	6.0	4.898979485566356	10.0	0.0	10	4.0	4.898979485566356	10.0	0.0	-0.008049871497628095	-2.407640757409275	0.1988553921484932	12.541999968645001	42.21899957781001
732	11993088	10	7.0	4.58257569495584	10.0	0.0	10	7.0	4.58257569495584	10.0	0.0	-0.00883183319000497	-2.399997095016978	0.1460543080701779	12.682999968292501	27.805999721940005
736	12058624	10	5.0	5.0	10.0	0.0	10	6.0	4.898979485566356	10.0	0.0	-0.008401775845751268	-2.3879878717160237	0.14138222057451802	12.9929999675175	48.27999951720001
740	12124160	10	8.0	4.0	10.0	0.0	10	5.0	5.0	10.0	0.0	-0.008794114014556534	-2.38147730852195	0.16172986018028496	11.301249971746875	47.70399952296001
744	12189696	10	8.0	4.0	10.0	0.0	10	5.0	5.0	10.0	0.0	-0.007811804553456229	-2.378713850925936	0.17243998441601133	11.909249970226876	45.575999544240005
748	12255232	10	3.0	4.58257569495584	10.0	0.0	10	9.0	3.0	10.0	0.0	-0.007922439459215901	-2.41678997849085	0.16028716079773273	13.062499967343749	43.252999567470006
752	12320768	10	7.0	4.58257569495584	10.0	0.0	10	9.0	3.0	10.0	0.0	-0.007890764328382148	-2.4129792995720907	0.12829596206451177	12.343249969141876	8.70899991291
756	12386304	10	5.0	5.0	10.0	0.0	10	5.0	5.0	10.0	0.0	-0.008005818524679617	-2.3577044280894364	0.19950720704565955	13.080749967298125	24.34199975658
760	12451840	10	5.0	5.0	10.0	0.0	10	6.0	4.898979485566356	10.0	0.0	-0.007051083122732132	-2.3250024365943727	0.2643364515501085	12.505499968736249	11.934999880650002
764	12517376	10	4.0	4.898979485566356	10.0	0.0	10	7.0	4.58257569495584	10.0	0.0	-0.008373095209245555	-2.322876701510378	0.2252693360747186	11.161749972095626	33.06199966938
768	12582912	10	5.0	5.0	10.0	0.0	10	5.0	5.0	10.0	0.0	-0.00802532707810391	-2.3667498849350492	0.12746427268945615	11.78549997053625	41.06699958933001
772	12648448	10	3.0	4.58257569495584	10.0	0.0	10	3.0	4.58257569495584	10.0	0.0	-0.008009704859810847	-2.3672168600080203	0.19530922676885656	12.583249968541875	38.680999613190004
776	12713984	10	2.0	4.0	10.0	0.0	10	5.0	5.0	10.0	0.0	-0.00686306310115526	-2.2784714820594436	0.2996422274036509	12.6929999682675	33.15499966845
780	12779520	10	3.0	4.58257569495584	10.0	0.0	10	7.0	4.58257569495584	10.0	0.0	-0.007824312089515414	-2.3368071712602854	0.210302109808175	12.998249967504375	44.612999553870004
784	12845056	10	5.0	5.0	10.0	0.0	10	4.0	4.898979485566356	10.0	0.0	-0.007229771099299453	-2.3236257207953432	0.171357806443703	11.618749970953127	29.962999700370005
788	12910592	10	5.0	5.0	10.0	0.0	10	6.0	4.898979485566356	10.0	0.0	-0.008362859316890093	-2.424003548667654	0.17828525717375718	11.896499970258752	22.737999772620004
792	12976128	10	5.0	5.0	10.0	0.0	10	5.0	5.0	10.0	0.0	-0.007913574742900562	-2.3785464115446717	0.19847406600086737	13.849249965376876	43.700999562990006
796	13041664	10	5.0	5.0	10.0	0.0	10	6.0	4.898979485566356	10.0	0.0	-0.008162368864212545	-2.4330861665257535	0.11914903413194548	12.16399996959	47.64999952350001
800	13107200	10	3.0	4.58257569495584	10.0	0.0	10	7.0	4.58257569495584	10.0	0.0	-0.008107715388545999	-2.367346654089059	0.17825241928305116	11.093999972265001	49.34099950659001
804	13172736	10	6.0	4.898979485566356	10.0	0.0	10	2.0	4.0	10.0	0.0	-0.008006137571782986	-2.3883526471749574	0.17854473675914428	12.079999969800001	45.044999549550006
808	13238272	10	5.0	5.0	10.0	0.0	10	3.0	4.58257569495584	10.0	0.0	-0.008085997433597388	-2.399473219859994	0.1666489603445188	11.825749970435625	45.62799954372001
812	13303808	10	4.0	4.898979485566356	10.0	0.0	10	2.0	4.0	10.0	0.0	-0.008156919698254357	-2.395971071967248	0.1364357440279858	12.139249969651877	44.04799955952001
816	13369344	10	6.0	4.898979485566356	10.0	0.0	10	5.0	5.0	10.0	0.0	-0.007667560027695631	-2.4077452468350824	0.13658539864053623	13.242999966892503	34.47899965521
820	13434880	10	5.0	5.0	10.0	0.0	10	5.0	5.0	10.0	0.0	-0.0072883498837641855	-2.3630720275165773	0.2507194161231544	12.666499968333751	17.86599982134
824	13500416	10	5.0	5.0	10.0	0.0	10	4.0	4.898979485566356	10.0	0.0	-0.008115585844040804	-2.368705165636165	0.2366599344091459	12.9509999676225	44.08099955919001
828	13565952	10	6.0	4.898979485566356	10.0	0.0	10	5.0	5.0	10.0	0.0	-0.00774862901663485	-2.3864207439122254	0.2264532148602154	12.4889999687775	44.13699955863001
832	13631488	10	4.0	4.898979485566356	10.0	0.0	10	7.0	4.58257569495584	10.0	0.0	-0.007840165644455476	-2.3628307156287023	0.20351088068190745	12.673249968316874	25.913999740860007
836	13697024	10	6.0	4.898979485566356	10.0	0.0	10	6.0	4.898979485566356	10.0	0.0	-0.007738963202834357	-2.352789424114716	0.22531325934280869	12.682749968293123	29.618999703810005
840	13762560	10	7.0	4.58257569495584	10.0	0.0	10	8.0	4.0	10.0	0.0	-0.008008462800489212	-2.302752002833822	0.23666122584311589	13.441749966395626	40.36399959636
844	13828096	10	6.0	4.898979485566356	10.0	0.0	10	4.0	4.898979485566356	10.0	0.0	-0.008191796790071542	-2.361250693353419	0.19558438353997118	13.330249966674375	40.97199959028001
848	13893632	10	5.0	5.0	10.0	0.0	10	9.0	3.0	10.0	0.0	-0.007712681500485493	-2.370667323223171	0.180181241187435	13.379249966551876	25.807999741920003
852	13959168	10	4.0	4.898979485566356	10.0	0.0	10	6.0	4.898979485566356	10.0	0.0	-0.007458449233865787	-2.348666618023042	0.1930686822736067	12.819499967951252	27.234999727650003
856	14024704	10	6.0	4.898979485566356	10.0	0.0	10	8.0	4.0	10.0	0.0	-0.007208356545720025	-2.333906175946466	0.18869135682057764	12.78149996804625	27.889999721100004
860	14090240	10	4.0	4.898979485566356	10.0	0.0	10	3.0	4.58257569495584	10.0	0.0	-0.008299143908864435	-2.384314752866811	0.1652087820521758	12.029749969925625	28.301999716980003
864	14155776	10	5.0	5.0	10.0	0.0	10	5.0	5.0	10.0	0.0	-0.007308215348375269	-2.3294467923598883	0.15931265209694193	12.290749969273124	44.08999955910001
868	14221312	10	3.0	4.58257569495584	10.0	0.0	10	6.0	4.898979485566356	10.0	0.0	-0.00840216561394998	-2.2096116714361362	0.20327032712343887	11.891749970270626	48.54799951452001
872	14286848	10	6.0	4.898979485566356	10.0	0.0	10	7.0	4.58257569495584	10.0	0.0	-0.007113308756608568	-2.2560271866753085	0.19268940868332488	11.245749971885624	26.658999733410003
876	14352384	10	5.0	5.0	10.0	0.0	10	3.0	4.58257569495584	10.0	0.0	-0.007964829961948545	-2.2915671465394016	0.1715191527246335	11.649999970875001	26.782999732170005
880	14417920	10	2.0	4.0	10.0	0.0	10	7.0	4.58257569495584	10.0	0.0	-0.009119886057568518	-2.3277399761040196	0.15646324188681307	13.417499966456251	22.945999770540006
884	14483456	10	3.0	4.58257569495584	10.0	0.0	10	4.0	4.898979485566356	10.0	0.0	-0.008479080052919807	-2.3625657531144886	0.17038198504374338	12.602499968493749	28.981999710180006
888	14548992	10	6.0	4.898979485566356	10.0	0.0	10	5.0	5.0	10.0	0.0	-0.0073480430672362455	-2.3643015049418654	0.1471223446464892	12.695249968261875	42.98799957012
892	14614528	10	5.0	5.0	10.0	0.0	10	5.0	5.0	10.0	0.0	-0.007129101986584057	-2.3996978846672903	0.139371639956793	12.981249967546876	27.325999726740005
896	14680064	10	5.0	5.0	10.0	0.0	10	4.0	4.898979485566356	10.0	0.0	-0.007550999994359849	-2.389244884003668	0.1326277652462005	11.9209999701975	44.03299955967001
900	14745600	10	3.0	4.58257569495584	10.0	0.0	10	8.0	4.0	10.0	0.0	-0.008179387587366842	-2.413391343997853	0.110140586958901	12.19599996951	46.58199953418001
904	14811136	10	5.0	5.0	10.0	0.0	10	9.0	3.0	10.0	0.0	-0.008428813493417656	-2.4357120243157913	0.10857446176265939	12.473999968815	32.44399967556001
908	14876672	10	5.0	5.0	10.0	0.0	10	7.0	4.58257569495584	10.0	0.0	-0.008169875443003806	-2.390202363083133	0.13746900521339012	13.110749967223125	23.848999761510004
912	14942208	10	3.0	4.58257569495584	10.0	0.0	10	8.0	4.0	10.0	0.0	-0.00787703942638881	-2.4426562634546247	0.10540734680513265	13.44149996639625	41.66499958335
916	15007744	10	5.0	5.0	10.0	0.0	10	5.0	5.0	10.0	0.0	-0.007561297521352255	-2.4055213851211095	0.16646696105417574	12.253999969365001	35.24199964758
920	15073280	10	7.0	4.58257569495584	10.0	0.0	10	6.0	4.898979485566356	10.0	0.0	-0.0074056641865219205	-2.3697037123158755	0.19916122660760224	12.472999968817499	30.635999693640006
924	15138816	10	6.0	4.898979485566356	10.0	0.0	10	4.0	4.898979485566356	10.0	0.0	-0.007986388917820749	-2.3247809059979807	0.21701755030924483	12.929249967676874	22.586999774130003
928	15204352	10	3.0	4.58257569495584	10.0	0.0	10	7.0	4.58257569495584	10.0	0.0	-0.007649980451900617	-2.3544771892360004	0.19040336388042545	12.11749996970625	44.59099955409001
932	15269888	10	5.0	5.0	10.0	0.0	10	5.0	5.0	10.0	0.0	-0.007472558938216767	-2.2311333440403627	0.22145205190581982	11.891749970270627	43.17699956823001
936	15335424	10	4.0	4.898979485566356	10.0	0.0	10	6.0	4.898979485566356	10.0	0.0	-0.008537001785670238	-2.251255556706526	0.19600876822267668	11.748249970629374	27.045999729540004
940	15400960	10	5.0	5.0	10.0	0.0	10	3.0	4.58257569495584	10.0	0.0	-0.007770169159305984	-2.2919284847971535	0.2037706370253196	11.83549997041125	35.14499964855001
944	15466496	10	3.0	4.58257569495584	10.0	0.0	10	6.0	4.898979485566356	10.0	0.0	-0.007630781871247891	-2.324727316455279	0.18597102093435774	11.58849997102875	29.111999708880003
948	15532032	10	5.0	5.0	10.0	0.0	10	6.0	4.898979485566356	10.0	0.0	-0.007516635076601628	-2.2843703227842513	0.23540156890980038	11.406749971483126	48.990999510090006
952	15597568	10	6.0	4.898979485566356	10.0	0.0	10	9.0	3.0	10.0	0.0	-0.008604840869351815	-2.247516423229705	0.1707919910372209	12.17849996955375	27.067999729320007
956	15663104	10	7.0	4.58257569495584	10.0	0.0	10	4.0	4.898979485566356	10.0	0.0	-0.00787297617392289	-2.252439811591123	0.23581806940364108	11.3209999716975	25.513999744860005
960	15728640	10	3.0	4.58257569495584	10.0	0.0	10	5.0	5.0	10.0	0.0	-0.0069439986914749344	-2.3010865248826278	0.19561296808047937	12.2729999693175	44.82099955179
964	15794176	10	5.0	5.0	10.0	0.0	10	7.0	4.58257569495584	10.0	0.0	-0.008523448306450932	-2.317852961278911	0.15305526273593403	11.7109999707225	31.268999687310004
968	15859712	10	3.0	4.58257569495584	10.0	0.0	10	6.0	4.898979485566356	10.0	0.0	-0.007337263978563877	-2.3564324699371157	0.12747632462445213	11.144249972139376	41.78499958215
972	15925248	10	6.0	4.898979485566356	10.0	0.0	10	6.0	4.898979485566356	10.0	0.0	-0.007186256290130532	-2.345423439894184	0.21301202939467037	12.309249969226876	18.117999818820003
976	15990784	10	3.0	4.58257569495584	10.0	0.0	10	7.0	4.58257569495584	10.0	0.0	-0.006569071623666145	-2.401036274679733	0.13482107011128264	12.170749969573125	27.785999722140005
980	16056320	10	5.0	5.0	10.0	0.0	10	5.0	5.0	10.0	0.0	-0.008346663998094332	-2.3723790792139745	0.19507066158408456	11.7229999706925	46.749999532500006
984	16121856	10	5.0	5.0	10.0	0.0	10	5.0	5.0	10.0	0.0	-0.007471252510923445	-2.369165666154598	0.23455627461935577	12.181749969545626	41.390999586090004
988	16187392	10	7.0	4.58257569495584	10.0	0.0	10	6.0	4.898979485566356	10.0	0.0	-0.007288893894988345	-2.340084398542468	0.21033585426379708	11.691749970770626	10.118999898810001
992	16252928	10	6.0	4.898979485566356	10.0	0.0	10	5.0	5.0	10.0	0.0	-0.008152932856682634	-2.3887559222673582	0.20938487340998588	12.08749996978125	37.637999623620004
996	16318464	10	5.0	5.0	10.0	0.0	10	6.0	4.898979485566356	10.0	0.0	-0.006690768000438483	-2.427245696132863	0.11269643843397043	12.018249969954375	33.864999661350005
1000	16384000	10	3.0	4.58257569495584	10.0	0.0	10	6.0	4.898979485566356	10.0	0.0	-0.008297712358140696	-2.41759779775788	0.13778057429125173	12.069499969826252	28.144999718550004
1004	16449536	10	6.0	4.898979485566356	10.0	0.0	10	8.0	4.0	10.0	0.0	-0.008047313490422604	-2.4133323627183274	0.14718453503077633	13.407749966480626	46.72099953279
1008	16515072	10	5.0	5.0	10.0	0.0	10	6.0	4.898979485566356	10.0	0.0	-0.0077686414143592975	-2.3949185582487527	0.15356116499704414	10.933499972666251	50.32399949676
1012	16580608	10	4.0	4.898979485566356	10.0	0.0	10	9.0	3.0	10.0	0.0	-0.007229959783070263	-2.3819753078125236	0.15078602954726808	12.2949999692625	24.276999757230005
1016	16646144	10	7.0	4.58257569495584	10.0	0.0	10	4.0	4.898979485566356	10.0	0.0	-0.007496546029089042	-2.3737703236451666	0.14725234963328587	12.250749969373125	46.4799995352
1020	16711680	10	5.0	5.0	10.0	0.0	10	6.0	4.898979485566356	10.0	0.0	-0.008286889457289557	-2.343610400710756	0.19361842150024833	12.107749969730625	45.38599954614001
1024	16777216	10	5.0	5.0	10.0	0.0	10	7.0	4.58257569495584	10.0	0.0	-0.008009501038410222	-2.3336390453132987	0.16194690172425769	13.233999966915	32.629999673700006
1028	16842752	10	5.0	5.0	10.0	0.0	10	4.0	4.898979485566356	10.0	0.0	-0.007351739501086425	-2.3802160096669356	0.1389450026376104	11.568999971077499	32.23399967766001
1032	16908288	10	5.0	5.0	10.0	0.0	10	6.0	4.898979485566356	10.0	0.0	-0.008455908104556199	-2.344400879993212	0.17044386591849492	11.972749970068127	38.29099961709
1036	16973824	10	5.0	5.0	10.0	0.0	10	6.0	4.898979485566356	10.0	0.0	-0.0075861252642405895	-2.3531985280446697	0.229405908976689	11.2289999719275	29.741999702580006
1040	17039360	10	8.0	4.0	10.0	0.0	10	6.0	4.898979485566356	10.0	0.0	-0.008182161076907696	-2.399267313131112	0.16638273899262496	11.4369999714075	36.49599963504001
1044	17104896	10	5.0	5.0	10.0	0.0	10	7.0	4.58257569495584	10.0	0.0	-0.008520618912089757	-2.3390156152394774	0.22696910144259586	11.41949997145125	29.101999708980006
1048	17170432	10	8.0	4.0	10.0	0.0	10	6.0	4.898979485566356	10.0	0.0	-0.008352161066532127	-2.3938933980951527	0.13861367198126048	11.0329999724175	28.946999710530005
1052	17235968	10	5.0	5.0	10.0	0.0	10	8.0	4.0	10.0	0.0	-0.007821849410693913	-2.372165898234904	0.19776192708985324	10.91249997271875	13.924999860750003
1056	17301504	10	6.0	4.898979485566356	10.0	0.0	10	6.0	4.898979485566356	10.0	0.0	-0.008102094991413997	-2.287250548362895	0.26724098666581286	11.463249971341874	26.128999738710007
1060	17367040	10	8.0	4.0	10.0	0.0	10	6.0	4.898979485566356	10.0	0.0	-0.00863284081698226	-2.2936576403771762	0.1981264047583937	11.52399997119	32.57799967422001
1064	17432576	10	5.0	5.0	10.0	0.0	10	7.0	4.58257569495584	10.0	0.0	-0.008056495325712546	-2.341270821546018	0.1494594261204978	11.349249971626877	30.232999697670007
1068	17498112	10	5.0	5.0	10.0	0.0	10	3.0	4.58257569495584	10.0	0.0	-0.007357403232609314	-2.3995486321532615	0.16193476309865207	11.43949997140125	44.35299955647001
1072	17563648	10	5.0	5.0	10.0	0.0	10	7.0	4.58257569495584	10.0	0.0	-0.00886610030919159	-2.420720057930717	0.12903852181251527	10.989999972525	6.817999931820001
1076	17629184	10	7.0	4.58257569495584	10.0	0.0	10	0.0	0.0	0.0	0.0	-0.00857418986471928	-2.3799366551145367	0.196167918988248	11.519249971201875	32.53199967468
1080	17694720	10	6.0	4.898979485566356	10.0	0.0	10	7.0	4.58257569495584	10.0	0.0	-0.007600737475328183	-2.416826533522782	0.17952456238051304	11.689749970775626	17.80199982198
1084	17760256	10	8.0	4.0	10.0	0.0	10	5.0	5.0	10.0	0.0	-0.00737392785639602	-2.3472985448975043	0.24237411420130253	11.673999970815002	31.553999684460003
1088	17825792	10	5.0	5.0	10.0	0.0	10	5.0	5.0	10.0	0.0	-0.007255429842646073	-2.39570938522497	0.16231986731152187	10.584249973539377	45.04999954950001
1092	17891328	10	7.0	4.58257569495584	10.0	0.0	10	4.0	4.898979485566356	10.0	0.0	-0.008062027095617518	-2.414580357319924	0.18956189825708467	10.885249972786877	32.25499967745001
1096	17956864	10	4.0	4.898979485566356	10.0	0.0	10	5.0	5.0	10.0	0.0	-0.007347410364514097	-2.3765945804623723	0.22448705538010677	11.3729999715675	41.076999589230006
1100	18022400	10	5.0	5.0	10.0	0.0	10	6.0	4.898979485566356	10.0	0.0	-0.008311408993038706	-2.413450501607787	0.1443786516945668	11.344749971638125	41.25099958749001
1104	18087936	10	5.0	5.0	10.0	0.0	10	6.0	4.898979485566356	10.0	0.0	-0.007851754707281286	-2.3997611872835622	0.1969198598321293	12.11599996971	30.302999696970005
1108	18153472	10	4.0	4.898979485566356	10.0	0.0	10	6.0	4.898979485566356	10.0	0.0	-0.008834176623157145	-2.378933998197864	0.15232792130326456	12.066249969834375	22.416999775830003
1112	18219008	10	5.0	5.0	10.0	0.0	10	7.0	4.58257569495584	10.0	0.0	-0.008197491294044497	-2.3741279515137816	0.1762609971348372	12.229749969425624	11.005999889940002
1116	18284544	10	2.0	4.0	10.0	0.0	10	7.0	4.58257569495584	10.0	0.0	-0.007725691645144698	-2.4080356406643975	0.12393136895522956	12.023249969941874	24.538999754610007
1120	18350080	10	5.0	5.0	10.0	0.0	10	7.0	4.58257569495584	10.0	0.0	-0.009317544079385247	-2.371294108282876	0.1529359970237697	11.588249971029374	31.230999687690005
1124	18415616	10	5.0	5.0	10.0	0.0	10	4.0	4.898979485566356	10.0	0.0	-0.007815417163424062	-2.3597203490660243	0.1509967638643253	11.60449997098875	30.266999697330004
1128	18481152	10	5.0	5.0	10.0	0.0	10	6.0	4.898979485566356	10.0	0.0	-0.008648008706292046	-2.3890797071153784	0.18116185152568298	12.006749969983126	42.74899957251001
1132	18546688	10	8.0	4.0	10.0	0.0	10	9.0	3.0	10.0	0.0	-0.0074949912321319485	-2.3655913345535096	0.16724400763830857	11.176499972058751	25.119999748800005
1136	18612224	10	8.0	4.0	10.0	0.0	10	3.0	4.58257569495584	10.0	0.0	-0.0096083097925956	-2.3308810539599154	0.1651626499973798	11.899749970250626	32.7299996727
1140	18677760	10	5.0	5.0	10.0	0.0	10	7.0	4.58257569495584	10.0	0.0	-0.007130217208987255	-2.3536496681503474	0.15361756465039356	11.713249970716875	24.915999750840005
1144	18743296	10	3.0	4.58257569495584	10.0	0.0	10	7.0	4.58257569495584	10.0	0.0	-0.007866241912566444	-2.3455894437969196	0.11746412685159145	11.950999970122501	38.938999610610004
1148	18808832	10	6.0	4.898979485566356	10.0	0.0	10	6.0	4.898979485566356	10.0	0.0	-0.008341179390946609	-2.3235968423449527	0.17082956617781242	11.669499970826251	12.762999872370003
1152	18874368	10	3.0	4.58257569495584	10.0	0.0	10	5.0	5.0	10.0	0.0	-0.008512721740491254	-2.298528474826596	0.19150080390142368	10.88749997278125	43.271999567280005
1156	18939904	10	7.0	4.58257569495584	10.0	0.0	10	6.0	4.898979485566356	10.0	0.0	-0.008031135744277138	-2.291667225221496	0.2425930210291716	11.057749972355627	19.301999806980003
1160	19005440	10	6.0	4.898979485566356	10.0	0.0	10	4.0	4.898979485566356	10.0	0.0	-0.00719468394694799	-2.323835747695295	0.22615700274833608	10.67599997331	28.903999710960004
1164	19070976	10	5.0	5.0	10.0	0.0	10	6.0	4.898979485566356	10.0	0.0	-0.007354059248571248	-2.278077684105561	0.18666504360343192	11.277749971805626	45.71099954289001
1168	19136512	10	2.0	4.0	10.0	0.0	10	4.0	4.898979485566356	10.0	0.0	-0.007791016853941687	-2.3652928022066564	0.1702048097715057	10.9199999727	43.24099956759001
1172	19202048	10	5.0	5.0	10.0	0.0	10	5.0	5.0	10.0	0.0	-0.0076040144914523745	-2.332896513000506	0.22301029807427591	11.296249971759377	42.34899957651
1176	19267584	10	3.0	4.58257569495584	10.0	0.0	10	4.0	4.898979485566356	10.0	0.0	-0.006784394569473351	-2.367486233265947	0.15208196188291215	11.733999970665	40.82899959171001
1180	19333120	10	5.0	5.0	10.0	0.0	10	6.0	4.898979485566356	10.0	0.0	-0.008460202069149422	-2.2949793659243523	0.23485134345516467	12.031999969920001	23.401999765980005
1184	19398656	10	3.0	4.58257569495584	10.0	0.0	10	7.0	4.58257569495584	10.0	0.0	-0.008109982635146003	-2.258841531736794	0.27973009906899743	12.061499969846253	38.83099961169001
1188	19464192	10	5.0	5.0	10.0	0.0	10	6.0	4.898979485566356	10.0	0.0	-0.008494475249208735	-2.303343062359568	0.20527321486147793	11.525999971185	26.492999735070004
1192	19529728	10	4.0	4.898979485566356	10.0	0.0	10	7.0	4.58257569495584	10.0	0.0	-0.007798290602089317	-2.325419060643675	0.2073126891411957	11.413749971465625	42.90499957095001
1196	19595264	10	4.0	4.898979485566356	10.0	0.0	10	6.0	4.898979485566356	10.0	0.0	-0.006606428655301608	-2.351883388810741	0.17021310785564467	11.642249970894376	35.36499964635001
1200	19660800	10	4.0	4.898979485566356	10.0	0.0	10	4.0	4.898979485566356	10.0	0.0	-0.008671984245368951	-2.3940942210445413	0.14469480342276655	10.169249974576875	34.07199965928001
1204	19726336	10	6.0	4.898979485566356	10.0	0.0	10	4.0	4.898979485566356	10.0	0.0	-0.007950834710836144	-2.404213624445498	0.14323662452770328	10.825999972935001	31.293999687060005
1208	19791872	10	4.0	4.898979485566356	10.0	0.0	10	9.0	3.0	10.0	0.0	-0.008415424584232969	-2.335107673958089	0.19949493508570534	8.792499978018748	22.343999776560004
1212	19857408	10	2.0	4.0	10.0	0.0	10	6.0	4.898979485566356	10.0	0.0	-0.007680092755545392	-2.3644032475869596	0.1699410741971735	9.020749977448125	18.805999811940005
1216	19922944	10	5.0	5.0	10.0	0.0	10	7.0	4.58257569495584	10.0	0.0	-0.0073125100211617	-2.3588861969636405	0.1746385765545694	8.339749979150625	26.074999739250003
1220	19988480	10	7.0	4.58257569495584	10.0	0.0	10	6.0	4.898979485566356	10.0	0.0	-0.007855488721452539	-2.3685410665985347	0.18060661749585172	8.0449999798875	10.449999895500001
1224	20054016	10	5.0	5.0	10.0	0.0	10	3.0	4.58257569495584	10.0	0.0	-0.008429962785492379	-2.3637045818091904	0.23429552051902544	8.139999979650002	21.272999787270003
1228	20119552	10	3.0	4.58257569495584	10.0	0.0	10	6.0	4.898979485566356	10.0	0.0	-0.007848971133263183	-2.3328138190064696	0.23670626848333035	7.7732499805668755	13.156999868430002
1232	20185088	10	5.0	5.0	10.0	0.0	10	8.0	4.0	10.0	0.0	-0.00768531750793025	-2.268296733262292	0.2849009499277929	7.541499981146251	9.907999900920002
1236	20250624	10	4.0	4.898979485566356	10.0	0.0	10	4.0	4.898979485566356	10.0	0.0	-0.007276790852453424	-2.2638282127803766	0.24358731490195593	7.173249982066874	23.061999769380005
1240	20316160	10	8.0	4.0	10.0	0.0	10	9.0	3.0	10.0	0.0	-0.007363980269010351	-2.355581094575921	0.18157198751626988	7.050999982372501	16.131999838680002
1244	20381696	10	5.0	5.0	10.0	0.0	10	6.0	4.898979485566356	10.0	0.0	-0.008435260275625498	-2.3812760658565213	0.14165416680508253	7.14949998212625	21.027999789720003
1248	20447232	10	1.0	3.0	10.0	0.0	10	4.0	4.898979485566356	10.0	0.0	-0.008119579973696736	-2.380605071535086	0.17364637613971218	7.522749981193125	15.938999840610002
1252	20512768	10	6.0	4.898979485566356	10.0	0.0	10	7.0	4.58257569495584	10.0	0.0	-0.007757386286458792	-2.407607296851818	0.16178857176431538	7.484999981287499	24.764999752350004
1256	20578304	10	5.0	5.0	10.0	0.0	10	7.0	4.58257569495584	10.0	0.0	-0.007360373501636481	-2.391786301880283	0.12451274730520336	7.6999999807499995	13.524999864750002
1260	20643840	10	7.0	4.58257569495584	10.0	0.0	10	6.0	4.898979485566356	10.0	0.0	-0.007465898109462534	-2.3936997426042974	0.20738908297084635	6.865999982835	22.538999774610005
1264	20709376	10	4.0	4.898979485566356	10.0	0.0	10	7.0	4.58257569495584	10.0	0.0	-0.007883888168875005	-2.392841624467663	0.13112720628455313	7.011249982471876	23.987999760120005
1268	20774912	10	7.0	4.58257569495584	10.0	0.0	10	2.0	4.0	10.0	0.0	-0.008302574668398318	-2.3323778408323053	0.196608274223292	7.3502499816243745	23.804999761950004
1272	20840448	10	5.0	5.0	10.0	0.0	10	8.0	4.0	10.0	0.0	-0.008270217155816491	-2.3272371413866395	0.18578332148419738	7.611999980969999	17.838999821610003
1276	20905984	10	6.0	4.898979485566356	10.0	0.0	10	4.0	4.898979485566356	10.0	0.0	-0.007937995845857138	-2.3290200454550827	0.189556870822607	7.233249981916875	27.616999723830006
1280	20971520	10	4.0	4.898979485566356	10.0	0.0	10	4.0	4.898979485566356	10.0	0.0	-0.00791595161150329	-2.3059485254269876	0.1947460050181343	7.341249981646874	25.489999745100004
1284	21037056	10	5.0	5.0	10.0	0.0	10	4.0	4.898979485566356	10.0	0.0	-0.008928069773577692	-2.321706277386895	0.16807603291037276	7.8109999804725	23.898999761010003
1288	21102592	10	5.0	5.0	10.0	0.0	10	7.0	4.58257569495584	10.0	0.0	-0.009132597630881737	-2.306256366032532	0.20965233792229626	7.758749980603126	19.426999805730002
1292	21168128	10	5.0	5.0	10.0	0.0	10	4.0	4.898979485566356	10.0	0.0	-0.007934523310199958	-2.320488917089183	0.15499827644414926	7.38449998153875	15.660999843390002
1296	21233664	10	6.0	4.898979485566356	10.0	0.0	10	8.0	4.0	10.0	0.0	-0.008507690340616676	-2.332050492123233	0.1323726711812066	7.463999981340001	17.616999823830003
1300	21299200	10	6.0	4.898979485566356	10.0	0.0	10	7.0	4.58257569495584	10.0	0.0	-0.007121025127936334	-2.3353763468614397	0.20614730991448846	7.3909999815225005	9.838999901610002
1304	21364736	10	5.0	5.0	10.0	0.0	10	6.0	4.898979485566356	10.0	0.0	-0.008751195547724246	-2.34123989666949	0.15497175385182105	7.0329999824175005	16.78699983213
1308	21430272	10	3.0	4.58257569495584	10.0	0.0	10	8.0	4.0	10.0	0.0	-0.008508635894964285	-2.336474579826	0.1705637024537872	7.3672499815818755	25.275999747240004
1312	21495808	10	3.0	4.58257569495584	10.0	0.0	10	7.0	4.58257569495584	10.0	0.0	-0.007949588479965478	-2.348523917052884	0.16733986269491724	6.4969999837575	19.77199980228
1316	21561344	10	7.0	4.58257569495584	10.0	0.0	10	3.0	4.58257569495584	10.0	0.0	-0.008483486935524554	-2.318367972728512	0.2030330231822634	5.995749985010625	8.396999916030001
1320	21626880	10	5.0	5.0	10.0	0.0	10	9.0	3.0	10.0	0.0	-0.007990424125108047	-2.25535724040221	0.24804839582392596	6.168749984578126	12.352999876470001
1324	21692416	10	4.0	4.898979485566356	10.0	0.0	10	6.0	4.898979485566356	10.0	0.0	-0.008329474975088794	-2.275095517199674	0.1790839544466105	5.677249985806874	20.113999798860004
1328	21757952	10	6.0	4.898979485566356	10.0	0.0	10	8.0	4.0	10.0	0.0	-0.007380424032654781	-2.273445141575348	0.17069563702454293	5.807249985481875	20.172999798270002
1332	21823488	10	6.0	4.898979485566356	10.0	0.0	10	8.0	4.0	10.0	0.0	-0.007558846304589314	-2.297516015429385	0.14686147960235718	5.967249985081875	18.895999811040003
1336	21889024	10	2.0	4.0	10.0	0.0	10	9.0	3.0	10.0	0.0	-0.007627955079254223	-2.2979198368976963	0.15358842822364974	5.875749985310624	13.467999865320001
1340	21954560	10	6.0	4.898979485566356	10.0	0.0	10	8.0	4.0	10.0	0.0	-0.007607867465105287	-2.232956776783722	0.24364294497241792	5.955749985110625	13.225999867740002
1344	22020096	10	8.0	4.0	10.0	0.0	10	6.0	4.898979485566356	10.0	0.0	-0.008243206072671351	-2.2863128505749133	0.15871890213549844	6.007249984981876	15.451999845480003
1348	22085632	10	5.0	5.0	10.0	0.0	10	7.0	4.58257569495584	10.0	0.0	-0.008907562814462346	-2.2829315113630066	0.22872233900652994	5.85549998536125	15.816999841830002
1352	22151168	10	7.0	4.58257569495584	10.0	0.0	10	7.0	4.58257569495584	10.0	0.0	-0.008059976034695444	-2.2846074747646266	0.25104577914369697	5.575249986061874	8.05599991944
1356	22216704	10	4.0	4.898979485566356	10.0	0.0	10	9.0	3.0	10.0	0.0	-0.00878925728859638	-2.2952687837276096	0.1843959494146602	5.910749985223125	10.46299989537
1360	22282240	10	3.0	4.58257569495584	10.0	0.0	10	5.0	5.0	10.0	0.0	-0.008732566029417743	-2.333048360800109	0.1628261305377398	6.120749984698125	18.42299981577
1364	22347776	10	7.0	4.58257569495584	10.0	0.0	10	5.0	5.0	10.0	0.0	-0.008270667263531692	-2.331430184101593	0.1585623224411145	6.391749984020625	20.687999793120003
1368	22413312	10	6.0	4.898979485566356	10.0	0.0	10	5.0	5.0	10.0	0.0	-0.00850341692817839	-2.3201906529632312	0.21160166366926028	5.803749985490624	19.448999805510006
1372	22478848	10	5.0	5.0	10.0	0.0	10	4.0	4.898979485566356	10.0	0.0	-0.006924021471792888	-2.3836316364507457	0.16576536184312723	5.9909999850225	18.33599981664
1376	22544384	10	6.0	4.898979485566356	10.0	0.0	10	6.0	4.898979485566356	10.0	0.0	-0.007579853672540163	-2.383266207824246	0.19012915604940403	6.621499983446251	12.693999873060003
1380	22609920	10	5.0	5.0	10.0	0.0	10	4.0	4.898979485566356	10.0	0.0	-0.007883398487226344	-2.32415896629919	0.23824013068653016	6.44399998389	16.824999831750002
1384	22675456	10	6.0	4.898979485566356	10.0	0.0	10	8.0	4.0	10.0	0.0	-0.007818092768294482	-2.373307436457416	0.13944954765128856	6.305249984236875	20.61499979385
1388	22740992	10	3.0	4.58257569495584	10.0	0.0	10	3.0	4.58257569495584	10.0	0.0	-0.007849326031435034	-2.3762855328627706	0.1477791440984897	6.34549998413625	18.276999817230003
1392	22806528	10	3.0	4.58257569495584	10.0	0.0	10	7.0	4.58257569495584	10.0	0.0	-0.007308494308590167	-2.3743693205227743	0.1716693882884449	6.697249983256875	9.72799990272
1396	22872064	10	7.0	4.58257569495584	10.0	0.0	10	5.0	5.0	10.0	0.0	-0.0078107987978353255	-2.3605557354812596	0.19329892190022382	6.5549999836125	6.9339999306600015
1400	22937600	10	6.0	4.898979485566356	10.0	0.0	10	7.0	4.58257569495584	10.0	0.0	-0.007307538204104017	-2.3508194011981276	0.20626602723287685	5.998999985002499	14.810999851890003
1404	23003136	10	6.0	4.898979485566356	10.0	0.0	10	6.0	4.898979485566356	10.0	0.0	-0.007428043339268013	-2.2706495198229004	0.24871227949750482	5.294249986764375	21.764999782350003
1408	23068672	10	6.0	4.898979485566356	10.0	0.0	10	7.0	4.58257569495584	10.0	0.0	-0.008714539492759197	-2.281226431092417	0.2043358737700421	5.77549998556125	19.097999809020003
1412	23134208	10	8.0	4.0	10.0	0.0	10	7.0	4.58257569495584	10.0	0.0	-0.00723544316058115	-2.2889288611809295	0.23820538723222648	6.347749984130624	7.610999923890001
1416	23199744	10	7.0	4.58257569495584	10.0	0.0	10	6.0	4.898979485566356	10.0	0.0	-0.008205344400018372	-2.2764873924466897	0.1990527406437971	5.9089999852275	8.679999913200001
1420	23265280	10	7.0	4.58257569495584	10.0	0.0	10	6.0	4.898979485566356	10.0	0.0	-0.0080961877481417	-2.3807785980406972	0.12119478599147678	4.700249988249376	14.227999857720002
1424	23330816	10	8.0	4.0	10.0	0.0	10	7.0	4.58257569495584	10.0	0.0	-0.0076453922293916125	-2.399288055547492	0.14274417394061353	4.935749987660626	5.020999949790001
1428	23396352	10	4.0	4.898979485566356	10.0	0.0	10	7.0	4.58257569495584	10.0	0.0	-0.008789639640168965	-2.3489110964076705	0.19519135012431213	4.435749988910626	15.032999849670002
1432	23461888	10	4.0	4.898979485566356	10.0	0.0	10	5.0	5.0	10.0	0.0	-0.008289667047438855	-2.3270175082047726	0.2038419473083075	4.6669999883325	12.915999870840002
1436	23527424	10	4.0	4.898979485566356	10.0	0.0	10	8.0	4.0	10.0	0.0	-0.0076564876572984605	-2.365025572232414	0.21109104480258176	5.01199998747	14.230999857690001
1440	23592960	10	3.0	4.58257569495584	10.0	0.0	10	10.0	0.0	10.0	10.0	-0.008608439764139547	-2.3494541717108506	0.2112582570963581	4.953749987615624	5.604999943950001
1444	23658496	10	4.0	4.898979485566356	10.0	0.0	10	8.0	4.0	10.0	0.0	-0.007861508606249967	-2.365637888264601	0.1216109920321635	5.043999987389999	10.368999896310001
1448	23724032	10	5.0	5.0	10.0	0.0	10	8.0	4.0	10.0	0.0	-0.008412048806685453	-2.324427306409941	0.13971663490034603	5.251999986869999	9.402999905970002
1452	23789568	10	5.0	5.0	10.0	0.0	10	8.0	4.0	10.0	0.0	-0.007538452702468265	-2.362860207510229	0.16360888830234047	5.444999986387501	14.057999859420002
1456	23855104	10	8.0	4.0	10.0	0.0	10	6.0	4.898979485566356	10.0	0.0	-0.008607863566504226	-2.3484172644751773	0.21160815700547025	5.37649998655875	10.469999895300003
1460	23920640	10	3.0	4.58257569495584	10.0	0.0	10	7.0	4.58257569495584	10.0	0.0	-0.007320544507057602	-2.3716364475601073	0.21491243129220086	5.603499985991251	9.479999905200001
1464	23986176	10	8.0	4.0	10.0	0.0	10	6.0	4.898979485566356	10.0	0.0	-0.007896275016199937	-2.3697050881897592	0.20933803137694726	4.97449998756375	13.554999864450002
1468	24051712	10	5.0	5.0	10.0	0.0	10	7.0	4.58257569495584	10.0	0.0	-0.00883262128050323	-2.410193343706203	0.1732601136720005	5.1989999870025	4.071999959280001
1472	24117248	10	3.0	4.58257569495584	10.0	0.0	10	8.0	4.0	10.0	0.0	-0.008810086613864428	-2.3459632617771704	0.17917640202674961	4.630249988424374	17.183999828160005
1476	24182784	10	7.0	4.58257569495584	10.0	0.0	10	9.0	3.0	10.0	0.0	-0.008694263086912747	-2.354304586602383	0.15074741334325867	4.787249988031875	8.191999918080002
1480	24248320	10	5.0	5.0	10.0	0.0	10	4.0	4.898979485566356	10.0	0.0	-0.008244081343693734	-2.2920386788841705	0.17015765007985897	4.1689999895775	18.158999818410003
1484	24313856	10	5.0	5.0	10.0	0.0	10	7.0	4.58257569495584	10.0	0.0	-0.008762013721628256	-2.3104530322131827	0.1877602653692781	4.46349998884125	16.24299983757
1488	24379392	10	4.0	4.898979485566356	10.0	0.0	10	6.0	4.898979485566356	10.0	0.0	-0.008118811057772108	-2.3009254184948706	0.19467671803343956	4.454499988863749	15.702999842970002
1492	24444928	10	5.0	5.0	10.0	0.0	10	9.0	3.0	10.0	0.0	-0.0077548730906635815	-2.307587849356762	0.2011388740292778	4.58949998852625	6.429999935700001
1496	24510464	10	5.0	5.0	10.0	0.0	10	7.0	4.58257569495584	10.0	0.0	-0.008761477401091292	-2.264310044311056	0.17877550855900248	4.613249988466875	11.051999889480001
1500	24576000	10	3.0	4.58257569495584	10.0	0.0	10	10.0	0.0	10.0	10.0	-0.00783919657178754	-2.322027548905728	0.15990907704965004	4.676499988308751	8.28899991711
1504	24641536	10	8.0	4.0	10.0	0.0	10	9.0	3.0	10.0	0.0	-0.00800546132973048	-2.323683706180596	0.14969989034960948	5.233249986916875	7.385999926140001
1508	24707072	10	7.0	4.58257569495584	10.0	0.0	10	9.0	3.0	10.0	0.0	-0.008520954224596372	-2.3151901933125996	0.20286516361929777	5.230249986924375	5.0569999494300015
1512	24772608	10	9.0	3.0	10.0	0.0	10	8.0	4.0	10.0	0.0	-0.008935473817148945	-2.2274768499199866	0.22441023166747776	4.955749987610625	8.30899991691
1516	24838144	10	7.0	4.58257569495584	10.0	0.0	10	8.0	4.0	10.0	0.0	-0.008544995467995843	-2.2974949004839758	0.15502498747407836	4.381249989046875	7.562999924370001
1520	24903680	10	6.0	4.898979485566356	10.0	0.0	10	7.0	4.58257569495584	10.0	0.0	-0.008115430824913212	-2.2175225985720513	0.2556604812586725	4.322999989192501	16.1599998384
1524	24969216	10	4.0	4.898979485566356	10.0	0.0	10	7.0	4.58257569495584	10.0	0.0	-0.008044428586568135	-2.21825362222135	0.19921243173168207	4.436749988908125	8.659999913400002
