iter	frame	n_test	mean_returns	std_returns	max_returns	min_returns	n_test_train	mean_returns_train	std_returns_train	max_returns_train	min_returns_train	actor_loss	entropy_loss	value_loss	training_time	evaluation_time
0	0	10	1.0	3.0	10.0	0.0	10	2.0	4.0	10.0	0.0	0	0	0	0.0	37.572999624270004
4	65536	10	2.0	4.0	10.0	0.0	10	1.0	3.0	10.0	0.0	0.0033944336000282056	-2.574023986588015	0.1869104187352841	11.373749971565626	34.36899965631
8	131072	10	1.0	3.0	10.0	0.0	10	3.0	4.58257569495584	10.0	0.0	-0.0035626376686728953	-2.551859495274641	0.2020146114696485	10.749749973125624	36.640999633590006
12	196608	10	4.0	4.898979485566356	10.0	0.0	10	3.0	4.58257569495584	10.0	0.0	-0.0037768799407489717	-2.6289660729212887	0.1788433199406881	10.57549997356125	40.416999595830006
16	262144	10	2.3	3.950949253027682	10.0	0.0	10	4.0	4.898979485566356	10.0	0.0	-0.004218060435520687	-2.643857920887839	0.19834067057304328	10.4409999738975	42.27599957724001
20	327680	10	2.0	4.0	10.0	0.0	10	3.0	4.58257569495584	10.0	0.0	-0.005080599727763401	-2.6436267691083706	0.20904011098663564	10.096249974759374	39.67599960324001
24	393216	10	3.0	4.58257569495584	10.0	0.0	10	3.0	4.58257569495584	10.0	0.0	-0.005598283697229042	-2.6536421698547854	0.22830018623837428	10.803749972990627	41.08799958912001
28	458752	10	5.0	5.0	10.0	0.0	10	5.0	5.0	10.0	0.0	-0.004672855721581199	-2.6468307795350348	0.3103520515982878	10.830999972922502	42.76599957234001
32	524288	10	3.0	4.58257569495584	10.0	0.0	10	1.0	3.0	10.0	0.0	-0.004890006600156329	-2.6503397273243383	0.2339670623719362	10.27199997432	41.286999587130005
36	589824	10	4.0	4.898979485566356	10.0	0.0	10	6.0	4.898979485566356	10.0	0.0	-0.00638501297295871	-2.6302582320811325	0.21449056436246536	9.7849999755375	45.39599954604001
40	655360	10	5.0	5.0	10.0	0.0	10	3.0	4.58257569495584	10.0	0.0	-0.006417313483263274	-2.602296625303357	0.25160581150265254	9.646499975883751	42.94499957055001
44	720896	10	3.0	4.58257569495584	10.0	0.0	10	5.0	5.0	10.0	0.0	-0.005374743425561747	-2.5433153060409563	0.2825117556394403	9.833249975416875	43.19199956808001
48	786432	10	2.0	4.0	10.0	0.0	10	7.0	4.58257569495584	10.0	0.0	-0.005971382977789061	-2.5401098700698714	0.28510222907002253	9.861749975345626	41.631999583680006
52	851968	10	2.0	4.0	10.0	0.0	10	4.0	4.898979485566356	10.0	0.0	-0.006708843288438359	-2.4901735680688284	0.2855241928573058	9.664749975838125	44.25999955740001
56	917504	10	4.0	4.898979485566356	10.0	0.0	10	4.0	4.898979485566356	10.0	0.0	-0.006485821988999756	-2.4965190537156867	0.2670929409906201	9.692249975769375	45.706999542930006
60	983040	10	2.0	4.0	10.0	0.0	10	1.0	3.0	10.0	0.0	-0.007158911572799666	-2.4825028054313765	0.31558370695576926	9.497999976254999	43.59599956404001
64	1048576	10	3.0	4.58257569495584	10.0	0.0	10	3.0	4.58257569495584	10.0	0.0	-0.006052637544877849	-2.4469350772534013	0.30494360343170596	9.561249976096875	43.96799956032001
68	1114112	10	6.0	4.898979485566356	10.0	0.0	10	3.0	4.58257569495584	10.0	0.0	-0.0073738863979895385	-2.420105859385166	0.27476507888107377	9.70749997573125	43.375999566240004
72	1179648	10	4.0	4.898979485566356	10.0	0.0	10	6.0	4.898979485566356	10.0	0.0	-0.007641661370560646	-2.4599893214722983	0.22369951410993277	9.805499975486251	42.92599957074001
76	1245184	10	5.0	5.0	10.0	0.0	10	2.0	4.0	10.0	0.0	-0.0064787169145268395	-2.4503670282592975	0.2889783953325931	10.318249974204374	39.67599960324001
80	1310720	10	1.0	3.0	10.0	0.0	10	4.0	4.898979485566356	10.0	0.0	-0.007442805066433924	-2.488055171806721	0.20214069694658518	11.45599997136	37.63599962364001
84	1376256	10	3.0	4.58257569495584	10.0	0.0	10	2.0	4.0	10.0	0.0	-0.007601736942096389	-2.444137774153266	0.25988653408139833	10.61349997346625	38.55199961448
88	1441792	10	5.0	5.0	10.0	0.0	10	6.0	4.898979485566356	10.0	0.0	-0.007231699551847125	-2.41100741649388	0.2518484821901637	10.966999972582501	35.74899964251001
92	1507328	10	1.0	3.0	10.0	0.0	10	6.0	4.898979485566356	10.0	0.0	-0.0071928198150782805	-2.425731171911601	0.23714556076887594	10.918499972703751	37.67599962324001
96	1572864	10	2.0	4.0	10.0	0.0	10	7.0	4.58257569495584	10.0	0.0	-0.007350497662468839	-2.3609219662869365	0.2600406586542554	10.899249972751875	39.62899960371001
100	1638400	10	6.0	4.898979485566356	10.0	0.0	10	5.0	5.0	10.0	0.0	-0.006995096426058354	-2.4005413773142146	0.2347127689425037	10.694999973262501	15.882999841170001
104	1703936	10	3.0	4.58257569495584	10.0	0.0	10	3.0	4.58257569495584	10.0	0.0	-0.007707436055277183	-2.4138567296136304	0.22547519127041815	11.672249970819376	35.929999640700004
108	1769472	10	7.0	4.58257569495584	10.0	0.0	10	5.0	5.0	10.0	0.0	-0.007492870023702522	-2.343074212227574	0.27235362117135686	11.90349997024125	18.023999819760004
112	1835008	10	3.0	4.58257569495584	10.0	0.0	10	2.0	4.0	10.0	0.0	-0.00861600795331456	-2.384678140034227	0.20920735641997357	10.435249973911874	34.13199965868
116	1900544	10	4.0	4.898979485566356	10.0	0.0	10	5.0	5.0	10.0	0.0	-0.008119381589861769	-2.370620108893933	0.2502254596650719	9.374999976562501	40.73899959261001
120	1966080	10	4.0	4.898979485566356	10.0	0.0	10	4.0	4.898979485566356	10.0	0.0	-0.008411909656421414	-2.3969228910889866	0.22059993241788786	9.38049997654875	30.757999692420004
124	2031616	10	7.0	4.58257569495584	10.0	0.0	10	4.0	4.898979485566356	10.0	0.0	-0.008576175800970075	-2.3632033961536485	0.2013810098271903	10.3229999741925	28.519999714800004
128	2097152	10	5.0	5.0	10.0	0.0	10	1.0	3.0	10.0	0.0	-0.00805402317601955	-2.393605756013604	0.23762530675787047	11.041749972395627	38.92899961071001
132	2162688	10	5.0	5.0	10.0	0.0	10	2.0	4.0	10.0	0.0	-0.006629247465062449	-2.3738538272689613	0.2072955909900501	10.949749972625625	40.011999599880006
136	2228224	10	5.0	5.0	10.0	0.0	10	5.0	5.0	10.0	0.0	-0.008046338440555488	-2.364789758873019	0.19624974390310218	10.766749973083126	43.28399956716001
140	2293760	10	5.0	5.0	10.0	0.0	10	1.0	3.0	10.0	0.0	-0.008004122821527382	-2.400905735540635	0.19195090635853257	9.628499975928749	32.55399967446001
144	2359296	10	2.0	4.0	10.0	0.0	10	5.0	5.0	10.0	0.0	-0.007977708409349627	-2.3839347161352893	0.21580207687106878	10.781249973046876	39.44099960559001
148	2424832	10	3.0	4.58257569495584	10.0	0.0	10	4.0	4.898979485566356	10.0	0.0	-0.007910040628388782	-2.3361528786570194	0.2423330189718202	10.936499972658751	40.39699959603001
152	2490368	10	4.0	4.898979485566356	10.0	0.0	10	5.0	5.0	10.0	0.0	-0.008460943896683858	-2.351992698762194	0.20547135715405618	10.509249973726874	40.984999590150004
156	2555904	10	7.0	4.58257569495584	10.0	0.0	10	5.0	5.0	10.0	0.0	-0.007708859627913399	-2.337724024807286	0.24166185546011715	10.491499973771251	39.882999601170006
160	2621440	10	4.0	4.898979485566356	10.0	0.0	10	4.0	4.898979485566356	10.0	0.0	-0.009016827179615527	-2.347130837295339	0.22089766118857979	10.730749973173126	38.91699961083001
164	2686976	10	3.0	4.58257569495584	10.0	0.0	10	5.0	5.0	10.0	0.0	-0.00797586049316412	-2.3340285889856607	0.21071364743923648	11.326249971684376	36.92699963073001
168	2752512	10	1.0	3.0	10.0	0.0	10	5.0	5.0	10.0	0.0	-0.00834263703689233	-2.40229860171487	0.21738980770330132	12.037749969905624	33.950999660490005
172	2818048	10	3.0	4.58257569495584	10.0	0.0	10	4.0	4.898979485566356	10.0	0.0	-0.007370723265153913	-2.4133466032613735	0.19789635915731296	11.918499970203753	34.31799965682001
176	2883584	10	6.0	4.898979485566356	10.0	0.0	10	4.0	4.898979485566356	10.0	0.0	-0.008251047008393459	-2.3987857945248177	0.20965570038484135	12.416749968958126	34.88299965117001
180	2949120	10	2.0	4.0	10.0	0.0	10	5.0	5.0	10.0	0.0	-0.007713924224344589	-2.4172651392683697	0.17568257976976864	12.676249968309374	33.01999966980001
184	3014656	10	1.0	3.0	10.0	0.0	10	4.0	4.898979485566356	10.0	0.0	-0.008332446296704496	-2.4031148873249837	0.20974184135894672	12.167249969581874	33.242999667570004
188	3080192	10	3.0	4.58257569495584	10.0	0.0	10	6.0	4.898979485566356	10.0	0.0	-0.00814540797158202	-2.4063365829464565	0.22122775062476852	12.56649996858375	32.16399967836001
192	3145728	10	2.0	4.0	10.0	0.0	10	7.0	4.58257569495584	10.0	0.0	-0.00844122362380695	-2.4290449467751345	0.22570604145659307	12.618249968454375	27.740999722590004
196	3211264	10	2.0	4.0	10.0	0.0	10	6.0	4.898979485566356	10.0	0.0	-0.008455395239281262	-2.433646040404651	0.18912065058218364	12.604749968488125	32.08999967910001
200	3276800	10	4.0	4.898979485566356	10.0	0.0	10	3.0	4.58257569495584	10.0	0.0	-0.007021331801172433	-2.4412572257161296	0.22863943499925277	12.442249968894377	34.42799965572
204	3342336	10	5.3	4.775981574503821	10.0	0.0	10	4.0	4.898979485566356	10.0	0.0	-0.008203669466087145	-2.4340714983590135	0.20682032745660672	11.936999970157501	35.73099964269001
208	3407872	10	1.0	3.0	10.0	0.0	10	2.0	4.0	10.0	0.0	-0.00739741418433619	-2.4442504691518363	0.26163764403891093	11.856499970358751	34.355999656440005
212	3473408	10	2.0	4.0	10.0	0.0	10	5.0	5.0	10.0	0.0	-0.007360501987771976	-2.4250016557631096	0.21190646785277126	11.88049997029875	36.12099963879001
216	3538944	10	3.0	4.58257569495584	10.0	0.0	10	4.0	4.898979485566356	10.0	0.0	-0.008096052475963072	-2.4233574417689367	0.22198732908986302	12.011749969970625	35.05299964947
220	3604480	10	4.0	4.898979485566356	10.0	0.0	10	3.0	4.58257569495584	10.0	0.0	-0.00798130001605315	-2.445907540364591	0.20643364511763437	12.354249969114376	35.17599964824001
224	3670016	10	3.0	4.58257569495584	10.0	0.0	10	7.0	4.58257569495584	10.0	0.0	-0.0068219591793288875	-2.416656804329748	0.23470171212567859	12.266749969333123	31.593999684060005
228	3735552	10	3.0	4.58257569495584	10.0	0.0	10	1.0	3.0	10.0	0.0	-0.007587187864493007	-2.427727562432919	0.204523933719649	11.678249970804375	35.315999646840005
232	3801088	10	3.0	4.58257569495584	10.0	0.0	10	5.3	4.775981574503821	10.0	0.0	-0.007969616334249216	-2.4184350691700067	0.23605392793218088	11.955749970110624	35.04399964956
236	3866624	10	1.0	3.0	10.0	0.0	10	3.0	4.58257569495584	10.0	0.0	-0.007744841706074079	-2.4392553242486965	0.20925269972215915	11.980249970049373	34.699999653000006
240	3932160	10	3.0	4.58257569495584	10.0	0.0	10	4.0	4.898979485566356	10.0	0.0	-0.007295973387194293	-2.4384384401086083	0.21412308092792587	11.838749970403127	36.298999637010006
244	3997696	10	3.0	4.58257569495584	10.0	0.0	10	2.0	4.0	10.0	0.0	-0.008626120978999122	-2.434209060912087	0.1973884254488372	11.568999971077499	27.628999723710006
248	4063232	10	3.0	4.58257569495584	10.0	0.0	10	3.0	4.58257569495584	10.0	0.0	-0.00911955255677535	-2.4159590822921873	0.2045841328586616	12.4849999687875	34.335999656640006
252	4128768	10	4.0	4.898979485566356	10.0	0.0	10	2.0	4.0	10.0	0.0	-0.008704302319835194	-2.4440357930895926	0.1690603336919325	12.097749969755627	34.8199996518
256	4194304	10	6.0	4.898979485566356	10.0	0.0	10	3.0	4.58257569495584	10.0	0.0	-0.008650550884651751	-2.4042578312237017	0.17322569711192046	12.230749969423126	15.274999847250003
260	4259840	10	3.0	4.58257569495584	10.0	0.0	10	7.0	4.58257569495584	10.0	0.0	-0.008624247541179625	-2.451822511596389	0.1861401779848901	11.659749970850624	36.873999631260006
264	4325376	10	5.0	5.0	10.0	0.0	10	6.0	4.898979485566356	10.0	0.0	-0.009123481561760004	-2.3979759114469625	0.20347327271219517	12.007999969980002	29.049999709500007
268	4390912	10	3.0	4.58257569495584	10.0	0.0	10	4.0	4.898979485566356	10.0	0.0	-0.008560809578757024	-2.3773797673490775	0.21863674944472736	11.447249971381876	28.188999718110004
272	4456448	10	3.0	4.58257569495584	10.0	0.0	10	3.0	4.58257569495584	10.0	0.0	-0.008499402879982161	-2.3633225160362197	0.22571157832451902	11.12049997219875	34.34299965657001
276	4521984	10	3.0	4.58257569495584	10.0	0.0	10	4.0	4.898979485566356	10.0	0.0	-0.008114513125356665	-2.3638644364994077	0.20207475698000282	11.111749972220625	40.61699959383
280	4587520	10	3.0	4.58257569495584	10.0	0.0	10	4.0	4.898979485566356	10.0	0.0	-0.007044224113869744	-2.3898168700430884	0.1948260306177745	11.036749972408124	39.99299960007001
284	4653056	10	2.0	4.0	10.0	0.0	10	4.0	4.898979485566356	10.0	0.0	-0.0077101290921293844	-2.3790774789954576	0.18756264888590338	10.95849997260375	42.41299957587
288	4718592	10	4.0	4.898979485566356	10.0	0.0	10	5.0	5.0	10.0	0.0	-0.008909856528570828	-2.381375988076423	0.16450690491894898	10.35149997412125	34.46799965532001
292	4784128	10	3.0	4.58257569495584	10.0	0.0	10	7.0	4.58257569495584	10.0	0.0	-0.008166745316337234	-2.366341488810252	0.18760096543687443	10.729999973175001	30.112999698870006
296	4849664	10	4.0	4.898979485566356	10.0	0.0	10	4.0	4.898979485566356	10.0	0.0	-0.008139439350756617	-2.4048376602409625	0.21073290982882484	11.212749971968124	23.960999760390003
300	4915200	10	3.0	4.58257569495584	10.0	0.0	10	3.0	4.58257569495584	10.0	0.0	-0.008913707498910078	-2.43216840400792	0.1755730216208496	12.144499969638751	34.36799965632001
304	4980736	10	5.0	5.0	10.0	0.0	10	8.0	4.0	10.0	0.0	-0.0063868015100541345	-2.4198143181664387	0.1808819694566559	12.573249968566875	32.48899967511
308	5046272	10	2.0	4.0	10.0	0.0	10	7.0	4.58257569495584	10.0	0.0	-0.007222358701716201	-2.383204524467491	0.1877091457716547	12.853999967864999	26.151999738480004
312	5111808	10	4.0	4.898979485566356	10.0	0.0	10	5.0	5.0	10.0	0.0	-0.007753100332694901	-2.3964623359329624	0.17221443042848705	12.515749968710626	34.92399965076
316	5177344	10	1.0	3.0	10.0	0.0	10	3.0	4.58257569495584	10.0	0.0	-0.008544798881322407	-2.3538397200437204	0.21317323527872278	11.966999970082501	34.462999655370005
320	5242880	10	5.0	5.0	10.0	0.0	10	8.0	4.0	10.0	0.0	-0.007757644836399926	-2.397549388059575	0.208675105102975	11.78949997052625	31.839999681600005
324	5308416	10	5.3	4.775981574503821	10.0	0.0	10	5.0	5.0	10.0	0.0	-0.008602790955605724	-2.36157989725706	0.2305851944792483	11.769249970576874	32.61299967387001
328	5373952	10	5.0	5.0	10.0	0.0	10	3.0	4.58257569495584	10.0	0.0	-0.008433370694881375	-2.423692479477184	0.16930405871420817	12.388249969029374	34.58999965410001
332	5439488	10	2.3	3.9509492530276824	10.0	0.0	10	4.0	4.898979485566356	10.0	0.0	-0.008503994102004692	-2.357961870484302	0.17083997456129502	12.213249969466876	33.81899966181001
336	5505024	10	5.0	5.0	10.0	0.0	10	2.0	4.0	10.0	0.0	-0.00819479041128467	-2.446227994803085	0.1436672814351175	12.587749968530625	34.585999654140004
340	5570560	10	5.0	5.0	10.0	0.0	10	6.0	4.898979485566356	10.0	0.0	-0.007860800398490346	-2.3963721839077494	0.16591470663570124	12.7409999681475	32.97399967026
344	5636096	10	5.0	5.0	10.0	0.0	10	7.0	4.58257569495584	10.0	0.0	-0.008096684960406492	-2.365151372802253	0.17362826882294688	12.839499967901249	22.441999775580005
348	5701632	10	2.0	4.0	10.0	0.0	10	5.0	5.0	10.0	0.0	-0.008890299467549786	-2.3806903185947403	0.18915545853057564	12.727499968181249	32.758999672410006
352	5767168	10	4.0	4.898979485566356	10.0	0.0	10	3.0	4.58257569495584	10.0	0.0	-0.008649511566251036	-2.3937209171543516	0.1993073910888047	12.962999967592502	28.229999717700004
356	5832704	10	6.0	4.898979485566356	10.0	0.0	10	6.0	4.898979485566356	10.0	0.0	-0.008807055054595645	-2.416877259559007	0.1755230102970899	12.690249968274376	23.504999764950004
360	5898240	10	3.0	4.58257569495584	10.0	0.0	10	3.3	4.473253849269008	10.0	0.0	-0.007737887008667797	-2.4038104437271177	0.16077311009356549	10.983249972541874	36.55799963442001
364	5963776	10	2.0	4.0	10.0	0.0	10	6.0	4.898979485566356	10.0	0.0	-0.007797639379629724	-2.3790629131103924	0.203901130995273	9.986999975032502	43.13199956868
368	6029312	10	4.0	4.898979485566356	10.0	0.0	10	4.0	4.898979485566356	10.0	0.0	-0.009084424216440496	-2.3856842838226187	0.17360759695425224	10.243249974391874	41.909999580900006
372	6094848	10	5.0	5.0	10.0	0.0	10	6.0	4.898979485566356	10.0	0.0	-0.00802151536883194	-2.3488641602334415	0.18985449365535606	11.095499972261251	33.013999669860006
376	6160384	10	3.0	4.58257569495584	10.0	0.0	10	5.0	5.0	10.0	0.0	-0.007748354275262707	-2.2964592697811113	0.20227601842710358	10.26049997434875	41.36799958632001
380	6225920	10	2.0	4.0	10.0	0.0	10	8.0	4.0	10.0	0.0	-0.008476750567778378	-2.337842489038765	0.17937739106199732	10.970249972574376	40.605999593940005
384	6291456	10	4.0	4.898979485566356	10.0	0.0	10	3.0	4.58257569495584	10.0	0.0	-0.008063595121478213	-2.3587246013210907	0.16401328812197044	11.051249972371874	37.67199962328
388	6356992	10	3.0	4.58257569495584	10.0	0.0	10	5.0	5.0	10.0	0.0	-0.005784216724354506	-2.3773755677051485	0.19827560084979662	10.984499972538751	38.27599961724001
392	6422528	10	3.0	4.58257569495584	10.0	0.0	10	7.0	4.58257569495584	10.0	0.0	-0.008150687508289728	-2.3709541010373703	0.19325551062671908	10.999749972500624	30.901999690980006
396	6488064	10	4.0	4.898979485566356	10.0	0.0	10	2.0	4.0	10.0	0.0	-0.00761041897609329	-2.4186624335710056	0.164691998218105	10.184999974537499	41.631999583680006
400	6553600	10	6.0	4.898979485566356	10.0	0.0	10	5.3	4.775981574503821	10.0	0.0	-0.007773213044046965	-2.391169694313673	0.1946474403561053	10.463749973840626	40.500999594990006
404	6619136	10	3.0	4.58257569495584	10.0	0.0	10	3.0	4.58257569495584	10.0	0.0	-0.008352119605700328	-2.4036671516775656	0.1545262742471414	9.817749975455625	43.51699956483001
408	6684672	10	6.0	4.898979485566356	10.0	0.0	10	4.0	4.898979485566356	10.0	0.0	-0.007539300375783421	-2.3416652577663046	0.19458116992522942	9.779249975551876	43.42799956572001
412	6750208	10	3.0	4.58257569495584	10.0	0.0	10	7.0	4.58257569495584	10.0	0.0	-0.0075832754292891585	-2.3431115222516725	0.18818201665979392	9.868749975328123	43.36599956634001
416	6815744	10	6.3	4.605431575867781	10.0	0.0	10	6.0	4.898979485566356	10.0	0.0	-0.007556572267095538	-2.4221877900223086	0.1577804592118467	10.072249974819375	46.11599953884001
420	6881280	10	2.0	4.0	10.0	0.0	10	6.0	4.898979485566356	10.0	0.0	-0.007507781914506978	-2.373358003547922	0.16930172916600844	9.434249976414376	36.07599963924001
424	6946816	10	4.0	4.898979485566356	10.0	0.0	10	8.0	4.0	10.0	0.0	-0.008133730505871205	-2.4254502303855348	0.14665333816495763	9.2229999769425	35.41699964583001
428	7012352	10	6.0	4.898979485566356	10.0	0.0	10	5.0	5.0	10.0	0.0	-0.008166764697062996	-2.4278559558048056	0.1516254338433106	10.100249974749374	32.68599967314
432	7077888	10	4.0	4.898979485566356	10.0	0.0	10	4.0	4.898979485566356	10.0	0.0	-0.007927336057423778	-2.3877502304808558	0.1782795926370283	11.052999972367502	33.67799966322
436	7143424	10	4.0	4.898979485566356	10.0	0.0	10	5.0	5.0	10.0	0.0	-0.007690667538965955	-2.3959025887139354	0.20096446362093323	11.470499971323752	36.37699963623001
440	7208960	10	4.0	4.898979485566356	10.0	0.0	10	3.0	4.58257569495584	10.0	0.0	-0.008128276232190772	-2.3538454023531887	0.18918746428456132	11.64399997089	37.11299962887001
444	7274496	10	4.0	4.898979485566356	10.0	0.0	10	1.3	3.034798181098703	10.0	0.0	-0.008460620965431782	-2.3749118022630338	0.18410776382877914	11.4249999714375	39.35599960644001
448	7340032	10	2.0	4.0	10.0	0.0	10	2.0	4.0	10.0	0.0	-0.009047431841248703	-2.445217023038467	0.16671117595212565	10.788499973028749	40.219999597800005
452	7405568	10	1.0	3.0	10.0	0.0	10	3.0	4.58257569495584	10.0	0.0	-0.008278668403713852	-2.44776979559991	0.14585109053522982	10.842249972894376	40.579999594200004
456	7471104	10	4.0	4.898979485566356	10.0	0.0	10	2.0	4.0	10.0	0.0	-0.007350914584541364	-2.4059120836334644	0.1836303071858932	10.6429999733925	42.674999573250005
460	7536640	10	5.0	5.0	10.0	0.0	10	3.0	4.58257569495584	10.0	0.0	-0.00844750230471541	-2.379075723141964	0.1963448243321595	10.149999974624999	38.18199961818001
464	7602176	10	1.0	3.0	10.0	0.0	10	3.0	4.58257569495584	10.0	0.0	-0.008348627730547812	-2.426240982855946	0.1900697395317949	10.01999997495	33.16999966830001
468	7667712	10	6.0	4.898979485566356	10.0	0.0	10	5.0	5.0	10.0	0.0	-0.008954455444510213	-2.3904129984471667	0.16946659980439158	10.649499973376251	42.38799957612
472	7733248	10	5.0	5.0	10.0	0.0	10	6.0	4.898979485566356	10.0	0.0	-0.008698117701294101	-2.4288736604107557	0.18255936220559701	10.616999973457501	38.16799961832
476	7798784	10	4.0	4.898979485566356	10.0	0.0	10	3.3	4.473253849269008	10.0	0.0	-0.007819026118435856	-2.4537363596188095	0.15697421170688178	10.929499972676249	40.12699959873001
480	7864320	10	7.0	4.58257569495584	10.0	0.0	10	9.3	2.1	10.0	3.0	-0.008117751266039329	-2.4605114805122184	0.17633668641896025	11.325999971685	26.788999732110007
484	7929856	10	6.0	4.898979485566356	10.0	0.0	10	6.3	5.21632054229799	13.0	0.0	-0.00806034112527125	-2.4273959346070577	0.1689484673376227	10.93599997266	38.14399961856
488	7995392	10	3.0	4.58257569495584	10.0	0.0	10	5.0	5.0	10.0	0.0	-0.00820061995581827	-2.4530165689615235	0.13832102582590874	11.00799997248	39.242999607570006
492	8060928	10	4.0	4.898979485566356	10.0	0.0	10	3.0	4.58257569495584	10.0	0.0	-0.007959427803527179	-2.4161674526797197	0.1866412809855533	11.179749972050626	38.35599961644001
496	8126464	10	4.0	4.898979485566356	10.0	0.0	10	5.0	5.0	10.0	0.0	-0.009050979723084948	-2.4140771898099436	0.18453196015149395	11.361499971596249	36.41199963588001
500	8192000	10	2.0	4.0	10.0	0.0	10	4.0	4.898979485566356	10.0	0.0	-0.008069665933128297	-2.472607262175012	0.18973220285224926	11.095499972261251	38.493999615060005
504	8257536	10	4.0	4.898979485566356	10.0	0.0	10	2.0	4.0	10.0	0.0	-0.007314787936740885	-2.43241898193453	0.15219714452168936	11.378749971553125	30.330999696690004
508	8323072	10	4.6	5.161395160225576	13.0	0.0	10	4.0	4.898979485566356	10.0	0.0	-0.00771959267553865	-2.3777595259255904	0.1905377758468396	11.769749970575626	36.32899963671001
512	8388608	10	6.0	4.898979485566356	10.0	0.0	10	4.3	4.73392015141785	10.0	0.0	-0.008342197547224605	-2.417909294114971	0.1614040381417429	11.9329999701675	35.49099964509001
516	8454144	10	7.0	4.58257569495584	10.0	0.0	10	3.0	4.58257569495584	10.0	0.0	-0.007555549830129145	-2.4442300570445297	0.1789677440933723	12.577749968555626	25.404999745950004
520	8519680	10	3.3	5.1	13.0	0.0	10	6.0	4.898979485566356	10.0	0.0	-0.008137160477176346	-2.4021178456625534	0.21876470230103615	11.468749971328124	30.520999694790007
524	8585216	10	7.0	4.58257569495584	10.0	0.0	10	7.0	4.58257569495584	10.0	0.0	-0.007956662922656841	-2.406956364460401	0.18572352793616598	10.83199997292	40.31599959684001
528	8650752	10	2.0	4.0	10.0	0.0	10	6.3	4.605431575867781	10.0	0.0	-0.007534095941510199	-2.3992679737492586	0.20829030031031287	10.570749973573125	40.14399959856001
532	8716288	10	2.0	4.0	10.0	0.0	10	7.0	4.58257569495584	10.0	0.0	-0.007956157839624903	-2.437361920619432	0.19286013679743025	10.9599999726	32.261999677380004
536	8781824	10	2.0	4.0	10.0	0.0	10	6.0	4.898979485566356	10.0	0.0	-0.007028651386640368	-2.431897543117401	0.16557443489458487	10.081249974796876	42.755999572440004
540	8847360	10	3.0	4.58257569495584	10.0	0.0	10	3.0	4.58257569495584	10.0	0.0	-0.00781554082559966	-2.439913324757572	0.15557132861508643	10.114749974713126	42.45299957547001
544	8912896	10	5.0	5.0	10.0	0.0	10	5.0	5.0	10.0	0.0	-0.007262988826522042	-2.4647955941573256	0.17262876039745761	10.35749997410625	41.23799958762
548	8978432	10	5.0	5.0	10.0	0.0	10	4.3	4.73392015141785	10.0	0.0	-0.007157366552304286	-2.477348960678012	0.15575338851900702	10.950749972623125	35.64399964356
552	9043968	10	1.9	3.0149626863362666	10.0	0.0	10	6.0	4.898979485566356	10.0	0.0	-0.006806909549796171	-2.417802353448147	0.1679982591711075	10.95449997261375	40.963999590360004
556	9109504	10	3.3	4.473253849269008	10.0	0.0	10	3.0	4.58257569495584	10.0	0.0	-0.007468392838877322	-2.437185885751687	0.19504422878677458	11.193999972015	37.747999622520005
560	9175040	10	4.9	4.323193264243458	10.0	0.0	10	5.0	5.0	10.0	0.0	-0.007442670655243611	-2.430003501221732	0.19379024267661532	11.513749971215626	37.125999628740004
564	9240576	10	2.3	3.9509492530276824	10.0	0.0	10	5.2	4.069397989875161	10.0	0.0	-0.006583165995149114	-2.398232931642261	0.21224243610749122	11.185499972036249	36.67599963324001
568	9306112	10	6.6	4.923413450036469	13.0	0.0	10	2.3	3.9509492530276824	10.0	0.0	-0.00748761400531514	-2.413251029697013	0.1936178087676045	11.114249972214377	36.594999634050005
572	9371648	10	5.3	4.775981574503821	10.0	0.0	10	7.0	4.58257569495584	10.0	0.0	-0.0079768347996709	-2.393765004723266	0.21767377990824505	11.250749971873127	25.066999749330005
576	9437184	10	4.0	4.898979485566356	10.0	0.0	10	5.0	5.0	10.0	0.0	-0.007719146473800028	-2.3845602196951314	0.21459870922937757	10.9169999727075	39.44999960550001
580	9502720	10	4.6	4.5431266766402185	10.0	0.0	10	4.3	4.73392015141785	10.0	0.0	-0.008293948009289493	-2.3635194795848595	0.1842328870166657	10.74849997312875	29.129999708700005
584	9568256	10	5.0	5.0	10.0	0.0	10	3.6	4.340506882842141	10.0	0.0	-0.007983043125707216	-2.3391049626019864	0.19106220001848107	10.21249997446875	41.50599958494001
588	9633792	10	4.6	4.5431266766402185	10.0	0.0	10	6.3	4.605431575867781	10.0	0.0	-0.009053658307460011	-2.348044511927952	0.19381675215281727	9.969249975076876	31.813999681860004
592	9699328	10	5.3	4.775981574503821	10.0	0.0	10	2.9	4.504442251822083	13.0	0.0	-0.007060191392027304	-2.3348505569052427	0.1845179205412933	10.221999974445	41.08199958918001
596	9764864	10	4.3	4.73392015141785	10.0	0.0	10	4.0	4.898979485566356	10.0	0.0	-0.0063453761982660405	-2.414905828482686	0.22689072257648782	10.475749973810627	34.38299965617001
600	9830400	10	4.0	4.898979485566356	10.0	0.0	10	6.0	4.898979485566356	10.0	0.0	-0.006617861156496813	-2.357096843175928	0.2242791785935388	10.34449997413875	31.427999685720007
604	9895936	10	4.0	4.898979485566356	10.0	0.0	10	6.0	4.898979485566356	10.0	0.0	-0.008472104927049867	-2.368141814819656	0.21523287921143688	10.359749974100627	32.08199967918001
608	9961472	10	4.2	3.994996871087636	10.0	0.0	10	7.3	4.859012245302536	13.0	0.0	-0.007455597953424111	-2.3622976315541018	0.23226827675540734	10.62849997342875	40.44999959550001
612	10027008	10	2.0	4.0	10.0	0.0	10	5.6	5.141984052872976	13.0	0.0	-0.007304237467751676	-2.3694349922255142	0.19538751149377437	10.436249973909375	34.593999654060006
616	10092544	10	5.0	5.0	10.0	0.0	10	3.3	4.473253849269009	10.0	0.0	-0.007449467824529584	-2.352710631741385	0.20768793654637766	11.538249971154375	37.514999624850006
620	10158080	10	4.6	5.161395160225576	13.0	0.0	10	3.6	4.340506882842141	10.0	0.0	-0.007382422595117355	-2.3550394820700644	0.20084435599316153	11.201249971996875	38.57299961427
624	10223616	10	4.3	4.73392015141785	10.0	0.0	10	7.0	4.58257569495584	10.0	0.0	-0.006112455709899154	-2.375215738764346	0.18969774709901088	10.845999972885	35.67199964328
628	10289152	10	4.0	4.898979485566356	10.0	0.0	10	7.0	4.58257569495584	10.0	0.0	-0.0075912712070905575	-2.3350248259853865	0.2486966118578337	10.72949997317625	29.722999702770004
632	10354688	10	0.9	1.374772708486752	3.0	0.0	10	5.0	5.0	10.0	0.0	-0.0073349277825642085	-2.3496464289760803	0.20139593784151683	10.9599999726	36.07799963922001
636	10420224	10	6.6	4.2708313008125245	10.0	0.0	10	4.0	4.898979485566356	10.0	0.0	-0.008319063019111003	-2.3792307920759117	0.15336066591508085	10.501749973745625	31.041999689580006
640	10485760	10	3.3	4.473253849269008	10.0	0.0	10	3.6	4.340506882842141	10.0	0.0	-0.007857235927470741	-2.3947976825126878	0.1974460700476381	11.097749972255626	29.570999704290006
644	10551296	10	6.3	4.605431575867781	10.0	0.0	10	7.0	4.58257569495584	10.0	0.0	-0.007048103131812934	-2.3819732638699134	0.20359573914721749	11.1969999720075	37.236999627630006
648	10616832	10	6.6	4.2708313008125245	10.0	0.0	10	7.6	3.7469987990390385	10.0	0.0	-0.00841684841395302	-2.364753655842977	0.2024541112072976	10.996749972508123	34.36099965639
652	10682368	10	6.3	4.605431575867782	10.0	0.0	10	4.3	4.73392015141785	10.0	0.0	-0.008707709214228105	-2.35946679587423	0.18792122561700147	10.8789999728025	32.415999675840006
656	10747904	10	6.0	4.898979485566356	10.0	0.0	10	3.9	4.182104733265297	10.0	0.0	-0.007826100494430941	-2.3602318860615408	0.18236487201688453	10.925749972685626	40.990999590090006
660	10813440	10	6.0	4.898979485566356	10.0	0.0	10	5.3	4.775981574503821	10.0	0.0	-0.008358878109334882	-2.379455933720366	0.19907325775772397	10.748749973128124	31.402999685970002
664	10878976	10	7.3	4.859012245302536	13.0	0.0	10	5.0	5.0	10.0	0.0	-0.007855794428087625	-2.418804779396822	0.16344012426993454	10.600499973498751	35.679999643200006
668	10944512	10	2.6	4.586937976471886	13.0	0.0	10	4.3	4.73392015141785	10.0	0.0	-0.007985071908859739	-2.38140323733319	0.204861763532975	10.851749972870625	41.305999586940004
672	11010048	10	4.3	4.73392015141785	10.0	0.0	10	3.9	4.846648326421054	13.0	0.0	-0.008830948834949505	-2.3902589874956637	0.21675605743728227	10.760749973098127	38.86699961133
676	11075584	10	6.6	4.923413450036469	13.0	0.0	10	6.3	5.21632054229799	13.0	0.0	-0.007953719487361352	-2.3934469816575734	0.20091177303734706	10.99749997250625	39.77899960221001
680	11141120	10	3.6	4.340506882842141	10.0	0.0	10	7.3	4.859012245302536	13.0	0.0	-0.006920600105520285	-2.37837892249287	0.20690676109883113	10.747749973130626	30.319999696800004
684	11206656	10	5.9	5.467174773134658	13.0	0.0	10	4.6	4.5431266766402185	10.0	0.0	-0.006563266355365121	-2.328485096251806	0.23293271627334278	10.613499973466253	36.039999639600005
688	11272192	10	4.3	4.73392015141785	10.0	0.0	10	2.9	4.504442251822083	13.0	0.0	-0.007441243573170506	-2.348905674868523	0.20200719061376451	9.702749975743124	45.015999549840004
692	11337728	10	4.3	4.73392015141785	10.0	0.0	10	5.3	5.367494760127857	13.0	0.0	-0.0071846731011741705	-2.3203299067981003	0.172239991042206	9.458749976353126	35.90699964093
696	11403264	10	5.9	4.887739763939975	13.0	0.0	10	5.6	4.715930449020639	10.0	0.0	-0.007760259899239704	-2.314572577434082	0.2017760853228144	9.422999976442501	46.747999532520005
700	11468800	10	2.3	3.9509492530276824	10.0	0.0	10	2.3	3.9509492530276824	10.0	0.0	-0.00848642196466368	-2.3576178250241138	0.1737018591388176	9.49549997626125	46.39599953604001
704	11534336	10	6.6	4.2708313008125245	10.0	0.0	10	4.3	4.73392015141785	10.0	0.0	-0.0077503091710656655	-2.342317662889153	0.18349005613737768	9.445999976385002	33.500999664990005
708	11599872	10	5.0	5.0	10.0	0.0	10	6.0	4.898979485566356	10.0	0.0	-0.008275409966747426	-2.3320805775676803	0.18795331519001887	9.938749975153126	39.12499960875001
712	11665408	10	6.3	5.21632054229799	13.0	0.0	10	5.3	4.775981574503821	10.0	0.0	-0.007789135994645425	-2.3951041596619835	0.19464200981417326	10.196749974508124	44.14299955857001
716	11730944	10	3.0	4.58257569495584	10.0	0.0	10	5.6	4.521061822182926	10.0	0.0	-0.007758690698311855	-2.3471050831217446	0.1841949943726865	9.97199997507	43.23999956760001
720	11796480	10	6.3	4.605431575867781	10.0	0.0	10	4.0	4.898979485566356	10.0	0.0	-0.007403833511930637	-2.29917041685076	0.23397149018989633	9.757999975605	45.22499954775001
724	11862016	10	8.3	3.4655446902326914	10.0	0.0	10	4.3	4.73392015141785	10.0	0.0	-0.008198094048925108	-2.286007689694856	0.19538651280553362	9.388749976528125	39.56599960434001
728	11927552	10	5.6	4.521061822182927	10.0	0.0	10	7.3	4.196427051671457	10.0	0.0	-0.007241362680819258	-2.273000977696636	0.1704404141265929	10.541749973645626	40.436999595630006
732	11993088	10	4.6	4.5431266766402185	10.0	0.0	10	6.0	4.898979485566356	10.0	0.0	-0.006898055214948376	-2.343500353151824	0.15889383462775625	9.851749975370625	40.27199959728001
736	12058624	10	4.9	4.323193264243458	10.0	0.0	10	5.6	4.521061822182927	10.0	0.0	-0.008127675997216813	-2.3750510908672786	0.1760213017125108	9.153999977115	48.06399951936001
740	12124160	10	6.3	4.605431575867781	10.0	0.0	10	4.0	4.898979485566356	10.0	0.0	-0.007161683950331663	-2.33574336742866	0.19614420813638248	9.759999975599998	34.21699965783
744	12189696	10	4.0	4.898979485566356	10.0	0.0	10	5.3	4.775981574503821	10.0	0.0	-0.008152618506209904	-2.3831337588529884	0.16772907667908799	10.122249974694375	43.19599956804001
748	12255232	10	4.3	4.73392015141785	10.0	0.0	10	6.3	4.605431575867781	10.0	0.0	-0.008376210587546045	-2.403219143299266	0.17667172707639597	9.97349997506625	37.83999962160001
752	12320768	10	7.3	4.196427051671457	10.0	0.0	10	5.3	4.775981574503821	10.0	0.0	-0.00773735558242499	-2.377063125124322	0.1807429442614791	10.772749973068125	25.708999742910002
756	12386304	10	4.0	4.898979485566356	10.0	0.0	10	4.0	4.898979485566356	10.0	0.0	-0.007336304987947873	-2.3842000462114794	0.12589598686364675	10.693749973265625	33.88099966119
760	12451840	10	2.0	4.0	10.0	0.0	10	8.0	4.0	10.0	0.0	-0.00820001722519085	-2.348082291338628	0.19263571871300605	11.349999971625001	20.134999798650004
764	12517376	10	4.6	5.161395160225576	13.0	0.0	10	8.0	4.0	10.0	0.0	-0.008186927952067281	-2.3641377883673727	0.15806683795432297	11.833749970415628	34.969999650300004
768	12582912	10	5.3	4.775981574503821	10.0	0.0	10	4.3	4.73392015141785	10.0	0.0	-0.00841259142092575	-2.3553311400145547	0.18138212173219093	12.44249996889375	33.712999662870004
772	12648448	10	5.0	5.0	10.0	0.0	10	5.0	5.0	10.0	0.0	-0.0075249835188558895	-2.3797162346546537	0.1963033691465021	12.402499968993752	24.660999753390005
776	12713984	10	6.0	4.898979485566356	10.0	0.0	10	8.0	4.0	10.0	0.0	-0.009383626540746811	-2.379368506124124	0.14868124704811436	12.92549996768625	23.387999766120007
780	12779520	10	4.0	4.898979485566356	10.0	0.0	10	2.0	4.0	10.0	0.0	-0.008775278114924984	-2.4267658514236756	0.1406292123573561	11.586249971034375	36.212999637870006
784	12845056	10	3.3	4.473253849269008	10.0	0.0	10	6.6	4.476605857119878	10.0	0.0	-0.007985388963563381	-2.3771637924022833	0.16698261659094749	12.02149996994625	35.26299964737
788	12910592	10	6.3	4.605431575867782	10.0	0.0	10	5.2	5.509990925582365	16.0	0.0	-0.007975503876653613	-2.314990627027805	0.17505987902521453	12.459249968851877	38.258999617410005
792	12976128	10	2.9	3.7802116342871597	10.0	0.0	10	4.2	4.874423042781577	13.0	0.0	-0.007358318904599006	-2.3644616402706187	0.19032446836311917	11.334999971662501	39.39899960601001
796	13041664	10	5.6	4.521061822182926	10.0	0.0	10	5.6	4.521061822182927	10.0	0.0	-0.007271602882459621	-2.382710074136808	0.16853202256791605	11.2249999719375	37.22399962776
800	13107200	10	4.6	4.5431266766402185	10.0	0.0	10	7.0	4.58257569495584	10.0	0.0	-0.008089918995277404	-2.37107699339725	0.1439166947428477	10.843249972891874	27.917999720820003
804	13172736	10	5.0	5.0	10.0	0.0	10	4.0	4.898979485566356	10.0	0.0	-0.007636740562816471	-2.4128827773004677	0.17648582639817806	10.9829999725425	37.874999621250005
808	13238272	10	3.6	4.340506882842141	10.0	0.0	10	6.3	4.605431575867782	10.0	0.0	-0.007535611878790339	-2.3899698652321035	0.16368972034971999	10.83549997291125	37.535999624640006
812	13303808	10	6.3	5.21632054229799	13.0	0.0	10	7.6	4.476605857119878	13.0	0.0	-0.007173280264861895	-2.334269309794142	0.21979113898744504	10.215749974460625	35.04599964954001
816	13369344	10	6.0	4.898979485566356	10.0	0.0	10	5.3	4.775981574503821	10.0	0.0	-0.008396955548085566	-2.3950985543418484	0.1621542263141492	9.819999975450001	32.885999671140006
820	13434880	10	5.3	4.775981574503821	10.0	0.0	10	3.6	4.340506882842142	10.0	0.0	-0.008281517384952922	-2.3891536739960104	0.17114230600576044	10.39649997400875	29.755999702440004
824	13500416	10	3.3	4.473253849269008	10.0	0.0	10	5.3	4.775981574503821	10.0	0.0	-0.007605360187088935	-2.3326576324854322	0.20027407784412277	11.104249972239376	33.90099966099001
828	13565952	10	4.6	4.5431266766402185	10.0	0.0	10	1.6	3.039736830714133	10.0	0.0	-0.007173311859495172	-2.3447954900603794	0.22644062446555094	11.523999971190001	38.20499961795
832	13631488	10	4.3	4.73392015141785	10.0	0.0	10	6.6	4.2708313008125245	10.0	0.0	-0.008816026921513438	-2.3069888301274126	0.2040640370086852	11.02349997244125	28.274999717250004
836	13697024	10	5.6	4.521061822182927	10.0	0.0	10	4.3	5.330103188494571	13.0	0.0	-0.0073395507465581575	-2.3006399991698663	0.23687195589161134	12.145249969636874	30.324999696750005
840	13762560	10	6.0	4.898979485566356	10.0	0.0	10	5.6	4.521061822182927	10.0	0.0	-0.008185394102592156	-2.3853854012984774	0.19336073331383333	11.93449997016375	31.252999687470005
844	13828096	10	4.6	4.5431266766402185	10.0	0.0	10	4.0	4.898979485566356	10.0	0.0	-0.0073132863221833065	-2.336407636359344	0.17512066590638187	12.105499969736249	27.985999720140004
848	13893632	10	6.6	4.923413450036469	13.0	0.0	10	6.6	4.923413450036469	13.0	0.0	-0.008275458964258655	-2.3350825555673724	0.1787295968396056	11.656499970858752	37.085999629140005
852	13959168	10	5.0	5.0	10.0	0.0	10	2.6	4.586937976471886	13.0	0.0	-0.007874453946380028	-2.3719579127940356	0.184259234908401	11.698749970753125	23.2399997676
856	14024704	10	4.3	4.73392015141785	10.0	0.0	10	4.9	4.323193264243457	10.0	0.0	-0.00783589260066571	-2.4190508373045363	0.16181278716018566	12.024249969939374	35.46499964535001
860	14090240	10	2.9	4.011234224026316	10.0	0.0	10	5.3	4.775981574503821	10.0	0.0	-0.00820916964984746	-2.403307690966124	0.1991427976741079	12.303249969241877	27.764999722350005
864	14155776	10	5.6	5.141984052872976	13.0	0.0	10	4.3	4.73392015141785	10.0	0.0	-0.008757800801501568	-2.38978206341407	0.19791567308008376	11.729999970675001	35.60699964393
868	14221312	10	4.6	4.5431266766402185	10.0	0.0	10	7.3	4.859012245302536	13.0	0.0	-0.008692675780977035	-2.372422329834335	0.1563686018957233	11.73249997066875	20.070999799290004
872	14286848	10	3.3	4.473253849269008	10.0	0.0	10	4.0	4.898979485566356	10.0	0.0	-0.008578324904208331	-2.3740524249782786	0.1529079467519784	11.839999970400001	35.94799964052
876	14352384	10	5.6	5.141984052872977	13.0	0.0	10	6.9	5.204805471869242	13.0	0.0	-0.008328213767872041	-2.371703689049988	0.18863765319086104	11.922749970193124	36.30899963691
880	14417920	10	4.3	4.73392015141785	10.0	0.0	10	7.3	4.196427051671457	10.0	0.0	-0.00804392367634019	-2.397560069708623	0.15622248553285387	12.01199996997	38.63699961363
884	14483456	10	4.3	4.73392015141785	10.0	0.0	10	4.3	4.73392015141785	10.0	0.0	-0.007641369337875234	-2.4245846418000894	0.16605926800031207	11.688749970778126	38.37799961622001
888	14548992	10	2.6	4.586937976471886	13.0	0.0	10	5.0	5.0	10.0	0.0	-0.008249737840489437	-2.41183698400567	0.16604929345792876	11.940999970147502	38.02999961970001
892	14614528	10	5.0	5.0	10.0	0.0	10	5.3	5.367494760127857	13.0	0.0	-0.007695594986021452	-2.354443892591316	0.13955897432850417	12.180749969548126	18.299999817000003
896	14680064	10	1.6	3.039736830714133	10.0	0.0	10	6.3	5.21632054229799	13.0	0.0	-0.007832010452848086	-2.3789141200488335	0.1774434537131525	11.014249972464373	38.768999612310004
900	14745600	10	4.6	5.161395160225576	13.0	0.0	10	6.3	4.605431575867782	10.0	0.0	-0.008180665595982385	-2.395254482576091	0.18928044527970503	11.3029999717425	37.30399962696001
904	14811136	10	5.3	4.775981574503821	10.0	0.0	10	4.9	4.52658811910251	10.0	0.0	-0.008802877207009972	-2.3682855787393122	0.1381583611026536	11.778749970553125	36.639999633600006
908	14876672	10	3.0	4.58257569495584	10.0	0.0	10	4.6	5.161395160225576	13.0	0.0	-0.007397234761646762	-2.3609098292911455	0.14938954138193067	12.174499969563751	26.700999732990006
912	14942208	10	3.3	4.473253849269008	10.0	0.0	10	4.0	4.898979485566356	10.0	0.0	-0.008296572599995767	-2.3857228430607305	0.14333785936916363	11.315249971711875	37.08699962913001
916	15007744	10	3.0	4.58257569495584	10.0	0.0	10	8.3	3.4655446902326914	10.0	0.0	-0.008709605413668336	-2.3680247835831785	0.1637023209889328	11.437749971405626	31.083999689160006
920	15073280	10	4.0	4.898979485566356	10.0	0.0	10	6.0	4.898979485566356	10.0	0.0	-0.006750325358759135	-2.387060073266127	0.1612565942561537	11.187999972030001	26.385999736140004
924	15138816	10	2.0	4.0	10.0	0.0	10	4.6	4.5431266766402185	10.0	0.0	-0.008240423649467208	-2.365068395686154	0.1378132228130343	11.291999971770002	41.200999587990005
928	15204352	10	5.3	4.775981574503821	10.0	0.0	10	7.3	4.859012245302536	13.0	0.0	-0.007730505440529613	-2.3776035852737127	0.14702107732515407	10.47199997382	35.588999644110004
932	15269888	10	0.9	1.374772708486752	3.0	0.0	10	7.0	4.58257569495584	10.0	0.0	-0.007037846996530732	-2.398215574272999	0.15051909379334938	9.851249975371875	44.43399955566
936	15335424	10	2.6	4.586937976471886	13.0	0.0	10	3.3	4.473253849269008	10.0	0.0	-0.007817892279282444	-2.366583625229046	0.15988287584122027	9.837249975406877	43.13399956866001
940	15400960	10	6.0	4.898979485566356	10.0	0.0	10	4.9	4.968903299521938	13.0	0.0	-0.007850521108685699	-2.3328416369908886	0.12744270457800394	10.207249974481876	42.62199957378001
944	15466496	10	2.6	3.8781438859330635	10.0	0.0	10	4.6	4.5431266766402185	10.0	0.0	-0.007546005267736961	-2.3404064896251664	0.14724249996573777	10.103749974740625	45.81999954180001
948	15532032	10	6.3	4.605431575867782	10.0	0.0	10	6.2	4.791659420284375	13.0	0.0	-0.007827333268418002	-2.318634591755145	0.14547884276483997	9.843749975390626	43.63899956361001
952	15597568	10	5.6	4.521061822182927	10.0	0.0	10	6.9	3.8845849199110063	10.0	0.0	-0.008523562522008228	-2.3559971573481517	0.13729374148073664	9.995249975011875	43.59799956402001
956	15663104	10	5.9	4.2296571965113205	10.0	0.0	10	6.3	5.21632054229799	13.0	0.0	-0.00828530915567571	-2.3481397278644436	0.16595304507275277	10.34449997413875	40.57799959422001
960	15728640	10	6.6	4.2708313008125245	10.0	0.0	10	2.6	3.8781438859330635	10.0	0.0	-0.008019430542615901	-2.3373700626243243	0.1918259948913113	11.015249972461875	27.810999721890003
964	15794176	10	4.3	4.73392015141785	10.0	0.0	10	4.2	4.874423042781577	13.0	0.0	-0.007390509625553822	-2.349685601645328	0.15872612035111222	10.240749974398126	41.32099958679
968	15859712	10	4.0	4.898979485566356	10.0	0.0	10	5.3	4.775981574503821	10.0	0.0	-0.008045331763313287	-2.3887758774057213	0.1714152226356425	10.189749974525625	42.03899957961001
972	15925248	10	8.0	4.0	10.0	0.0	10	5.3	5.367494760127857	13.0	0.0	-0.007310079424462636	-2.372573454927621	0.1824123829723623	10.428249973929375	29.535999704640005
976	15990784	10	4.3	4.73392015141785	10.0	0.0	10	4.9	4.323193264243457	10.0	0.0	-0.008279841210470922	-2.382715205103312	0.18498752326329812	10.393249974016875	40.06099959939001
980	16056320	10	7.3	4.196427051671457	10.0	0.0	10	5.3	4.775981574503821	10.0	0.0	-0.00798541534133505	-2.3589253870175764	0.16772963888748216	10.500249973749375	23.874999761250002
984	16121856	10	4.0	4.898979485566356	10.0	0.0	10	3.6	4.340506882842141	10.0	0.0	-0.008134047254984629	-2.381064148992625	0.16706247051679315	10.059249974851875	29.62099970379
988	16187392	10	5.9	4.887739763939975	13.0	0.0	10	4.6	4.5431266766402185	10.0	0.0	-0.007389018369534567	-2.33592054720229	0.17914634576374305	11.055999972359999	36.28799963712
992	16252928	10	8.3	3.4655446902326914	10.0	0.0	10	6.0	4.898979485566356	10.0	0.0	-0.0073887196090136826	-2.399573221552756	0.18796142615593056	11.240249971899376	39.14199960858001
996	16318464	10	2.6	3.878143885933063	10.0	0.0	10	5.3	4.775981574503821	10.0	0.0	-0.0074892257802963045	-2.3482855133749685	0.18036582381137933	11.275499971811252	37.41999962580001
1000	16384000	10	4.0	4.898979485566356	10.0	0.0	10	6.3	4.605431575867781	10.0	0.0	-0.007932750689261813	-2.3501657667294813	0.16362729969592632	11.35599997161	28.481999715180002
1004	16449536	10	5.9	4.887739763939975	13.0	0.0	10	7.3	4.196427051671457	10.0	0.0	-0.007700989348254236	-2.357124482346413	0.15461530201078694	11.462249971344376	39.115999608840006
1008	16515072	10	5.3	4.775981574503821	10.0	0.0	10	5.9	4.887739763939975	13.0	0.0	-0.008072469593640053	-2.3381859558371936	0.1933969004499126	11.327749971680625	32.843999671560006
1012	16580608	10	6.6	4.2708313008125245	10.0	0.0	10	8.3	3.4655446902326914	10.0	0.0	-0.008051044449904317	-2.3367416905909524	0.1681844147988802	11.9449999701375	34.67099965329
1016	16646144	10	4.6	5.161395160225576	13.0	0.0	10	5.6	5.141984052872977	13.0	0.0	-0.007743438137470661	-2.325148152566145	0.1611728394080945	10.85149997287125	28.645999713540004
1020	16711680	10	3.3	4.473253849269008	10.0	0.0	10	6.6	4.2708313008125245	10.0	0.0	-0.00849333047914167	-2.372859872630425	0.1929689595119563	11.71199997072	38.683999613160005
1024	16777216	10	4.0	4.898979485566356	10.0	0.0	10	5.9	4.887739763939975	13.0	0.0	-0.008527524113581713	-2.319735819853105	0.1695565892362055	11.32149997169625	31.042999689570003
1028	16842752	10	4.3	4.73392015141785	10.0	0.0	10	5.5	3.774917217635375	10.0	0.0	-0.008332817664006405	-2.321343722200979	0.15276803043631823	11.337999971655002	39.71199960288001
1032	16908288	10	5.9	4.887739763939975	13.0	0.0	10	4.9	4.5265881191025095	10.0	0.0	-0.007391110930093549	-2.315173037109014	0.15898289141762198	10.939249972651874	41.95599958044001
1036	16973824	10	6.0	4.898979485566356	10.0	0.0	10	6.3	4.605431575867782	10.0	0.0	-0.00836529420155351	-2.305376487233503	0.17324273969415244	10.572249973569376	27.885999721140003
1040	17039360	10	5.9	4.887739763939975	13.0	0.0	10	6.6	4.476605857119878	10.0	0.0	-0.007968962302057323	-2.3698379519100032	0.17747489562892954	11.372749971568124	24.838999751610004
1044	17104896	10	4.0	4.898979485566356	10.0	0.0	10	5.0	5.0	10.0	0.0	-0.008697266325729178	-2.356157863888084	0.15661579004099233	12.390999969022502	34.43799965562001
1048	17170432	10	6.0	4.898979485566356	10.0	0.0	10	3.6	4.340506882842141	10.0	0.0	-0.007367724724180779	-2.3842350068191633	0.17513035391185308	12.240249969399375	35.02999964970001
1052	17235968	10	3.6	4.340506882842141	10.0	0.0	10	4.6	4.5431266766402185	10.0	0.0	-0.00867108603810285	-2.3829035706819437	0.16410214654012784	11.932249970169375	37.60799962392
1056	17301504	10	4.0	4.898979485566356	10.0	0.0	10	4.0	4.898979485566356	10.0	0.0	-0.00825822499523762	-2.3561066088606357	0.1953757317378008	11.350999971622501	40.16999959830001
1060	17367040	10	5.3	4.775981574503821	10.0	0.0	10	4.0	4.898979485566356	10.0	0.0	-0.007868026588553696	-2.411835329976778	0.15301862799831215	10.830749972923124	41.62299958377
1064	17432576	10	5.9	4.437341546466758	10.0	0.0	10	5.3	4.775981574503821	10.0	0.0	-0.007740531368150906	-2.3652235838293914	0.20601134589900388	10.8189999729525	40.878999591210004
1068	17498112	10	4.0	4.898979485566356	10.0	0.0	10	4.6	4.5431266766402185	10.0	0.0	-0.008289897112612262	-2.348294958227638	0.1952567224497853	10.424249973939375	28.110999718890007
1072	17563648	10	4.0	4.898979485566356	10.0	0.0	10	4.0	4.898979485566356	10.0	0.0	-0.007926876401226869	-2.4355045628990917	0.15313332029575388	11.464749971338126	36.45799963542
1076	17629184	10	6.3	4.605431575867781	10.0	0.0	10	3.3	4.473253849269008	10.0	0.0	-0.008284549948303856	-2.3759989611813013	0.14548726766406947	11.48449997128875	30.217999697820005
1080	17694720	10	4.0	4.898979485566356	10.0	0.0	10	5.3	5.367494760127856	13.0	0.0	-0.007587029916792476	-2.3408352332855715	0.2257800774103157	11.523249971191877	32.99799967002
1084	17760256	10	3.3	4.473253849269008	10.0	0.0	10	4.2	3.9949968710876353	10.0	0.0	-0.009097931255647677	-2.382205163190968	0.17222682400364747	11.05599997236	37.832999621670005
1088	17825792	10	6.3	4.605431575867782	10.0	0.0	10	5.3	4.775981574503821	10.0	0.0	-0.008359385619505015	-2.382937577615311	0.1527190528806162	11.16449997208875	39.38599960614001
1092	17891328	10	5.0	5.0	10.0	0.0	10	6.0	4.898979485566356	10.0	0.0	-0.00891776625968483	-2.3743420489142655	0.1453528983832733	11.06849997232875	39.21099960789
1096	17956864	10	6.6	4.923413450036469	13.0	0.0	10	5.3	4.775981574503821	10.0	0.0	-0.008990139811100565	-2.3797710585102068	0.14044916868919913	11.169749972075627	26.072999739270006
1100	18022400	10	3.3	4.473253849269008	10.0	0.0	10	3.3	4.473253849269008	10.0	0.0	-0.007713409666196849	-2.3664229708431783	0.18915408708047443	10.309749974225625	36.122999638770004
1104	18087936	10	6.3	4.605431575867781	10.0	0.0	10	7.0	4.58257569495584	10.0	0.0	-0.00815693575629281	-2.376290348421363	0.18935150076835855	10.71849997320375	14.540999854590003
1108	18153472	10	5.2	4.749736834815167	13.0	0.0	10	4.2	3.9949968710876362	10.0	0.0	-0.007761915993291351	-2.398089125502648	0.161755636783231	11.919749970200625	38.134999618650006
1112	18219008	10	3.8	3.3105890714493698	10.0	0.0	10	8.3	3.4655446902326914	10.0	0.0	-0.008424397173895886	-2.376058292638115	0.15987532716131295	11.357499971606252	26.903999730960003
1116	18284544	10	3.3	4.473253849269008	10.0	0.0	10	3.6	4.340506882842141	10.0	0.0	-0.00906491860129042	-2.3810270624859444	0.1311508021180807	12.060499969848749	36.553999634460006
1120	18350080	10	3.6	4.340506882842141	10.0	0.0	10	5.2	4.069397989875161	10.0	0.0	-0.006900324985093013	-2.404602552203197	0.14324616561703835	12.251999969369999	38.428999615710005
1124	18415616	10	7.6	5.102940328869229	13.0	0.0	10	5.6	4.521061822182927	10.0	0.0	-0.008446130789130599	-2.460636533540471	0.10534200730878024	11.631249970921877	23.649999763500002
1128	18481152	10	2.6	3.878143885933063	10.0	0.0	10	4.6	4.5431266766402185	10.0	0.0	-0.00753279447763263	-2.450799954178944	0.10079615662997539	11.17349997206625	39.03099960969001
1132	18546688	10	4.0	4.898979485566356	10.0	0.0	10	4.3	4.73392015141785	10.0	0.0	-0.00807171440744744	-2.418073432889031	0.1570198631992293	11.483999971289998	37.343999626560006
1136	18612224	10	4.0	4.898979485566356	10.0	0.0	10	7.9	3.477067730142742	10.0	0.0	-0.007987269143770266	-2.446907539907518	0.16654911402740682	11.514749971213126	38.152999618470005
1140	18677760	10	5.6	4.521061822182926	10.0	0.0	10	5.3	4.775981574503821	10.0	0.0	-0.007875845254994868	-2.4204998783729392	0.15368432262863718	12.11749996970625	32.4699996753
1144	18743296	10	3.9	4.182104733265296	10.0	0.0	10	5.6	5.141984052872976	13.0	0.0	-0.008445923070242013	-2.3334698376609064	0.20201421332924788	12.60649996848375	33.93399966066
1148	18808832	10	8.0	4.0	10.0	0.0	10	3.6	4.340506882842141	10.0	0.0	-0.008645745864071719	-2.386105199406344	0.157574838010944	12.348249969129375	17.81299982187
1152	18874368	10	4.3	4.73392015141785	10.0	0.0	10	3.0	4.58257569495584	10.0	0.0	-0.0076122875462971435	-2.3778386237727256	0.20070814277127802	10.653749973365626	40.81599959184001
1156	18939904	10	7.3	4.859012245302536	13.0	0.0	10	3.0	4.58257569495584	10.0	0.0	-0.007402061818677087	-2.388391978789924	0.1541145082092185	11.228999971927502	37.91199962088
1160	19005440	10	4.6	5.161395160225576	13.0	0.0	10	5.0	5.0	10.0	0.0	-0.008028413110042026	-2.325927654659856	0.197766104459651	12.4549999688625	33.43099966569
1164	19070976	10	5.6	5.6956123463592565	13.0	0.0	10	6.3	4.605431575867781	10.0	0.0	-0.00888398385388048	-2.312698825952903	0.21200132957624399	12.87749996780625	27.100999728990004
1168	19136512	10	3.9	4.846648326421054	13.0	0.0	10	5.3	4.775981574503821	10.0	0.0	-0.007759467580197411	-2.2885498923659604	0.1679018244438064	12.662499968343752	26.741999732580005
1172	19202048	10	5.6	4.715930449020639	10.0	0.0	10	7.6	5.102940328869229	13.0	0.0	-0.007777309039534804	-2.3160624750029477	0.19049262284490007	12.59249996851875	34.416999655830004
1176	19267584	10	5.6	5.141984052872977	13.0	0.0	10	9.3	3.2264531609803355	13.0	0.0	-0.006681042014468527	-2.3283426784037107	0.19117057554295092	12.26849996932875	13.977999860220002
1180	19333120	10	5.0	5.0	10.0	0.0	10	4.3	4.73392015141785	10.0	0.0	-0.00930788081216992	-2.3220727292264627	0.20925843822142248	11.34149997164625	30.345999696540005
1184	19398656	10	5.2	5.344155686354955	13.0	0.0	10	4.6	4.5431266766402185	10.0	0.0	-0.008695879341458481	-2.309666720288807	0.17757610175461053	10.309749974225625	41.43099958569
1188	19464192	10	2.9	4.504442251822083	13.0	0.0	10	8.3	3.4655446902326914	10.0	0.0	-0.00816101443378887	-2.3347922784638198	0.14388162028097898	11.328749971678125	27.357999726420005
1192	19529728	10	6.6	4.2708313008125245	10.0	0.0	10	6.9	4.592385001282013	13.0	0.0	-0.007892796213517933	-2.342149244998304	0.15946923093761348	10.817999972955002	38.35699961643
1196	19595264	10	6.3	5.21632054229799	13.0	0.0	10	6.9	4.592385001282014	13.0	0.0	-0.008574329445477476	-2.351627317322705	0.15497118403762586	11.02399997244	28.430999715690007
1200	19660800	10	4.0	4.898979485566356	10.0	0.0	10	6.0	4.898979485566356	10.0	0.0	-0.007792540352154447	-2.346612699085414	0.1570604704156826	10.257999974355	36.84099963159001
1204	19726336	10	6.6	4.923413450036469	13.0	0.0	10	4.3	4.73392015141785	10.0	0.0	-0.008033979443170981	-2.3178352686335217	0.16279803765794076	10.02449997493875	34.45499965545
1208	19791872	10	5.0	5.0	10.0	0.0	10	4.3	4.73392015141785	10.0	0.0	-0.008578728194774269	-2.3255579096636647	0.16746204499894413	10.497249973756874	40.713999592860006
1212	19857408	10	4.0	4.898979485566356	10.0	0.0	10	5.9	4.887739763939975	13.0	0.0	-0.007827888239659646	-2.298751428483882	0.16911729501040454	10.977249972556876	41.823999581760006
1216	19922944	10	4.0	4.898979485566356	10.0	0.0	10	4.6	5.161395160225576	13.0	0.0	-0.008272303522110225	-2.2740319517866276	0.16688806336807757	10.94799997263	40.69099959309001
1220	19988480	10	5.3	5.367494760127857	13.0	0.0	10	3.3	4.473253849269008	10.0	0.0	-0.008090813429959482	-2.3090601561048403	0.16039500081172223	11.37249997156875	29.011999709880005
1224	20054016	10	3.6	4.340506882842141	10.0	0.0	10	7.6	4.476605857119878	13.0	0.0	-0.008614963787913415	-2.360466326030579	0.14038861456106522	11.635499970911251	37.60899962391001
1228	20119552	10	9.3	2.1	10.0	3.0	10	4.3	4.73392015141785	10.0	0.0	-0.008028730722569086	-2.2919994292255903	0.14471986112229526	11.81349997046625	37.75699962243
1232	20185088	10	4.6	4.5431266766402185	10.0	0.0	10	7.6	5.102940328869229	13.0	0.0	-0.008127786834304459	-2.3378891644426725	0.13677398781419614	10.881249972796875	38.62599961374001
1236	20250624	10	5.3	4.775981574503821	10.0	0.0	10	6.3	4.605431575867782	10.0	0.0	-0.008132293872891072	-2.342395335191868	0.1344454952686055	11.981999970044999	36.209999637900005
1240	20316160	10	5.3	5.367494760127857	13.0	0.0	10	5.9	4.2296571965113205	10.0	0.0	-0.008095435016372124	-2.34035566921492	0.1350606709267575	12.03949996990125	33.23799966762
1244	20381696	10	4.2	5.287721626560915	13.0	0.0	10	5.6	5.141984052872976	13.0	0.0	-0.007489657957626627	-2.369439335914002	0.15742596407954165	11.7069999707325	36.405999635940006
1248	20447232	10	4.3	4.73392015141785	10.0	0.0	10	5.6	5.141984052872977	13.0	0.0	-0.008120200660174886	-2.365117874991893	0.13274979163130637	11.999999970000001	34.72399965276
1252	20512768	10	6.9	3.8845849199110063	10.0	0.0	10	6.0	4.898979485566356	10.0	0.0	-0.007660700839359621	-2.336266564582809	0.19499874485488025	12.165999969585	27.67899972321
1256	20578304	10	2.6	3.8781438859330635	10.0	0.0	10	4.6	4.5431266766402185	10.0	0.0	-0.007959198815801828	-2.3665144912916944	0.15735730395254977	11.695249970761875	35.314999646850005
1260	20643840	10	5.9	4.887739763939975	13.0	0.0	10	6.3	5.21632054229799	13.0	0.0	-0.008331668274918914	-2.3591224176214416	0.11857127703577716	12.36349996909125	16.506999834930003
1264	20709376	10	5.6	5.141984052872976	13.0	0.0	10	5.6	4.521061822182927	10.0	0.0	-0.007219058822107869	-2.356654241435614	0.18266239217131977	11.924999970187502	29.431999705680003
1268	20774912	10	4.0	4.898979485566356	10.0	0.0	10	2.9	3.7802116342871597	10.0	0.0	-0.008066139527493606	-2.3151708714735872	0.14104808415369194	10.709999973225	41.667999583320004
1272	20840448	10	5.0	5.0	10.0	0.0	10	5.3	4.775981574503821	10.0	0.0	-0.008024469487658526	-2.308075991529207	0.18410422728652284	11.03249997241875	40.17399959826
1276	20905984	10	6.3	5.21632054229799	13.0	0.0	10	6.6	4.2708313008125245	10.0	0.0	-0.007868518913800289	-2.3479324055252486	0.17906070452180914	10.915749972710625	34.94499965055
1280	20971520	10	3.6	4.340506882842141	10.0	0.0	10	4.5	4.5	13.0	0.0	-0.0077438725533706095	-2.3449616181394584	0.19499162737732492	11.52149997119625	39.43699960563001
1284	21037056	10	4.6	4.5431266766402185	10.0	0.0	10	6.9	5.752390807307862	13.0	0.0	-0.008447565726812607	-2.3198971522418073	0.15242062266880524	11.832999970417498	34.930999650690005
1288	21102592	10	5.6	4.521061822182926	10.0	0.0	10	6.3	4.605431575867781	10.0	0.0	-0.00844249575951204	-2.28373991425885	0.1726172616680709	12.20749996948125	25.963999740360002
1292	21168128	10	5.2	4.069397989875161	10.0	0.0	10	6.0	4.898979485566356	10.0	0.0	-0.009030451635801351	-2.296781716008151	0.16006002511403608	11.8149999704625	30.275999697240003
1296	21233664	10	5.9	4.887739763939975	13.0	0.0	10	7.9	3.477067730142742	10.0	0.0	-0.008342524585754754	-2.33885633921102	0.1998761412479395	11.424499971438749	37.90599962094001
1300	21299200	10	5.3	4.775981574503821	10.0	0.0	10	6.3	4.605431575867781	10.0	0.0	-0.008071030164266878	-2.2969354637058066	0.17451950517838227	11.274749971813124	37.41999962580001
1304	21364736	10	5.3	4.775981574503821	10.0	0.0	10	5.9	4.887739763939975	13.0	0.0	-0.008474817086331335	-2.335830074802111	0.17692969054624197	12.0449999698875	36.206999637930004
1308	21430272	10	2.3	3.9509492530276824	10.0	0.0	10	6.9	3.8845849199110063	10.0	0.0	-0.00802618778508447	-2.3246650991402475	0.16278961291393165	11.461999971345	34.38599965614001
1312	21495808	10	4.0	4.898979485566356	10.0	0.0	10	7.9	3.207802986469088	10.0	3.0	-0.008070523226472077	-2.3155943177711884	0.17513217976976042	11.582749971043127	36.43499963565001
1316	21561344	10	3.0	4.58257569495584	10.0	0.0	10	4.6	4.5431266766402185	10.0	0.0	-0.00795959520027133	-2.317702936388027	0.21433149151754946	11.936499970158751	37.11899962881001
1320	21626880	10	6.6	4.2708313008125245	10.0	0.0	10	7.2	4.422668877499196	13.0	0.0	-0.009127959220029775	-2.3155090483597927	0.1928721940099208	11.380749971548124	26.761999732380005
1324	21692416	10	7.0	4.58257569495584	10.0	0.0	10	4.5	3.774917217635375	10.0	0.0	-0.008325366333986622	-2.3471136065859466	0.16574465396329305	11.913999970215	33.64799966352001
1328	21757952	10	6.3	4.605431575867781	10.0	0.0	10	7.3	4.196427051671457	10.0	0.0	-0.0077773698083327914	-2.305020831285219	0.155255622679959	12.781499968046251	34.74999965250001
1332	21823488	10	6.2	4.791659420284375	13.0	0.0	10	4.6	4.5431266766402185	10.0	0.0	-0.008205987109607559	-2.400812434403356	0.14974697848463842	12.79049996802375	33.52299966477001
1336	21889024	10	6.2	4.791659420284375	13.0	0.0	10	5.2	4.749736834815167	13.0	0.0	-0.008632114090697852	-2.2966454895925312	0.19253305553315722	12.691249968271874	34.42999965570001
1340	21954560	10	3.2	3.655133376499413	10.0	0.0	10	7.6	4.476605857119878	13.0	0.0	-0.00896681358333172	-2.3082792955219342	0.17710147408165489	12.27849996930375	31.269999687300004
1344	22020096	10	4.2	4.686149805543993	13.0	0.0	10	4.9	4.323193264243457	10.0	0.0	-0.006827370503031529	-2.3384536104945295	0.14306771823577408	12.16549996958625	36.94599963054
1348	22085632	10	2.2	2.9597297173897488	10.0	0.0	10	9.3	3.2264531609803355	13.0	0.0	-0.007538735596550913	-2.3313561451986824	0.19550692738170386	11.361249971596875	25.525999744740005
1352	22151168	10	6.0	4.898979485566356	10.0	0.0	10	3.9	4.182104733265297	10.0	0.0	-0.0077055616703705365	-2.359090978654853	0.14445326739659206	11.810749970473125	35.442999645570005
1356	22216704	10	9.6	3.411744421846396	13.0	0.0	10	6.6	4.476605857119878	10.0	0.0	-0.008496637612879741	-2.33769091194359	0.16794519279886252	11.651249970871875	32.31199967688
1360	22282240	10	2.3	3.9509492530276824	10.0	0.0	10	7.3	4.196427051671457	10.0	0.0	-0.008047382654463017	-2.3879116994635354	0.13895461955212507	11.543249971141876	39.14199960858001
1364	22347776	10	8.2	4.935585071701227	13.0	0.0	10	6.9	4.592385001282014	13.0	0.0	-0.008356342064607445	-2.3734993981829486	0.1456633390086155	11.081249972296876	23.394999766050002
1368	22413312	10	4.0	4.898979485566356	10.0	0.0	10	5.0	5.0	10.0	0.0	-0.008840367902837433	-2.3887353437637517	0.1417833351537664	11.891999970270001	25.625999743740007
1372	22478848	10	5.3	4.775981574503821	10.0	0.0	10	5.9	4.887739763939975	13.0	0.0	-0.008001236918441401	-2.3676387267825354	0.12216088244350304	11.472249971319375	31.120999688790004
1376	22544384	10	3.2	3.893584466786357	10.0	0.0	10	6.4	3.97994974842648	13.0	0.0	-0.008173985466537925	-2.3627124972663833	0.11655304083007427	10.1369999746575	42.30399957696001
1380	22609920	10	3.3	4.473253849269008	10.0	0.0	10	3.3	4.473253849269008	10.0	0.0	-0.008602688858155834	-2.37544841542931	0.15677863846762533	11.144249972139376	40.349999596500005
1384	22675456	10	3.9	4.182104733265296	10.0	0.0	10	7.6	4.476605857119878	13.0	0.0	-0.008577017742043292	-2.351250981046213	0.17417774301070582	10.71649997320875	39.50299960497001
1388	22740992	10	4.3	4.73392015141785	10.0	0.0	10	8.2	3.762977544445356	13.0	0.0	-0.007176355392564868	-2.37890436972236	0.17883856592699626	11.252249971869375	37.705999622940006
1392	22806528	10	5.2	4.935585071701226	13.0	0.0	10	6.0	4.898979485566356	10.0	0.0	-0.008534365764434554	-2.3805391935014546	0.1633049658484769	11.4189999714525	37.30699962693001
1396	22872064	10	3.6	4.340506882842141	10.0	0.0	10	3.8	4.331281565541543	13.0	0.0	-0.00759512436264241	-2.3564857887753887	0.15836084011534318	11.769749970575624	33.87799966122
1400	22937600	10	3.6	4.340506882842141	10.0	0.0	10	7.6	4.476605857119878	13.0	0.0	-0.008383282119854365	-2.332970897113651	0.2302451841293345	11.710749970723127	28.899999711000003
1404	23003136	10	5.6	5.141984052872976	13.0	0.0	10	5.6	4.521061822182927	10.0	0.0	-0.007697174625523157	-2.3564308705458146	0.19362748210474517	11.253999971865	37.09899962901
1408	23068672	10	4.3	5.330103188494571	13.0	0.0	10	7.6	4.476605857119878	13.0	0.0	-0.008482462890571528	-2.3586507039792113	0.1775375094545472	11.414249971464375	30.416999695830008
1412	23134208	10	7.3	4.196427051671457	10.0	0.0	10	8.3	4.243819034784589	13.0	0.0	-0.007897547940133767	-2.380967194587327	0.23198566428142242	11.58349997104125	37.33499962665001
1416	23199744	10	4.3	4.73392015141785	10.0	0.0	10	7.0	4.58257569495584	10.0	0.0	-0.007943190621296628	-2.3772129413989496	0.16574152510749374	11.747499970631251	35.90399964096001
1420	23265280	10	2.3	3.950949253027682	10.0	0.0	10	7.0	4.58257569495584	10.0	0.0	-0.008702771123659279	-2.3514933881694353	0.17304038324453472	12.10249996974375	25.136999748630004
1424	23330816	10	7.0	4.58257569495584	10.0	0.0	10	5.6	5.141984052872976	13.0	0.0	-0.0074328040250129885	-2.397651801256923	0.16742859305622063	11.708749970728125	35.25799964742001
1428	23396352	10	9.0	3.0	10.0	0.0	10	3.3	4.473253849269008	10.0	0.0	-0.007954811657105511	-2.3979205635672405	0.17902384347280162	11.97349997006625	24.818999751810004
1432	23461888	10	5.3	4.775981574503821	10.0	0.0	10	7.6	3.7469987990390385	10.0	0.0	-0.008163791830518961	-2.37378748978286	0.17956925655086417	11.28949997177625	22.836999771630005
1436	23527424	10	6.3	5.21632054229799	13.0	0.0	10	6.6	4.923413450036469	13.0	0.0	-0.00798569075937125	-2.3707646228387027	0.17288982462820526	11.063499972341251	33.84899966151
1440	23592960	10	6.3	4.605431575867782	10.0	0.0	10	7.6	3.9799497484264794	10.0	0.0	-0.008956731543525314	-2.3315585402205765	0.1617019348609391	11.79349997051625	32.840999671590005
1444	23658496	10	4.9	4.52658811910251	10.0	0.0	10	3.2	3.655133376499413	10.0	0.0	-0.008077678674824871	-2.3128133264755046	0.16648229240878726	11.060999972347501	38.08399961916001
1448	23724032	10	3.3	4.473253849269008	10.0	0.0	10	5.0	5.0	10.0	0.0	-0.007962708513412518	-2.3195941718983377	0.15827814317211839	11.37949997155125	36.99399963006
1452	23789568	10	2.3	3.9509492530276824	10.0	0.0	10	6.0	4.898979485566356	10.0	0.0	-0.00813870460272894	-2.2583762305609305	0.17647898754129293	11.361749971595625	35.102999648970005
1456	23855104	10	4.3	4.73392015141785	10.0	0.0	10	8.9	4.635730794599704	13.0	0.0	-0.0076187345710369055	-2.3375043816913115	0.2145907797937577	11.864249970339374	35.914999640850006
1460	23920640	10	5.3	4.775981574503821	10.0	0.0	10	7.6	3.7469987990390385	10.0	0.0	-0.007922410859851842	-2.3113914825098045	0.18045050563584106	12.082249969794374	27.766999722330002
1464	23986176	10	4.9	4.323193264243457	10.0	0.0	10	8.2	4.28485705712571	13.0	0.0	-0.008059769939558065	-2.2805502089469303	0.21838831961363583	12.034249969914375	26.662999733370004
1468	24051712	10	4.3	4.73392015141785	10.0	0.0	10	6.6	4.2708313008125245	10.0	0.0	-0.008944321951556884	-2.329245606815577	0.20048832953371332	12.787499968031252	33.40899966591
1472	24117248	10	2.0	4.0	10.0	0.0	10	4.0	4.898979485566356	10.0	0.0	-0.007795074007942467	-2.3135172796819705	0.1628908181082901	12.44449996888875	24.350999756490005
1476	24182784	10	4.3	5.330103188494571	13.0	0.0	10	6.2	5.758472019555188	13.0	0.0	-0.00801215274175988	-2.3425950082683173	0.1778552862630293	11.007249972481876	32.01599967984
1480	24248320	10	6.3	5.21632054229799	13.0	0.0	10	7.9	4.72122865364515	13.0	0.0	-0.007948335511558062	-2.3340826106620365	0.1697596877946947	11.4529999713675	27.891999721080005
1484	24313856	10	3.6	4.983974317750845	13.0	0.0	10	4.6	4.5431266766402185	10.0	0.0	-0.008519617415329375	-2.360196644815321	0.16316800322236177	11.124249972189375	38.816999611830006
1488	24379392	10	6.6	4.923413450036469	13.0	0.0	10	6.6	4.923413450036469	13.0	0.0	-0.007887465109673298	-2.344090143595342	0.20249820902076016	11.573749971065626	36.77499963225
1492	24444928	10	6.3	4.605431575867781	10.0	0.0	10	5.3	4.775981574503821	10.0	0.0	-0.009216901925305469	-2.3624405113381943	0.20664649702939542	11.736999970657498	27.561999724380005
1496	24510464	10	5.3	4.775981574503821	10.0	0.0	10	7.3	4.859012245302536	13.0	0.0	-0.008079151559051152	-2.305084593353961	0.195129046506722	10.387499974031252	27.744999722550006
1500	24576000	10	7.6	4.476605857119878	13.0	0.0	10	3.3	4.473253849269009	10.0	0.0	-0.00844848538845239	-2.3330528957201655	0.203107739932788	9.882999975292499	30.829999691700003
1504	24641536	10	3.6	4.340506882842141	10.0	0.0	10	6.9	4.592385001282013	13.0	0.0	-0.00834802412195484	-2.3407522363012574	0.17486280814164806	10.128999974677502	41.89099958109001
1508	24707072	10	6.6	4.2708313008125245	10.0	0.0	10	4.6	4.5431266766402185	10.0	0.0	-0.007838197688308603	-2.322386488076528	0.17487370321878606	10.991999972519999	40.280999597190004
1512	24772608	10	3.6	4.340506882842141	10.0	0.0	10	6.6	4.923413450036469	13.0	0.0	-0.008056238170329954	-2.3388577821401286	0.1792983991528046	10.896499972758752	40.63999959360001
1516	24838144	10	5.3	4.775981574503821	10.0	0.0	10	6.3	4.605431575867782	10.0	0.0	-0.007573582675042942	-2.34474121754779	0.21482069850213767	10.69449997326375	37.683999623160005
1520	24903680	10	6.9	5.204805471869242	13.0	0.0	10	6.2	4.6000000000000005	13.0	0.0	-0.008409533964098501	-2.3071783977330473	0.2008217513972941	11.523999971190001	38.98099961019001
1524	24969216	10	7.3	4.859012245302536	13.0	0.0	10	9.6	2.3748684174075834	13.0	3.0	-0.008635978051046761	-2.3536883465977487	0.18184854872182685	11.012249972469375	26.991999730080007
