iter	frame	n_test	mean_returns	std_returns	max_returns	min_returns	n_test_train	mean_returns_train	std_returns_train	max_returns_train	min_returns_train	actor_loss	entropy_loss	value_loss	training_time	evaluation_time
0	0	10	3.0	4.58257569495584	10.0	0.0	10	6.0	4.898979485566356	10.0	0.0	0	0	0	0.0	43.00299956997001
4	65536	10	3.0	4.58257569495584	10.0	0.0	10	3.0	4.58257569495584	10.0	0.0	0.00868248886309227	-2.5746094258924646	0.6360264214955844	11.122749972193125	47.31099952689001
8	131072	10	6.0	4.898979485566356	10.0	0.0	10	4.0	4.898979485566356	10.0	0.0	-0.0031244931060204883	-2.5405691462095596	0.5583440341094666	10.389249974026876	44.169999558300006
12	196608	10	3.0	4.58257569495584	10.0	0.0	10	3.0	4.58257569495584	10.0	0.0	-0.004357732492433174	-2.5586957034783575	0.38604981882822487	10.989749972525624	35.02999964970001
16	262144	10	4.0	4.898979485566356	10.0	0.0	10	4.0	4.898979485566356	10.0	0.0	-0.0044680947971649015	-2.5681533934977745	0.41483495550876	10.062249974844374	41.604999583950004
20	327680	10	6.0	4.898979485566356	10.0	0.0	10	2.0	4.0	10.0	0.0	-0.005329899467496537	-2.54114171836132	0.2709291805230985	9.17449997706375	32.74799967252
24	393216	10	1.0	3.0	10.0	0.0	10	5.0	5.0	10.0	0.0	-0.0049300653791779165	-2.560581614307069	0.36604282225084067	9.550749976123123	38.579999614200005
28	458752	10	3.0	4.58257569495584	10.0	0.0	10	6.0	4.898979485566356	10.0	0.0	-0.005512280163537675	-2.529836428398616	0.3285417166817187	9.362999976592501	45.618999543810006
32	524288	10	3.0	4.58257569495584	10.0	0.0	10	6.0	4.898979485566356	10.0	0.0	-0.00573598183534739	-2.4890429350127823	0.40564776518192364	9.898249975254377	40.026999599730004
36	589824	10	5.0	5.0	10.0	0.0	10	3.0	4.58257569495584	10.0	0.0	-0.006046481558442624	-2.4679906812719627	0.36045443480184036	9.093999977265	46.62699953373001
40	655360	10	4.0	4.898979485566356	10.0	0.0	10	3.0	4.58257569495584	10.0	0.0	-0.006001336477595625	-2.4379115971370204	0.38167938042802413	9.240499976898752	37.85799962142001
44	720896	10	1.0	3.0	10.0	0.0	10	3.0	4.58257569495584	10.0	0.0	-0.005824528013059748	-2.4383112313790365	0.3863556223208583	9.669749975825624	44.56699955433001
48	786432	10	4.0	4.898979485566356	10.0	0.0	10	4.0	4.898979485566356	10.0	0.0	-0.005402471727740013	-2.413974034038063	0.34887675952878355	9.740499975648751	36.381999636180005
52	851968	10	6.0	4.898979485566356	10.0	0.0	10	5.0	5.0	10.0	0.0	-0.005609453827392707	-2.4165341677731353	0.31455567801819884	9.540249976149374	44.297999557020006
56	917504	10	5.0	5.0	10.0	0.0	10	5.0	5.0	10.0	0.0	-0.0052166005571682	-2.352718747907181	0.3723256449448156	9.800249975499375	39.97199960028001
60	983040	10	2.0	4.0	10.0	0.0	10	6.0	4.898979485566356	10.0	0.0	-0.0051342537912314225	-2.3931548841288284	0.3271969604585974	10.186999974532501	41.824999581750006
64	1048576	10	4.0	4.898979485566356	10.0	0.0	10	3.0	4.58257569495584	10.0	0.0	-0.007014323532102904	-2.382706197351371	0.2974041003113636	9.952499975118752	42.45299957547001
68	1114112	10	2.0	4.0	10.0	0.0	10	4.0	4.898979485566356	10.0	0.0	-0.005881466087272548	-2.387445804724751	0.335943779717906	10.108249974729375	45.12699954873001
72	1179648	10	5.0	5.0	10.0	0.0	10	3.0	4.58257569495584	10.0	0.0	-0.006925662670746641	-2.372873166949735	0.3360978103824035	9.651249975871874	45.77799954222001
76	1245184	10	3.0	4.58257569495584	10.0	0.0	10	3.0	4.58257569495584	10.0	0.0	-0.0071397636170473545	-2.4012882433813876	0.3031127645007931	9.58549997603625	43.912999560870006
80	1310720	10	4.0	4.898979485566356	10.0	0.0	10	5.0	5.0	10.0	0.0	-0.007738500199696945	-2.4524747577735178	0.22237401670632995	9.8129999754675	42.270999577290006
84	1376256	10	2.0	4.0	10.0	0.0	10	3.0	4.58257569495584	10.0	0.0	-0.007049101850370166	-2.4848935477330683	0.2994137562809926	10.215999974459999	41.32199958678001
88	1441792	10	4.0	4.898979485566356	10.0	0.0	10	5.0	5.0	10.0	0.0	-0.007886846025118483	-2.478937051932081	0.2588486925739623	10.350999974122502	34.076999659230005
92	1507328	10	4.0	4.898979485566356	10.0	0.0	10	6.0	4.898979485566356	10.0	0.0	-0.008053492385210375	-2.502286093669748	0.21457233898590053	10.403499973991252	31.399999686000005
96	1572864	10	6.0	4.898979485566356	10.0	0.0	10	4.0	4.898979485566356	10.0	0.0	-0.006623609143608865	-2.461217889926754	0.30525033747081176	11.471249971321877	28.831999711680005
100	1638400	10	3.0	4.58257569495584	10.0	0.0	10	2.0	4.0	10.0	0.0	-0.006985292703757256	-2.4409787801345635	0.28709822471056934	10.664249973339375	37.0499996295
104	1703936	10	5.0	5.0	10.0	0.0	10	3.0	4.58257569495584	10.0	0.0	-0.007219330862887077	-2.4104222776961812	0.3079638659322834	11.336499971658752	37.001999629980006
108	1769472	10	4.0	4.898979485566356	10.0	0.0	10	3.0	4.58257569495584	10.0	0.0	-0.007730737752154933	-2.4164379484917897	0.2876074284325959	11.563749971090626	37.317999626820004
112	1835008	10	4.0	4.898979485566356	10.0	0.0	10	5.0	5.0	10.0	0.0	-0.006977649969971176	-2.3850061940649288	0.307578330672282	11.426249971434375	33.821999661780005
116	1900544	10	4.0	4.898979485566356	10.0	0.0	10	3.0	4.58257569495584	10.0	0.0	-0.009066857961711215	-2.4405560764114944	0.20260799340345462	11.132249972169374	38.987999610120006
120	1966080	10	2.0	4.0	10.0	0.0	10	4.0	4.898979485566356	10.0	0.0	-0.008387070982619425	-2.383507701009582	0.248443250984151	11.316749971708125	37.58599962414
124	2031616	10	4.0	4.898979485566356	10.0	0.0	10	5.0	5.0	10.0	0.0	-0.007194487721647114	-2.3528799784712815	0.29772889036688294	11.46949997132625	30.167999698320003
128	2097152	10	6.0	4.898979485566356	10.0	0.0	10	4.0	4.898979485566356	10.0	0.0	-0.006429239296809989	-2.356725687536477	0.2588888182966446	11.919999970200001	36.71499963285001
132	2162688	10	1.0	3.0	10.0	0.0	10	5.0	5.0	10.0	0.0	-0.008727866793985451	-2.3509152082140132	0.26271030583476307	11.56649997108375	36.34599963654
136	2228224	10	4.0	4.898979485566356	10.0	0.0	10	5.0	5.0	10.0	0.0	-0.007784102635112929	-2.3476677509683657	0.24506052906866224	11.87849997030375	26.895999731040003
140	2293760	10	6.0	4.898979485566356	10.0	0.0	10	3.0	4.58257569495584	10.0	0.0	-0.0069890394484290125	-2.366029905529721	0.30534476240399705	12.69199996827	31.488999685110006
144	2359296	10	3.0	4.58257569495584	10.0	0.0	10	4.0	4.898979485566356	10.0	0.0	-0.008604124058984976	-2.3989023141547605	0.21493999859562704	12.418249968954376	29.266999707330005
148	2424832	10	4.0	4.898979485566356	10.0	0.0	10	3.0	4.58257569495584	10.0	0.0	-0.00856735967107436	-2.3698460109546815	0.20935594722931328	11.712749970718125	25.316999746830003
152	2490368	10	4.0	4.898979485566356	10.0	0.0	10	7.0	4.58257569495584	10.0	0.0	-0.007291114070993229	-2.3911020653936013	0.24892905398472934	10.678749973303127	37.792999622070006
156	2555904	10	5.0	5.0	10.0	0.0	10	7.0	4.58257569495584	10.0	0.0	-0.00780902922370443	-2.381968674312266	0.2637184463787547	11.6409999708975	39.348999606510006
160	2621440	10	3.0	4.58257569495584	10.0	0.0	10	4.0	4.898979485566356	10.0	0.0	-0.007157025368099877	-2.428654027228889	0.2118861581909479	11.285749971785625	27.144999728550005
164	2686976	10	4.0	4.898979485566356	10.0	0.0	10	4.0	4.898979485566356	10.0	0.0	-0.008454795608211786	-2.412127000338902	0.2027766840942078	9.843499975391248	43.13799956862
168	2752512	10	4.0	4.898979485566356	10.0	0.0	10	3.0	4.58257569495584	10.0	0.0	-0.008410327322390073	-2.398505732167262	0.22823992074262828	10.06249997484375	32.9099996709
172	2818048	10	5.0	5.0	10.0	0.0	10	4.0	4.898979485566356	10.0	0.0	-0.00866852436502738	-2.3934114374210758	0.23630935215102747	9.39749997650625	34.32799965672001
176	2883584	10	3.0	4.58257569495584	10.0	0.0	10	3.0	4.58257569495584	10.0	0.0	-0.007476246716102705	-2.4045863273221855	0.21547360855704142	10.446749973883126	36.51899963481
180	2949120	10	5.0	5.0	10.0	0.0	10	3.0	4.58257569495584	10.0	0.0	-0.008710212834863095	-2.3746780601650443	0.21152052482870265	10.511749973720624	35.355999646440004
184	3014656	10	4.0	4.898979485566356	10.0	0.0	10	4.0	4.898979485566356	10.0	0.0	-0.008536859700769964	-2.4061256396250914	0.20054029733337145	11.141749972145625	37.99399962006001
188	3080192	10	4.0	4.898979485566356	10.0	0.0	10	3.0	4.58257569495584	10.0	0.0	-0.00881336003081492	-2.3844814968605528	0.22536019233501878	11.025999972435	36.66499963335001
192	3145728	10	3.0	4.58257569495584	10.0	0.0	10	6.0	4.898979485566356	10.0	0.0	-0.008408769372518015	-2.3805160668992844	0.2304940012353966	11.526999971182502	27.760999722390004
196	3211264	10	3.0	4.58257569495584	10.0	0.0	10	4.0	4.898979485566356	10.0	0.0	-0.00878356850110079	-2.376136739801212	0.23335073218423266	12.764749968088125	33.030999669690004
200	3276800	10	5.0	5.0	10.0	0.0	10	2.0	4.0	10.0	0.0	-0.008872464101826894	-2.366901208710484	0.23388322642120277	12.211249969471876	33.26299966737
204	3342336	10	7.0	4.58257569495584	10.0	0.0	10	3.0	4.58257569495584	10.0	0.0	-0.008699225212394888	-2.4200663514397913	0.18950323882711842	12.519499968701249	32.10699967893
208	3407872	10	3.0	4.58257569495584	10.0	0.0	10	4.0	4.898979485566356	10.0	0.0	-0.0077672707185323766	-2.4325564873664853	0.23872223788869196	12.628999968427502	32.567999674320006
212	3473408	10	5.0	5.0	10.0	0.0	10	8.0	4.0	10.0	0.0	-0.006987583226145666	-2.4296874922963267	0.1988904924545634	12.501749968745624	32.88999967110001
216	3538944	10	3.0	4.58257569495584	10.0	0.0	10	7.0	4.58257569495584	10.0	0.0	-0.008513334553170607	-2.4289518021000482	0.20529447152313918	12.405249968986876	36.12099963879001
220	3604480	10	4.0	4.898979485566356	10.0	0.0	10	4.0	4.898979485566356	10.0	0.0	-0.007834235181177117	-2.41226882959113	0.1991095969556489	11.60799997098	35.25899964741001
224	3670016	10	5.0	5.0	10.0	0.0	10	3.0	4.58257569495584	10.0	0.0	-0.00730311001507006	-2.4040557590602996	0.20591135895218313	11.541249971146875	35.98899964011
228	3735552	10	5.0	5.0	10.0	0.0	10	6.0	4.898979485566356	10.0	0.0	-0.007153831072337792	-2.399281101672269	0.22423817913506122	11.659749970850624	34.805999651940006
232	3801088	10	2.0	4.0	10.0	0.0	10	5.0	5.0	10.0	0.0	-0.008546270303081208	-2.388933491954706	0.22036068434083808	11.696749970758125	35.873999641260006
236	3866624	10	5.0	5.0	10.0	0.0	10	4.0	4.898979485566356	10.0	0.0	-0.007337909372981422	-2.4016726983072023	0.25371973586419777	12.004249969989374	31.625999683740005
240	3932160	10	1.0	3.0	10.0	0.0	10	3.0	4.58257569495584	10.0	0.0	-0.009149036793695636	-2.421427691723997	0.22767151594894816	12.012749969968125	36.25999963740001
244	3997696	10	4.0	4.898979485566356	10.0	0.0	10	6.0	4.898979485566356	10.0	0.0	-0.008731197361157678	-2.4081472925816847	0.1730499317068402	11.913749970215626	32.20699967793001
248	4063232	10	6.0	4.898979485566356	10.0	0.0	10	3.0	4.58257569495584	10.0	0.0	-0.007980116952621165	-2.4233250441609777	0.18507217947638904	11.903249970241875	34.716999652830005
252	4128768	10	5.0	5.0	10.0	0.0	10	5.0	5.0	10.0	0.0	-0.009689610882157368	-2.46085215582645	0.17137158287766613	11.999249970001875	30.368999696310006
256	4194304	10	6.0	4.898979485566356	10.0	0.0	10	7.0	4.58257569495584	10.0	0.0	-0.008337367758072195	-2.4132487001488134	0.18753387901220286	11.987249970031877	34.45699965543
260	4259840	10	7.0	4.58257569495584	10.0	0.0	10	2.0	4.0	10.0	0.0	-0.00925686548508243	-2.406749849267437	0.19119238866985044	12.175249969561877	29.804999701950006
264	4325376	10	5.3	4.775981574503821	10.0	0.0	10	6.0	4.898979485566356	10.0	0.0	-0.0078023055482599815	-2.4270162257010823	0.2090142975964479	12.054749969863124	34.88099965119
268	4390912	10	4.0	4.898979485566356	10.0	0.0	10	8.0	4.0	10.0	0.0	-0.00779290545728217	-2.4273147282456136	0.2133517154891078	11.961499970096249	34.65899965341001
272	4456448	10	2.0	4.0	10.0	0.0	10	3.0	4.58257569495584	10.0	0.0	-0.008738194329452375	-2.4247370682614524	0.19563287960190215	11.98649997003375	35.721999642780006
276	4521984	10	2.0	4.0	10.0	0.0	10	5.0	5.0	10.0	0.0	-0.008338469923769456	-2.4460004019176145	0.2119350664407283	11.996749970008125	15.256999847430002
280	4587520	10	6.0	4.898979485566356	10.0	0.0	10	2.0	4.0	10.0	0.0	-0.008220234530858926	-2.411338480559143	0.19472158868941858	11.739249970651876	21.452999785470002
284	4653056	10	5.0	5.0	10.0	0.0	10	7.0	4.58257569495584	10.0	0.0	-0.00931743892239518	-2.418931166079001	0.21476290869462536	10.388749974028125	41.85199958148
288	4718592	10	3.0	4.58257569495584	10.0	0.0	10	2.0	4.0	10.0	0.0	-0.008615341490149085	-2.427518119161781	0.18265345069850225	10.455749973860625	42.71299957287001
292	4784128	10	5.0	5.0	10.0	0.0	10	7.0	4.58257569495584	10.0	0.0	-0.009331432808052868	-2.4271707085226897	0.1744386323080299	10.886249972784373	40.91299959087
296	4849664	10	3.0	4.58257569495584	10.0	0.0	10	4.0	4.898979485566356	10.0	0.0	-0.006855518136836951	-2.4333866484411963	0.22361386487414675	10.870249972824375	34.73099965269001
300	4915200	10	2.0	4.0	10.0	0.0	10	8.0	4.0	10.0	0.0	-0.009019027366139527	-2.4160666115548777	0.15924648108475087	11.047749972380625	14.299999857000003
304	4980736	10	5.0	5.0	10.0	0.0	10	4.0	4.898979485566356	10.0	0.0	-0.008587359035133402	-2.40444948747543	0.1815415508856018	11.342249971644375	38.235999617640005
308	5046272	10	4.0	4.898979485566356	10.0	0.0	10	3.0	4.58257569495584	10.0	0.0	-0.008371804675068982	-2.4126822598248836	0.18039153886942522	12.010999969972499	32.68299967317
312	5111808	10	5.0	5.0	10.0	0.0	10	5.0	5.0	10.0	0.0	-0.009450456720743157	-2.434838736797063	0.1534873616411345	11.60849997097875	28.236999717630002
316	5177344	10	4.0	4.898979485566356	10.0	0.0	10	2.3	3.9509492530276824	10.0	0.0	-0.009874996642067639	-2.438005067154126	0.17804876131013556	11.734249970664376	28.436999715630005
320	5242880	10	3.0	4.58257569495584	10.0	0.0	10	5.0	5.0	10.0	0.0	-0.008571619116099346	-2.3998956056916243	0.17816508326686226	12.186249969534373	35.32099964679001
324	5308416	10	3.0	4.58257569495584	10.0	0.0	10	6.0	4.898979485566356	10.0	0.0	-0.00859927041560553	-2.4099063150557902	0.19452449692870438	12.12749996968125	32.84899967151
328	5373952	10	5.0	5.0	10.0	0.0	10	6.0	4.898979485566356	10.0	0.0	-0.00874282562199247	-2.4267119837259656	0.1728560033384708	12.287249969281875	23.005999769940004
332	5439488	10	5.0	5.0	10.0	0.0	10	5.0	5.0	10.0	0.0	-0.008504439627079256	-2.4261528400039665	0.17958896737227212	9.9969999750075	40.44699959553001
336	5505024	10	3.0	4.58257569495584	10.0	0.0	10	7.0	4.58257569495584	10.0	0.0	-0.008300621862007855	-2.4349336671279653	0.16652951519753845	9.13949997715125	33.83599966164
340	5570560	10	3.0	4.58257569495584	10.0	0.0	10	4.0	4.898979485566356	10.0	0.0	-0.009604378177967483	-2.4223462489704275	0.16677399560003228	9.234249976914375	46.54199953458001
344	5636096	10	4.0	4.898979485566356	10.0	0.0	10	5.0	5.0	10.0	0.0	-0.008532349860939668	-2.4563844698095614	0.14913128609767798	9.09849997725375	44.75299955247001
348	5701632	10	6.3	5.21632054229799	13.0	0.0	10	1.0	3.0	10.0	0.0	-0.00808019498230462	-2.441326287631202	0.1670749043716549	8.968749977578126	48.78399951216001
352	5767168	10	3.0	4.58257569495584	10.0	0.0	10	5.0	5.0	10.0	0.0	-0.009070516092495198	-2.425307343150862	0.1814609515912557	8.79349997801625	35.34299964657001
356	5832704	10	2.0	4.0	10.0	0.0	10	7.0	4.58257569495584	10.0	0.0	-0.00786285246834521	-2.430869738007689	0.19118610394989716	9.736249975659375	24.441999755580003
360	5898240	10	4.0	4.898979485566356	10.0	0.0	10	4.0	4.898979485566356	10.0	0.0	-0.008473512428308374	-2.4183777121170507	0.15704334750687857	12.256749969358125	23.39099976609
364	5963776	10	4.3	4.73392015141785	10.0	0.0	10	6.0	4.898979485566356	10.0	0.0	-0.008253367689626175	-2.396800276884116	0.19267754953210184	12.79949996800125	33.329999666700004
368	6029312	10	4.0	4.898979485566356	10.0	0.0	10	3.0	4.58257569495584	10.0	0.0	-0.007961891932689563	-2.387013934304022	0.15545765246818372	12.900749967748126	32.5499996745
372	6094848	10	5.0	5.0	10.0	0.0	10	3.0	4.58257569495584	10.0	0.0	-0.008001650942257478	-2.3937284894277644	0.1965705690079809	13.016749967458123	36.49799963502
376	6160384	10	4.0	4.898979485566356	10.0	0.0	10	5.0	5.0	10.0	0.0	-0.007437722210987103	-2.444282536450722	0.15374095650961406	11.608749970978124	37.69799962302
380	6225920	10	7.0	4.58257569495584	10.0	0.0	10	6.0	4.898979485566356	10.0	0.0	-0.007880512563525151	-2.4536276680655464	0.2169873816666476	11.618499970953751	37.257999627420006
384	6291456	10	6.0	4.898979485566356	10.0	0.0	10	2.0	4.0	10.0	0.0	-0.008225801712849605	-2.462811027707413	0.15811383388841704	11.5229999711925	37.57199962428001
388	6356992	10	4.0	4.898979485566356	10.0	0.0	10	7.0	4.58257569495584	10.0	0.0	-0.008108626390583563	-2.4476430463228085	0.16744403834262708	11.331999971670001	39.005999609940005
392	6422528	10	2.0	4.0	10.0	0.0	10	4.3	4.73392015141785	10.0	0.0	-0.008206564679973551	-2.46571507527575	0.17541514094643929	10.81999997295	42.75099957249
396	6488064	10	5.0	5.0	10.0	0.0	10	6.0	4.898979485566356	10.0	0.0	-0.008716351106766853	-2.48616609944831	0.14151194573768613	10.193249974516874	17.660999823390004
400	6553600	10	6.0	4.898979485566356	10.0	0.0	10	5.0	5.0	10.0	0.0	-0.008799698506050373	-2.465167417865503	0.15321425866912733	12.025249969936874	15.505999844940003
404	6619136	10	1.3	3.034798181098703	10.0	0.0	10	6.0	4.898979485566356	10.0	0.0	-0.007169194632763017	-2.4228753395338285	0.1994206919127099	11.439749971400625	36.71099963289
408	6684672	10	3.0	4.58257569495584	10.0	0.0	10	2.0	4.0	10.0	0.0	-0.007622313106482577	-2.4286304734600974	0.17616633851729593	11.433249971416876	38.58399961416001
412	6750208	10	5.0	5.0	10.0	0.0	10	5.0	5.0	10.0	0.0	-0.007641504719193229	-2.392616959660367	0.21094189993392043	11.091749972270627	40.387999596120004
416	6815744	10	2.0	4.0	10.0	0.0	10	5.0	5.0	10.0	0.0	-0.00857832927099556	-2.4112983666332135	0.14498107754667364	11.062499972343751	39.80299960197
420	6881280	10	3.0	4.58257569495584	10.0	0.0	10	6.0	4.898979485566356	10.0	0.0	-0.008098377564000784	-2.392174683262072	0.17709736617299912	11.177999972055002	41.45099958549001
424	6946816	10	4.0	4.898979485566356	10.0	0.0	10	4.0	4.898979485566356	10.0	0.0	-0.00814306403881409	-2.412493869410983	0.16411231371106363	10.159499974601252	41.097999589020006
428	7012352	10	3.0	4.58257569495584	10.0	0.0	10	1.0	3.0	10.0	0.0	-0.008438537277197775	-2.428852329398509	0.12377805121816289	10.207749974480624	40.82299959177001
432	7077888	10	4.0	4.898979485566356	10.0	0.0	10	5.0	5.0	10.0	0.0	-0.00845903381229118	-2.4350147716648083	0.1279789587194278	10.366749974083126	40.261999597380004
436	7143424	10	4.0	4.898979485566356	10.0	0.0	10	7.0	4.58257569495584	10.0	0.0	-0.008457139094720983	-2.4508708638380043	0.1678990360640183	10.801749972995625	37.490999625090005
440	7208960	10	2.0	4.0	10.0	0.0	10	4.0	4.898979485566356	10.0	0.0	-0.008162214938903914	-2.419669543451348	0.15545418088567697	9.89249997526875	45.06599954934001
444	7274496	10	6.0	4.898979485566356	10.0	0.0	10	6.0	4.898979485566356	10.0	0.0	-0.007336726731554978	-2.3962248486764604	0.20982947384615516	9.962249975094375	43.91999956080001
448	7340032	10	5.0	5.0	10.0	0.0	10	7.0	4.58257569495584	10.0	0.0	-0.008901844811571618	-2.450409451865212	0.17513408665273175	10.1769999745575	40.37899959621
452	7405568	10	3.0	4.58257569495584	10.0	0.0	10	4.0	4.898979485566356	10.0	0.0	-0.009046193841911417	-2.438499748452807	0.16226418694964087	9.942749975143125	44.85799955142
456	7471104	10	4.0	4.898979485566356	10.0	0.0	10	4.0	4.898979485566356	10.0	0.0	-0.008266977804899545	-2.4064526679591984	0.17550184234390387	9.886999975282501	42.17899957821001
460	7536640	10	3.0	4.58257569495584	10.0	0.0	10	6.0	4.898979485566356	10.0	0.0	-0.008923194877126058	-2.4193084560298095	0.16006918071343554	9.959499975101249	37.366999626330006
464	7602176	10	2.0	4.0	10.0	0.0	10	5.0	5.0	10.0	0.0	-0.008126576575768233	-2.397217514364554	0.16098791134108523	10.169749974575625	42.55399957446001
468	7667712	10	4.0	4.898979485566356	10.0	0.0	10	4.0	4.898979485566356	10.0	0.0	-0.007415633253747124	-2.4118503528307866	0.1898976000759381	10.8269999729325	42.27999957720001
472	7733248	10	2.0	4.0	10.0	0.0	10	1.0	3.0	10.0	0.0	-0.008380622978050705	-2.4263915839250627	0.16043523945726665	10.71949997320125	41.952999580470006
476	7798784	10	4.0	4.898979485566356	10.0	0.0	10	3.0	4.58257569495584	10.0	0.0	-0.00745940682022197	-2.469575752557363	0.16369561686338013	10.68449997328875	40.174999598250004
480	7864320	10	5.0	5.0	10.0	0.0	10	6.0	4.898979485566356	10.0	0.0	-0.007798925123800869	-2.4494598256976956	0.17032462131630893	11.0049999724875	30.823999691760008
484	7929856	10	4.0	4.898979485566356	10.0	0.0	10	1.0	3.0	10.0	0.0	-0.00844851892819167	-2.443517689649044	0.14538366330514887	10.7029999732425	30.465999695340006
488	7995392	10	4.0	4.898979485566356	10.0	0.0	10	4.0	4.898979485566356	10.0	0.0	-0.00749464952890923	-2.461756981652842	0.13677689928378453	10.473749973815623	38.921999610780006
492	8060928	10	2.0	4.0	10.0	0.0	10	3.0	4.58257569495584	10.0	0.0	-0.007581678608826209	-2.4299542479169376	0.13990632124960894	10.081249974796876	34.32799965672001
496	8126464	10	4.0	4.898979485566356	10.0	0.0	10	6.0	4.898979485566356	10.0	0.0	-0.00784567491709951	-2.42701186214438	0.17536550789486524	10.495749973760624	40.78199959218
500	8192000	10	7.0	4.58257569495584	10.0	0.0	10	4.0	4.898979485566356	10.0	0.0	-0.008888423592284488	-2.4459618699982983	0.14437978697678513	11.684749970788124	38.69199961308001
504	8257536	10	3.0	4.58257569495584	10.0	0.0	10	5.0	5.0	10.0	0.0	-0.007411328536501206	-2.459068958701837	0.1414829157921567	10.42349997394125	41.54199958458001
508	8323072	10	2.0	4.0	10.0	0.0	10	2.0	4.0	10.0	0.0	-0.007299133488380914	-2.4730569568680534	0.17525743931879392	10.455249973861875	41.33899958661001
512	8388608	10	5.0	5.0	10.0	0.0	10	5.0	5.0	10.0	0.0	-0.008477104960271174	-2.4421380681235823	0.1286445212571677	10.54449997363875	35.185999648140005
516	8454144	10	4.0	4.898979485566356	10.0	0.0	10	6.0	4.898979485566356	10.0	0.0	-0.008054769480693237	-2.4514694087137228	0.13127841015220626	10.07149997482125	39.54499960455001
520	8519680	10	6.0	4.898979485566356	10.0	0.0	10	8.0	4.0	10.0	0.0	-0.008964010671030939	-2.4415637301842206	0.14592189014300602	10.574749973563126	28.212999717870005
524	8585216	10	3.0	4.58257569495584	10.0	0.0	10	4.0	4.898979485566356	10.0	0.0	-0.008665920455017965	-2.4507457238863117	0.12702932727441688	11.617749970955625	21.227999787720005
528	8650752	10	6.0	4.898979485566356	10.0	0.0	10	3.0	4.58257569495584	10.0	0.0	-0.007436409487565127	-2.4376837186459603	0.1629036226295365	11.876249970309374	27.71099972289
532	8716288	10	4.0	4.898979485566356	10.0	0.0	10	4.0	4.898979485566356	10.0	0.0	-0.008602059181019393	-2.4636682666755374	0.14495060568096818	12.17999996955	35.83499964165001
536	8781824	10	2.0	4.0	10.0	0.0	10	6.0	4.898979485566356	10.0	0.0	-0.008647189312198815	-2.463321317972443	0.1456851205481577	12.190249969524375	35.801999641980004
540	8847360	10	4.0	4.898979485566356	10.0	0.0	10	3.0	4.58257569495584	10.0	0.0	-0.00845033433782388	-2.4397458406728245	0.15606365941081	11.620999970947501	38.795999612040006
544	8912896	10	3.0	4.58257569495584	10.0	0.0	10	5.0	5.0	10.0	0.0	-0.008332394750182784	-2.4897609251130914	0.16753662577637285	11.44949997137625	37.045999629540006
548	8978432	10	3.0	4.58257569495584	10.0	0.0	10	4.0	4.898979485566356	10.0	0.0	-0.008359450769642144	-2.493157999951217	0.15769124184644706	11.617999970955003	34.78799965212
552	9043968	10	6.0	4.898979485566356	10.0	0.0	10	3.0	4.58257569495584	10.0	0.0	-0.008790755721135161	-2.5014241086817846	0.14856629335947005	11.576749971058126	36.79199963208001
556	9109504	10	5.0	5.0	10.0	0.0	10	5.0	5.0	10.0	0.0	-0.008284403672451996	-2.487130877613232	0.14386421727691068	11.358999971602499	33.51499966485001
560	9175040	10	4.0	4.898979485566356	10.0	0.0	10	5.0	5.0	10.0	0.0	-0.00914717935813225	-2.4703966749121347	0.15173451437896934	11.28049997179875	36.637999633620005
564	9240576	10	3.0	4.58257569495584	10.0	0.0	10	5.0	5.0	10.0	0.0	-0.007604667409210092	-2.471526227633994	0.1337631759094436	11.35649997160875	38.03699961963
568	9306112	10	6.0	4.898979485566356	10.0	0.0	10	5.3	4.775981574503821	10.0	0.0	-0.007952022889266332	-2.4992337919651826	0.14974954909016452	11.822749970443125	27.825999721740004
572	9371648	10	4.0	4.898979485566356	10.0	0.0	10	5.3	4.775981574503821	10.0	0.0	-0.006825797544071572	-2.5040456799044524	0.15867359926823463	11.714749970713125	38.020999619790004
576	9437184	10	2.3	3.9509492530276824	10.0	0.0	10	2.0	4.0	10.0	0.0	-0.007726363669567108	-2.4729911334720134	0.20117752469222247	11.303749971740624	36.849999631500005
580	9502720	10	1.3	3.034798181098703	10.0	0.0	10	4.3	4.73392015141785	10.0	0.0	-0.006778953142708745	-2.4860978844158983	0.20869542749287356	11.4189999714525	36.09899963901
584	9568256	10	5.0	5.0	10.0	0.0	10	3.0	4.58257569495584	10.0	0.0	-0.007657811869457507	-2.5091147966552776	0.17023057248222334	11.4069999714825	37.279999627200006
588	9633792	10	4.0	4.898979485566356	10.0	0.0	10	4.0	4.898979485566356	10.0	0.0	-0.007804358879280832	-2.5082034664720254	0.1430644901941206	11.091999972270001	34.802999651970005
592	9699328	10	6.0	4.898979485566356	10.0	0.0	10	7.0	4.58257569495584	10.0	0.0	-0.0074052894722795096	-2.4830522211786437	0.1464734479321948	11.405249971486876	38.53099961469
596	9764864	10	3.0	4.58257569495584	10.0	0.0	10	2.3	3.9509492530276824	10.0	0.0	-0.007710147192286607	-2.471729546527883	0.17649443701865097	10.966749972583125	31.114999688850002
600	9830400	10	5.0	5.0	10.0	0.0	10	8.0	4.0	10.0	0.0	-0.007822070513706529	-2.5023955625669205	0.15599063852108339	11.047499972381251	40.67599959324001
604	9895936	10	5.0	5.0	10.0	0.0	10	6.3	4.605431575867781	10.0	0.0	-0.006276549753797066	-2.4784293470185177	0.17381503050888494	10.574999973562502	39.80799960192001
608	9961472	10	3.0	4.58257569495584	10.0	0.0	10	3.0	4.58257569495584	10.0	0.0	-0.00789382997672501	-2.507236237066087	0.14156299618460838	10.597749973505625	40.95799959042
612	10027008	10	6.0	4.898979485566356	10.0	0.0	10	4.3	4.73392015141785	10.0	0.0	-0.007343563895567291	-2.486505791285903	0.17834521362562888	10.409999973975001	42.29599957704001
616	10092544	10	3.0	4.58257569495584	10.0	0.0	10	2.6	3.878143885933063	10.0	0.0	-0.007781373076591486	-2.496764063575064	0.13829172408940796	10.446999973882502	40.29299959707001
620	10158080	10	2.0	4.0	10.0	0.0	10	2.0	4.0	10.0	0.0	-0.007780261775929442	-2.4596936228295982	0.16949571356895274	10.62549997343625	39.09799960902001
624	10223616	10	4.0	4.898979485566356	10.0	0.0	10	5.0	5.0	10.0	0.0	-0.007154606437186186	-2.45956683133254	0.17482545838111957	11.02399997244	38.20999961790001
628	10289152	10	4.3	4.73392015141785	10.0	0.0	10	5.3	5.367494760127856	13.0	0.0	-0.00731283574516884	-2.471750532329895	0.1450390849732275	10.976249972559376	37.66699962333001
632	10354688	10	4.0	4.898979485566356	10.0	0.0	10	3.3	4.473253849269008	10.0	0.0	-0.007482603088473902	-2.477433067798835	0.16851924932358608	11.825749970435625	25.86499974135
636	10420224	10	2.0	4.0	10.0	0.0	10	6.0	4.898979485566356	10.0	0.0	-0.00788203167312281	-2.454216904682573	0.1539186448629801	11.347499971631251	32.433999675660004
640	10485760	10	5.0	5.0	10.0	0.0	10	5.0	5.0	10.0	0.0	-0.00791475075835494	-2.474866385003419	0.1739478831308685	11.116749972208124	30.131999698680005
644	10551296	10	3.0	4.58257569495584	10.0	0.0	10	7.0	4.58257569495584	10.0	0.0	-0.007322074633667747	-2.4766960116627805	0.17662136347987245	11.62449997093875	28.233999717660005
648	10616832	10	2.0	4.0	10.0	0.0	10	5.3	4.775981574503821	10.0	0.0	-0.007507510065327987	-2.4430557387509215	0.2073228916247791	11.421999971445	37.191999628080005
652	10682368	10	5.0	5.0	10.0	0.0	10	5.0	5.0	10.0	0.0	-0.006929003099266753	-2.453239306551972	0.16673799897359434	11.0489999723775	39.28899960711001
656	10747904	10	3.6	4.340506882842141	10.0	0.0	10	4.0	4.898979485566356	10.0	0.0	-0.006477366910310712	-2.4462846390838306	0.1816526568150295	10.885249972786877	39.76799960232001
660	10813440	10	5.0	5.0	10.0	0.0	10	1.0	3.0	10.0	0.0	-0.007070846597820028	-2.4692612958362488	0.1907766629587815	10.679749973300625	29.331999706680005
664	10878976	10	7.0	4.58257569495584	10.0	0.0	10	5.0	5.0	10.0	0.0	-0.0070113995260395615	-2.446177673581739	0.18285415265356633	10.37549997406125	34.421999655780006
668	10944512	10	3.0	4.58257569495584	10.0	0.0	10	3.0	4.58257569495584	10.0	0.0	-0.00862440780142202	-2.4392445358079935	0.21982019206081843	10.914999972712499	28.753999712460004
672	11010048	10	5.0	5.0	10.0	0.0	10	7.0	4.58257569495584	10.0	0.0	-0.008385987357274824	-2.449620264016726	0.16857761367951665	10.756749973108125	31.587999684120007
676	11075584	10	4.0	4.898979485566356	10.0	0.0	10	7.3	4.196427051671457	10.0	0.0	-0.008240838470000643	-2.4210671407442614	0.16270495778738372	10.694749973263125	40.921999590780004
680	11141120	10	3.3	4.473253849269008	10.0	0.0	10	7.3	4.196427051671457	10.0	0.0	-0.00774773434305883	-2.4397748805524615	0.17510359973064465	10.757249973106875	38.406999615930005
684	11206656	10	4.0	4.898979485566356	10.0	0.0	10	4.0	4.898979485566356	10.0	0.0	-0.008180832887225153	-2.4478063009613042	0.1874103536634133	10.303249974241876	31.632999683670004
688	11272192	10	6.0	4.898979485566356	10.0	0.0	10	2.0	4.0	10.0	0.0	-0.008519057358193359	-2.4376057160341724	0.1925872062753198	10.332999974167498	43.94299956057
692	11337728	10	5.3	4.775981574503821	10.0	0.0	10	1.3	3.034798181098703	10.0	0.0	-0.008303189916098151	-2.4396835612696215	0.2095258447589026	9.769249975576875	39.55299960447
696	11403264	10	5.0	5.0	10.0	0.0	10	3.3	4.473253849269008	10.0	0.0	-0.0073288437213953105	-2.4276322670235673	0.22325796740287512	9.979749975050625	43.59699956403001
700	11468800	10	6.0	4.898979485566356	10.0	0.0	10	5.0	5.0	10.0	0.0	-0.008124972216200536	-2.415998662259841	0.20697429021216646	10.320749974198126	31.843999681560007
704	11534336	10	6.0	4.898979485566356	10.0	0.0	10	5.0	5.0	10.0	0.0	-0.008386041400662658	-2.3980262972400075	0.23622502197844783	10.608749973478124	21.162999788370005
708	11599872	10	3.0	4.58257569495584	10.0	0.0	10	6.3	4.605431575867782	10.0	0.0	-0.007719935848504807	-2.3627448352696976	0.19451256055531788	11.427499971431251	36.67199963328
712	11665408	10	4.0	4.898979485566356	10.0	0.0	10	3.9	4.182104733265296	10.0	0.0	-0.007847758038316147	-2.345521477117195	0.2170208085412718	11.628999970927502	36.33699963663001
716	11730944	10	5.0	5.0	10.0	0.0	10	4.0	4.898979485566356	10.0	0.0	-0.007473892970493273	-2.366373349976408	0.2180001234098186	11.384499971538752	36.98699963013001
720	11796480	10	5.6	4.521061822182927	10.0	0.0	10	5.6	4.521061822182926	10.0	0.0	-0.007730232470853149	-2.3573722514041378	0.17955582501669445	11.380749971548125	37.02599962974001
724	11862016	10	7.6	3.7469987990390385	10.0	0.0	10	2.3	3.9509492530276824	10.0	0.0	-0.007202246953215861	-2.324183436489395	0.20957930585669876	11.7489999706275	29.380999706190003
728	11927552	10	1.3	3.034798181098703	10.0	0.0	10	5.3	4.775981574503821	10.0	0.0	-0.00764086817719078	-2.360030735286606	0.19502378679953541	11.613499970966252	28.980999710190005
732	11993088	10	4.0	4.898979485566356	10.0	0.0	10	5.6	5.141984052872976	13.0	0.0	-0.006916270776135081	-2.4225199741581878	0.16169057412251384	11.624499970938748	27.877999721220004
736	12058624	10	4.3	4.73392015141785	10.0	0.0	10	5.0	5.0	10.0	0.0	-0.0068656229140109	-2.40108793452206	0.2063895307731961	11.304249971739376	39.57299960427001
740	12124160	10	2.0	4.0	10.0	0.0	10	3.0	4.58257569495584	10.0	0.0	-0.007680079229540189	-2.4249408664760255	0.17830737429986707	10.891749972770628	34.36199965638001
744	12189696	10	7.0	4.58257569495584	10.0	0.0	10	6.3	4.605431575867782	10.0	0.0	-0.007185244408153317	-2.419303426887907	0.19253804470579913	11.429999971425	30.502999694970004
748	12255232	10	2.0	4.0	10.0	0.0	10	3.3	4.473253849269008	10.0	0.0	-0.007859887978853706	-2.4170264698530795	0.17224140556597628	11.6909999707725	36.486999635130005
752	12320768	10	5.3	4.775981574503821	10.0	0.0	10	3.6	4.340506882842141	10.0	0.0	-0.00773519859326134	-2.4063977869825273	0.15236441742904328	11.732749970668124	36.38799963612001
756	12386304	10	4.0	4.898979485566356	10.0	0.0	10	4.3	5.330103188494571	13.0	0.0	-0.006294761663665709	-2.404334914930549	0.1589998033818629	11.901999970245	26.181999738180004
760	12451840	10	6.3	4.605431575867782	10.0	0.0	10	5.0	5.0	10.0	0.0	-0.007674490180871563	-2.433013622706016	0.14974006108621618	11.24949997187625	40.72199959278001
764	12517376	10	5.0	5.0	10.0	0.0	10	4.0	4.898979485566356	10.0	0.0	-0.007935149839272071	-2.406300323454222	0.175925260313777	10.5149999737125	39.54699960453
768	12582912	10	5.9	4.2296571965113205	10.0	0.0	10	5.0	5.0	10.0	0.0	-0.0077817653938006826	-2.4256930423236365	0.15759108943464892	11.018749972453126	30.014999699850005
772	12648448	10	3.0	4.58257569495584	10.0	0.0	10	5.6	5.141984052872976	13.0	0.0	-0.0073305307685833055	-2.4797231651743075	0.11021180123805349	11.000249972499377	40.73099959269001
776	12713984	10	5.3	4.775981574503821	10.0	0.0	10	4.3	4.73392015141785	10.0	0.0	-0.0065309940587988625	-2.458302149913935	0.14189259698688633	10.451249973871876	38.63299961367001
780	12779520	10	3.6	4.340506882842141	10.0	0.0	10	6.3	4.605431575867781	10.0	0.0	-0.006943285699773182	-2.428403265521291	0.1966539325453384	10.788749973028125	39.69899960301
784	12845056	10	4.3	4.73392015141785	10.0	0.0	10	7.3	4.196427051671457	10.0	0.0	-0.007918917139031412	-2.4774547241531013	0.14109364422120677	11.08249997229375	33.47499966525001
788	12910592	10	6.3	5.21632054229799	13.0	0.0	10	5.6	4.521061822182927	10.0	0.0	-0.007637031911561867	-2.4717002433943978	0.1391069119030372	9.733999975665	44.96599955034001
792	12976128	10	6.0	4.898979485566356	10.0	0.0	10	4.3	4.73392015141785	10.0	0.0	-0.007299961691233496	-2.4711903529771932	0.19382994503557727	10.73599997316	32.624999673750004
796	13041664	10	7.3	4.196427051671457	10.0	0.0	10	3.6	4.340506882842141	10.0	0.0	-0.007336731104405503	-2.4362039215808564	0.17972159228588622	9.962249975094377	43.26099956739001
800	13107200	10	5.0	5.0	10.0	0.0	10	5.3	4.775981574503821	10.0	0.0	-0.008309634919334357	-2.46917807285099	0.15636702834862343	10.255249974361876	41.99699958003001
804	13172736	10	5.3	4.775981574503821	10.0	0.0	10	8.0	4.0	10.0	0.0	-0.007436505913406058	-2.460208259266643	0.21258715506912132	10.75749997310625	27.675999723240004
808	13238272	10	1.0	3.0	10.0	0.0	10	6.3	5.21632054229799	13.0	0.0	-0.007719122699608527	-2.4585630121252944	0.16331537702592724	9.649249975876875	45.58699954413001
812	13303808	10	3.0	4.58257569495584	10.0	0.0	10	9.3	2.1	10.0	3.0	-0.006644938416901767	-2.43481045439312	0.1439171338614416	9.865249975336875	39.391999606080006
816	13369344	10	6.0	4.898979485566356	10.0	0.0	10	4.3	4.73392015141785	10.0	0.0	-0.006372737470825797	-2.4279839915488237	0.21057595760541112	9.772249975569375	36.43599963564001
820	13434880	10	3.0	4.58257569495584	10.0	0.0	10	6.6	4.923413450036469	13.0	0.0	-0.00787288147975987	-2.424397888030393	0.1538952550069619	10.756499973108749	40.518999594810005
824	13500416	10	3.0	4.58257569495584	10.0	0.0	10	5.6	4.521061822182926	10.0	0.0	-0.008361317585127554	-2.44323423479379	0.15925425087615944	10.233999974415001	34.18999965810001
828	13565952	10	2.0	4.0	10.0	0.0	10	3.6	4.340506882842141	10.0	0.0	-0.007218851225697902	-2.416378664221986	0.15387023432750555	10.651999973370001	40.179999598200006
832	13631488	10	3.0	4.58257569495584	10.0	0.0	10	3.3	4.473253849269008	10.0	0.0	-0.007922343586347748	-2.4606341145853037	0.16595791208691701	10.87349997281625	28.105999718940005
836	13697024	10	4.0	4.898979485566356	10.0	0.0	10	2.0	4.0	10.0	0.0	-0.007980421006401213	-2.4293474502814454	0.1571960726899572	11.62149997094625	35.08099964919001
840	13762560	10	4.3	4.73392015141785	10.0	0.0	10	4.6	4.5431266766402185	10.0	0.0	-0.0071567318389925165	-2.3990421044314325	0.18039015678672463	11.91599997021	24.12699975873
844	13828096	10	5.6	5.141984052872976	13.0	0.0	10	6.6	4.2708313008125245	10.0	0.0	-0.007308144439317687	-2.4604098223070374	0.19049923694260387	12.52349996869125	33.59299966407001
848	13893632	10	4.0	4.898979485566356	10.0	0.0	10	5.0	5.0	10.0	0.0	-0.0076832168358911875	-2.458182421567282	0.2196314949313501	12.288249969279377	32.327999676720005
852	13959168	10	6.3	4.605431575867782	10.0	0.0	10	5.0	5.0	10.0	0.0	-0.007050304711682818	-2.428387184684838	0.23021129330084777	12.545749968635626	20.903999790960004
856	14024704	10	9.0	3.0	10.0	0.0	10	5.3	4.775981574503821	10.0	0.0	-0.006819340932044994	-2.4505877070059747	0.22503618986795668	11.509249971226877	32.524999674750006
860	14090240	10	4.0	4.898979485566356	10.0	0.0	10	6.3	5.21632054229799	13.0	0.0	-0.008095271979139241	-2.4583398622693857	0.1610149876822942	11.2949999717625	31.57099968429001
864	14155776	10	5.3	4.775981574503821	10.0	0.0	10	4.3	4.73392015141785	10.0	0.0	-0.007302655287121774	-2.4315538826038767	0.19174027658243434	10.3909999740225	28.858999711410007
868	14221312	10	1.0	3.0	10.0	0.0	10	9.0	3.0	10.0	0.0	-0.007774605013561287	-2.4189274482392835	0.18914728687347615	10.083249974791874	36.721999632780005
872	14286848	10	2.0	4.0	10.0	0.0	10	4.6	5.161395160225576	13.0	0.0	-0.007829669426825222	-2.4462111838097336	0.19120243647627627	9.768999975577499	46.023999539760005
876	14352384	10	5.3	4.775981574503821	10.0	0.0	10	3.6	4.543126676640219	10.0	0.0	-0.0077120141399519134	-2.437815410141524	0.20709732312414472	9.988249975029376	44.231999557680005
880	14417920	10	4.3	4.73392015141785	10.0	0.0	10	4.0	4.898979485566356	10.0	0.0	-0.008162745230097334	-2.4325419959872256	0.21203690377028417	10.661249973346877	39.925999600740006
884	14483456	10	3.0	4.58257569495584	10.0	0.0	10	4.3	4.73392015141785	10.0	0.0	-0.008444320540577656	-2.458093344909201	0.17094592111888032	10.622749973443126	29.557999704420006
888	14548992	10	4.3	5.330103188494571	13.0	0.0	10	2.3	3.9509492530276824	10.0	0.0	-0.007454766415757622	-2.4408692615668537	0.19608026740892676	9.771999975569999	44.36399955636001
892	14614528	10	3.0	4.58257569495584	10.0	0.0	10	3.3	4.473253849269008	10.0	0.0	-0.008562562666174297	-2.4298250747176153	0.15408578746278379	9.7529999756175	41.802999581970006
896	14680064	10	3.3	4.473253849269008	10.0	0.0	10	6.6	4.2708313008125245	10.0	0.0	-0.00673782169593472	-2.4061940061526417	0.2398525423430896	9.981999975045	25.098999749010005
900	14745600	10	7.6	5.102940328869229	13.0	0.0	10	5.6	4.521061822182927	10.0	0.0	-0.006391950836224393	-2.354192460331465	0.24732280830449493	10.169749974575625	35.142999648570004
904	14811136	10	7.0	4.58257569495584	10.0	0.0	10	5.0	5.0	10.0	0.0	-0.007787276611550718	-2.396705706664609	0.20581552663536734	10.508249973729376	21.035999789640005
908	14876672	10	3.0	4.58257569495584	10.0	0.0	10	7.0	4.58257569495584	10.0	0.0	-0.008040837193292702	-2.3414798152987935	0.21613877924080807	12.705749968235626	21.951999780480005
912	14942208	10	6.0	4.898979485566356	10.0	0.0	10	6.3	4.605431575867781	10.0	0.0	-0.0076737350916917186	-2.358395678055986	0.19250454309253834	12.786749968033124	34.8199996518
916	15007744	10	5.0	5.0	10.0	0.0	10	6.3	5.21632054229799	13.0	0.0	-0.007216878736629435	-2.3427254058463842	0.18630466390943975	12.10349996974125	27.727999722720007
920	15073280	10	5.0	5.0	10.0	0.0	10	4.3	4.73392015141785	10.0	0.0	-0.006924912885739897	-2.316277488824845	0.2105411640149088	12.11149996972125	32.38699967613
924	15138816	10	3.6	4.340506882842141	10.0	0.0	10	7.6	3.746998799039039	10.0	0.0	-0.006856963830809631	-2.3153044678342565	0.19622529590941892	12.781999968045	34.15299965847
928	15204352	10	5.0	5.0	10.0	0.0	10	5.3	4.775981574503821	10.0	0.0	-0.006467563568784729	-2.306302698709733	0.21040575079911683	12.257749969355627	37.33499962665001
932	15269888	10	3.9	4.3920382511995495	10.0	0.0	10	5.0	5.0	10.0	0.0	-0.006945834827885067	-2.35176935519119	0.14923753758579622	11.330249971674375	37.54099962459
936	15335424	10	5.0	5.0	10.0	0.0	10	4.6	4.5431266766402185	10.0	0.0	-0.007093130408842873	-2.284156990310042	0.2121858267513421	11.629749970925625	39.541999604580006
940	15400960	10	4.3	5.330103188494571	13.0	0.0	10	5.3	4.775981574503821	10.0	0.0	-0.00785111257734339	-2.358647984517294	0.17438726955760434	11.14849997212875	41.177999588220004
944	15466496	10	8.3	4.243819034784589	13.0	0.0	10	7.3	4.859012245302536	13.0	0.0	-0.007006251207589432	-2.2869665396811505	0.21885921213979614	11.229249971926876	34.98599965014
948	15532032	10	5.9	4.887739763939975	13.0	0.0	10	7.3	4.859012245302536	13.0	0.0	-0.007122893057855918	-2.4105522282394123	0.14562932695297365	10.79049997302375	29.498999705010004
952	15597568	10	4.0	4.898979485566356	10.0	0.0	10	8.3	3.4655446902326914	10.0	0.0	-0.007555345230201056	-2.3814430631700034	0.17957462376286112	11.34399997164	38.55099961449001
956	15663104	10	3.6	4.983974317750845	13.0	0.0	10	4.6	4.5431266766402185	10.0	0.0	-0.00698888711170446	-2.4232361239650895	0.16271140610966928	11.250249971874377	40.37999959620001
960	15728640	10	7.0	4.58257569495584	10.0	0.0	10	6.6	5.499090833947008	13.0	0.0	-0.007324356201777654	-2.4055628451186	0.14519539908545728	11.4489999713775	30.197999698020006
964	15794176	10	4.3	4.73392015141785	10.0	0.0	10	5.3	4.775981574503821	10.0	0.0	-0.007421061930608673	-2.4057502992428725	0.1747292345983816	12.187249969531877	36.252999637470005
968	15859712	10	6.0	4.898979485566356	10.0	0.0	10	6.0	4.898979485566356	10.0	0.0	-0.007578916948779777	-2.425885816162454	0.201417030978456	11.480999971297502	32.52999967470001
972	15925248	10	4.6	5.161395160225576	13.0	0.0	10	5.3	4.775981574503821	10.0	0.0	-0.006850273730877919	-2.366872300457771	0.23398530356632158	11.273249971816874	39.029999609700006
976	15990784	10	4.3	4.73392015141785	10.0	0.0	10	3.3	4.473253849269008	10.0	0.0	-0.007253571386023301	-2.390119693924365	0.14204082597740583	10.936999972657501	38.83699961163001
980	16056320	10	6.3	4.605431575867782	10.0	0.0	10	5.9	4.2296571965113205	10.0	0.0	-0.006981969170010723	-2.42571142042244	0.16746645302629953	11.010249972474375	40.18699959813
984	16121856	10	4.3	4.73392015141785	10.0	0.0	10	6.0	4.898979485566356	10.0	0.0	-0.007020741562151576	-2.4410083490054224	0.13419706000479897	10.605749973485626	25.692999743070004
988	16187392	10	5.9	4.887739763939975	13.0	0.0	10	8.6	3.7202150475476548	13.0	0.0	-0.0076492437017719375	-2.417326790339276	0.17253788683007965	11.32049997169875	29.157999708420007
992	16252928	10	7.0	4.58257569495584	10.0	0.0	10	4.3	5.330103188494571	13.0	0.0	-0.006954970611213954	-2.4171367011929994	0.21183680104368655	11.038499972403748	39.685999603140004
996	16318464	10	4.0	4.898979485566356	10.0	0.0	10	5.3	4.775981574503821	10.0	0.0	-0.0074408657375422795	-2.3896015507473867	0.2340463877722208	11.06949997232625	38.54499961455001
1000	16384000	10	5.3	4.775981574503821	10.0	0.0	10	4.6	5.161395160225576	13.0	0.0	-0.007841497743752576	-2.4189644850754273	0.170541963599863	11.095749972260624	35.47599964524
1004	16449536	10	3.6	4.983974317750846	13.0	0.0	10	5.3	5.367494760127857	13.0	0.0	-0.007968724005956867	-2.367417253307261	0.2125618502586695	11.076249972309373	32.801999671980006
1008	16515072	10	1.0	3.0	10.0	0.0	10	7.0	4.58257569495584	10.0	0.0	-0.00754734886425975	-2.4078461028610856	0.17180647512970842	11.24399997189	30.493999695060005
1012	16580608	10	6.0	4.898979485566356	10.0	0.0	10	7.0	4.58257569495584	10.0	0.0	-0.007304253628259865	-2.3823540183406986	0.17687906229888684	10.676249973309375	19.014999809850003
1016	16646144	10	7.0	4.58257569495584	10.0	0.0	10	1.6	3.039736830714133	10.0	0.0	-0.007624592654301586	-2.3541721425981788	0.20763275638232936	10.645999973385	42.75499957245001
1020	16711680	10	6.6	5.499090833947008	13.0	0.0	10	4.3	5.330103188494571	13.0	0.0	-0.006935003882250127	-2.348470692588632	0.23447166536044464	10.29199997427	43.02899956971001
1024	16777216	10	5.3	4.775981574503821	10.0	0.0	10	7.3	4.196427051671457	10.0	0.0	-0.007311881965351147	-2.3042945511722337	0.2061400118379639	10.295249974261875	36.18299963817
1028	16842752	10	2.6	3.8781438859330635	10.0	0.0	10	2.3	3.9509492530276824	10.0	0.0	-0.007314618811956799	-2.3790414902076513	0.21603934464588426	10.120249974699375	39.69499960305001
1032	16908288	10	6.0	4.898979485566356	10.0	0.0	10	5.3	4.775981574503821	10.0	0.0	-0.007349000253414761	-2.3646292311470214	0.19886574395412943	10.443499973891251	43.43199956568001
1036	16973824	10	5.6	4.521061822182926	10.0	0.0	10	1.0	3.0	10.0	0.0	-0.00810894325126167	-2.3649916249036913	0.2171622741120347	10.28799997428	45.19999954800001
1040	17039360	10	3.3	4.473253849269008	10.0	0.0	10	5.0	5.0	10.0	0.0	-0.008114020091916864	-2.367664898188643	0.22750247251976988	10.358249974104377	37.14299962857001
1044	17104896	10	7.6	4.476605857119878	13.0	0.0	10	6.0	4.898979485566356	10.0	0.0	-0.005565719622635889	-2.3945529334236313	0.23124421369980006	11.237999971905	38.51899961481001
1048	17170432	10	4.6	5.161395160225576	13.0	0.0	10	8.0	4.0	10.0	0.0	-0.007142659220803822	-2.4059091282364946	0.23229515053395636	11.469999971325	32.710999672890004
1052	17235968	10	3.0	4.58257569495584	10.0	0.0	10	6.3	5.21632054229799	13.0	0.0	-0.007520905746003893	-2.3709632106139127	0.2269807448374225	10.896999972757502	29.943999700560003
1056	17301504	10	3.6	4.340506882842141	10.0	0.0	10	6.6	4.923413450036469	13.0	0.0	-0.008341367013640267	-2.3508847154711603	0.24322537718290682	10.063749974840626	43.932999560670005
1060	17367040	10	6.3	5.21632054229799	13.0	0.0	10	4.6	5.161395160225576	13.0	0.0	-0.007488092515943544	-2.4065508417761867	0.17850212813047833	10.560499973598752	41.10899958891001
1064	17432576	10	5.6	5.141984052872977	13.0	0.0	10	6.0	4.898979485566356	10.0	0.0	-0.008346671708184083	-2.37349957948041	0.19243263094233667	10.888499972778751	39.91399960086001
1068	17498112	10	5.3	4.775981574503821	10.0	0.0	10	10.0	0.0	10.0	10.0	-0.008371340207038771	-2.370836421600381	0.15683393124409492	11.02049997244875	31.411999685880005
1072	17563648	10	2.3	3.9509492530276824	10.0	0.0	10	6.0	4.898979485566356	10.0	0.0	-0.006475408041834897	-2.3712736514720856	0.2654449790439666	10.290749974273126	41.98099958019001
1076	17629184	10	6.2	5.2115256883181535	13.0	0.0	10	7.9	4.72122865364515	13.0	0.0	-0.009342391267270303	-2.369526676586804	0.21673853693134915	10.478749973803128	35.04899964951
1080	17694720	10	3.0	4.58257569495584	10.0	0.0	10	7.2	4.214261501141095	13.0	0.0	-0.007329320660416871	-2.3433892053904906	0.16852619613627964	10.944749972638125	40.180999598190006
1084	17760256	10	5.6	5.141984052872976	13.0	0.0	10	4.3	4.73392015141785	10.0	0.0	-0.007325631039288337	-2.4283383957995675	0.18222606521685142	11.070749972323124	38.55199961448
1088	17825792	10	2.3	3.9509492530276824	10.0	0.0	10	5.3	4.775981574503821	10.0	0.0	-0.008457419216663781	-2.4359874399945816	0.1483351739434609	11.1989999720025	41.479999585200005
1092	17891328	10	2.0	4.0	10.0	0.0	10	7.9	4.036087214122113	13.0	0.0	-0.0077139713022156674	-2.3929909216851755	0.16909725636345035	10.5189999737025	41.587999584120006
1096	17956864	10	5.6	4.521061822182926	10.0	0.0	10	6.0	4.898979485566356	10.0	0.0	-0.007221408397380929	-2.4427746506967707	0.17686623449457609	10.630999973422501	30.642999693570005
1100	18022400	10	5.6	4.521061822182926	10.0	0.0	10	5.0	5.0	10.0	0.0	-0.007486416210494306	-2.4485700376264736	0.15819153529496233	10.529749973675624	41.83499958165001
1104	18087936	10	3.3	4.473253849269008	10.0	0.0	10	8.3	4.243819034784589	13.0	0.0	-0.006725933421478653	-2.4154358503686617	0.1471699639070214	10.445749973885626	40.84399959156001
1108	18153472	10	3.0	4.58257569495584	10.0	0.0	10	6.0	4.898979485566356	10.0	0.0	-0.007613977207979241	-2.4161480141149445	0.1718822979810107	10.22449997443875	44.06499955935001
1112	18219008	10	5.0	5.0	10.0	0.0	10	6.0	4.898979485566356	10.0	0.0	-0.007430085872767765	-2.405853087452777	0.1698738361997529	9.861999975345	27.632999723670004
1116	18284544	10	5.3	4.775981574503821	10.0	0.0	10	4.3	4.73392015141785	10.0	0.0	-0.007532833262124688	-2.4095428732507833	0.18684384255896805	11.018749972453124	39.20399960796001
1120	18350080	10	1.0	3.0	10.0	0.0	10	6.0	4.898979485566356	10.0	0.0	-0.008370951268299226	-2.385916918267626	0.20075042698924717	11.441499971396249	36.58599963414
1124	18415616	10	2.0	4.0	10.0	0.0	10	5.3	4.775981574503821	10.0	0.0	-0.008308782320195897	-2.4238492744623032	0.1584309163183096	11.970749970073125	36.77099963229001
1128	18481152	10	4.6	4.5431266766402185	10.0	0.0	10	6.0	4.898979485566356	10.0	0.0	-0.007953035709842078	-2.4712344380625804	0.15879851182199892	11.7489999706275	38.66899961331001
1132	18546688	10	3.3	4.473253849269008	10.0	0.0	10	5.6	4.521061822182927	10.0	0.0	-0.008341009098371327	-2.3918211035422474	0.19716324981110883	11.195749972010626	39.834999601650004
1136	18612224	10	5.0	5.0	10.0	0.0	10	8.6	4.651881339845203	16.0	0.0	-0.008411560645711934	-2.3892842901244413	0.19852089615954316	11.364249971589375	21.371999786280004
1140	18677760	10	3.3	4.473253849269008	10.0	0.0	10	4.9	4.52658811910251	10.0	0.0	-0.00843170407858236	-2.3898226218913083	0.20034442746787504	12.1829999695425	36.49399963506001
1144	18743296	10	2.9	3.7802116342871597	10.0	0.0	10	8.2	5.114684741017769	16.0	0.0	-0.007819009024786102	-2.379199144493066	0.18775951487850345	11.852749970368125	30.601999693980005
1148	18808832	10	4.3	4.73392015141785	10.0	0.0	10	5.3	5.367494760127857	13.0	0.0	-0.007422669285445587	-2.4023814248523037	0.22580482047803466	11.893249970266874	35.77199964228
1152	18874368	10	3.9	4.182104733265297	10.0	0.0	10	5.3	4.775981574503821	10.0	0.0	-0.007356303903322863	-2.40395299071861	0.18763961866095616	11.859249970351877	32.93499967065001
1156	18939904	10	4.0	4.898979485566356	10.0	0.0	10	7.0	4.58257569495584	10.0	0.0	-0.008414262773873173	-2.3839758855601367	0.17748520800857676	11.638249970904374	36.05399963946001
1160	19005440	10	8.3	4.243819034784589	13.0	0.0	10	6.0	4.898979485566356	10.0	0.0	-0.007839332765587468	-2.3581195769237806	0.23117294967250004	12.467499968831252	30.203999697960004
1164	19070976	10	2.3	3.9509492530276824	10.0	0.0	10	2.3	3.9509492530276824	10.0	0.0	-0.007342015804617798	-2.3542260798346413	0.23444197712507542	12.048749969878125	35.88299964117001
1168	19136512	10	8.3	3.4655446902326914	10.0	0.0	10	8.3	3.4655446902326914	10.0	0.0	-0.007405636896830232	-2.3588404280470385	0.23479096263063984	11.6909999707725	10.914999890850002
1172	19202048	10	3.3	4.473253849269008	10.0	0.0	10	5.2	4.749736834815167	13.0	0.0	-0.008034409248539121	-2.3814602144065358	0.20313403629134083	10.4799999738	42.02999957970001
1176	19267584	10	3.9	4.846648326421054	13.0	0.0	10	4.0	4.898979485566356	10.0	0.0	-0.007773905807373893	-2.3652110817551506	0.16588365758283022	11.37599997156	35.15399964846001
1180	19333120	10	4.3	4.73392015141785	10.0	0.0	10	4.6	4.737087712930804	10.0	0.0	-0.008849275573981203	-2.398352771747623	0.1885472207599425	11.108249972229375	37.31299962687001
1184	19398656	10	7.6	4.476605857119878	13.0	0.0	10	6.3	4.605431575867781	10.0	0.0	-0.006819274974276569	-2.4105068939400116	0.21966862319232627	12.30399996924	34.78799965212
1188	19464192	10	7.3	4.196427051671457	10.0	0.0	10	6.0	4.898979485566356	10.0	0.0	-0.007466337181975354	-2.363690572234143	0.17989985705031566	12.735749968160626	34.19799965802001
1192	19529728	10	6.3	4.605431575867781	10.0	0.0	10	6.5	4.4777226354476225	13.0	0.0	-0.007913491988583987	-2.3430218470636173	0.14188551226084153	12.416749968958126	36.83999963160001
1196	19595264	10	4.0	4.898979485566356	10.0	0.0	10	5.3	5.367494760127857	13.0	0.0	-0.007459842463333436	-2.313909182704855	0.19325500678120625	12.506249968734377	35.77799964222
1200	19660800	10	5.6	4.521061822182926	10.0	0.0	10	5.6	5.141984052872977	13.0	0.0	-0.006917514823005804	-2.320383260405749	0.17797582346333848	11.549499971126252	39.79899960201001
1204	19726336	10	8.3	3.4655446902326914	10.0	0.0	10	9.0	3.0	10.0	0.0	-0.007638588542060279	-2.361415780834742	0.18301956889175772	10.9049999727375	21.819999781800004
1208	19791872	10	3.0	4.58257569495584	10.0	0.0	10	3.9	4.182104733265296	10.0	0.0	-0.008230548242006384	-2.40942847703631	0.1454311387151484	11.584749971038127	36.47199963528001
1212	19857408	10	3.0	4.58257569495584	10.0	0.0	10	5.3	4.775981574503821	10.0	0.0	-0.008455587976973123	-2.370214166493679	0.17951783745542285	11.94049997014875	40.02399959976001
1216	19922944	10	4.3	4.73392015141785	10.0	0.0	10	6.0	4.898979485566356	10.0	0.0	-0.00821868437838811	-2.356264496597576	0.13775483292334312	11.007749972480624	38.82399961176
1220	19988480	10	3.3	5.1	13.0	0.0	10	10.2	3.919183588453085	16.0	0.0	-0.008202274360635092	-2.367474185677123	0.16118669834171567	10.862999972842502	28.130999718690006
1224	20054016	10	6.6	4.923413450036469	13.0	0.0	10	8.2	3.762977544445356	13.0	0.0	-0.006813687363822232	-2.3608021783356388	0.1824479733093271	10.2529999743675	44.676999553230004
1228	20119552	10	6.0	4.898979485566356	10.0	0.0	10	7.5	4.5	13.0	0.0	-0.008336508980433062	-2.3620971761666896	0.1505270574550739	10.46649997383375	16.593999834060003
1232	20185088	10	2.6	3.878143885933063	10.0	0.0	10	6.6	4.923413450036469	13.0	0.0	-0.007973841594400014	-2.3816940483950186	0.172760545801381	12.751749968120626	35.96499964035001
1236	20250624	10	9.3	2.1	10.0	3.0	10	8.3	3.4655446902326914	10.0	0.0	-0.008062786530969377	-2.3584580642508444	0.17284168495237948	11.998749970003125	25.337999746620007
1240	20316160	10	7.3	4.196427051671457	10.0	0.0	10	4.3	4.73392015141785	10.0	0.0	-0.007126111622574622	-2.3737875195851825	0.17173447753066054	11.957999970104998	36.257999637420006
1244	20381696	10	4.3	4.73392015141785	10.0	0.0	10	5.9	5.4671747731346585	13.0	0.0	-0.007035201950682289	-2.401659923045007	0.17886912262066623	11.86049997034875	38.88499961115001
1248	20447232	10	6.3	4.605431575867782	10.0	0.0	10	6.0	4.898979485566356	10.0	0.0	-0.006554463508942687	-2.3869334730006373	0.21027318137680615	10.924249972689374	41.52299958477001
1252	20512768	10	4.0	4.898979485566356	10.0	0.0	10	6.3	4.605431575867781	10.0	0.0	-0.00844931418065754	-2.3764539433030394	0.16192972215999704	10.999499972501251	39.74899960251001
1256	20578304	10	2.3	3.9509492530276824	10.0	0.0	10	7.0	4.58257569495584	10.0	0.0	-0.00686777124478499	-2.3877444985008505	0.21683221835867908	10.879249972801874	29.292999707070003
1260	20643840	10	6.3	4.605431575867781	10.0	0.0	10	6.0	4.898979485566356	10.0	0.0	-0.007877661304911349	-2.380552656700592	0.1879326950097271	11.6029999709925	38.325999616740006
1264	20709376	10	7.5	4.006245124802026	13.0	0.0	10	4.5	4.695742752749559	13.0	0.0	-0.008123042854158163	-2.3842601301769335	0.23288839199327416	11.367249971581876	35.49599964504001
1268	20774912	10	7.5	4.5	13.0	0.0	10	7.3	4.196427051671457	10.0	0.0	-0.007742247118991685	-2.3636174025656347	0.1911738702517787	11.344749971638127	41.76499958235001
1272	20840448	10	3.6	4.983974317750845	13.0	0.0	10	8.0	4.0	10.0	0.0	-0.00825403314628418	-2.3452256369134634	0.23971863833552962	10.48049997379875	25.095999749040004
1276	20905984	10	6.6	4.2708313008125245	10.0	0.0	10	8.0	4.0	10.0	0.0	-0.007832945321239283	-2.3300402807749085	0.2243666212461625	12.128249969679377	11.797999882020003
1280	20971520	10	5.3	4.775981574503821	10.0	0.0	10	5.6	5.141984052872977	13.0	0.0	-0.008389749182581395	-2.345682672911919	0.23202368226589812	12.003749969990626	35.51699964483001
1284	21037056	10	5.3	5.367494760127856	13.0	0.0	10	7.3	4.859012245302536	13.0	0.0	-0.00725102590437884	-2.307478892066124	0.33511855791246914	12.01999996995	36.34899963651
1288	21102592	10	5.6	5.141984052872977	13.0	0.0	10	10.0	0.0	10.0	10.0	-0.007976790035554342	-2.3184763339727024	0.2543335744535736	11.812249970469376	29.926999700730004
1292	21168128	10	7.9	4.72122865364515	13.0	0.0	10	7.6	4.476605857119878	13.0	0.0	-0.00801629389184067	-2.3555221331646097	0.18189706566090552	12.077999969805	30.963999690360005
1296	21233664	10	5.9	4.887739763939975	13.0	0.0	10	7.3	4.859012245302536	13.0	0.0	-0.008965614282387662	-2.371233644337811	0.16008084203622172	12.87249996781875	26.172999738270004
1300	21299200	10	5.6	4.521061822182926	10.0	0.0	10	6.6	4.2708313008125245	10.0	0.0	-0.0075401540202344585	-2.3650917035857857	0.17918411089413977	11.479749971300626	35.929999640700004
1304	21364736	10	5.6	5.695612346359257	13.0	0.0	10	5.3	4.775981574503821	10.0	0.0	-0.008513304433131407	-2.3486362221377366	0.22781127207712554	11.696499970758751	29.219999707800003
1308	21430272	10	5.3	4.775981574503821	10.0	0.0	10	8.6	3.720215047547655	13.0	0.0	-0.008393675490611093	-2.3443992731513297	0.1840908148444659	11.661249970846875	35.62799964372
1312	21495808	10	4.3	5.330103188494571	13.0	0.0	10	6.0	4.898979485566356	10.0	0.0	-0.008139521365350835	-2.3348753027669296	0.2051049150157652	12.468499968828748	33.500999664990005
1316	21561344	10	5.2	4.749736834815167	13.0	0.0	10	6.3	5.21632054229799	13.0	0.0	-0.00789450596654432	-2.343365368499637	0.26429439084955725	12.391249969021874	29.067999709320006
1320	21626880	10	3.9	4.182104733265296	10.0	0.0	10	7.6	4.476605857119878	13.0	0.0	-0.007808549498597434	-2.3618142453356046	0.23064005465638202	11.843499970391251	36.425999635740006
1324	21692416	10	7.9	4.72122865364515	13.0	0.0	10	8.3	3.4655446902326914	10.0	0.0	-0.008290368267247519	-2.372278026989349	0.19996392771381363	11.343749971640625	36.274999637250005
1328	21757952	10	8.0	4.0	10.0	0.0	10	4.3	4.73392015141785	10.0	0.0	-0.007433928482425387	-2.3926619661342214	0.1650965779382123	11.786249970534374	29.597999704020005
1332	21823488	10	3.3	4.473253849269008	10.0	0.0	10	6.9	4.109744517606903	10.0	0.0	-0.008033839875752041	-2.3947615496803234	0.1198709441689706	11.640249970899378	33.735999662640005
1336	21889024	10	3.9	4.182104733265296	10.0	0.0	10	7.8	4.935585071701226	13.0	0.0	-0.008117291299401561	-2.3575382404057126	0.1731807310729878	11.394749971513127	36.767999632320006
1340	21954560	10	6.2	5.3814496188294845	16.0	0.0	10	7.3	4.196427051671457	10.0	0.0	-0.007978048156552408	-2.3457289584021095	0.20266571871687863	11.953499970116251	31.404999685950006
1344	22020096	10	7.6	4.476605857119878	13.0	0.0	10	8.3	4.243819034784589	13.0	0.0	-0.008456015388551208	-2.323937306559401	0.19757200201157038	12.644499968388748	27.666999723330004
1348	22085632	10	7.0	4.58257569495584	10.0	0.0	10	6.9	4.592385001282014	13.0	0.0	-0.008682182397332273	-2.35566711401243	0.20152332911031318	12.417749968955626	34.75099965249
1352	22151168	10	6.6	4.2708313008125245	10.0	0.0	10	9.2	4.1182520563948	13.0	0.0	-0.008676240656319613	-2.333491397157625	0.23524988657517457	12.460749968848125	28.886999711130006
1356	22216704	10	8.3	3.4655446902326914	10.0	0.0	10	4.5	5.123475382979799	13.0	0.0	-0.007270092762307593	-2.3304119480208936	0.198845679540584	12.158999969602501	35.07799964922001
1360	22282240	10	6.9	3.8845849199110063	10.0	0.0	10	8.0	4.0	10.0	0.0	-0.007918300351253883	-2.315079865115132	0.18144239879185892	12.6129999684675	22.392999776070003
1364	22347776	10	6.6	5.499090833947008	13.0	0.0	10	6.3	4.605431575867782	10.0	0.0	-0.007736297573301826	-2.2887417870362676	0.23904501132039654	11.230749971923126	26.469999735300004
1368	22413312	10	5.6	5.141984052872976	13.0	0.0	10	9.3	3.2264531609803355	13.0	0.0	-0.007074714259206044	-2.296932873387286	0.26208306799706677	10.362249974094375	34.927999650720004
1372	22478848	10	6.3	4.605431575867781	10.0	0.0	10	6.3	5.21632054229799	13.0	0.0	-0.009049545429325189	-2.3199183392094955	0.20360620395332607	9.79199997552	43.49299956507001
1376	22544384	10	2.0	4.0	10.0	0.0	10	7.9	4.036087214122113	13.0	0.0	-0.008152724982573618	-2.331574228659785	0.21287702208030046	10.853249972866875	41.390999586090004
1380	22609920	10	2.6	4.586937976471886	13.0	0.0	10	7.3	4.196427051671457	10.0	0.0	-0.007477464541634848	-2.3398063453581464	0.19645063623602255	11.127499972181251	38.65799961342001
1384	22675456	10	5.6	5.141984052872977	13.0	0.0	10	6.6	4.476605857119878	10.0	0.0	-0.008628916266096326	-2.353323134038087	0.18460155051451735	11.825249970436875	38.20599961794001
1388	22740992	10	5.9	4.887739763939975	13.0	0.0	10	6.2	4.6000000000000005	13.0	0.0	-0.007704291523427195	-2.325478126363114	0.2012106167563811	11.456749971358125	37.83399962166001
1392	22806528	10	5.3	4.775981574503821	10.0	0.0	10	6.3	4.605431575867782	10.0	0.0	-0.007772600881353159	-2.3362007213185545	0.17286421830206997	11.156999972107501	38.31699961683
1396	22872064	10	5.3	4.775981574503821	10.0	0.0	10	8.3	3.4655446902326914	10.0	0.0	-0.008080226424142788	-2.365512293827492	0.1815295116010708	11.901999970244999	36.57999963420001
1400	22937600	10	4.6	4.5431266766402185	10.0	0.0	10	6.6	4.923413450036469	13.0	0.0	-0.008001862320952744	-2.403453786917507	0.17891837887464865	11.783499970541252	31.865999681340003
1404	23003136	10	7.6	4.476605857119878	13.0	0.0	10	7.0	4.58257569495584	10.0	0.0	-0.008451297265945611	-2.4092618969553414	0.1629896741966747	11.813749970465626	36.064999639350006
1408	23068672	10	6.9	4.592385001282014	13.0	0.0	10	4.3	5.330103188494571	13.0	0.0	-0.007974034130790382	-2.3776582377659126	0.16001809091813451	11.522499971193751	31.113999688860005
1412	23134208	10	4.9	4.968903299521938	13.0	0.0	10	6.3	4.605431575867782	10.0	0.0	-0.00694679976174578	-2.3955983964093557	0.14607548999320255	11.764749970588124	35.524999644750004
1416	23199744	10	6.3	4.605431575867781	10.0	0.0	10	7.3	4.196427051671457	10.0	0.0	-0.00925872443525766	-2.365210398785263	0.1597580818758638	11.753749970615626	34.955999650440006
1420	23265280	10	2.9	3.7802116342871597	10.0	0.0	10	6.0	4.898979485566356	10.0	0.0	-0.007242385207522461	-2.36367499803717	0.17637284742383258	11.48849997127875	35.442999645570005
1424	23330816	10	7.6	4.476605857119878	13.0	0.0	10	5.9	4.2296571965113205	10.0	0.0	-0.008066168277227457	-2.3247603771649112	0.1690406351329384	12.021249969946878	35.079999649200005
1428	23396352	10	3.6	4.340506882842142	10.0	0.0	10	7.2	3.682390527904394	10.0	0.0	-0.008278844343644901	-2.356496003521386	0.1888125540181513	12.238249969404373	21.49399978506
1432	23461888	10	6.3	4.605431575867782	10.0	0.0	10	8.3	3.4655446902326914	10.0	0.0	-0.008610508013298825	-2.3607363723242867	0.15428676873701	11.06849997232875	37.94699962053001
1436	23527424	10	6.3	4.605431575867781	10.0	0.0	10	7.3	4.859012245302536	13.0	0.0	-0.006565677154183519	-2.366380274049309	0.18950602596514307	11.404749971488124	29.372999706270004
1440	23592960	10	5.3	5.367494760127857	13.0	0.0	10	7.3	4.196427051671457	10.0	0.0	-0.007791230737991692	-2.3942569193730194	0.16804408094026574	11.093249972266875	37.24099962759001
1444	23658496	10	3.0	4.58257569495584	10.0	0.0	10	7.9	5.3188344587888805	13.0	0.0	-0.007965572073245327	-2.408743219820087	0.1540349822641395	11.2629999718425	37.60899962391001
1448	23724032	10	4.6	4.5431266766402185	10.0	0.0	10	7.5	5.296225070746145	16.0	0.0	-0.00835210889549072	-2.393277510751333	0.18583730614050084	11.282749971793125	43.56599956434001
1452	23789568	10	4.3	4.73392015141785	10.0	0.0	10	7.9	4.253234063627347	13.0	0.0	-0.007424736782755911	-2.3998610573494	0.14962081726013235	10.358249974104375	19.784999802150004
1456	23855104	10	5.3	4.775981574503821	10.0	0.0	10	8.2	4.28485705712571	13.0	0.0	-0.00877248462983995	-2.361261822037303	0.1905977674561385	11.803749970490626	35.423999645760006
1460	23920640	10	2.3	3.9509492530276824	10.0	0.0	10	8.2	4.28485705712571	13.0	0.0	-0.00797186488648879	-2.37771115675636	0.1962252189200861	11.726499970683752	35.45499964545
1464	23986176	10	3.6	4.340506882842141	10.0	0.0	10	7.3	4.859012245302536	13.0	0.0	-0.007336605603837949	-2.405022504178499	0.17555635762124416	12.033249969916875	34.097999659020005
1468	24051712	10	7.0	4.58257569495584	10.0	0.0	10	7.9	4.72122865364515	13.0	0.0	-0.00790947595101968	-2.370792336514994	0.17220393644093782	11.884749970288125	24.116999758830005
1472	24117248	10	6.6	4.923413450036469	13.0	0.0	10	7.3	4.859012245302536	13.0	0.0	-0.008578912351686785	-2.3423524620675904	0.15562764972689871	12.073999969815	19.010999809890002
1476	24182784	10	7.0	4.58257569495584	10.0	0.0	10	6.3	4.605431575867781	10.0	0.0	-0.008540211440978844	-2.381525002171873	0.18470779191330766	11.642249970894376	29.729999702700006
1480	24248320	10	7.3	4.859012245302536	13.0	0.0	10	8.9	4.825971404805462	16.0	0.0	-0.008554837796528039	-2.3535634326470007	0.19291226796659	12.0349999699125	22.494999775050005
1484	24313856	10	5.0	5.0	10.0	0.0	10	8.6	4.454211490264018	13.0	0.0	-0.008352384688238738	-2.368070915094703	0.17461240313059642	11.558749971103126	37.512999624870005
1488	24379392	10	4.3	5.330103188494571	13.0	0.0	10	9.4	4.737087712930805	16.0	3.0	-0.007310108244530743	-2.3460828659474804	0.18616664368893107	11.656499970858752	30.297999697020003
1492	24444928	10	4.9	4.323193264243457	10.0	0.0	10	6.2	5.2115256883181535	13.0	0.0	-0.007621360857041302	-2.3441979112766114	0.20510649104639192	10.872499972818751	38.09399961906001
1496	24510464	10	5.6	4.521061822182927	10.0	0.0	10	8.3	3.4655446902326914	10.0	0.0	-0.008411101782594403	-2.3745150141428053	0.1481315321134699	11.26349997184125	36.81399963186001
1500	24576000	10	3.3	5.1	13.0	0.0	10	5.9	4.887739763939975	13.0	0.0	-0.008043417645614772	-2.3673745912827675	0.1738664322972484	11.359999971599999	32.83199967168001
1504	24641536	10	5.2	4.749736834815167	13.0	0.0	10	7.9	4.036087214122113	13.0	0.0	-0.00835490065253582	-2.3792260112866956	0.17181142922253337	10.89849997275375	38.74199961258
1508	24707072	10	6.2	5.2115256883181535	13.0	0.0	10	5.5	4.006245124802026	10.0	0.0	-0.008321536177736786	-2.260778474075536	0.22877360536506905	11.037999972405	38.77699961223001
1512	24772608	10	6.3	4.605431575867782	10.0	0.0	10	6.6	4.476605857119878	10.0	0.0	-0.008161681810087026	-2.307335838435151	0.19489381204191733	11.179499972051252	36.36599963634001
1516	24838144	10	6.6	4.476605857119878	10.0	0.0	10	8.2	5.114684741017769	16.0	0.0	-0.007477058892445984	-2.341863115384616	0.21311940607567906	10.677249973306877	39.71999960280001
1520	24903680	10	7.0	4.58257569495584	10.0	0.0	10	7.9	4.036087214122113	13.0	0.0	-0.008726018193859927	-2.3497997644082758	0.15433929959877465	10.58949997352625	25.336999746630003
1524	24969216	10	6.3	5.21632054229799	13.0	0.0	10	4.3	5.330103188494571	13.0	0.0	-0.007865655465532162	-2.3673795558529713	0.1638565726873213	10.895249972761876	30.600999693990005
