iter	frame	n_test	mean_returns	std_returns	max_returns	min_returns	n_test_train	mean_returns_train	std_returns_train	max_returns_train	min_returns_train	actor_loss	entropy_loss	value_loss	training_time	evaluation_time
0	0	10	4.0	4.898979485566356	10.0	0.0	10	5.0	5.0	10.0	0.0	0	0	0	0.0	19.724999802750006
4	65536	10	2.0	4.0	10.0	0.0	10	6.0	4.898979485566356	10.0	0.0	0.004649103735089308	-2.5384563118058674	0.9619644500554906	13.593249966016877	5.042999949570001
8	131072	10	2.0	4.0	10.0	0.0	10	6.0	4.898979485566356	10.0	0.0	-0.0035904224128796886	-2.501704019544201	1.1850724200414977	11.907999970230001	7.627999923720001
12	196608	10	4.0	4.898979485566356	10.0	0.0	10	2.0	4.0	10.0	0.0	-0.0021885974733013435	-2.378230437388643	1.3046148057909817	11.740499970648749	6.425999935740001
16	262144	10	5.0	5.0	10.0	0.0	10	4.0	4.898979485566356	10.0	0.0	-0.004452624049757436	-2.367964525770844	1.0712565834449435	12.79749996800625	2.25199997748
20	327680	10	3.0	4.58257569495584	10.0	0.0	10	3.0	4.58257569495584	10.0	0.0	-0.004933966706419809	-2.3918689263355675	1.0101169179072793	12.499249968751876	6.964999930350001
24	393216	10	4.0	4.898979485566356	10.0	0.0	10	2.0	4.0	10.0	0.0	-0.004091537705060593	-2.431589883809317	0.8160995393141366	11.871999970320001	11.692999883070001
28	458752	10	5.0	5.0	10.0	0.0	10	4.0	4.898979485566356	10.0	0.0	-0.0036441476776562557	-2.4592033746263717	0.6693947202760069	11.397999971505	18.5799998142
32	524288	10	5.0	5.0	10.0	0.0	10	2.0	4.0	10.0	0.0	-0.006831248515679908	-2.5491425193674395	0.3556302096324259	12.356749969108128	33.93599966064001
36	589824	10	5.0	5.0	10.0	0.0	10	2.0	4.0	10.0	0.0	-0.005038296740248932	-2.5323830691322287	0.32447352458757805	11.681499970796251	29.593999704060007
40	655360	10	4.0	4.898979485566356	10.0	0.0	10	3.0	4.58257569495584	10.0	0.0	-0.006677399946573636	-2.549199178549346	0.19915555399941107	11.38949997152625	26.997999730020005
44	720896	10	4.0	4.898979485566356	10.0	0.0	10	2.0	4.0	10.0	0.0	-0.00498979251469352	-2.5045798294120782	0.2584103884216683	12.453749968865624	23.201999767980006
48	786432	10	7.0	4.58257569495584	10.0	0.0	10	2.0	4.0	10.0	0.0	-0.005793761274620095	-2.5218120413378564	0.2418485646815502	12.756749968108124	14.845999851540002
52	851968	10	5.0	5.0	10.0	0.0	10	3.0	4.58257569495584	10.0	0.0	-0.0056442212487007835	-2.5345679444414686	0.20124154434926636	12.390749969023124	26.369999736300006
56	917504	10	1.0	3.0	10.0	0.0	10	3.0	4.58257569495584	10.0	0.0	-0.0034833072297876374	-2.490006039280597	0.2503133395736443	13.216999966957498	23.006999769930005
60	983040	10	5.0	5.0	10.0	0.0	10	4.0	4.898979485566356	10.0	0.0	-0.005684777013219817	-2.4893220213442797	0.17361685111862415	12.451999968870002	29.274999707250004
64	1048576	10	3.0	4.58257569495584	10.0	0.0	10	3.0	4.58257569495584	10.0	0.0	-0.00578449761997413	-2.486604638138672	0.12788548846949163	11.717999970705	33.68699966313
68	1114112	10	3.0	4.58257569495584	10.0	0.0	10	5.0	5.0	10.0	0.0	-0.004992180738640763	-2.485834089159311	0.19028668266601562	10.82849997292875	32.30299967697
72	1179648	10	1.0	3.0	10.0	0.0	10	6.0	4.898979485566356	10.0	0.0	-0.00563373744021624	-2.4514106757868834	0.17816445633154918	13.260749966848127	20.496999795030003
76	1245184	10	2.0	4.0	10.0	0.0	10	2.0	4.0	10.0	0.0	-0.005467933554767791	-2.4909000816333395	0.22043174627113943	13.641999965895	23.15599976844
80	1310720	10	5.0	5.0	10.0	0.0	10	3.0	4.58257569495584	10.0	0.0	-0.005372524534976041	-2.483416047930315	0.1957860654016041	12.557249968606875	23.025999769740004
84	1376256	10	4.0	4.898979485566356	10.0	0.0	10	3.0	4.58257569495584	10.0	0.0	-0.00613319940684737	-2.5216631961222333	0.19322526569328094	12.595249968511876	28.842999711570005
88	1441792	10	1.0	3.0	10.0	0.0	10	4.0	4.898979485566356	10.0	0.0	-0.00641332024369949	-2.52439518991639	0.1508016032009694	12.73249996816875	26.353999736460004
92	1507328	10	4.0	4.898979485566356	10.0	0.0	10	2.0	4.0	10.0	0.0	-0.004726900476081891	-2.5307710043933285	0.14714925602718718	12.001249969996875	27.133999728660005
96	1572864	10	5.0	5.0	10.0	0.0	10	4.0	4.898979485566356	10.0	0.0	-0.005216003678836021	-2.5185779703020135	0.12889024020227033	12.119749969700624	27.253999727460005
100	1638400	10	1.0	3.0	10.0	0.0	10	3.0	4.58257569495584	10.0	0.0	-0.005889828110101695	-2.5436126462949145	0.17598529709222077	12.771249968071876	22.043999779560004
104	1703936	10	6.0	4.898979485566356	10.0	0.0	10	2.0	4.0	10.0	0.0	-0.00499617457968371	-2.545669115814633	0.1874326474303715	13.605999965985	27.273999727260005
108	1769472	10	2.0	4.0	10.0	0.0	10	2.0	4.0	10.0	0.0	-0.005801020024593764	-2.5611504015638866	0.1579720737092797	11.74849997062875	28.516999714830003
112	1835008	10	2.0	4.0	10.0	0.0	10	6.0	4.898979485566356	10.0	0.0	-0.006223527287105635	-2.552423531544565	0.1718829645751434	11.83849997040375	30.760999692390005
116	1900544	10	1.0	3.0	10.0	0.0	10	4.0	4.898979485566356	10.0	0.0	-0.0071131134990100545	-2.547252905600171	0.13180000865235156	12.876249967809375	27.877999721220004
120	1966080	10	3.0	4.58257569495584	10.0	0.0	10	1.0	3.0	10.0	0.0	-0.005648480805290454	-2.559764906497388	0.17084310566779057	11.58249997104375	25.80099974199
124	2031616	10	3.0	4.58257569495584	10.0	0.0	10	4.0	4.898979485566356	10.0	0.0	-0.0046394316542639905	-2.5583391981638854	0.14300606576788397	12.6769999683075	25.462999745370006
128	2097152	10	5.0	5.0	10.0	0.0	10	2.0	4.0	10.0	0.0	-0.00506338422269747	-2.557953106593866	0.15226354945106704	11.887999970280003	25.080999749190003
132	2162688	10	2.0	4.0	10.0	0.0	10	3.0	4.58257569495584	10.0	0.0	-0.006372858051633345	-2.586088900495399	0.1804989075565818	12.93199996767	30.808999691910007
136	2228224	10	3.0	4.58257569495584	10.0	0.0	10	2.0	4.0	10.0	0.0	-0.005316439406722349	-2.5501827768808543	0.14708355688510055	11.080249972299375	33.309999666900005
140	2293760	10	6.0	4.898979485566356	10.0	0.0	10	4.0	4.898979485566356	10.0	0.0	-0.0053984915230542935	-2.5485695920713374	0.1547138574372004	10.503249973741877	30.798999692010003
144	2359296	10	4.0	4.898979485566356	10.0	0.0	10	2.0	4.0	10.0	0.0	-0.005406721969891279	-2.543596314622248	0.19443105376473307	11.845999970385	27.530999724690002
148	2424832	10	3.0	4.58257569495584	10.0	0.0	10	3.0	4.58257569495584	10.0	0.0	-0.005589981101996362	-2.524911706383272	0.21933375250126042	12.3429999691425	24.392999756070004
152	2490368	10	2.0	4.0	10.0	0.0	10	3.0	4.58257569495584	10.0	0.0	-0.0063502318061540415	-2.5655552344828663	0.17123222015566625	13.890749965273127	23.46699976533
156	2555904	10	3.0	4.58257569495584	10.0	0.0	10	4.0	4.898979485566356	10.0	0.0	-0.0072756838215658395	-2.5781515660183243	0.18585214296282526	12.690749968273124	25.427999745720005
160	2621440	10	6.0	4.898979485566356	10.0	0.0	10	4.0	4.898979485566356	10.0	0.0	-0.005601160555087049	-2.577958451936326	0.16792793748703247	12.2509999693725	30.905999690940003
164	2686976	10	7.0	4.58257569495584	10.0	0.0	10	5.0	5.0	10.0	0.0	-0.005734636828501483	-2.5841748860766782	0.17133416125007897	11.601249970996875	27.776999722230006
168	2752512	10	3.0	4.58257569495584	10.0	0.0	10	6.0	4.898979485566356	10.0	0.0	-0.007001860733481764	-2.573629108299946	0.18188957767218597	11.361249971596875	29.077999709220006
172	2818048	10	4.0	4.898979485566356	10.0	0.0	10	3.0	4.58257569495584	10.0	0.0	-0.00702710279122448	-2.54866356376087	0.19742435672747446	11.785249970536876	30.984999690150005
176	2883584	10	5.0	5.0	10.0	0.0	10	6.0	4.898979485566356	10.0	0.0	-0.006498523402650827	-2.550769525003962	0.26149256090082773	11.304499971738752	11.67399988326
180	2949120	10	6.0	4.898979485566356	10.0	0.0	10	7.0	4.58257569495584	10.0	0.0	-0.00609573578000755	-2.5494434334165565	0.2483538257785968	11.62349997094125	14.184999858150002
184	3014656	10	4.0	4.898979485566356	10.0	0.0	10	5.0	5.0	10.0	0.0	-0.007048060979765161	-2.542286296420715	0.18568860853950592	12.341999969145	22.763999772360002
188	3080192	10	6.0	4.898979485566356	10.0	0.0	10	6.0	4.898979485566356	10.0	0.0	-0.007063223239909073	-2.5500855915075578	0.26062214868532796	13.55649996610875	16.76699983233
192	3145728	10	2.0	4.0	10.0	0.0	10	1.0	3.0	10.0	0.0	-0.0062845235436545565	-2.538853270047686	0.17400555046946226	13.085999967285	30.311999696880005
196	3211264	10	2.0	4.0	10.0	0.0	10	1.0	3.0	10.0	0.0	-0.006908776191759947	-2.570498016705576	0.15904957636465375	12.185749969535626	26.177999738220006
200	3276800	10	1.0	3.0	10.0	0.0	10	5.0	5.0	10.0	0.0	-0.006170565691075598	-2.5815292643798458	0.1659543078685536	12.366999969082501	25.784999742150003
204	3342336	10	6.0	4.898979485566356	10.0	0.0	10	5.0	5.0	10.0	0.0	-0.006420078010037007	-2.575968781838705	0.22132915054315522	12.227749969430626	25.534999744650005
208	3407872	10	4.0	4.898979485566356	10.0	0.0	10	5.0	5.0	10.0	0.0	-0.005351537949585455	-2.5801313690637087	0.20615154106816494	12.022749969943126	21.645999783540006
212	3473408	10	4.0	4.898979485566356	10.0	0.0	10	5.0	5.0	10.0	0.0	-0.006973039969308374	-2.5714678612653037	0.1660148304869404	11.767749970580624	28.478999715210005
216	3538944	10	3.0	4.58257569495584	10.0	0.0	10	2.0	4.0	10.0	0.0	-0.006826490262530095	-2.6007031025760337	0.16198461089768973	12.388249969029374	28.177999718220004
220	3604480	10	2.0	4.0	10.0	0.0	10	6.0	4.898979485566356	10.0	0.0	-0.006615141724895709	-2.549922453594825	0.26367573157931523	12.2649999693375	21.550999784490003
224	3670016	10	5.0	5.0	10.0	0.0	10	6.0	4.898979485566356	10.0	0.0	-0.007629060711945286	-2.537382115656074	0.2913451354336741	12.718249968204377	24.911999750880003
228	3735552	10	3.0	4.58257569495584	10.0	0.0	10	3.0	4.58257569495584	10.0	0.0	-0.007044707356295917	-2.522443329031768	0.2794168869052837	12.208499969478751	25.322999746770005
232	3801088	10	4.0	4.898979485566356	10.0	0.0	10	5.0	5.0	10.0	0.0	-0.008087945708278919	-2.527347529664624	0.22953229783195433	12.650249968374375	23.918999760810003
236	3866624	10	4.0	4.898979485566356	10.0	0.0	10	4.0	4.898979485566356	10.0	0.0	-0.0068916142086382194	-2.543683600657458	0.15486038963559937	14.092749964768124	20.784999792150003
240	3932160	10	6.0	4.898979485566356	10.0	0.0	10	7.0	4.58257569495584	10.0	0.0	-0.0059232150955009265	-2.5577957081117186	0.1619245492063671	13.062749967343127	15.253999847460001
244	3997696	10	6.0	4.898979485566356	10.0	0.0	10	3.0	4.58257569495584	10.0	0.0	-0.007062622029956795	-2.5514366028035305	0.17766509482649012	13.445999966384997	21.745999782540004
248	4063232	10	6.0	4.898979485566356	10.0	0.0	10	4.0	4.898979485566356	10.0	0.0	-0.006875012966592525	-2.5423784601026895	0.19344337724928157	12.94399996764	27.118999728810003
252	4128768	10	3.0	4.58257569495584	10.0	0.0	10	3.0	4.58257569495584	10.0	0.0	-0.007286974531324392	-2.536747547223173	0.17085432569889686	12.88249996779375	31.180999688190006
256	4194304	10	3.0	4.58257569495584	10.0	0.0	10	4.0	4.898979485566356	10.0	0.0	-0.0066335762875559395	-2.527494420344604	0.15439875538715234	11.833749970415626	30.822999691770004
260	4259840	10	4.0	4.898979485566356	10.0	0.0	10	2.0	4.0	10.0	0.0	-0.007818792715416894	-2.4883809881797174	0.19483558148599664	11.0509999723725	28.939999710600006
264	4325376	10	3.0	4.58257569495584	10.0	0.0	10	3.0	4.58257569495584	10.0	0.0	-0.007330750604366637	-2.5292082525638673	0.19247650772190825	11.937999970155001	25.632999743670002
268	4390912	10	5.0	5.0	10.0	0.0	10	4.0	4.898979485566356	10.0	0.0	-0.006997846192339408	-2.534755632017266	0.2625196748139687	13.486249966284376	22.126999778730003
272	4456448	10	4.0	4.898979485566356	10.0	0.0	10	6.0	4.898979485566356	10.0	0.0	-0.007454812661744213	-2.555864028366405	0.18759594700518165	12.665749968335625	28.231999717680004
276	4521984	10	1.0	3.0	10.0	0.0	10	4.0	4.898979485566356	10.0	0.0	-0.006822649553716399	-2.562603947750023	0.17065899755269795	12.111749969720625	25.632999743670002
280	4587520	10	4.0	4.898979485566356	10.0	0.0	10	3.0	4.58257569495584	10.0	0.0	-0.006602307344331913	-2.5349904271306465	0.19063968023162084	11.583749971040625	29.132999708670003
284	4653056	10	2.0	4.0	10.0	0.0	10	4.0	4.898979485566356	10.0	0.0	-0.008266286031102852	-2.53008809659352	0.13638617655704305	11.625249970936876	22.709999772900005
288	4718592	10	5.0	5.0	10.0	0.0	10	4.0	4.898979485566356	10.0	0.0	-0.007269477001652747	-2.539241748287023	0.1567622337637467	12.536749968658127	15.702999842970002
292	4784128	10	4.0	4.898979485566356	10.0	0.0	10	3.0	4.58257569495584	10.0	0.0	-0.007116064971813387	-2.5614130146616856	0.14115902197939495	12.427749968930625	27.849999721500005
296	4849664	10	4.0	4.898979485566356	10.0	0.0	10	3.0	4.58257569495584	10.0	0.0	-0.006218569614509553	-2.510982148087724	0.21158415317504484	11.962249970094376	29.216999707830002
300	4915200	10	4.0	4.898979485566356	10.0	0.0	10	3.0	4.58257569495584	10.0	0.0	-0.008025152831045664	-2.563963390619704	0.11044428876692461	11.298749971753125	32.31399967686001
304	4980736	10	4.0	4.898979485566356	10.0	0.0	10	5.0	5.0	10.0	0.0	-0.006688517116254492	-2.555880866678552	0.13893805132352438	10.671249973321876	34.1799996582
308	5046272	10	5.0	5.0	10.0	0.0	10	6.0	4.898979485566356	10.0	0.0	-0.006310118909772384	-2.532846683993351	0.1715976118397034	10.233249974416875	34.353999656460005
312	5111808	10	3.0	4.58257569495584	10.0	0.0	10	4.0	4.898979485566356	10.0	0.0	-0.007868498090009599	-2.5132845314705996	0.19697227645165816	12.38349996904125	25.606999743930004
316	5177344	10	3.0	4.58257569495584	10.0	0.0	10	3.0	4.58257569495584	10.0	0.0	-0.00824074738592526	-2.461602635425212	0.27160611249160765	12.567249968581875	22.844999771550004
320	5242880	10	2.0	4.0	10.0	0.0	10	3.0	4.58257569495584	10.0	0.0	-0.00760451229792037	-2.551418239605888	0.15419104600581715	13.1289999671775	23.15599976844
324	5308416	10	4.0	4.898979485566356	10.0	0.0	10	4.0	4.898979485566356	10.0	0.0	-0.007326413379354763	-2.5536488391282464	0.16924286313765108	12.7369999681575	28.264999717350005
328	5373952	10	3.0	4.58257569495584	10.0	0.0	10	5.0	5.0	10.0	0.0	-0.006740312668530061	-2.51575278464576	0.1628974119497279	11.760249970599377	9.42399990576
332	5439488	10	3.0	4.58257569495584	10.0	0.0	10	3.0	4.58257569495584	10.0	0.0	-0.00806002638310947	-2.4834616852199933	0.1662329310222906	12.399749969000625	25.935999740640003
336	5505024	10	6.0	4.898979485566356	10.0	0.0	10	6.0	4.898979485566356	10.0	0.0	-0.007279827872328396	-2.491255409756077	0.14975547478526532	12.447249968881875	24.610999753890006
340	5570560	10	6.0	4.898979485566356	10.0	0.0	10	3.0	4.58257569495584	10.0	0.0	-0.006853970453341084	-2.437418502812006	0.19934847405587314	12.841999967895001	25.330999746690004
344	5636096	10	3.0	4.58257569495584	10.0	0.0	10	4.0	4.898979485566356	10.0	0.0	-0.007864131199705875	-2.484288190543158	0.1731386083618751	12.411749968970625	14.961999850380002
348	5701632	10	5.0	5.0	10.0	0.0	10	5.0	5.0	10.0	0.0	-0.007436066382507908	-2.4817452949680585	0.2095354003613478	11.495999971259998	29.015999709840003
352	5767168	10	3.0	4.58257569495584	10.0	0.0	10	4.0	4.898979485566356	10.0	0.0	-0.005968559675829728	-2.4926453652368257	0.16709245545601256	12.162499969593751	31.150999688490003
356	5832704	10	3.0	4.58257569495584	10.0	0.0	10	6.0	4.898979485566356	10.0	0.0	-0.007348610755639139	-2.5049894499156204	0.1639714889678422	11.9689999700775	18.779999812200003
360	5898240	10	8.0	4.0	10.0	0.0	10	4.0	4.898979485566356	10.0	0.0	-0.007824024588538937	-2.492354792593576	0.16601927266279023	10.6189999734525	12.329999876700002
364	5963776	10	7.0	4.58257569495584	10.0	0.0	10	1.0	3.0	10.0	0.0	-0.007057717973892366	-2.501812703646884	0.19874260898471902	12.55349996861625	17.962999820370005
368	6029312	10	3.0	4.58257569495584	10.0	0.0	10	5.0	5.0	10.0	0.0	-0.006886109673855253	-2.4953470649702783	0.18782376278718832	12.173749969565625	24.561999754380004
372	6094848	10	4.0	4.898979485566356	10.0	0.0	10	4.0	4.898979485566356	10.0	0.0	-0.008307952100690396	-2.4768665355844117	0.16883716645133606	13.3169999667075	15.113999848860002
376	6160384	10	3.0	4.58257569495584	10.0	0.0	10	7.0	4.58257569495584	10.0	0.0	-0.008158462259476064	-2.4964326145631373	0.16463628068093122	12.172999969567503	25.65299974347
380	6225920	10	6.0	4.898979485566356	10.0	0.0	10	8.0	4.0	10.0	0.0	-0.00669293402391617	-2.4908159645784087	0.13953550135194623	12.109999969725	20.801999791980002
384	6291456	10	3.0	4.58257569495584	10.0	0.0	10	5.0	5.0	10.0	0.0	-0.006365466352936843	-2.473851827026007	0.1232285180466409	11.873999970315001	28.922999710770004
388	6356992	10	6.0	4.898979485566356	10.0	0.0	10	2.0	4.0	10.0	0.0	-0.0067572498100096174	-2.5207820432739223	0.13003431461017817	12.164249969589376	20.332999796670002
392	6422528	10	3.0	4.58257569495584	10.0	0.0	10	4.0	4.898979485566356	10.0	0.0	-0.0070289872933501875	-2.5244123610211373	0.1101901371227659	11.323499971691252	27.163999728360007
396	6488064	10	5.0	5.0	10.0	0.0	10	3.0	4.58257569495584	10.0	0.0	-0.008134537989221823	-2.4885171972106495	0.16403087964124988	13.150749967123126	25.576999744230005
400	6553600	10	3.0	4.58257569495584	10.0	0.0	10	10.0	0.0	10.0	10.0	-0.006958371466562045	-2.5381435525753657	0.1380505980779969	12.56149996859625	13.612999863870002
404	6619136	10	5.0	5.0	10.0	0.0	10	5.0	5.0	10.0	0.0	-0.006663884867433294	-2.5092900268603184	0.15794556252565303	11.660249970849375	23.833999761660003
408	6684672	10	5.0	5.0	10.0	0.0	10	5.0	5.0	10.0	0.0	-0.006307840955388092	-2.5335158876919164	0.13905671260733787	12.661249968346876	22.919999770800004
412	6750208	10	6.0	4.898979485566356	10.0	0.0	10	3.0	4.58257569495584	10.0	0.0	-0.008210139263361579	-2.5068488962820545	0.21049705937174734	13.152999967117498	15.338999846610003
416	6815744	10	5.0	5.0	10.0	0.0	10	3.0	4.58257569495584	10.0	0.0	-0.0080490237624673	-2.542197718951534	0.1414682109848072	13.281999966795	20.732999792670004
420	6881280	10	4.0	4.898979485566356	10.0	0.0	10	5.0	5.0	10.0	0.0	-0.007284271021943866	-2.530699414247907	0.15854605409838282	13.847999965380003	24.220999757790004
424	6946816	10	2.0	4.0	10.0	0.0	10	3.0	4.58257569495584	10.0	0.0	-0.007595555072654614	-2.5309682386463965	0.21012260933390958	11.968499970078751	18.21699981783
428	7012352	10	8.0	4.0	10.0	0.0	10	5.0	5.0	10.0	0.0	-0.00789251198793504	-2.4676008817963333	0.331657475446883	12.664749968338123	9.548999904510001
432	7077888	10	6.0	4.898979485566356	10.0	0.0	10	6.0	4.898979485566356	10.0	0.0	-0.00802390720407948	-2.4180083719357386	0.42102797076687415	13.236249966909375	6.580999934190001
436	7143424	10	6.0	4.898979485566356	10.0	0.0	10	4.0	4.898979485566356	10.0	0.0	-0.00778979498661509	-2.4307461601943947	0.4019251400186172	11.622249970944376	26.229999737700005
440	7208960	10	4.0	4.898979485566356	10.0	0.0	10	6.0	4.898979485566356	10.0	0.0	-0.008661051510299658	-2.4566530235036224	0.31908323596943583	11.729499970676248	26.067999739320005
444	7274496	10	8.0	4.0	10.0	0.0	10	6.0	4.898979485566356	10.0	0.0	-0.007744456128826951	-2.4963581335924445	0.28157603970589695	13.449249966376877	17.61799982382
448	7340032	10	3.0	4.58257569495584	10.0	0.0	10	3.0	4.58257569495584	10.0	0.0	-0.007926243982267068	-2.4793147268295535	0.2770633959543683	11.721749970695626	22.802999771970004
452	7405568	10	5.0	5.0	10.0	0.0	10	4.0	4.898979485566356	10.0	0.0	-0.007549060761268314	-2.4691665194840122	0.2980578493326866	12.372999969067502	7.6509999234900015
456	7471104	10	4.0	4.898979485566356	10.0	0.0	10	4.0	4.898979485566356	10.0	0.0	-0.009192316818626308	-2.497637524940673	0.23727067976581093	12.294249969264374	25.596999744030004
460	7536640	10	5.0	5.0	10.0	0.0	10	4.0	4.898979485566356	10.0	0.0	-0.007988854545830402	-2.512362191812753	0.23183567974784994	11.245249971886876	23.943999760560004
464	7602176	10	5.0	5.0	10.0	0.0	10	6.0	4.898979485566356	10.0	0.0	-0.009224206938242965	-2.5019504474974186	0.25019697888942055	11.04149997239625	26.049999739500006
468	7667712	10	6.0	4.898979485566356	10.0	0.0	10	3.0	4.58257569495584	10.0	0.0	-0.008460886773140634	-2.4832055541273124	0.24718847309458294	11.09049997227375	14.286999857130002
472	7733248	10	6.0	4.898979485566356	10.0	0.0	10	5.0	5.0	10.0	0.0	-0.00954464789681287	-2.5032737103477243	0.20930402265854464	11.303249971741876	18.71699981283
476	7798784	10	7.0	4.58257569495584	10.0	0.0	10	6.0	4.898979485566356	10.0	0.0	-0.008139872597652708	-2.5143920354409484	0.1928866916756077	12.157749969605625	31.717999682820004
480	7864320	10	5.0	5.0	10.0	0.0	10	5.0	5.0	10.0	0.0	-0.0066687625772552045	-2.527626049751996	0.13344914394903365	12.495249968761874	23.713999762860002
484	7929856	10	8.0	4.0	10.0	0.0	10	5.0	5.0	10.0	0.0	-0.007446772258069452	-2.507501020766367	0.21900854754153418	12.2469999693825	10.105999898940002
488	7995392	10	5.0	5.0	10.0	0.0	10	4.0	4.898979485566356	10.0	0.0	-0.006952269213073795	-2.4924549383308956	0.24127864493648218	12.372249969069374	11.792999882070001
492	8060928	10	2.0	4.0	10.0	0.0	10	6.0	4.898979485566356	10.0	0.0	-0.007635886217448183	-2.487906532723828	0.27466683055827923	10.587749973530626	26.694999733050004
496	8126464	10	6.0	4.898979485566356	10.0	0.0	10	2.0	4.0	10.0	0.0	-0.009673897808981586	-2.447576015932712	0.256950347967999	11.5609999710975	20.251999797480003
500	8192000	10	4.0	4.898979485566356	10.0	0.0	10	6.0	4.898979485566356	10.0	0.0	-0.007427805927196406	-2.4532544659999584	0.23181866215610705	10.761999973095001	33.633999663660006
504	8257536	10	5.0	5.0	10.0	0.0	10	1.0	3.0	10.0	0.0	-0.007816967187352962	-2.467351153235912	0.23389666788947994	9.905999975235002	21.889999781100006
508	8323072	10	4.0	4.898979485566356	10.0	0.0	10	4.0	4.898979485566356	10.0	0.0	-0.007986666093000713	-2.4765316170854534	0.21032093843427424	10.253749974365626	14.919999850800002
512	8388608	10	5.0	5.0	10.0	0.0	10	6.0	4.898979485566356	10.0	0.0	-0.007998174312661482	-2.4531095298556216	0.27904684031579874	11.5949999710125	24.613999753860003
516	8454144	10	7.0	4.58257569495584	10.0	0.0	10	4.0	4.898979485566356	10.0	0.0	-0.008421710994633734	-2.450223982078905	0.24484825054116624	11.707249970731876	5.860999941390001
520	8519680	10	2.0	4.0	10.0	0.0	10	8.0	4.0	10.0	0.0	-0.00753321263661795	-2.452667116863349	0.2774743283809768	13.823749965440626	21.881999781180006
524	8585216	10	5.0	5.0	10.0	0.0	10	5.0	5.0	10.0	0.0	-0.008429267622312098	-2.453748605889783	0.3070051129587572	11.924999970187502	14.162999858370002
528	8650752	10	5.0	5.0	10.0	0.0	10	4.0	4.898979485566356	10.0	0.0	-0.008342763987800768	-2.4230943866033554	0.4038969960884733	12.953749967615627	22.865999771340004
532	8716288	10	4.0	4.898979485566356	10.0	0.0	10	7.0	4.58257569495584	10.0	0.0	-0.008263577063541456	-2.363622506213343	0.4139500896325649	11.525249971186875	6.235999937640001
536	8781824	10	7.0	4.58257569495584	10.0	0.0	10	4.0	4.898979485566356	10.0	0.0	-0.009080720741888667	-2.421030737207469	0.3011864499496105	14.030249964924375	6.756999932430001
540	8847360	10	3.0	4.58257569495584	10.0	0.0	10	5.0	5.0	10.0	0.0	-0.008095163674084846	-2.4330953530916286	0.28678091007091483	12.645999968384999	20.205999797940002
544	8912896	10	3.0	4.58257569495584	10.0	0.0	10	4.0	4.898979485566356	10.0	0.0	-0.008537482998104237	-2.481221966186985	0.16538575972880723	13.358249966604376	22.593999774060006
548	8978432	10	4.0	4.898979485566356	10.0	0.0	10	4.0	4.898979485566356	10.0	0.0	-0.007667201281754863	-2.515446036792036	0.18476157315323882	13.1289999671775	25.487999745120003
552	9043968	10	6.0	4.898979485566356	10.0	0.0	10	3.0	4.58257569495584	10.0	0.0	-0.008406456879162931	-2.4965497203054205	0.22350538969816142	12.300249969249377	17.26599982734
556	9109504	10	4.0	4.898979485566356	10.0	0.0	10	3.0	4.58257569495584	10.0	0.0	-0.008511604868870997	-2.4503287869126242	0.2693646970545302	12.370249969074376	18.654999813450004
560	9175040	10	4.0	4.898979485566356	10.0	0.0	10	4.0	4.898979485566356	10.0	0.0	-0.008098875930717515	-2.4667050016337106	0.22858813231913325	12.1549999696125	19.64399980356
564	9240576	10	8.0	4.0	10.0	0.0	10	4.0	4.898979485566356	10.0	0.0	-0.007513705615995395	-2.4456253943279957	0.2669168061609186	11.853749970365627	19.631999803680003
568	9306112	10	2.0	4.0	10.0	0.0	10	6.0	4.898979485566356	10.0	0.0	-0.008194203054755687	-2.439256444319313	0.2853476390876662	11.991249970021876	12.038999879610001
572	9371648	10	6.0	4.898979485566356	10.0	0.0	10	7.0	4.58257569495584	10.0	0.0	-0.009120355359259905	-2.474761609972022	0.2517968117928477	13.667249965831877	22.524999774750004
576	9437184	10	6.0	4.898979485566356	10.0	0.0	10	7.0	4.58257569495584	10.0	0.0	-0.009097777651693839	-2.441086989883615	0.2073730362828874	12.256749969358125	19.725999802740002
580	9502720	10	4.0	4.898979485566356	10.0	0.0	10	3.0	4.58257569495584	10.0	0.0	-0.009292469177067423	-2.469176925461578	0.2703888912714001	11.451749971370626	25.566999744330005
584	9568256	10	5.0	5.0	10.0	0.0	10	5.0	5.0	10.0	0.0	-0.00814541943364058	-2.485905098159446	0.23417276188154537	12.724249968189376	22.486999775130002
588	9633792	10	4.0	4.898979485566356	10.0	0.0	10	4.0	4.898979485566356	10.0	0.0	-0.00799176917682236	-2.471241776884468	0.20358642312750458	13.37249996656875	14.946999850530002
592	9699328	10	5.0	5.0	10.0	0.0	10	3.0	4.58257569495584	10.0	0.0	-0.008749570825176509	-2.4306568500847887	0.3357096719205859	12.725999968185	27.798999722010002
596	9764864	10	3.0	4.58257569495584	10.0	0.0	10	5.0	5.0	10.0	0.0	-0.008375569842465415	-2.4103089866511627	0.31248690386462546	12.697999968254999	5.913999940860001
600	9830400	10	6.0	4.898979485566356	10.0	0.0	10	3.0	4.58257569495584	10.0	0.0	-0.009006153245507905	-2.4385371180815505	0.3128164261253663	12.228749969428126	23.084999769150006
604	9895936	10	3.0	4.58257569495584	10.0	0.0	10	4.0	4.898979485566356	10.0	0.0	-0.007908233886847407	-2.4585381073178882	0.22059594076933348	11.068249972329376	16.47899983521
608	9961472	10	3.0	4.58257569495584	10.0	0.0	10	5.0	5.0	10.0	0.0	-0.0069170667210295845	-2.4210577480456568	0.26738527817970775	10.974749972563126	18.695999813040004
612	10027008	10	3.0	4.58257569495584	10.0	0.0	10	3.0	4.58257569495584	10.0	0.0	-0.008841030660115164	-2.42491980368468	0.25636920741572256	11.22349997194125	29.185999708140006
616	10092544	10	5.0	5.0	10.0	0.0	10	4.0	4.898979485566356	10.0	0.0	-0.00789094391720594	-2.3889483012254042	0.2603649636459338	11.322749971693124	21.249999787500002
620	10158080	10	5.0	5.0	10.0	0.0	10	5.0	5.0	10.0	0.0	-0.007895678377974358	-2.4005269182208044	0.2638942114733941	12.034249969914375	26.823999731760004
624	10223616	10	3.0	4.58257569495584	10.0	0.0	10	8.0	4.0	10.0	0.0	-0.007250015364815806	-2.434415424609912	0.1786545237029758	12.191249969521875	28.020999719790005
628	10289152	10	4.0	4.898979485566356	10.0	0.0	10	4.0	4.898979485566356	10.0	0.0	-0.007136145187526089	-2.417629753298057	0.2531972015012804	12.47749996880625	28.066999719330006
632	10354688	10	4.0	4.898979485566356	10.0	0.0	10	5.0	5.0	10.0	0.0	-0.00794868688210313	-2.4116281740338823	0.2855407866972773	12.15249996961875	9.200999907990003
636	10420224	10	7.0	4.58257569495584	10.0	0.0	10	8.0	4.0	10.0	0.0	-0.007226960104622423	-2.367375289153817	0.3324372811517531	11.580749971048125	3.0059999699400004
640	10485760	10	3.0	4.58257569495584	10.0	0.0	10	7.0	4.58257569495584	10.0	0.0	-0.008659371433479057	-2.3952247597265663	0.33079729225765997	12.235249969411877	10.493999895060002
644	10551296	10	3.0	4.58257569495584	10.0	0.0	10	7.0	4.58257569495584	10.0	0.0	-0.008797340664076805	-2.4323135090320838	0.2372160437269768	13.77999996555	18.107999818920003
648	10616832	10	7.0	4.58257569495584	10.0	0.0	10	6.0	4.898979485566356	10.0	0.0	-0.008973116248221795	-2.4188721028430886	0.2617144190899355	13.185999967035	13.942999860570001
652	10682368	10	2.0	4.0	10.0	0.0	10	8.0	4.0	10.0	0.0	-0.007408856833066946	-2.435635039950018	0.2495225909837441	12.92849996767875	22.956999770430006
656	10747904	10	6.0	4.898979485566356	10.0	0.0	10	8.0	4.0	10.0	0.0	-0.0070187869270704325	-2.419121468808588	0.2623278656701176	12.463249968841877	15.806999841930002
660	10813440	10	3.0	4.58257569495584	10.0	0.0	10	7.0	4.58257569495584	10.0	0.0	-0.007397034927470909	-2.469125921270344	0.2051081366933811	13.402249966494375	16.912999830870003
664	10878976	10	6.0	4.898979485566356	10.0	0.0	10	7.0	4.58257569495584	10.0	0.0	-0.007251328026392142	-2.4859106339408292	0.10573998624133552	12.5349999686625	22.084999779150003
668	10944512	10	4.0	4.898979485566356	10.0	0.0	10	4.0	4.898979485566356	10.0	0.0	-0.0070413702868429035	-2.5015400844193443	0.13266062727368327	13.107249967231875	21.026999789730006
672	11010048	10	3.0	4.58257569495584	10.0	0.0	10	5.0	5.0	10.0	0.0	-0.007738072370963957	-2.5024982787545462	0.16546880040767226	14.048749964878125	20.561999794380004
676	11075584	10	4.0	4.898979485566356	10.0	0.0	10	5.0	5.0	10.0	0.0	-0.00774840825923022	-2.5107183478640835	0.15166459417253414	12.95649996760875	20.295999797040004
680	11141120	10	6.0	4.898979485566356	10.0	0.0	10	7.0	4.58257569495584	10.0	0.0	-0.00775793661563948	-2.468590698879112	0.2206368044099356	12.221749969445625	10.24499989755
684	11206656	10	7.0	4.58257569495584	10.0	0.0	10	5.0	5.0	10.0	0.0	-0.007921622392216447	-2.488896570840498	0.26774263658565794	13.008749967478124	14.014999859850002
688	11272192	10	4.0	4.898979485566356	10.0	0.0	10	9.0	3.0	10.0	0.0	-0.008455249831693677	-2.516282913323391	0.22266826652154478	12.192249969519377	15.548999844510002
692	11337728	10	7.0	4.58257569495584	10.0	0.0	10	7.0	4.58257569495584	10.0	0.0	-0.008632904701102766	-2.514464246468086	0.2155817770950691	11.445499971386251	33.96399966036
696	11403264	10	3.0	4.58257569495584	10.0	0.0	10	5.0	5.0	10.0	0.0	-0.007467980163538722	-2.5069955684116705	0.21614866406578337	11.235249971911875	27.022999729770003
700	11468800	10	5.0	5.0	10.0	0.0	10	7.0	4.58257569495584	10.0	0.0	-0.007339932421466685	-2.524751414592326	0.16360820936818363	11.973749970065624	26.947999730520003
704	11534336	10	3.0	4.58257569495584	10.0	0.0	10	6.0	4.898979485566356	10.0	0.0	-0.00847153849617498	-2.5015096587317163	0.19761802929257674	11.6129999709675	19.37199980628
708	11599872	10	7.0	4.58257569495584	10.0	0.0	10	6.0	4.898979485566356	10.0	0.0	-0.007718993250621307	-2.4882781428486953	0.18383003823717337	11.62249997094375	21.814999781850005
712	11665408	10	6.0	4.898979485566356	10.0	0.0	10	6.0	4.898979485566356	10.0	0.0	-0.008110625721872326	-2.4738002019530563	0.19953774410394523	11.7669999705825	28.128999718710006
716	11730944	10	6.0	4.898979485566356	10.0	0.0	10	5.0	5.0	10.0	0.0	-0.008341092215273124	-2.5024907859539933	0.1755461091148035	11.2229999719425	22.010999779890003
720	11796480	10	4.0	4.898979485566356	10.0	0.0	10	5.0	5.0	10.0	0.0	-0.007194484770033642	-2.4889242919673693	0.16717511514633437	10.689749973275624	33.32499966675001
724	11862016	10	2.0	4.0	10.0	0.0	10	6.0	4.898979485566356	10.0	0.0	-0.0070663150950385995	-2.5266417510659123	0.1488350517892773	9.892749975268124	33.36199966638001
728	11927552	10	4.0	4.898979485566356	10.0	0.0	10	7.0	4.58257569495584	10.0	0.0	-0.0075736534749611594	-2.518338940775328	0.14757762106616085	11.067249972331874	33.93899966061001
732	11993088	10	4.0	4.898979485566356	10.0	0.0	10	6.0	4.898979485566356	10.0	0.0	-0.007764415766157425	-2.5141577295823607	0.17754082581662484	10.134249974664375	29.705999702940005
736	12058624	10	7.0	4.58257569495584	10.0	0.0	10	4.0	4.898979485566356	10.0	0.0	-0.006578671856835349	-2.5060502983502757	0.1499686209173497	11.646749970883125	21.380999786190003
740	12124160	10	6.0	4.898979485566356	10.0	0.0	10	7.0	4.58257569495584	10.0	0.0	-0.006408184179174642	-2.511902210351435	0.20900804135944337	11.337749971655628	12.44699987553
744	12189696	10	3.0	4.58257569495584	10.0	0.0	10	5.0	5.0	10.0	0.0	-0.00810675150727382	-2.457775162897789	0.2622440657305238	12.38149996904625	22.025999779740005
748	12255232	10	5.0	5.0	10.0	0.0	10	6.0	4.898979485566356	10.0	0.0	-0.008218430745781663	-2.448213378333336	0.26440995944393136	11.84449997038875	20.846999791530006
752	12320768	10	5.0	5.0	10.0	0.0	10	6.0	4.898979485566356	10.0	0.0	-0.008409911488073211	-2.453904479486435	0.26590086579036537	12.597249968506874	20.128999798710005
756	12386304	10	5.0	5.0	10.0	0.0	10	8.0	4.0	10.0	0.0	-0.008307760832741973	-2.432882005716258	0.28489909054227286	11.908499970228748	33.12799966872001
760	12451840	10	5.0	5.0	10.0	0.0	10	6.0	4.898979485566356	10.0	0.0	-0.0073093893095842796	-2.4562606535776874	0.27649196420710054	11.759749970600625	14.125999858740002
764	12517376	10	5.0	5.0	10.0	0.0	10	3.0	4.58257569495584	10.0	0.0	-0.009019217158281214	-2.453555375082022	0.2699156435856693	9.87049997532375	13.351999866480002
768	12582912	10	7.0	4.58257569495584	10.0	0.0	10	5.0	5.0	10.0	0.0	-0.008843011947029045	-2.4570704298638875	0.2266743522832607	10.516249973709376	23.025999769740004
772	12648448	10	4.0	4.898979485566356	10.0	0.0	10	4.0	4.898979485566356	10.0	0.0	-0.008956234062050091	-2.48142486784836	0.24485789578340925	11.73249997066875	19.824999801750003
776	12713984	10	2.0	4.0	10.0	0.0	10	3.0	4.58257569495584	10.0	0.0	-0.008091925611012397	-2.489930589734427	0.20478767387298388	13.45049996637375	11.957999880420003
780	12779520	10	7.0	4.58257569495584	10.0	0.0	10	4.0	4.898979485566356	10.0	0.0	-0.008916557332648848	-2.479508133967722	0.21908102065836654	12.531249968671876	16.55399983446
784	12845056	10	7.0	4.58257569495584	10.0	0.0	10	6.0	4.898979485566356	10.0	0.0	-0.008009274050360555	-2.478868402282468	0.20198254929303683	12.126249969684375	18.186999818130005
788	12910592	10	6.0	4.898979485566356	10.0	0.0	10	5.0	5.0	10.0	0.0	-0.008985725987232256	-2.4793895182411045	0.1975607690971685	11.956749970108126	22.95499977045
792	12976128	10	4.0	4.898979485566356	10.0	0.0	10	5.0	5.0	10.0	0.0	-0.00805274680570713	-2.439672392849308	0.1810191650686351	10.98349997254125	20.069999799300003
796	13041664	10	6.0	4.898979485566356	10.0	0.0	10	5.0	5.0	10.0	0.0	-0.007826532012074441	-2.462193198245585	0.21594261934593992	12.157999969605	16.184999838150002
800	13107200	10	5.0	5.0	10.0	0.0	10	7.0	4.58257569495584	10.0	0.0	-0.007439543077587523	-2.3794225352510803	0.2752902878472047	9.93999997515	3.7739999622600005
804	13172736	10	3.0	4.58257569495584	10.0	0.0	10	5.0	5.0	10.0	0.0	-0.00892214727747292	-2.3999610938115374	0.2978938524300988	13.19949996700125	11.559999884400002
808	13238272	10	6.0	4.898979485566356	10.0	0.0	10	5.0	5.0	10.0	0.0	-0.008312231867464997	-2.462700855972138	0.15779366249437543	14.15599996461	20.55099979449
812	13303808	10	6.0	4.898979485566356	10.0	0.0	10	7.0	4.58257569495584	10.0	0.0	-0.008305091286318927	-2.4998159679153313	0.16204606173424246	10.176249974559374	6.1419999385800015
816	13369344	10	4.0	4.898979485566356	10.0	0.0	10	5.0	5.0	10.0	0.0	-0.008241853249021647	-2.4997735145070945	0.2093890583855847	12.93599996766	20.326999796730004
820	13434880	10	4.0	4.898979485566356	10.0	0.0	10	5.0	5.0	10.0	0.0	-0.008661836101062307	-2.5004930592952213	0.14052291911494244	13.36799996658	22.275999777240003
824	13500416	10	8.0	4.0	10.0	0.0	10	8.0	4.0	10.0	0.0	-0.008022795837933817	-2.483620382586691	0.17692970110123113	13.521249966196876	22.046999779530005
828	13565952	10	7.0	4.58257569495584	10.0	0.0	10	10.0	0.0	10.0	10.0	-0.009959719606006385	-2.4854265895877123	0.19998667503486559	11.28949997177625	15.511999844880004
832	13631488	10	6.0	4.898979485566356	10.0	0.0	10	6.0	4.898979485566356	10.0	0.0	-0.008138216267132438	-2.4649069157655394	0.2273112221694635	12.1889999695275	10.169999898300002
836	13697024	10	6.0	4.898979485566356	10.0	0.0	10	8.0	4.0	10.0	0.0	-0.007548237786191276	-2.4985641933858456	0.14445730724108968	8.041749979895625	10.968999890310002
840	13762560	10	5.0	5.0	10.0	0.0	10	6.0	4.898979485566356	10.0	0.0	-0.007943802536607876	-2.516356331344585	0.15971793768195047	8.052749979868127	20.432999795670003
844	13828096	10	5.0	5.0	10.0	0.0	10	8.0	4.0	10.0	0.0	-0.00761351822844639	-2.5204091317809776	0.1636067911967333	9.618749975953126	15.839999841600003
848	13893632	10	6.0	4.898979485566356	10.0	0.0	10	5.0	5.0	10.0	0.0	-0.008424420553973017	-2.5150228636823897	0.13147298734196927	8.685249978286874	22.254999777450003
852	13959168	10	3.0	4.58257569495584	10.0	0.0	10	5.0	5.0	10.0	0.0	-0.007718579035205013	-2.4602679856042284	0.19920133059942446	9.441249976396875	23.089999769100004
856	14024704	10	5.0	5.0	10.0	0.0	10	4.0	4.898979485566356	10.0	0.0	-0.00838009730466505	-2.4662179348283986	0.1935999505020177	8.052749979868127	17.270999827290005
860	14090240	10	7.0	4.58257569495584	10.0	0.0	10	6.0	4.898979485566356	10.0	0.0	-0.008037797666850333	-2.496268667020646	0.1421408275149469	9.148249977129376	14.322999856770002
864	14155776	10	4.0	4.898979485566356	10.0	0.0	10	4.0	4.898979485566356	10.0	0.0	-0.008123121291406556	-2.4842733862395137	0.13743717027948663	8.032749979918126	19.035999809640003
868	14221312	10	6.0	4.898979485566356	10.0	0.0	10	3.0	4.58257569495584	10.0	0.0	-0.008246315154843186	-2.4586475041927813	0.14701277221729067	9.5369999761575	14.937999850620002
872	14286848	10	8.0	4.0	10.0	0.0	10	6.0	4.898979485566356	10.0	0.0	-0.007271078031257177	-2.4625258840538913	0.14645782786758518	8.001749979995626	21.37399978626
876	14352384	10	2.0	4.0	10.0	0.0	10	4.0	4.898979485566356	10.0	0.0	-0.008570248248074763	-2.491737494606497	0.1402128136881169	9.072999977317501	15.877999841220003
880	14417920	10	6.0	4.898979485566356	10.0	0.0	10	9.0	3.0	10.0	0.0	-0.008038314381106845	-2.4920136230574976	0.1361439965989185	9.981249975046875	19.100999808990004
884	14483456	10	4.0	4.898979485566356	10.0	0.0	10	6.0	4.898979485566356	10.0	0.0	-0.008035273039313052	-2.467385418456073	0.19146854715600417	8.0789999798025	19.21199980788
888	14548992	10	4.0	4.898979485566356	10.0	0.0	10	6.0	4.898979485566356	10.0	0.0	-0.008629620529074261	-2.4621272382555675	0.1819949444038584	8.792749978018126	15.126999848730003
892	14614528	10	6.0	4.898979485566356	10.0	0.0	10	7.0	4.58257569495584	10.0	0.0	-0.008846592006787836	-2.44890347594342	0.23058499719408293	8.012499979968752	17.798999822010003
896	14680064	10	7.0	4.58257569495584	10.0	0.0	10	8.0	4.0	10.0	0.0	-0.008608484996342711	-2.4184005034430944	0.2053049436246079	9.156749977108124	10.700999892990001
900	14745600	10	8.0	4.0	10.0	0.0	10	4.0	4.898979485566356	10.0	0.0	-0.009446093550879093	-2.4301250624112116	0.2468863351323824	9.657999975854999	16.73699983263
904	14811136	10	6.0	4.898979485566356	10.0	0.0	10	6.0	4.898979485566356	10.0	0.0	-0.008183933461377219	-2.4322339815348006	0.21648230292752402	9.7049999757375	13.573999864260003
908	14876672	10	4.0	4.898979485566356	10.0	0.0	10	7.0	4.58257569495584	10.0	0.0	-0.008225877562282406	-2.3841767457624283	0.212072159141563	7.99549998001125	23.387999766120007
912	14942208	10	6.0	4.898979485566356	10.0	0.0	10	7.0	4.58257569495584	10.0	0.0	-0.008304271182819827	-2.3950862807520794	0.15105804962395172	8.596249978509375	9.598999904010002
916	15007744	10	2.0	4.0	10.0	0.0	10	3.0	4.58257569495584	10.0	0.0	-0.008713704916167745	-2.439832711959049	0.16983673269643518	9.721249975696875	18.964999810350005
920	15073280	10	5.0	5.0	10.0	0.0	10	5.0	5.0	10.0	0.0	-0.00815213112376385	-2.473742445052275	0.15586550920198988	8.067749979830625	16.81899983181
924	15138816	10	6.0	4.898979485566356	10.0	0.0	10	6.0	4.898979485566356	10.0	0.0	-0.008287902906022979	-2.441707213465341	0.20396385883029583	9.628749975928125	18.885999811140003
928	15204352	10	6.0	4.898979485566356	10.0	0.0	10	4.0	4.898979485566356	10.0	0.0	-0.007994388697398835	-2.412980263180515	0.23467550781284022	8.051499979871249	19.14799980852
932	15269888	10	6.0	4.898979485566356	10.0	0.0	10	7.0	4.58257569495584	10.0	0.0	-0.007737326422812194	-2.4495057113400605	0.182601106644524	9.616999975957501	9.82199990178
936	15335424	10	4.0	4.898979485566356	10.0	0.0	10	5.0	5.0	10.0	0.0	-0.00798634245113011	-2.484908131002822	0.12231027007691544	9.137249977156875	21.061999789380003
940	15400960	10	7.0	4.58257569495584	10.0	0.0	10	5.0	5.0	10.0	0.0	-0.0073788789927568465	-2.4738308263228337	0.17026218925381373	8.074999979812501	12.981999870180001
944	15466496	10	6.0	4.898979485566356	10.0	0.0	10	7.0	4.58257569495584	10.0	0.0	-0.008127926379895527	-2.394179788479161	0.1686471974456718	9.93549997516125	12.128999878710001
948	15532032	10	8.0	4.0	10.0	0.0	10	6.0	4.898979485566356	10.0	0.0	-0.008472048702087408	-2.4286633553557953	0.1890780664007353	8.039749979900625	12.924999870750003
952	15597568	10	7.0	4.58257569495584	10.0	0.0	10	5.0	5.0	10.0	0.0	-0.008207318806301671	-2.397845178592769	0.20014470790290662	10.16849997457875	14.074999859250001
956	15663104	10	5.0	5.0	10.0	0.0	10	4.0	4.898979485566356	10.0	0.0	-0.007898513403926727	-2.39715401554966	0.20255622133675757	9.18649997703375	22.593999774060006
960	15728640	10	1.0	3.0	10.0	0.0	10	6.0	4.898979485566356	10.0	0.0	-0.0070757497395391175	-2.451659175001507	0.15913881926381396	8.037499979906249	17.197999828020002
964	15794176	10	6.0	4.898979485566356	10.0	0.0	10	5.0	5.0	10.0	0.0	-0.007553301474340425	-2.485681464015799	0.1496856782895121	10.155749974610625	14.34099985659
968	15859712	10	5.0	5.0	10.0	0.0	10	5.0	5.0	10.0	0.0	-0.0076792595662365255	-2.4657532719189392	0.1776060054359353	10.067499974831248	16.066999839330002
972	15925248	10	5.0	5.0	10.0	0.0	10	8.0	4.0	10.0	0.0	-0.008731633433550642	-2.4652750166669457	0.20338332262876005	8.101749979745625	23.254999767450002
976	15990784	10	8.0	4.0	10.0	0.0	10	5.0	5.0	10.0	0.0	-0.008907026209556706	-2.396674153455784	0.24212126012232077	8.61599997846	10.032999899670001
980	16056320	10	6.0	4.898979485566356	10.0	0.0	10	3.0	4.58257569495584	10.0	0.0	-0.009376782471850724	-2.4024513609688327	0.2452130008543904	9.97749997505625	14.573999854260002
984	16121856	10	6.0	4.898979485566356	10.0	0.0	10	3.0	4.58257569495584	10.0	0.0	-0.007992128995966876	-2.367738003285452	0.20956393833572726	8.08049997979875	14.709999852900003
988	16187392	10	3.0	4.58257569495584	10.0	0.0	10	5.0	5.0	10.0	0.0	-0.008400620198127571	-2.3987672028427034	0.21397012384552616	9.3809999765475	17.055999829440005
992	16252928	10	4.0	4.898979485566356	10.0	0.0	10	5.0	5.0	10.0	0.0	-0.009311025025090432	-2.4168785485094504	0.21646770708491572	8.551499978621251	17.676999823230002
996	16318464	10	5.0	5.0	10.0	0.0	10	5.0	5.0	10.0	0.0	-0.008684777969094263	-2.3733133969218927	0.2891011361973341	8.517499978706251	11.864999881350002
1000	16384000	10	7.0	4.58257569495584	10.0	0.0	10	8.0	4.0	10.0	0.0	-0.008786662412901	-2.418460719035472	0.19278214140339225	9.631499975921251	17.017999829820003
1004	16449536	10	8.0	4.0	10.0	0.0	10	7.0	4.58257569495584	10.0	0.0	-0.007966954510042515	-2.416023286428711	0.161821456531591	10.42549997393625	17.674999823250005
1008	16515072	10	3.0	4.58257569495584	10.0	0.0	10	7.0	4.58257569495584	10.0	0.0	-0.00879189639726341	-2.4313294065446223	0.15735011654819114	9.754499975613749	13.517999864820004
1012	16580608	10	2.0	4.0	10.0	0.0	10	4.0	4.898979485566356	10.0	0.0	-0.008376272573854274	-2.4308429804892415	0.17179790517698793	8.049999979874999	9.491999905080002
1016	16646144	10	3.0	4.58257569495584	10.0	0.0	10	5.0	5.0	10.0	0.0	-0.009034884515402651	-2.421615948027447	0.16470753415324207	10.163249974591874	16.889999831100003
1020	16711680	10	1.0	3.0	10.0	0.0	10	5.0	5.0	10.0	0.0	-0.00819898484441572	-2.388657634208134	0.20210952860681441	9.110499977223748	21.145999788540003
1024	16777216	10	7.0	4.58257569495584	10.0	0.0	10	6.0	4.898979485566356	10.0	0.0	-0.008879910001556976	-2.377616109699695	0.2572373624933528	8.0689999798275	9.360999906390003
1028	16842752	10	3.0	4.58257569495584	10.0	0.0	10	5.0	5.0	10.0	0.0	-0.00784403120308974	-2.3502682221467857	0.2070496415814154	9.663249975841875	14.072999859270002
1032	16908288	10	5.0	5.0	10.0	0.0	10	8.0	4.0	10.0	0.0	-0.008859074612990918	-2.390432663012887	0.22934179362625057	9.219749976950627	13.33799986662
1036	16973824	10	6.0	4.898979485566356	10.0	0.0	10	4.0	4.898979485566356	10.0	0.0	-0.007465341349547976	-2.3293732749976193	0.2204616338095396	8.056749979858127	19.96699980033
1040	17039360	10	5.0	5.0	10.0	0.0	10	6.0	4.898979485566356	10.0	0.0	-0.008588072844167727	-2.3420850284441457	0.2085462253478739	9.2869999767825	6.349999936500001
1044	17104896	10	6.0	4.898979485566356	10.0	0.0	10	7.0	4.58257569495584	10.0	0.0	-0.009415559166507844	-2.4002410021904272	0.1668891728837047	8.814749977963125	17.502999824970004
1048	17170432	10	7.0	4.58257569495584	10.0	0.0	10	5.0	5.0	10.0	0.0	-0.008370179642080386	-2.3364404362986546	0.18720418251653037	8.207249979481876	11.714999882850002
1052	17235968	10	5.0	5.0	10.0	0.0	10	3.0	4.58257569495584	10.0	0.0	-0.007921540138728287	-2.3582350733406554	0.16823656149008284	8.631499978421251	14.325999856740003
1056	17301504	10	7.0	4.58257569495584	10.0	0.0	10	5.0	5.0	10.0	0.0	-0.010183868205937823	-2.3206206930246602	0.17071108246616984	8.792749978018126	17.159999828400004
1060	17367040	10	5.0	5.0	10.0	0.0	10	6.0	4.898979485566356	10.0	0.0	-0.007196622009823009	-2.3769979399946863	0.14122132280301736	9.615749975960625	11.201999887980001
1064	17432576	10	7.0	4.58257569495584	10.0	0.0	10	5.0	5.0	10.0	0.0	-0.008328014517591787	-2.3873241814470996	0.21497080705683297	8.061999979845002	13.510999864890001
1068	17498112	10	6.0	4.898979485566356	10.0	0.0	10	7.0	4.58257569495584	10.0	0.0	-0.007770884592091516	-2.4155234244929886	0.15562732787733902	9.636499975908752	12.977999870220001
1072	17563648	10	8.0	4.0	10.0	0.0	10	8.0	4.0	10.0	0.0	-0.008071057206576008	-2.4166655264760992	0.13873875031044303	9.339249976651875	11.888999881110001
1076	17629184	10	4.0	4.898979485566356	10.0	0.0	10	4.0	4.898979485566356	10.0	0.0	-0.007125611661210513	-2.4470329207613166	0.16880937283652428	8.05149997987125	16.901999830980003
1080	17694720	10	3.0	4.58257569495584	10.0	0.0	10	7.0	4.58257569495584	10.0	0.0	-0.007908419460146338	-2.4350534873651126	0.18555788949993038	10.35549997411125	17.05399982946
1084	17760256	10	5.0	5.0	10.0	0.0	10	7.0	4.58257569495584	10.0	0.0	-0.008413723411985928	-2.4743760846461282	0.1717291011606583	9.818249975454377	18.467999815320002
1088	17825792	10	5.0	5.0	10.0	0.0	10	4.0	4.898979485566356	10.0	0.0	-0.008505101436057177	-2.460798784834113	0.13717757171764064	8.869249977826874	17.143999828560002
1092	17891328	10	6.0	4.898979485566356	10.0	0.0	10	7.0	4.58257569495584	10.0	0.0	-0.008722698948077747	-2.4280021088773065	0.18317490938384604	8.173249979566874	16.835999831640002
1096	17956864	10	6.0	4.898979485566356	10.0	0.0	10	5.0	5.0	10.0	0.0	-0.007835901212974205	-2.4210692815444195	0.17781352249915885	9.67649997580875	19.076999809230006
1100	18022400	10	5.0	5.0	10.0	0.0	10	2.0	4.0	10.0	0.0	-0.008259989023269822	-2.4042555761813076	0.19482064074359493	9.136749977158125	20.621999793780002
1104	18087936	10	9.0	3.0	10.0	0.0	10	5.0	5.0	10.0	0.0	-0.007868457247634195	-2.4042797433812346	0.18123669035707507	8.033749979915624	14.692999853070003
1108	18153472	10	7.0	4.58257569495584	10.0	0.0	10	6.0	4.898979485566356	10.0	0.0	-0.00832596226886963	-2.378219256550695	0.17409884244873564	9.448249976379374	13.342999866570002
1112	18219008	10	5.0	5.0	10.0	0.0	10	7.0	4.58257569495584	10.0	0.0	-0.008405982848099097	-2.3828833945096894	0.19099313872429025	8.776249978059376	22.513999774860004
1116	18284544	10	5.0	5.0	10.0	0.0	10	6.0	4.898979485566356	10.0	0.0	-0.00907446735220887	-2.393315121282183	0.1953449447746243	8.195249979511875	23.276999767230006
1120	18350080	10	4.0	4.898979485566356	10.0	0.0	10	7.0	4.58257569495584	10.0	0.0	-0.007748782039724737	-2.4030655073603193	0.17790231362926023	8.564749978588125	16.791999832080005
1124	18415616	10	6.0	4.898979485566356	10.0	0.0	10	7.0	4.58257569495584	10.0	0.0	-0.007877210811570393	-2.4268427588001162	0.13561050111257056	9.640249975899374	19.056999809430003
1128	18481152	10	2.0	4.0	10.0	0.0	10	7.0	4.58257569495584	10.0	0.0	-0.008452987668562726	-2.3921328482520248	0.15730246744653148	8.762249978094376	21.529999784700003
1132	18546688	10	5.0	5.0	10.0	0.0	10	7.0	4.58257569495584	10.0	0.0	-0.007971072520152774	-2.3946630157519393	0.13532582242184385	8.054499979863749	13.894999861050001
1136	18612224	10	7.0	4.58257569495584	10.0	0.0	10	7.0	4.58257569495584	10.0	0.0	-0.00720545410316973	-2.367240480832037	0.16419016327550848	9.892749975268124	16.964999830350003
1140	18677760	10	6.0	4.898979485566356	10.0	0.0	10	5.0	5.0	10.0	0.0	-0.00842758302712182	-2.421860466148505	0.16109046051152887	8.48849997877875	22.767999772320003
1144	18743296	10	7.0	4.58257569495584	10.0	0.0	10	4.0	4.898979485566356	10.0	0.0	-0.008078213363122009	-2.434053592130314	0.17037239568085485	8.289749979275626	16.63099983369
1148	18808832	10	4.0	4.898979485566356	10.0	0.0	10	7.0	4.58257569495584	10.0	0.0	-0.007142656731819989	-2.4049612132189884	0.1842677617098422	9.135749977160625	14.169999858300002
1152	18874368	10	7.0	4.58257569495584	10.0	0.0	10	10.0	0.0	10.0	10.0	-0.008533430216953982	-2.398513984927036	0.1887466915065631	10.056749974858127	7.137999928620001
1156	18939904	10	6.0	4.898979485566356	10.0	0.0	10	6.0	4.898979485566356	10.0	0.0	-0.008517114916404516	-2.36902988180676	0.19977319463558718	8.0589999798525	22.625999773740006
1160	19005440	10	6.0	4.898979485566356	10.0	0.0	10	6.0	4.898979485566356	10.0	0.0	-0.007905979281011097	-2.392580208429813	0.17578391317620148	8.793749978015624	11.971999880280002
1164	19070976	10	5.0	5.0	10.0	0.0	10	9.0	3.0	10.0	0.0	-0.008649383115282669	-2.416083561625734	0.16189146684348527	10.265249974336875	9.403999905960001
1168	19136512	10	7.0	4.58257569495584	10.0	0.0	10	7.0	4.58257569495584	10.0	0.0	-0.008012330425495439	-2.42359673454947	0.16616813169303138	8.58399997854	14.370999856290002
1172	19202048	10	5.0	5.0	10.0	0.0	10	7.0	4.58257569495584	10.0	0.0	-0.007504141313930205	-2.3928958622108762	0.13107925818954194	8.75849997810375	14.231999857680002
1176	19267584	10	7.0	4.58257569495584	10.0	0.0	10	8.0	4.0	10.0	0.0	-0.00830804507287678	-2.431485429152886	0.173262409847808	10.13349997466625	16.791999832080005
1180	19333120	10	7.0	4.58257569495584	10.0	0.0	10	8.0	4.0	10.0	0.0	-0.008192312459015479	-2.4040594843505976	0.15505997105438588	9.09599997726	15.361999846380003
1184	19398656	10	3.0	4.58257569495584	10.0	0.0	10	5.0	5.0	10.0	0.0	-0.00856884950828188	-2.402953242011897	0.13335980132074773	8.038999979902501	17.934999820650003
1188	19464192	10	5.0	5.0	10.0	0.0	10	6.0	4.898979485566356	10.0	0.0	-0.007327172594002574	-2.412410999086539	0.16442432508953794	10.057999974855	16.845999831540002
1192	19529728	10	3.0	4.58257569495584	10.0	0.0	10	9.0	3.0	10.0	0.0	-0.008001630964903191	-2.4401204186122962	0.14142769868564628	8.722999978192501	6.1579999384200015
1196	19595264	10	5.0	5.0	10.0	0.0	10	3.0	4.58257569495584	10.0	0.0	-0.007710577933827961	-2.4541555541184175	0.19964768882934292	9.11549997721125	9.8599999014
1200	19660800	10	6.0	4.898979485566356	10.0	0.0	10	4.0	4.898979485566356	10.0	0.0	-0.00767253539299531	-2.38988912577371	0.22567551813531536	9.213249976966875	21.157999788420003
1204	19726336	10	4.0	4.898979485566356	10.0	0.0	10	8.0	4.0	10.0	0.0	-0.00794051159915145	-2.4492028849752567	0.13324419368843568	8.608249978479375	17.122999828770006
1208	19791872	10	5.0	5.0	10.0	0.0	10	7.0	4.58257569495584	10.0	0.0	-0.00851122090931178	-2.4364377555693397	0.17993991393273762	8.585999978534998	14.495999855040003
1212	19857408	10	3.0	4.58257569495584	10.0	0.0	10	5.0	5.0	10.0	0.0	-0.008204469424884932	-2.458633678398722	0.16068848927073237	10.22149997444625	15.661999843380004
1216	19922944	10	6.0	4.898979485566356	10.0	0.0	10	5.0	5.0	10.0	0.0	-0.008622935529588836	-2.4371687146469396	0.19175101364517552	8.30849997922875	22.701999772980006
1220	19988480	10	6.0	4.898979485566356	10.0	0.0	10	6.0	4.898979485566356	10.0	0.0	-0.008106586319995463	-2.4442103974458633	0.15299030609076997	8.52849997867875	14.913999850860002
1224	20054016	10	7.0	4.58257569495584	10.0	0.0	10	5.0	5.0	10.0	0.0	-0.008902171603931867	-2.458685760440616	0.16613898789331719	9.65549997586125	20.088999799110002
1228	20119552	10	5.0	5.0	10.0	0.0	10	4.0	4.898979485566356	10.0	0.0	-0.008168880470352085	-2.4296844648770777	0.16934753378330927	8.06349997984125	20.420999795790003
1232	20185088	10	6.0	4.898979485566356	10.0	0.0	10	4.0	4.898979485566356	10.0	0.0	-0.00785650134557743	-2.4012330022933206	0.2031705535270979	9.1109999772225	11.967999880320003
1236	20250624	10	5.0	5.0	10.0	0.0	10	4.0	4.898979485566356	10.0	0.0	-0.007479199139631166	-2.3768065072603757	0.20185918149298282	9.110249977224376	15.728999842710001
1240	20316160	10	7.0	4.58257569495584	10.0	0.0	10	7.0	4.58257569495584	10.0	0.0	-0.008698218472094387	-2.375890773783991	0.17560980568052428	8.03049997992375	7.884999921150001
1244	20381696	10	2.0	4.0	10.0	0.0	10	5.0	5.0	10.0	0.0	-0.00828943911290837	-2.348761774354889	0.1903034959100636	9.6529999758675	16.916999830830004
1248	20447232	10	6.0	4.898979485566356	10.0	0.0	10	6.0	4.898979485566356	10.0	0.0	-0.00805289296756899	-2.3490862098869485	0.1503250807522359	9.105499977236251	21.127999788720004
1252	20512768	10	5.0	5.0	10.0	0.0	10	6.0	4.898979485566356	10.0	0.0	-0.006432658094669554	-2.3287461347935725	0.18760366658278138	8.803999977990003	15.865999841340003
1256	20578304	10	7.0	4.58257569495584	10.0	0.0	10	8.0	4.0	10.0	0.0	-0.00895939346959542	-2.3579774943518124	0.1762963537098358	8.703249978241876	4.58699995413
1260	20643840	10	5.0	5.0	10.0	0.0	10	3.0	4.58257569495584	10.0	0.0	-0.007781549727141063	-2.3597733077929015	0.23457087837820595	9.665249975836876	15.887999841120003
1264	20709376	10	5.0	5.0	10.0	0.0	10	8.0	4.0	10.0	0.0	-0.008437056522810673	-2.368035534770979	0.24356530192875395	8.057249979856875	17.01499982985
1268	20774912	10	4.0	4.898979485566356	10.0	0.0	10	6.0	4.898979485566356	10.0	0.0	-0.009175414622358508	-2.3766178337244126	0.2214335899879843	10.172499974568751	15.032999849670002
1272	20840448	10	4.0	4.898979485566356	10.0	0.0	10	6.0	4.898979485566356	10.0	0.0	-0.007903960801827216	-2.41375994408816	0.19612161735513323	9.749749975625624	15.385999846140002
1276	20905984	10	6.0	4.898979485566356	10.0	0.0	10	6.0	4.898979485566356	10.0	0.0	-0.008362982239343333	-2.3798759229485706	0.1850243302179861	9.262499976843749	20.592999794070003
1280	20971520	10	4.0	4.898979485566356	10.0	0.0	10	5.0	5.0	10.0	0.0	-0.008992824372674806	-2.4299267403733764	0.2191519833252035	8.058499979853751	5.908999940910001
1284	21037056	10	8.0	4.0	10.0	0.0	10	8.0	4.0	10.0	0.0	-0.007816935871631394	-2.3985952931130816	0.168262572553487	8.568249978579374	11.621999883780001
1288	21102592	10	6.0	4.898979485566356	10.0	0.0	10	5.0	5.0	10.0	0.0	-0.007642316364391602	-2.420930132017679	0.25682492924041544	8.855749977860626	7.201999927980001
1292	21168128	10	4.0	4.898979485566356	10.0	0.0	10	5.0	5.0	10.0	0.0	-0.008745712064711975	-2.456425835433031	0.2059135921084964	10.0069999749825	16.93499983065
1296	21233664	10	3.0	4.58257569495584	10.0	0.0	10	6.0	4.898979485566356	10.0	0.0	-0.008378030202681757	-2.4140976118513575	0.17646307240264764	9.741249975646877	18.823999811760004
1300	21299200	10	9.0	3.0	10.0	0.0	10	8.0	4.0	10.0	0.0	-0.008400355487875658	-2.393914222467919	0.22913791252396815	8.071499979821251	16.326999836730003
1304	21364736	10	5.0	5.0	10.0	0.0	10	3.0	4.58257569495584	10.0	0.0	-0.008688962624550942	-2.4209146223924045	0.20701368057806593	9.555249976111874	16.92599983074
1308	21430272	10	9.0	3.0	10.0	0.0	10	9.0	3.0	10.0	0.0	-0.008239526545721345	-2.3643542476019057	0.24976044238737294	9.11199997722	16.005999839940003
1312	21495808	10	8.0	4.0	10.0	0.0	10	6.0	4.898979485566356	10.0	0.0	-0.008243075146664735	-2.371316606552749	0.20346312719450924	8.060749979848126	17.836999821630002
1316	21561344	10	5.0	5.0	10.0	0.0	10	7.0	4.58257569495584	10.0	0.0	-0.00817456015805002	-2.3604275333409417	0.19134331259745974	9.8489999753775	16.391999836080004
1320	21626880	10	4.0	4.898979485566356	10.0	0.0	10	4.0	4.898979485566356	10.0	0.0	-0.008891987775903767	-2.3917267022025674	0.22930624690622636	10.382249974044374	16.891999831080003
1324	21692416	10	3.0	4.58257569495584	10.0	0.0	10	7.0	4.58257569495584	10.0	0.0	-0.00780191090031903	-2.426088422284132	0.18455653395133498	9.967249975081875	16.240999837590003
1328	21757952	10	9.0	3.0	10.0	0.0	10	5.0	5.0	10.0	0.0	-0.009149781846904612	-2.413755066441396	0.19581768240602515	8.562249978594377	16.587999834120005
1332	21823488	10	4.0	4.898979485566356	10.0	0.0	10	6.0	4.898979485566356	10.0	0.0	-0.0081863721804703	-2.393638374655454	0.18686479692884364	9.240249976899374	5.837999941620001
1336	21889024	10	5.0	5.0	10.0	0.0	10	3.0	4.58257569495584	10.0	0.0	-0.008190568033625743	-2.435992099090981	0.13028611365590345	9.06399997734	21.509999784900003
1340	21954560	10	6.0	4.898979485566356	10.0	0.0	10	4.0	4.898979485566356	10.0	0.0	-0.00861723352774156	-2.386660364518305	0.23786414660519176	8.068999979827499	10.094999899050002
1344	22020096	10	1.0	3.0	10.0	0.0	10	5.0	5.0	10.0	0.0	-0.009006439463490524	-2.4102629147442833	0.19594287218347578	9.1709999770725	21.058999789410006
1348	22085632	10	4.0	4.898979485566356	10.0	0.0	10	6.0	4.898979485566356	10.0	0.0	-0.00804518108550707	-2.4420118006506923	0.13604686772585853	8.049749979875626	16.86499983135
1352	22151168	10	5.0	5.0	10.0	0.0	10	6.0	4.898979485566356	10.0	0.0	-0.00832963410270712	-2.4290505272600007	0.21056170122988124	9.49549997626125	19.880999801190004
1356	22216704	10	6.0	4.898979485566356	10.0	0.0	10	7.0	4.58257569495584	10.0	0.0	-0.008263473499986107	-2.407453849660913	0.20783436901565092	8.058749979853125	16.657999833420003
1360	22282240	10	8.0	4.0	10.0	0.0	10	7.0	4.58257569495584	10.0	0.0	-0.008139615074834258	-2.4159597553279677	0.20072729332454722	9.725499975686251	3.5879999641200007
1364	22347776	10	6.0	4.898979485566356	10.0	0.0	10	6.0	4.898979485566356	10.0	0.0	-0.008312208036278494	-2.4322568225313814	0.19210340616154817	8.080249979799374	21.305999786940003
1368	22413312	10	6.0	4.898979485566356	10.0	0.0	10	8.0	4.0	10.0	0.0	-0.008764365366911256	-2.401360479243794	0.18753393007972402	9.063749977340624	9.990999900090001
1372	22478848	10	7.0	4.58257569495584	10.0	0.0	10	6.0	4.898979485566356	10.0	0.0	-0.008136370652574856	-2.4244796308336403	0.17113952414523037	9.692249975769375	13.947999860520003
1376	22544384	10	5.0	5.0	10.0	0.0	10	2.0	4.0	10.0	0.0	-0.008523282669275862	-2.4539005728986756	0.14479925024056603	8.070749979823125	16.879999831200003
1380	22609920	10	3.0	4.58257569495584	10.0	0.0	10	7.0	4.58257569495584	10.0	0.0	-0.008652905898703126	-2.42872344677183	0.10920005748463127	10.22849997442875	12.496999875030001
1384	22675456	10	5.0	5.0	10.0	0.0	10	5.0	5.0	10.0	0.0	-0.007266798579774072	-2.451600556316903	0.13299065846340596	8.065749979835624	18.999999810000002
1388	22740992	10	8.0	4.0	10.0	0.0	10	8.0	4.0	10.0	0.0	-0.008993863372146046	-2.377350724985914	0.16357844274649774	9.671249975821876	11.845999881540003
1392	22806528	10	5.0	5.0	10.0	0.0	10	7.0	4.58257569495584	10.0	0.0	-0.008152184844584229	-2.336292974407496	0.19396362925100966	9.328249976679375	14.570999854290003
1396	22872064	10	9.0	3.0	10.0	0.0	10	9.0	3.0	10.0	0.0	-0.007260655891364045	-2.3820703200998126	0.1931093123850733	8.070749979823125	7.571999924280001
1400	22937600	10	3.0	4.58257569495584	10.0	0.0	10	8.0	4.0	10.0	0.0	-0.007918583485443133	-2.369762909662239	0.2150039043984862	8.355249979111875	22.863999771360003
1404	23003136	10	6.0	4.898979485566356	10.0	0.0	10	9.0	3.0	10.0	0.0	-0.007867291112930257	-2.3606352878138117	0.1966964321316529	8.3209999791975	11.739999882600003
1408	23068672	10	8.0	4.0	10.0	0.0	10	8.0	4.0	10.0	0.0	-0.008798629980743138	-2.3514344441428126	0.22140804287844268	10.203999974490001	6.835999931640002
1412	23134208	10	9.0	3.0	10.0	0.0	10	7.0	4.58257569495584	10.0	0.0	-0.007774672909159757	-2.382454251001459	0.20305767676540498	8.045999979885	11.621999883780001
1416	23199744	10	6.0	4.898979485566356	10.0	0.0	10	9.0	3.0	10.0	0.0	-0.008554526135734306	-2.3759387902924067	0.22576022301001084	10.438749973903127	12.325999876740003
1420	23265280	10	2.0	4.0	10.0	0.0	10	7.0	4.58257569495584	10.0	0.0	-0.007815036737554926	-2.3618747515006255	0.22926340637823936	8.135249979661875	10.945999890540001
1424	23330816	10	5.0	5.0	10.0	0.0	10	6.0	4.898979485566356	10.0	0.0	-0.008679178940237111	-2.3700198379670434	0.17530353792358744	9.638749975903124	12.704999872950003
1428	23396352	10	6.0	4.898979485566356	10.0	0.0	10	9.0	3.0	10.0	0.0	-0.007851744388760731	-2.3509142098362132	0.17053008132079603	8.038249979904377	20.812999791870002
1432	23461888	10	3.0	4.58257569495584	10.0	0.0	10	8.0	4.0	10.0	0.0	-0.008028100041350494	-2.382211630294926	0.13464084227408654	8.97049997757375	10.540999894590001
1436	23527424	10	3.0	4.58257569495584	10.0	0.0	10	6.0	4.898979485566356	10.0	0.0	-0.008806968397940469	-2.3232534152829536	0.1996733286054807	8.54549997863625	23.237999767620003
1440	23592960	10	7.0	4.58257569495584	10.0	0.0	10	8.0	4.0	10.0	0.0	-0.008547052253883901	-2.3134897597207753	0.17366163570487522	8.007249979981875	14.175999858240003
1444	23658496	10	5.0	5.0	10.0	0.0	10	6.0	4.898979485566356	10.0	0.0	-0.007226292040746273	-2.41043646856869	0.147970377064108	9.620749975948126	11.016999889830002
1448	23724032	10	6.0	4.898979485566356	10.0	0.0	10	6.0	4.898979485566356	10.0	0.0	-0.008068186732158146	-2.4063494029121357	0.11710504577051414	8.050249979874373	16.964999830350003
1452	23789568	10	3.0	4.58257569495584	10.0	0.0	10	5.0	5.0	10.0	0.0	-0.00784566034093109	-2.403104863810555	0.15904390693848136	10.1989999745025	16.83899983161
1456	23855104	10	4.0	4.898979485566356	10.0	0.0	10	5.0	5.0	10.0	0.0	-0.00836912267463182	-2.3650654278715497	0.11535868160001064	8.676749978308125	22.565999774340003
1460	23920640	10	7.0	4.58257569495584	10.0	0.0	10	8.0	4.0	10.0	0.0	-0.008444896561164676	-2.3692948567386085	0.1374180253141529	8.057999979855	16.87099983129
1464	23986176	10	5.0	5.0	10.0	0.0	10	8.0	4.0	10.0	0.0	-0.007353820542591846	-2.2970453796378147	0.1909205899374987	9.132999977167499	12.813999871860002
1468	24051712	10	5.0	5.0	10.0	0.0	10	7.0	4.58257569495584	10.0	0.0	-0.008002750737205216	-2.2612683547167864	0.2433180443999531	8.414999978962499	16.878999831210002
1472	24117248	10	4.0	4.898979485566356	10.0	0.0	10	7.0	4.58257569495584	10.0	0.0	-0.008532072232225012	-2.3032597971543525	0.2474861076464744	9.019249977451874	17.954999820450002
1476	24182784	10	6.0	4.898979485566356	10.0	0.0	10	5.0	5.0	10.0	0.0	-0.008624249636655418	-2.3319801934117814	0.20584637064205152	8.0129999799675	21.290999787090005
1480	24248320	10	4.0	4.898979485566356	10.0	0.0	10	9.0	3.0	10.0	0.0	-0.008556647863182042	-2.338625177497444	0.1832739535993907	9.10749997723125	11.047999889520002
1484	24313856	10	7.0	4.58257569495584	10.0	0.0	10	7.0	4.58257569495584	10.0	0.0	-0.00831504078000549	-2.3747927345345268	0.15962442086588557	9.680999975797501	9.024999909750003
1488	24379392	10	10.0	0.0	10.0	10.0	10	7.0	4.58257569495584	10.0	0.0	-0.008283814365966372	-2.40724246923882	0.15320788601680096	8.033749979915624	5.158999948410001
1492	24444928	10	6.0	4.898979485566356	10.0	0.0	10	7.0	4.58257569495584	10.0	0.0	-0.008511422150172771	-2.3722230268033884	0.18795672934096683	8.10049997974875	23.182999768170003
1496	24510464	10	9.0	3.0	10.0	0.0	10	7.0	4.58257569495584	10.0	0.0	-0.008504829339495628	-2.389143851647258	0.1564184846193575	8.593249978516877	13.744999862550001
1500	24576000	10	7.0	4.58257569495584	10.0	0.0	10	6.0	4.898979485566356	10.0	0.0	-0.008388744479549026	-2.3688129333174346	0.19028393076302832	10.3009999742475	17.023999829760005
1504	24641536	10	4.0	4.898979485566356	10.0	0.0	10	7.0	4.58257569495584	10.0	0.0	-0.007929892695536579	-2.3792743854229794	0.1848815589329737	9.00749997748125	17.943999820560002
1508	24707072	10	9.0	3.0	10.0	0.0	10	7.0	4.58257569495584	10.0	0.0	-0.009054524597525381	-2.33234669243836	0.24057525510256372	8.031249979921876	10.652999893470001
1512	24772608	10	6.0	4.898979485566356	10.0	0.0	10	4.0	4.898979485566356	10.0	0.0	-0.008796201229711989	-2.3300467478788662	0.18613605998690647	8.045249979886874	23.332999766670003
1516	24838144	10	4.0	4.898979485566356	10.0	0.0	10	6.0	4.898979485566356	10.0	0.0	-0.008436751165421554	-2.3623696289979295	0.16054767783766274	8.60549997848625	16.95799983042
1520	24903680	10	6.0	4.898979485566356	10.0	0.0	10	8.0	4.0	10.0	0.0	-0.007975205606047208	-2.319862449920917	0.21914377068991076	9.1089999772275	15.294999847050002
1524	24969216	10	6.0	4.898979485566356	10.0	0.0	10	7.0	4.58257569495584	10.0	0.0	-0.008249029671534921	-2.442647625748187	0.11763785654074427	8.063499979841252	19.724999802750006
