iter	frame	n_test	mean_returns	std_returns	max_returns	min_returns	n_test_train	mean_returns_train	std_returns_train	max_returns_train	min_returns_train	actor_loss	entropy_loss	value_loss	training_time	evaluation_time
0	0	10	1.0	3.0	10.0	0.0	10	3.0	4.58257569495584	10.0	0.0	0	0	0	0.0	11.701999882980003
4	65536	10	3.0	4.58257569495584	10.0	0.0	10	4.0	4.898979485566356	10.0	0.0	0.004552867500762552	-2.542449143760805	2.316696934160666	11.385749971535626	9.200999907990003
8	131072	10	4.0	4.898979485566356	10.0	0.0	10	4.0	4.898979485566356	10.0	0.0	-0.0021668736878853656	-2.5624251586509845	2.5559844471335267	11.619249970951875	4.244999957550001
12	196608	10	4.0	4.898979485566356	10.0	0.0	10	5.0	5.0	10.0	0.0	-0.0021075275979079554	-2.555585334432152	2.0872151414862667	12.309999969225	2.8609999713900005
16	262144	10	0.0	0.0	0.0	0.0	10	4.0	4.898979485566356	10.0	0.0	-0.0010256484649433907	-2.4978303633511896	1.6671074291817258	11.34649997163375	5.025999949740001
20	327680	10	3.0	4.58257569495584	10.0	0.0	10	2.0	4.0	10.0	0.0	-0.002393415210820006	-2.483953085779685	1.0578306719800614	13.36799996658	3.3749999662500008
24	393216	10	2.0	4.0	10.0	0.0	10	5.0	5.0	10.0	0.0	-0.002450258218583287	-2.4176437256202017	0.6626415441364218	12.056249969859376	4.61099995389
28	458752	10	6.0	4.898979485566356	10.0	0.0	10	2.0	4.0	10.0	0.0	-0.0022923858411899776	-2.3699810427938792	0.51514061472911	12.227999969430002	9.377999906220001
32	524288	10	3.0	4.58257569495584	10.0	0.0	10	3.0	4.58257569495584	10.0	0.0	-0.0023990994847965567	-2.4123635438551956	0.3883115869231845	12.10949996972625	4.258999957410001
36	589824	10	2.0	4.0	10.0	0.0	10	5.0	5.0	10.0	0.0	-0.001647317117335353	-2.394046291459566	0.27200313623644745	11.76849997057875	7.314999926850001
40	655360	10	2.0	4.0	10.0	0.0	10	6.0	4.898979485566356	10.0	0.0	-0.002568307269368699	-2.3897173874074418	0.2803305087629509	12.68449996828875	7.592999924070001
44	720896	10	1.0	3.0	10.0	0.0	10	3.0	4.58257569495584	10.0	0.0	-0.002127068739133739	-2.4714204889941738	0.19034907538013204	11.733749970665626	7.982999920170001
48	786432	10	2.0	4.0	10.0	0.0	10	5.0	5.0	10.0	0.0	-0.003534357600312312	-2.4661469134106295	0.17614830508545487	11.474749971313125	8.719999912800002
52	851968	10	1.0	3.0	10.0	0.0	10	3.0	4.58257569495584	10.0	0.0	-0.0019412258283812963	-2.4124870446791573	0.21122956079714095	11.538249971154375	7.415999925840001
56	917504	10	4.0	4.898979485566356	10.0	0.0	10	4.0	4.898979485566356	10.0	0.0	-0.0024818007050717702	-2.4611520516295524	0.16949571193913823	11.603249970991875	4.838999951610001
60	983040	10	4.0	4.898979485566356	10.0	0.0	10	3.0	4.58257569495584	10.0	0.0	-0.002432975357552409	-2.466190777462126	0.19101439460984931	11.221249971946877	7.771999922280002
64	1048576	10	3.0	4.58257569495584	10.0	0.0	10	5.0	5.0	10.0	0.0	-0.002780386493833753	-2.4812652838625713	0.16626013782627022	11.087249972281876	7.374999926250001
68	1114112	10	2.0	4.0	10.0	0.0	10	4.0	4.898979485566356	10.0	0.0	-0.00204948902297953	-2.4777337583305346	0.18915371587081828	11.42149997144625	9.113999908860002
72	1179648	10	4.0	4.898979485566356	10.0	0.0	10	4.0	4.898979485566356	10.0	0.0	-0.002403375146718404	-2.4503430075874553	0.2498269229867098	12.195749969510624	3.5389999646100008
76	1245184	10	2.0	4.0	10.0	0.0	10	2.0	4.0	10.0	0.0	-0.002945431043368431	-2.4609187615334527	0.16008087893987874	11.631999970919999	6.352999936470001
80	1310720	10	1.0	3.0	10.0	0.0	10	2.0	4.0	10.0	0.0	-0.0024801679583554446	-2.4631452085988923	0.19833021733085668	12.451249968871876	6.121999938780001
84	1376256	10	5.0	5.0	10.0	0.0	10	4.0	4.898979485566356	10.0	0.0	-0.0019437836646017848	-2.4601935965240296	0.16160865328143448	11.293249971766876	10.561999894380001
88	1441792	10	4.0	4.898979485566356	10.0	0.0	10	2.0	4.0	10.0	0.0	-0.0030127362572981023	-2.4882392557850372	0.16093994163162928	10.455249973861875	12.905999870940002
92	1507328	10	2.0	4.0	10.0	0.0	10	4.0	4.898979485566356	10.0	0.0	-0.002717322568989504	-2.4926874659842477	0.1386883755380486	12.334749969163125	3.8129999618700006
96	1572864	10	4.0	4.898979485566356	10.0	0.0	10	3.0	4.58257569495584	10.0	0.0	-0.002662478346818164	-2.4679433750522306	0.21186674058093047	11.485249971286876	12.397999876020002
100	1638400	10	1.0	3.0	10.0	0.0	10	5.0	5.0	10.0	0.0	-0.0032260932818012475	-2.4768399668140058	0.1266221908410119	10.51049997372375	10.733999892660002
104	1703936	10	2.0	4.0	10.0	0.0	10	6.0	4.898979485566356	10.0	0.0	-0.0028163152562023608	-2.457151829940427	0.151486868876706	11.749999970625	12.099999879000002
108	1769472	10	1.0	3.0	10.0	0.0	10	7.0	4.58257569495584	10.0	0.0	-0.0034350947798338013	-2.4750887227460425	0.13724914114113487	12.277999969304998	10.325999896740003
112	1835008	10	3.0	4.58257569495584	10.0	0.0	10	3.0	4.58257569495584	10.0	0.0	-0.003226334473732834	-2.532642011577321	0.10987451225150756	10.49599997376	15.889999841100003
116	1900544	10	2.0	4.0	10.0	0.0	10	1.0	3.0	10.0	0.0	-0.003122535104596289	-2.5042068136110056	0.11994421224723054	11.8829999702925	8.74099991259
120	1966080	10	3.0	4.58257569495584	10.0	0.0	10	3.0	4.58257569495584	10.0	0.0	-0.004051381139594	-2.509314772722005	0.11741384043842629	11.456749971358127	11.626999883730003
124	2031616	10	4.0	4.898979485566356	10.0	0.0	10	2.0	4.0	10.0	0.0	-0.0039040094193777478	-2.5131110447014184	0.15339615869600598	12.119249969701874	11.550999884490002
128	2097152	10	4.0	4.898979485566356	10.0	0.0	10	4.0	4.898979485566356	10.0	0.0	-0.0038403862971731397	-2.50620823824128	0.16074623445237132	12.334749969163125	9.309999906900002
132	2162688	10	4.0	4.898979485566356	10.0	0.0	10	4.0	4.898979485566356	10.0	0.0	-0.0037498791179167257	-2.496077740925816	0.1268890763811218	11.808249970479375	9.646999903530002
136	2228224	10	1.0	3.0	10.0	0.0	10	5.0	5.0	10.0	0.0	-0.002591444518690449	-2.4762376966479893	0.09370942831925934	13.023999967440002	11.13599988864
140	2293760	10	1.0	3.0	10.0	0.0	10	8.0	4.0	10.0	0.0	-0.0034407825001889418	-2.500366635360139	0.12259883956172274	11.547749971130626	6.0939999390600015
144	2359296	10	1.0	3.0	10.0	0.0	10	1.0	3.0	10.0	0.0	-0.0035716782072913035	-2.4466607443923243	0.14252955697854824	13.126249967184377	11.617999883820001
148	2424832	10	3.0	4.58257569495584	10.0	0.0	10	4.0	4.898979485566356	10.0	0.0	-0.003314540422816551	-2.473855520030456	0.11010877717070704	11.816749970458126	9.066999909330002
152	2490368	10	3.0	4.58257569495584	10.0	0.0	10	4.0	4.898979485566356	10.0	0.0	-0.003961395001363561	-2.497091238437256	0.10068709320736893	11.698999970752501	9.939999900600002
156	2555904	10	4.0	4.898979485566356	10.0	0.0	10	3.0	4.58257569495584	10.0	0.0	-0.003657026293617023	-2.488896066684544	0.10877649255981689	11.948499970128749	7.086999929130001
160	2621440	10	3.0	4.58257569495584	10.0	0.0	10	0.0	0.0	0.0	0.0	-0.003956595013320876	-2.531815456583619	0.0766441009781269	13.052749967368126	10.719999892800002
164	2686976	10	1.0	3.0	10.0	0.0	10	3.0	4.58257569495584	10.0	0.0	-0.0028709474630321434	-2.4982858794312035	0.13352598116584	12.31199996922	13.880999861190002
168	2752512	10	2.0	4.0	10.0	0.0	10	3.0	4.58257569495584	10.0	0.0	-0.0038022522199430736	-2.4771440821292523	0.16540704782260537	10.837499972906251	11.038999889610002
172	2818048	10	5.0	5.0	10.0	0.0	10	5.0	5.0	10.0	0.0	-0.0041810362001231645	-2.4179576011960293	0.2118892903839864	11.811999970470001	11.153999888460001
176	2883584	10	2.0	4.0	10.0	0.0	10	2.0	4.0	10.0	0.0	-0.0036120104083113866	-2.4521697757073952	0.21523079894724628	12.374749969063126	12.203999877960003
180	2949120	10	3.0	4.58257569495584	10.0	0.0	10	4.0	4.898979485566356	10.0	0.0	-0.0026136231581713114	-2.4047961381553002	0.18503837836531034	11.994749970013126	8.795999912040001
184	3014656	10	5.0	5.0	10.0	0.0	10	2.0	4.0	10.0	0.0	-0.0028570780314167723	-2.4388083167317234	0.19981670796652404	11.708249970729375	9.728999902710001
188	3080192	10	4.0	4.898979485566356	10.0	0.0	10	2.0	4.0	10.0	0.0	-0.0036080441686136464	-2.3909834571175645	0.1579850852169683	11.582249971044373	13.342999866570002
192	3145728	10	6.0	4.898979485566356	10.0	0.0	10	5.0	5.0	10.0	0.0	-0.0031812246509637706	-2.400211060790538	0.11301203559838217	12.121249969696875	12.46899987531
196	3211264	10	5.0	5.0	10.0	0.0	10	5.0	5.0	10.0	0.0	-0.0023242606048980903	-2.3581797627138363	0.11766411258079064	12.670749968323126	7.968999920310002
200	3276800	10	5.0	5.0	10.0	0.0	10	4.0	4.898979485566356	10.0	0.0	-0.002218312945005222	-2.3030193967208374	0.08603129275023089	11.446249971384375	17.15399982846
204	3342336	10	3.0	4.58257569495584	10.0	0.0	10	4.0	4.898979485566356	10.0	0.0	-0.00040901653115102296	-2.2557598201070888	0.095068363695747	11.853999970364999	9.884999901150001
208	3407872	10	6.0	4.898979485566356	10.0	0.0	10	5.0	5.0	10.0	0.0	-0.0030292467050940584	-2.286774366855834	0.08911671356611493	12.111749969720623	12.390999876090001
212	3473408	10	3.0	4.58257569495584	10.0	0.0	10	2.0	4.0	10.0	0.0	-0.0018104632713032602	-2.3757063371448606	0.12095922028627644	10.941999972645	22.310999776890004
216	3538944	10	4.0	4.898979485566356	10.0	0.0	10	4.0	4.898979485566356	10.0	0.0	-0.0011905581800695554	-2.3935452722003245	0.12064376410081941	11.234499971913749	9.364999906350002
220	3604480	10	5.0	5.0	10.0	0.0	10	4.0	4.898979485566356	10.0	0.0	-0.0035352811254855884	-2.3763283215471342	0.12021944495994008	12.956749967608127	18.331999816680003
224	3670016	10	5.0	5.0	10.0	0.0	10	1.0	3.0	10.0	0.0	-0.0022986523566973084	-2.410987414168506	0.16766086762266305	12.141999969645	11.728999882710001
228	3735552	10	3.0	4.58257569495584	10.0	0.0	10	2.0	4.0	10.0	0.0	-0.0035600786258561026	-2.392517283309625	0.14906441213096872	11.347749971630625	14.614999853850003
232	3801088	10	6.0	4.898979485566356	10.0	0.0	10	3.0	4.58257569495584	10.0	0.0	-0.00391373904575183	-2.4697689436286945	0.1503705927014177	12.184999969537499	11.141999888580001
236	3866624	10	4.0	4.898979485566356	10.0	0.0	10	3.0	4.58257569495584	10.0	0.0	-0.0024201004438414078	-2.4836099840597057	0.10739664771096273	12.618749968453125	9.46199990538
240	3932160	10	3.0	4.58257569495584	10.0	0.0	10	6.0	4.898979485566356	10.0	0.0	-0.0037931541394138793	-2.460618500651901	0.1144027710229819	12.630499968423752	10.971999890280001
244	3997696	10	3.0	4.58257569495584	10.0	0.0	10	4.0	4.898979485566356	10.0	0.0	-0.002965786321808071	-2.4243545107501623	0.11344530833867504	11.573999971065	14.440999855590004
248	4063232	10	4.0	4.898979485566356	10.0	0.0	10	3.0	4.58257569495584	10.0	0.0	-0.004031479576531878	-2.4515683946439966	0.10169268332449023	12.061499969846249	3.9049999609500006
252	4128768	10	5.0	5.0	10.0	0.0	10	4.0	4.898979485566356	10.0	0.0	-0.00458765875810777	-2.465299163998658	0.1060508004046403	12.353749969115626	12.035999879640002
256	4194304	10	2.0	4.0	10.0	0.0	10	7.0	4.58257569495584	10.0	0.0	-0.0033484403656528485	-2.4668856037073614	0.12168709971295315	10.8799999728	11.998999880010002
260	4259840	10	4.0	4.898979485566356	10.0	0.0	10	4.0	4.898979485566356	10.0	0.0	-0.003983433612614833	-2.451698024812262	0.18848186644003911	12.72049996819875	5.432999945670001
264	4325376	10	6.0	4.898979485566356	10.0	0.0	10	4.0	4.898979485566356	10.0	0.0	-0.00371612002064259	-2.4369820304159955	0.07775912050822388	11.88399997029	10.187999898120003
268	4390912	10	4.0	4.898979485566356	10.0	0.0	10	6.0	4.898979485566356	10.0	0.0	-0.002248333192021612	-2.452036946756527	0.1466988350577578	11.897749970255626	5.675999943240001
272	4456448	10	6.0	4.898979485566356	10.0	0.0	10	5.0	5.0	10.0	0.0	-0.0032679694725560493	-2.443490537249825	0.08345971535021922	13.810749965473125	11.789999882100002
276	4521984	10	2.0	4.0	10.0	0.0	10	1.0	3.0	10.0	0.0	-0.003288924422082932	-2.4677887084496355	0.12607861076099644	11.608249970979376	16.313999836860003
280	4587520	10	2.0	4.0	10.0	0.0	10	6.0	4.898979485566356	10.0	0.0	-0.003761139649428418	-2.445589611672919	0.16908150017052442	11.218249971954377	11.323999886760001
284	4653056	10	6.0	4.898979485566356	10.0	0.0	10	5.0	5.0	10.0	0.0	-0.0036666709489327756	-2.4730359959013097	0.09701201889119053	12.23199996942	6.889999931100001
288	4718592	10	1.0	3.0	10.0	0.0	10	4.0	4.898979485566356	10.0	0.0	-0.003961547373255241	-2.4634851512726987	0.14839593637741064	11.123999972190001	4.782999952170001
292	4784128	10	5.0	5.0	10.0	0.0	10	6.0	4.898979485566356	10.0	0.0	-0.004637351710215509	-2.4036790403206703	0.06427799032641943	12.56349996859125	6.868999931310001
296	4849664	10	5.0	5.0	10.0	0.0	10	3.0	4.58257569495584	10.0	0.0	-0.004205148797626292	-2.45349910829736	0.025729797777833574	12.991749967520626	15.714999842850002
300	4915200	10	5.0	5.0	10.0	0.0	10	3.0	4.58257569495584	10.0	0.0	0.0006400955486181874	-2.5008260207750093	0.07074415138282726	11.49749997125625	18.427999815720003
304	4980736	10	1.0	3.0	10.0	0.0	10	7.0	4.58257569495584	10.0	0.0	-0.002264345542917598	-2.5541764693778504	0.03408303339901648	11.924999970187502	23.209999767900005
308	5046272	10	3.0	4.58257569495584	10.0	0.0	10	4.0	4.898979485566356	10.0	0.0	-0.0031983467145440514	-2.562339690557439	0.044584441306955006	10.753499973116249	23.776999762230005
312	5111808	10	3.0	4.58257569495584	10.0	0.0	10	6.0	4.898979485566356	10.0	0.0	-0.003632930070656504	-2.545562259587723	0.08461372895875893	12.155749969610625	23.01899976981
316	5177344	10	6.0	4.898979485566356	10.0	0.0	10	4.0	4.898979485566356	10.0	0.0	-0.003401097314912292	-2.5384260910092062	0.06121673230608275	11.935499970161251	16.325999836740003
320	5242880	10	7.0	4.58257569495584	10.0	0.0	10	6.0	4.898979485566356	10.0	0.0	-0.0027935411729656293	-2.557556437682927	0.07380485764789556	11.825749970435625	20.480999795190005
324	5308416	10	4.0	4.898979485566356	10.0	0.0	10	4.0	4.898979485566356	10.0	0.0	-0.0017501515077427794	-2.5791158574119804	0.05174859877485969	12.141499969646251	18.005999819940005
328	5373952	10	5.0	5.0	10.0	0.0	10	2.0	4.0	10.0	0.0	-0.0029527737736575344	-2.5849990096975795	0.03423114376232305	11.57749997105625	22.65599977344
332	5439488	10	0.0	0.0	0.0	0.0	10	3.0	4.58257569495584	10.0	0.0	-0.0027609997787450165	-2.586682979989813	0.07568274060213165	11.85999997035	16.935999830640004
336	5505024	10	4.0	4.898979485566356	10.0	0.0	10	4.0	4.898979485566356	10.0	0.0	-0.004076786457698965	-2.574320807784858	0.06620120319992973	12.947249967631876	18.357999816420005
340	5570560	10	2.0	4.0	10.0	0.0	10	4.0	4.898979485566356	10.0	0.0	-0.0032811307752346726	-2.5919414333782744	0.042739334608787996	12.6489999683775	16.03199983968
344	5636096	10	3.0	4.58257569495584	10.0	0.0	10	4.0	4.898979485566356	10.0	0.0	-0.0034596024218175713	-2.5570704214094793	0.09602450865562369	11.414999971462501	17.912999820870002
348	5701632	10	2.0	4.0	10.0	0.0	10	4.0	4.898979485566356	10.0	0.0	-0.003263651936285477	-2.5477607744265076	0.08081665527553061	12.725999968184999	6.614999933850001
352	5767168	10	4.0	4.898979485566356	10.0	0.0	10	4.0	4.898979485566356	10.0	0.0	-0.003071788348868886	-2.546478305988493	0.09157743142487688	13.42249996644375	7.913999920860001
356	5832704	10	7.0	4.58257569495584	10.0	0.0	10	2.0	4.0	10.0	0.0	-0.0038322433194732637	-2.5531925581219577	0.08827046654237786	11.237749971905625	9.933999900660002
360	5898240	10	5.0	5.0	10.0	0.0	10	3.0	4.58257569495584	10.0	0.0	-0.0022736701015730956	-2.505172351735148	0.0796551843246048	11.5929999710175	13.230999867690002
364	5963776	10	6.0	4.898979485566356	10.0	0.0	10	5.0	5.0	10.0	0.0	-0.0026095062685585254	-2.5290613196639304	0.05470166114937596	12.114749969713126	12.151999878480002
368	6029312	10	3.0	4.58257569495584	10.0	0.0	10	5.0	5.0	10.0	0.0	-0.003502045317508329	-2.4922173417992113	0.042257813387999194	11.882749970293125	9.338999906610002
372	6094848	10	5.0	5.0	10.0	0.0	10	4.0	4.898979485566356	10.0	0.0	-0.0037831370848228963	-2.493243639408116	0.07490897249173985	12.273249969316876	13.903999860960003
376	6160384	10	6.0	4.898979485566356	10.0	0.0	10	5.0	5.0	10.0	0.0	-0.002314530220611757	-2.5094905195006336	0.05518785154376552	11.59649997100875	8.690999913090002
380	6225920	10	6.0	4.898979485566356	10.0	0.0	10	6.0	4.898979485566356	10.0	0.0	-0.003765547851406811	-2.5244249872717206	0.08874932788164064	11.879499970301248	14.781999852180002
384	6291456	10	3.0	4.58257569495584	10.0	0.0	10	7.0	4.58257569495584	10.0	0.0	-0.003525338466348543	-2.515445152656472	0.06062919021107759	11.95749997010625	6.7069999329300005
388	6356992	10	7.0	4.58257569495584	10.0	0.0	10	6.0	4.898979485566356	10.0	0.0	-0.002547675248668573	-2.5285782041498615	0.08268660591286761	12.265749969335626	7.412999925870001
392	6422528	10	5.0	5.0	10.0	0.0	10	3.0	4.58257569495584	10.0	0.0	-0.0031478403261397062	-2.492969318964673	0.04907148566148534	12.352749969118126	8.02699991973
396	6488064	10	6.0	4.898979485566356	10.0	0.0	10	5.0	5.0	10.0	0.0	-0.0036495306457394175	-2.472216131528983	0.0980277402845234	10.788249973029375	11.461999885380001
400	6553600	10	4.0	4.898979485566356	10.0	0.0	10	4.0	4.898979485566356	10.0	0.0	-0.003550895072227504	-2.5073076036940907	0.10216390216279758	11.763499970591251	6.828999931710001
404	6619136	10	3.0	4.58257569495584	10.0	0.0	10	2.0	4.0	10.0	0.0	-0.0032291614379241665	-2.4869759924602723	0.09227889408560355	13.436999966407502	11.470999885290002
408	6684672	10	4.0	4.898979485566356	10.0	0.0	10	6.0	4.898979485566356	10.0	0.0	-0.003443723842433957	-2.471025106550151	0.047900938790171904	10.940749972648126	7.472999925270001
412	6750208	10	4.0	4.898979485566356	10.0	0.0	10	2.0	4.0	10.0	0.0	-0.0033661472258376913	-2.47258624408715	0.027455976591398878	12.345249969136875	14.328999856710002
416	6815744	10	2.0	4.0	10.0	0.0	10	4.0	4.898979485566356	10.0	0.0	-0.0037941832411574456	-2.519849041835243	0.02215874468201531	12.72849996817875	13.144999868550002
420	6881280	10	2.0	4.0	10.0	0.0	10	7.0	4.58257569495584	10.0	0.0	-0.0029534407691805746	-2.5178330786386987	0.02607631271743844	11.00849997247875	14.490999855090003
424	6946816	10	8.0	4.0	10.0	0.0	10	5.0	5.0	10.0	0.0	-0.0034619313927913295	-2.532482536866714	0.007599598078555815	12.139999969649999	7.573999924260001
428	7012352	10	6.0	4.898979485566356	10.0	0.0	10	4.0	4.898979485566356	10.0	0.0	-0.002185870757254009	-2.570818995168239	0.02245061717873069	13.665249965836876	17.33399982666
432	7077888	10	4.0	4.898979485566356	10.0	0.0	10	6.0	4.898979485566356	10.0	0.0	-0.00257788135274624	-2.562865155171617	0.028628827950088694	11.164749972088124	19.252999807470005
436	7143424	10	5.0	5.0	10.0	0.0	10	3.0	4.58257569495584	10.0	0.0	-0.001939793371800834	-2.566523447365443	0.017768835506374873	11.136499972158752	18.976999810230005
440	7208960	10	4.0	4.898979485566356	10.0	0.0	10	4.0	4.898979485566356	10.0	0.0	-0.004017317873337155	-2.542977645728339	0.008652363462723791	12.15549996961125	19.700999802990005
444	7274496	10	8.0	4.0	10.0	0.0	10	4.0	4.898979485566356	10.0	0.0	-0.0024146245993719702	-2.571474919448655	0.023718470478297723	12.752249968119376	22.888999771110004
448	7340032	10	3.0	4.58257569495584	10.0	0.0	10	5.0	5.0	10.0	0.0	-0.003132252349715832	-2.587567746369713	0.020042478002964784	12.29999996925	23.20799976792
452	7405568	10	5.0	5.0	10.0	0.0	10	5.0	5.0	10.0	0.0	-0.0026652372395753843	-2.6009476902358437	0.04943600141845124	11.7199999707	20.441999795580003
456	7471104	10	5.0	5.0	10.0	0.0	10	8.0	4.0	10.0	0.0	-0.0033643416338976205	-2.59700680993764	0.023149221789949777	12.39149996902125	22.064999779350003
460	7536640	10	4.0	4.898979485566356	10.0	0.0	10	5.0	5.0	10.0	0.0	-0.0017556171319170893	-2.586487831899312	0.04667319234854804	13.244749966888126	15.855999841440003
464	7602176	10	3.0	4.58257569495584	10.0	0.0	10	3.0	4.58257569495584	10.0	0.0	-0.004023520074229821	-2.6050620846220247	0.05652318296918225	13.533999966165	18.58899981411
468	7667712	10	3.0	4.58257569495584	10.0	0.0	10	5.0	5.0	10.0	0.0	-0.00324366417010287	-2.583764778801871	0.08126709232967697	12.439249968901875	21.879999781200002
472	7733248	10	6.0	4.898979485566356	10.0	0.0	10	3.0	4.58257569495584	10.0	0.0	-0.004731399857935776	-2.5760265660582817	0.08610264247375966	11.739999970650002	21.548999784510002
476	7798784	10	2.0	4.0	10.0	0.0	10	7.0	4.58257569495584	10.0	0.0	-0.003173868477130317	-2.5833470669678014	0.05493584781080067	11.179999972050002	21.744999782550003
480	7864320	10	4.0	4.898979485566356	10.0	0.0	10	5.0	5.0	10.0	0.0	-0.002003425483451073	-2.5721687175137684	0.030731288625684344	11.185999972034999	22.407999775920004
484	7929856	10	5.0	5.0	10.0	0.0	10	3.0	4.58257569495584	10.0	0.0	-0.004122672631208679	-2.5695702579921096	0.003527875222907166	12.42549996893625	21.995999780040002
488	7995392	10	8.0	4.0	10.0	0.0	10	2.0	4.0	10.0	0.0	-0.001687492243769818	-2.5843152078280993	0.026666553376598262	12.03649996990875	18.985999810140004
492	8060928	10	4.0	4.898979485566356	10.0	0.0	10	5.0	5.0	10.0	0.0	-0.0032049662158590403	-2.573532491654302	0.029225629714334032	12.942249967644376	15.055999849440001
496	8126464	10	5.0	5.0	10.0	0.0	10	4.0	4.898979485566356	10.0	0.0	-0.0025647567936535644	-2.5291906269737034	0.05352495012800287	13.20349996699125	11.035999889640001
500	8192000	10	2.0	4.0	10.0	0.0	10	6.0	4.898979485566356	10.0	0.0	-0.0027689685954854783	-2.5617069326156234	0.05307419439176369	11.866999970332499	17.528999824710002
504	8257536	10	4.0	4.898979485566356	10.0	0.0	10	3.0	4.58257569495584	10.0	0.0	-0.0028801199414405943	-2.532345818712775	0.03441915766724489	11.314249971714375	16.4899998351
508	8323072	10	6.0	4.898979485566356	10.0	0.0	10	2.0	4.0	10.0	0.0	-0.002680498235676771	-2.515573372181478	0.06041583569556717	12.125749969685625	7.767999922320001
512	8388608	10	2.0	4.0	10.0	0.0	10	5.0	5.0	10.0	0.0	-0.0037902674129320297	-2.5241741833441664	0.06123336645485941	12.179249969551876	11.698999883010002
516	8454144	10	3.0	4.58257569495584	10.0	0.0	10	4.0	4.898979485566356	10.0	0.0	-0.00368492931579078	-2.4906772372512354	0.1058037400057844	11.884749970288125	11.521999884780001
520	8519680	10	6.0	4.898979485566356	10.0	0.0	10	4.0	4.898979485566356	10.0	0.0	-0.003500907618459404	-2.5066750891379077	0.09177200964782585	11.66949997082625	16.208999837910003
524	8585216	10	4.0	4.898979485566356	10.0	0.0	10	4.0	4.898979485566356	10.0	0.0	-0.002608546140467815	-2.5388806807336994	0.04497233516562956	12.344249969139375	9.526999904730001
528	8650752	10	4.0	4.898979485566356	10.0	0.0	10	4.0	4.898979485566356	10.0	0.0	-0.003930961145260678	-2.5135120672349522	0.08673101044472163	11.672249970819376	11.850999881490003
532	8716288	10	6.0	4.898979485566356	10.0	0.0	10	7.0	4.58257569495584	10.0	0.0	-0.0034108711621314287	-2.5175206733107753	0.032608226520337937	12.759749968100625	11.123999888760002
536	8781824	10	3.0	4.58257569495584	10.0	0.0	10	5.0	5.0	10.0	0.0	-0.0027860469924061424	-2.536860771212966	0.04493067923872693	12.293249969266876	22.391999776080002
540	8847360	10	4.0	4.898979485566356	10.0	0.0	10	4.0	4.898979485566356	10.0	0.0	-0.0030867516903949456	-2.5304768976913494	0.04667093972237853	11.31049997172375	4.232999957670001
544	8912896	10	5.0	5.0	10.0	0.0	10	5.0	5.0	10.0	0.0	-0.0027375695908811327	-2.4949422947947046	0.024191121490635847	12.907249967731877	10.811999891880001
548	8978432	10	7.0	4.58257569495584	10.0	0.0	10	4.0	4.898979485566356	10.0	0.0	-0.0024436458113269717	-2.450138009829406	0.03127119242018892	12.062499969843751	11.177999888220002
552	9043968	10	4.0	4.898979485566356	10.0	0.0	10	4.0	4.898979485566356	10.0	0.0	-0.002534651873893108	-2.5116271895534164	0.047849208990725284	11.836249970409375	15.288999847110002
556	9109504	10	5.0	5.0	10.0	0.0	10	3.0	4.58257569495584	10.0	0.0	-0.0023291846104256356	-2.5344807130438487	0.04290809000463223	13.537749966155625	18.142999818570004
560	9175040	10	7.0	4.58257569495584	10.0	0.0	10	6.0	4.898979485566356	10.0	0.0	-0.003293672530122513	-2.4585628159266717	0.03570920081611815	12.3409999691475	13.769999862300002
564	9240576	10	3.0	4.58257569495584	10.0	0.0	10	5.0	5.0	10.0	0.0	-0.002846071479332173	-2.4756238830491024	0.04309295531893239	11.439249971401876	8.636999913630001
568	9306112	10	4.0	4.898979485566356	10.0	0.0	10	5.0	5.0	10.0	0.0	-0.0035646412721614365	-2.4340505224911086	0.045900018503813304	12.189249969526875	6.044999939550001
572	9371648	10	6.0	4.898979485566356	10.0	0.0	10	4.0	4.898979485566356	10.0	0.0	-0.003485160629619867	-2.3927220302314605	0.015991493139913583	11.2629999718425	8.990999910090002
576	9437184	10	3.0	4.58257569495584	10.0	0.0	10	2.0	4.0	10.0	0.0	-0.0018902044755882434	-2.4283213016841527	0.05982090185820976	11.846499970383752	10.925999890740002
580	9502720	10	2.0	4.0	10.0	0.0	10	5.0	5.0	10.0	0.0	-0.0014383993619369506	-2.4462228439683664	0.027038805072367278	11.575249971061874	12.698999873010003
584	9568256	10	7.0	4.58257569495584	10.0	0.0	10	6.0	4.898979485566356	10.0	0.0	-0.0014692371828445095	-2.4537279926168	0.061092452020908475	11.76149997059625	8.619999913800001
588	9633792	10	1.0	3.0	10.0	0.0	10	1.0	3.0	10.0	0.0	-0.0037476734877637708	-2.515082671976362	0.007596431003363821	12.063749969840625	5.202999947970001
592	9699328	10	6.0	4.898979485566356	10.0	0.0	10	4.0	4.898979485566356	10.0	0.0	-0.0007053207615043761	-2.4598568526328255	0.04201148563441922	12.717999968205	8.26099991739
596	9764864	10	6.0	4.898979485566356	10.0	0.0	10	4.0	4.898979485566356	10.0	0.0	-0.0029394121177847487	-2.4702165099392124	0.048977146749521604	11.976749970058124	8.94899991051
600	9830400	10	4.0	4.898979485566356	10.0	0.0	10	5.0	5.0	10.0	0.0	-0.002258889854669739	-2.4602916685164167	0.10456748262976388	11.735249970661876	10.77399989226
604	9895936	10	5.0	5.0	10.0	0.0	10	4.0	4.898979485566356	10.0	0.0	-0.003558481655023362	-2.5072470602761663	0.07031230755814881	12.838499967903752	9.920999900790001
608	9961472	10	5.0	5.0	10.0	0.0	10	5.0	5.0	10.0	0.0	-0.002920949700333455	-2.515381561951084	0.05495582271309022	12.370249969074376	6.260999937390001
612	10027008	10	5.0	5.0	10.0	0.0	10	5.0	5.0	10.0	0.0	-0.003331111600605387	-2.556033350261033	0.02429161256309376	13.060249967349375	8.024999919750002
616	10092544	10	6.0	4.898979485566356	10.0	0.0	10	3.0	4.58257569495584	10.0	0.0	-0.002864887516812096	-2.549806048207117	0.03167633668184744	13.309249966726876	13.190999868090003
620	10158080	10	5.0	5.0	10.0	0.0	10	5.0	5.0	10.0	0.0	-0.003365458241158084	-2.562191145848567	0.02570831168946421	12.551749968620625	10.264999897350002
624	10223616	10	5.0	5.0	10.0	0.0	10	4.0	4.898979485566356	10.0	0.0	-0.003217317300639642	-2.5364691090921876	0.01506171981443453	11.644749970888125	9.342999906570002
628	10289152	10	5.0	5.0	10.0	0.0	10	3.0	4.58257569495584	10.0	0.0	-0.004811926215657463	-2.4941063197836018	0.02061004079008806	12.309249969226874	9.170999908290002
632	10354688	10	3.0	4.58257569495584	10.0	0.0	10	1.0	3.0	10.0	0.0	-0.002383125473952885	-2.5045645929747593	0.014445431748462271	11.283749971790627	16.775999832240004
636	10420224	10	3.0	4.58257569495584	10.0	0.0	10	2.0	4.0	10.0	0.0	-0.0051206904191350815	-2.5325209222579455	0.0012239616630963458	11.660249970849376	22.822999771770004
640	10485760	10	4.0	4.898979485566356	10.0	0.0	10	4.0	4.898979485566356	10.0	0.0	-0.004533320444183228	-2.5351924744587793	0.0013710812519787394	12.456249968859376	20.208999797910003
644	10551296	10	4.0	4.898979485566356	10.0	0.0	10	4.0	4.898979485566356	10.0	0.0	-0.003982653994969214	-2.5325600949271934	0.007770509563163939	12.7599999681	19.780999802190003
648	10616832	10	3.0	4.58257569495584	10.0	0.0	10	4.0	4.898979485566356	10.0	0.0	-0.0021637480480593213	-2.564590923220995	0.021883076839755638	11.547999971129999	18.501999814980003
652	10682368	10	7.0	4.58257569495584	10.0	0.0	10	5.0	5.0	10.0	0.0	-0.0017579041545698869	-2.580194915065613	0.03243571293231531	12.26249996934375	16.676999833230003
656	10747904	10	4.0	4.898979485566356	10.0	0.0	10	0.0	0.0	0.0	0.0	-0.00393997877552654	-2.5955148485579493	0.04657575199841227	12.225749969435627	17.273999827260003
660	10813440	10	6.0	4.898979485566356	10.0	0.0	10	5.0	5.0	10.0	0.0	-0.003661478817091218	-2.5636447888922516	0.11853743218164127	11.699499970751251	12.407999875920002
664	10878976	10	3.0	4.58257569495584	10.0	0.0	10	1.0	3.0	10.0	0.0	-0.003390588659032498	-2.52401904238794	0.0640008034151862	12.757999968104999	10.899999891000002
668	10944512	10	5.0	5.0	10.0	0.0	10	4.0	4.898979485566356	10.0	0.0	-0.002635423576398193	-2.545724391672076	0.047506271061040314	12.038999969902502	12.56499987435
672	11010048	10	5.0	5.0	10.0	0.0	10	3.0	4.58257569495584	10.0	0.0	-0.0030589442294358237	-2.557304694982218	0.031051495893834963	11.70749997073125	18.254999817450003
676	11075584	10	8.0	4.0	10.0	0.0	10	9.0	3.0	10.0	0.0	-0.0030209490647885133	-2.5405879837608336	0.03863810409127352	11.714249970714375	2.4849999751500005
680	11141120	10	3.0	4.58257569495584	10.0	0.0	10	7.0	4.58257569495584	10.0	0.0	-0.0037593030182531684	-2.559522509308273	0.03641245040959159	11.75599997061	20.51899979481
684	11206656	10	6.0	4.898979485566356	10.0	0.0	10	5.0	5.0	10.0	0.0	-0.004218498186234542	-2.5752715316712487	0.03338018419482088	13.325999966685	19.257999807420003
688	11272192	10	5.0	5.0	10.0	0.0	10	3.0	4.58257569495584	10.0	0.0	-0.0027686018944977197	-2.562328385543148	0.04222394775372836	12.048749969878124	17.83599982164
692	11337728	10	4.0	4.898979485566356	10.0	0.0	10	5.0	5.0	10.0	0.0	-0.002968521725348796	-2.547527149054281	0.01842606309876187	11.318749971703125	11.826999881730002
696	11403264	10	5.0	5.0	10.0	0.0	10	5.0	5.0	10.0	0.0	-0.004759841957021772	-2.576471273829378	0.013676503958565197	12.931749967670626	18.034999819650004
700	11468800	10	3.0	4.58257569495584	10.0	0.0	10	6.0	4.898979485566356	10.0	0.0	-0.0020553669671831754	-2.576712178418847	0.01957476177063477	13.14949996712625	19.51899980481
704	11534336	10	3.0	4.58257569495584	10.0	0.0	10	6.0	4.898979485566356	10.0	0.0	-0.0035535396111842335	-2.5780587218499886	0.010956807540495377	11.098749972253124	26.908999730910004
708	11599872	10	3.0	4.58257569495584	10.0	0.0	10	7.0	4.58257569495584	10.0	0.0	-0.002872787653363326	-2.5432211431198555	0.012280286032601156	11.071249972321876	23.958999760410002
712	11665408	10	7.0	4.58257569495584	10.0	0.0	10	3.0	4.58257569495584	10.0	0.0	-0.00424445274697719	-2.580780992636467	0.00523494143641719	11.733499970666251	21.217999787820002
716	11730944	10	7.0	4.58257569495584	10.0	0.0	10	6.0	4.898979485566356	10.0	0.0	-0.0033227221498413565	-2.5742308668594283	0.019286791520054098	12.544499968638751	23.164999768350004
720	11796480	10	4.0	4.898979485566356	10.0	0.0	10	5.0	5.0	10.0	0.0	-0.0031015005609437538	-2.550383614731404	0.006195290261491304	12.781249968046875	7.569999924300001
724	11862016	10	5.0	5.0	10.0	0.0	10	5.0	5.0	10.0	0.0	-0.0032693620035317674	-2.5261844095936516	0.012539701760546263	12.939249967651877	14.595999854040002
728	11927552	10	4.0	4.898979485566356	10.0	0.0	10	4.0	4.898979485566356	10.0	0.0	-0.002787458811945494	-2.519581558541261	0.00751186281177644	12.116749969708126	24.461999755380003
732	11993088	10	2.0	4.0	10.0	0.0	10	3.0	4.58257569495584	10.0	0.0	-0.003045125294178949	-2.512421416477912	0.001437181943252104	10.8399999729	23.26399976736
736	12058624	10	6.0	4.898979485566356	10.0	0.0	10	6.0	4.898979485566356	10.0	0.0	-0.0026712286935684374	-2.586514475175524	0.02008706633844914	11.919999970200003	22.476999775230006
740	12124160	10	3.0	4.58257569495584	10.0	0.0	10	6.0	4.898979485566356	10.0	0.0	-0.0037732520209536593	-2.577503022779752	0.0008883174516373329	12.378749969053125	21.346999786530006
744	12189696	10	2.0	4.0	10.0	0.0	10	5.0	5.0	10.0	0.0	-0.0034401611443226916	-2.560889951617987	0.008781784623043555	11.835749970410626	21.814999781850005
748	12255232	10	7.0	4.58257569495584	10.0	0.0	10	7.0	4.58257569495584	10.0	0.0	-0.004027719203991511	-2.563549972803585	0.0007254283575550728	11.709749970725625	21.763999782360003
752	12320768	10	3.0	4.58257569495584	10.0	0.0	10	4.0	4.898979485566356	10.0	0.0	-0.0027433702898807754	-2.5383542475440444	0.013890902388153069	11.7689999705775	23.003999769960004
756	12386304	10	2.0	4.0	10.0	0.0	10	3.0	4.58257569495584	10.0	0.0	-0.0031238919712531055	-2.5541852163594703	0.012331394745391954	11.80449997048875	22.696999773030004
760	12451840	10	2.0	4.0	10.0	0.0	10	6.0	4.898979485566356	10.0	0.0	-0.0036557635123681056	-2.5843207510600625	0.01584617754195742	11.90149997024625	19.945999800540005
764	12517376	10	3.0	4.58257569495584	10.0	0.0	10	7.0	4.58257569495584	10.0	0.0	-0.002988998709944095	-2.5668744243491126	0.013240765820668004	13.162499967093751	18.362999816370003
768	12582912	10	6.0	4.898979485566356	10.0	0.0	10	4.0	4.898979485566356	10.0	0.0	-0.003528796534976668	-2.5639173683833616	0.015506676750092672	12.523749968690625	21.384999786150004
772	12648448	10	5.0	5.0	10.0	0.0	10	4.0	4.898979485566356	10.0	0.0	-0.002453340891454305	-2.5779911127981325	0.013277909492122411	11.972749970068126	23.974999760250004
776	12713984	10	4.0	4.898979485566356	10.0	0.0	10	6.0	4.898979485566356	10.0	0.0	-0.0020672771932033623	-2.5562693200826203	0.015356290483615526	10.858249972854376	22.46099977539
780	12779520	10	3.0	4.58257569495584	10.0	0.0	10	3.0	4.58257569495584	10.0	0.0	-0.0008258835125513932	-2.565723786484166	0.03759897858953418	12.282249969294373	22.361999776380003
784	12845056	10	1.0	3.0	10.0	0.0	10	4.0	4.898979485566356	10.0	0.0	-0.003455318012982013	-2.56142148100477	0.025766197335890195	11.435499971411252	21.093999789060003
788	12910592	10	5.0	5.0	10.0	0.0	10	3.0	4.58257569495584	10.0	0.0	-0.002734087409729477	-2.5917084164701296	0.02223249760038045	11.465749971335626	25.888999741110002
792	12976128	10	5.0	5.0	10.0	0.0	10	5.0	5.0	10.0	0.0	-0.0038578072898339897	-2.5876059281117416	0.020442258337418053	11.953499970116251	24.811999751880006
796	13041664	10	6.0	4.898979485566356	10.0	0.0	10	3.0	4.58257569495584	10.0	0.0	-0.004240467333918479	-2.5835555391799354	0.012385558249584195	12.1649999695875	19.28399980716
800	13107200	10	6.0	4.898979485566356	10.0	0.0	10	7.0	4.58257569495584	10.0	0.0	-0.004422857544486856	-2.5603203671490458	0.014021204413190798	13.130249967174375	18.328999816710002
804	13172736	10	6.0	4.898979485566356	10.0	0.0	10	2.0	4.0	10.0	0.0	-0.004371956459635174	-2.5452816309860427	0.009368464011392467	13.359249966601874	18.281999817180004
808	13238272	10	3.0	4.58257569495584	10.0	0.0	10	4.0	4.898979485566356	10.0	0.0	-0.0027468794102654946	-2.5293319073664944	0.033782233854069546	12.557999968605	16.4899998351
812	13303808	10	4.0	4.898979485566356	10.0	0.0	10	5.0	5.0	10.0	0.0	-0.004532660126776618	-2.575788875152577	0.020389616500625735	11.5869999710325	25.286999747130004
816	13369344	10	5.0	5.0	10.0	0.0	10	6.0	4.898979485566356	10.0	0.0	-0.003235975081190835	-2.5394487899876825	0.03333868513028844	11.229999971925	11.063999889360002
820	13434880	10	3.0	4.58257569495584	10.0	0.0	10	4.0	4.898979485566356	10.0	0.0	-0.003685062454901169	-2.5446695012183707	0.01274114880762444	12.54049996864875	15.308999846910002
824	13500416	10	4.0	4.898979485566356	10.0	0.0	10	4.0	4.898979485566356	10.0	0.0	-0.003950955493759605	-2.55296391718815	0.007369973905790689	12.8789999678025	14.614999853850003
828	13565952	10	3.0	4.58257569495584	10.0	0.0	10	4.0	4.898979485566356	10.0	0.0	-0.002657158450373574	-2.5341199658654907	0.038526631486323924	11.604999970987501	17.159999828400004
832	13631488	10	3.0	4.58257569495584	10.0	0.0	10	2.0	4.0	10.0	0.0	-0.0027081218331870016	-2.531516035134148	0.03637662818179435	11.8909999702725	12.686999873130002
836	13697024	10	4.0	4.898979485566356	10.0	0.0	10	5.0	5.0	10.0	0.0	-0.005156735030513469	-2.527257566387452	0.0150512258414372	11.121749972195625	14.376999856230002
840	13762560	10	6.0	4.898979485566356	10.0	0.0	10	5.0	5.0	10.0	0.0	-0.002974886623929656	-2.5124207955961957	0.028104052449132576	12.471249968821875	14.792999852070002
844	13828096	10	6.0	4.898979485566356	10.0	0.0	10	3.0	4.58257569495584	10.0	0.0	-0.0029420086863529327	-2.512569342788595	0.03526370059743794	12.120749969698126	12.358999876410001
848	13893632	10	7.0	4.58257569495584	10.0	0.0	10	4.0	4.898979485566356	10.0	0.0	-0.0051749241532955265	-2.492755738137777	0.023293875725356666	11.731249970671875	17.02199982978
852	13959168	10	4.0	4.898979485566356	10.0	0.0	10	2.0	4.0	10.0	0.0	-0.003543915420711928	-2.4900838382431822	0.02157590043273454	12.297749969255626	15.040999849590003
856	14024704	10	5.0	5.0	10.0	0.0	10	7.0	4.58257569495584	10.0	0.0	-0.004215264862235819	-2.5010700993118125	0.011766539331182699	12.276749969308126	11.926999880730001
860	14090240	10	4.0	4.898979485566356	10.0	0.0	10	1.0	3.0	10.0	0.0	-0.00341851697122226	-2.5050414102646976	0.007244408645271457	12.073749969815626	8.693999913060003
864	14155776	10	1.0	3.0	10.0	0.0	10	7.0	4.58257569495584	10.0	0.0	-0.0026364340541155883	-2.5216783729549075	0.03526010914595484	12.052749969868128	12.184999878150002
868	14221312	10	5.0	5.0	10.0	0.0	10	5.0	5.0	10.0	0.0	-0.004325007096520475	-2.4967458518725603	0.033879644694740224	12.8269999679325	10.70899989291
872	14286848	10	5.0	5.0	10.0	0.0	10	6.0	4.898979485566356	10.0	0.0	-0.0038658925667646718	-2.4412399552703077	0.008317482683542685	12.118499969703752	5.208999947910001
876	14352384	10	6.0	4.898979485566356	10.0	0.0	10	4.0	4.898979485566356	10.0	0.0	-0.0032778796227144777	-2.432406504695558	0.021663752669627497	11.999999970000001	5.391999946080001
880	14417920	10	8.0	4.0	10.0	0.0	10	5.0	5.0	10.0	0.0	-0.0037062305342037832	-2.4299690621546897	0.0021562503774654996	12.875749967810625	10.129999898700003
884	14483456	10	5.0	5.0	10.0	0.0	10	2.0	4.0	10.0	0.0	-0.002359917139737911	-2.5005220569549014	0.007713796106857613	12.790499968023752	20.105999798940005
888	14548992	10	5.0	5.0	10.0	0.0	10	4.0	4.898979485566356	10.0	0.0	-0.001285941216204008	-2.5137819819017357	0.01487705204359623	12.400749968998126	17.872999821270003
892	14614528	10	5.0	5.0	10.0	0.0	10	5.0	5.0	10.0	0.0	-0.003250082947149858	-2.523074147339102	0.012351952948470442	10.804749972988125	23.328999766710005
896	14680064	10	7.0	4.58257569495584	10.0	0.0	10	4.0	4.898979485566356	10.0	0.0	-0.0038519790707373337	-2.5495171519445017	0.007974709659192713	12.3469999691325	13.657999863420002
900	14745600	10	5.0	5.0	10.0	0.0	10	3.0	4.58257569495584	10.0	0.0	-0.0029259733173587067	-2.530724021032089	0.015490197744741212	13.3329999666675	13.313999866860001
904	14811136	10	4.0	4.898979485566356	10.0	0.0	10	4.0	4.898979485566356	10.0	0.0	-0.0033550899651791644	-2.544618487093029	0.04120338254683478	13.129499967176251	19.983999800160007
908	14876672	10	1.0	3.0	10.0	0.0	10	4.0	4.898979485566356	10.0	0.0	-0.0028251698140682124	-2.5322476597969477	0.044207215229353246	12.84399996789	4.63699995363
912	14942208	10	8.0	4.0	10.0	0.0	10	7.0	4.58257569495584	10.0	0.0	-0.0032511478890479683	-2.505758878824365	0.04939424670951007	11.641749970895626	8.08399991916
916	15007744	10	3.0	4.58257569495584	10.0	0.0	10	2.0	4.0	10.0	0.0	-0.004926872686551826	-2.4238395663557863	0.012571398152940824	12.545999968635	6.9819999301800015
920	15073280	10	2.0	4.0	10.0	0.0	10	4.0	4.898979485566356	10.0	0.0	-0.0027726805804823965	-2.4935309635982255	0.02706141839756485	11.557499971106251	11.21599988784
924	15138816	10	5.0	5.0	10.0	0.0	10	4.0	4.898979485566356	10.0	0.0	-0.0036046270223964584	-2.4879223105700037	0.03261710192624767	12.743749968140625	18.200999817990002
928	15204352	10	3.0	4.58257569495584	10.0	0.0	10	4.0	4.898979485566356	10.0	0.0	-0.001791642697263765	-2.5332256329401055	0.030923662231051124	11.991249970021876	21.025999789740002
932	15269888	10	4.0	4.898979485566356	10.0	0.0	10	7.0	4.58257569495584	10.0	0.0	-0.003256656030280592	-2.522414991990234	0.03355972497364715	11.051749972370624	4.3499999565000005
936	15335424	10	5.0	5.0	10.0	0.0	10	2.0	4.0	10.0	0.0	-0.003876513952693749	-2.449259904268559	0.0387303500158221	12.31599996921	11.126999888730003
940	15400960	10	4.0	4.898979485566356	10.0	0.0	10	6.0	4.898979485566356	10.0	0.0	-0.0023068102743634836	-2.4267536076362295	0.02161137081098616	11.338749971653124	20.69399979306
944	15466496	10	3.0	4.58257569495584	10.0	0.0	10	3.0	4.58257569495584	10.0	0.0	-0.003590972315204196	-2.5177298955480225	0.013623219251203134	11.00749997248125	23.867999761320004
948	15532032	10	4.0	4.898979485566356	10.0	0.0	10	4.0	4.898979485566356	10.0	0.0	-0.0031920501905622037	-2.555297756922302	0.0009839918256032442	12.62649996843375	21.199999788000003
952	15597568	10	3.0	4.58257569495584	10.0	0.0	10	3.0	4.58257569495584	10.0	0.0	-0.0029072330092582833	-2.5566930346011234	0.013789757581514359	12.467749968830624	23.115999768840002
956	15663104	10	1.0	3.0	10.0	0.0	10	7.0	4.58257569495584	10.0	0.0	-0.003857557016294641	-2.5584447853085672	0.0006946520172766878	12.369249969076874	20.102999798970004
960	15728640	10	3.0	4.58257569495584	10.0	0.0	10	7.0	4.58257569495584	10.0	0.0	-0.0025937061579524526	-2.5750296063522384	0.013391721084614084	12.297999969255	22.14499977855
964	15794176	10	5.0	5.0	10.0	0.0	10	7.0	4.58257569495584	10.0	0.0	-0.0025646678911528053	-2.561557665200433	0.0011100152792455755	11.898249970254376	23.511999764880006
968	15859712	10	5.0	5.0	10.0	0.0	10	1.0	3.0	10.0	0.0	-0.0024866545230741973	-2.533716837301175	0.0007479437677657213	12.63649996840875	20.145999798540004
972	15925248	10	4.0	4.898979485566356	10.0	0.0	10	5.0	5.0	10.0	0.0	-0.002703932807305117	-2.550551039211507	0.00047077897301831445	12.964749967588126	19.197999808020004
976	15990784	10	4.0	4.898979485566356	10.0	0.0	10	2.0	4.0	10.0	0.0	-0.0024858414493628125	-2.5493933828996385	0.012907377872447813	12.806749967983125	21.828999781710003
980	16056320	10	6.0	4.898979485566356	10.0	0.0	10	6.0	4.898979485566356	10.0	0.0	-0.0038844053617338213	-2.5756130315164003	0.0073967760686047416	11.772749970568125	25.73699974263
984	16121856	10	3.0	4.58257569495584	10.0	0.0	10	3.0	4.58257569495584	10.0	0.0	-0.002935657034865567	-2.565426798891023	0.0005446963804730463	11.62799997093	24.9899997501
988	16187392	10	4.0	4.898979485566356	10.0	0.0	10	3.0	4.58257569495584	10.0	0.0	-0.0033118579409535274	-2.5649470286876417	0.002334393169560495	11.49449997126375	21.294999787050006
992	16252928	10	4.0	4.898979485566356	10.0	0.0	10	5.0	5.0	10.0	0.0	-0.0034606838231444627	-2.590477098751434	0.020109981047756645	12.71749996820625	21.947999780520004
996	16318464	10	7.0	4.58257569495584	10.0	0.0	10	4.0	4.898979485566356	10.0	0.0	-0.003064306011143075	-2.56712209654929	0.01936309663971372	12.9049999677375	21.032999789670004
1000	16384000	10	5.0	5.0	10.0	0.0	10	6.0	4.898979485566356	10.0	0.0	-0.0033989733246417384	-2.5795573837851618	0.0075716221603817175	12.482499968793748	18.61299981387
1004	16449536	10	3.0	4.58257569495584	10.0	0.0	10	5.0	5.0	10.0	0.0	-0.0036892313845881255	-2.544640135996714	0.012836212910039196	11.9369999701575	15.417999845820002
1008	16515072	10	6.0	4.898979485566356	10.0	0.0	10	4.0	4.898979485566356	10.0	0.0	-0.001905301095680547	-2.5580199258841794	0.021980680116165933	11.934249970164375	23.650999763490002
1012	16580608	10	4.0	4.898979485566356	10.0	0.0	10	3.0	4.58257569495584	10.0	0.0	-0.004382520280612933	-2.5520569679462883	0.0009777572500340116	12.185999969535	19.328999806710005
1016	16646144	10	5.0	5.0	10.0	0.0	10	6.0	4.898979485566356	10.0	0.0	-0.0031948813760216115	-2.562054802707184	0.0010851140710132184	13.13749996715625	21.497999785020003
1020	16711680	10	3.0	4.58257569495584	10.0	0.0	10	3.0	4.58257569495584	10.0	0.0	-0.0041045008324817	-2.535365382566201	0.026615421539298346	11.843249970391877	20.260999797390003
1024	16777216	10	4.0	4.898979485566356	10.0	0.0	10	2.0	4.0	10.0	0.0	-0.0026048096427696973	-2.5362196512361943	0.05480953492138347	12.664249968339377	13.800999861990002
1028	16842752	10	7.0	4.58257569495584	10.0	0.0	10	5.0	5.0	10.0	0.0	-0.0033752785696197747	-2.5366511565784737	0.04808640371977697	12.541249968646873	20.699999793000003
1032	16908288	10	4.0	4.898979485566356	10.0	0.0	10	6.0	4.898979485566356	10.0	0.0	-0.0029537867906841366	-2.5156964011353353	0.03894077068271752	12.899749967750626	8.530999914690002
1036	16973824	10	7.0	4.58257569495584	10.0	0.0	10	10.0	0.0	10.0	10.0	-0.0027238983430118956	-2.5097482375669813	0.06678526434584538	11.431249971421874	6.8779999312200015
1040	17039360	10	5.0	5.0	10.0	0.0	10	5.0	5.0	10.0	0.0	-0.0024361268003494697	-2.4448004561102827	0.038279702810192	12.787749968030626	8.235999917640003
1044	17104896	10	1.0	3.0	10.0	0.0	10	5.0	5.0	10.0	0.0	-0.003496867119125601	-2.453847634040013	0.023327083090402954	11.418749971453124	13.300999866990002
1048	17170432	10	4.0	4.898979485566356	10.0	0.0	10	4.0	4.898979485566356	10.0	0.0	-0.004186323950174358	-2.481039417028272	0.014936835427721156	11.476249971309375	16.95899983041
1052	17235968	10	6.0	4.898979485566356	10.0	0.0	10	5.0	5.0	10.0	0.0	-0.0024613689975480396	-2.5218807580426947	0.015786010673332677	12.822499967943749	16.215999837840005
1056	17301504	10	4.0	4.898979485566356	10.0	0.0	10	4.0	4.898979485566356	10.0	0.0	-0.003228771754611626	-2.5167804308097526	0.013420481196404809	13.080499967298751	19.404999805950006
1060	17367040	10	5.0	5.0	10.0	0.0	10	1.0	3.0	10.0	0.0	-0.003928783853749967	-2.565909201632882	0.0008848503489983364	13.04849996737875	19.394999806050002
1064	17432576	10	7.0	4.58257569495584	10.0	0.0	10	3.0	4.58257569495584	10.0	0.0	-0.0023674573528558985	-2.559570898345718	0.007259906594452791	12.225249969436874	26.453999735460005
1068	17498112	10	7.0	4.58257569495584	10.0	0.0	10	4.0	4.898979485566356	10.0	0.0	-0.0028355618848538468	-2.543224642409209	0.014731715154065938	10.834749972913125	18.937999810620003
1072	17563648	10	3.0	4.58257569495584	10.0	0.0	10	6.0	4.898979485566356	10.0	0.0	-0.002769561463552353	-2.499837840336435	0.04070421889628479	12.1049999697375	14.864999851350003
1076	17629184	10	7.0	4.58257569495584	10.0	0.0	10	5.0	5.0	10.0	0.0	-0.0037849430805786148	-2.506470394370136	0.04589634687855327	13.031249967421875	5.071999949280001
1080	17694720	10	4.0	4.898979485566356	10.0	0.0	10	6.0	4.898979485566356	10.0	0.0	-0.003167744584944124	-2.521482442553444	0.0520435228724691	11.870249970324375	15.047999849520002
1084	17760256	10	5.0	5.0	10.0	0.0	10	6.0	4.898979485566356	10.0	0.0	-0.0028123340474344905	-2.531342809135287	0.054902904253787556	11.186249972034377	13.400999865990002
1088	17825792	10	6.0	4.898979485566356	10.0	0.0	10	4.0	4.898979485566356	10.0	0.0	-0.00279105830578707	-2.518755567308157	0.04115297731243116	12.674749968313124	7.1899999281000015
1092	17891328	10	6.0	4.898979485566356	10.0	0.0	10	5.0	5.0	10.0	0.0	-0.0030004162566210847	-2.5086621316641047	0.011530965724292396	12.446249968884375	4.675999953240001
1096	17956864	10	5.0	5.0	10.0	0.0	10	3.0	4.58257569495584	10.0	0.0	-0.002750431138657998	-2.5070613769065493	0.025151787828798934	11.586499971033751	10.12299989877
1100	18022400	10	3.0	4.58257569495584	10.0	0.0	10	5.0	5.0	10.0	0.0	-0.003972991750025931	-2.4750040642822553	0.027066315448701084	11.036749972408124	4.441999955580001
1104	18087936	10	5.0	5.0	10.0	0.0	10	5.0	5.0	10.0	0.0	-0.00329707065456118	-2.452884942037658	0.03188857565481253	12.244999969387502	7.440999925590001
1108	18153472	10	8.0	4.0	10.0	0.0	10	6.0	4.898979485566356	10.0	0.0	-0.003904233811123205	-2.4531111193128154	0.01654742374203559	12.152749969618126	3.9919999600800007
1112	18219008	10	5.0	5.0	10.0	0.0	10	4.0	4.898979485566356	10.0	0.0	-0.0030286146717600103	-2.4820498871204633	0.038325280050179426	11.911249970221874	9.987999900120002
1116	18284544	10	1.0	3.0	10.0	0.0	10	6.0	4.898979485566356	10.0	0.0	-0.004525916793513687	-2.447744192921455	0.004073171584908313	12.977749967555626	7.861999921380002
1120	18350080	10	5.0	5.0	10.0	0.0	10	3.0	4.58257569495584	10.0	0.0	-0.004190302875504198	-2.384711985538348	0.00599121821322158	11.759999970600001	10.673999893260001
1124	18415616	10	3.0	4.58257569495584	10.0	0.0	10	6.0	4.898979485566356	10.0	0.0	-0.003417792133048853	-2.3608949951851788	0.00976685627169722	11.427999971430001	6.654999933450001
1128	18481152	10	6.0	4.898979485566356	10.0	0.0	10	4.0	4.898979485566356	10.0	0.0	-0.0026564975448270566	-2.4183069763048706	0.007534642903741501	12.46949996882625	5.707999942920001
1132	18546688	10	4.0	4.898979485566356	10.0	0.0	10	5.0	5.0	10.0	0.0	-0.004146612809131582	-2.418956639614059	0.0016585818519252264	12.266749969333125	5.356999946430001
1136	18612224	10	4.0	4.898979485566356	10.0	0.0	10	5.0	5.0	10.0	0.0	-0.003027664133381435	-2.368654707820841	0.015412091274721642	12.165499969586248	6.999999930000001
1140	18677760	10	4.0	4.898979485566356	10.0	0.0	10	6.0	4.898979485566356	10.0	0.0	-0.0042802182574721665	-2.4719398292311014	0.007423685637286095	12.621999968445	12.319999876800003
1144	18743296	10	4.0	4.898979485566356	10.0	0.0	10	6.0	4.898979485566356	10.0	0.0	-0.004104079891655252	-2.5138105970982787	0.0008976991389898566	11.91599997021	20.264999797350004
1148	18808832	10	3.0	4.58257569495584	10.0	0.0	10	3.0	4.58257569495584	10.0	0.0	-0.0035734255018336565	-2.560062728555558	0.013221024721878253	11.863999970340002	22.046999779530005
1152	18874368	10	3.0	4.58257569495584	10.0	0.0	10	7.0	4.58257569495584	10.0	0.0	-0.0042678459669131	-2.525636012092399	0.0010977059839275265	12.6689999683275	20.257999797420002
1156	18939904	10	8.0	4.0	10.0	0.0	10	4.0	4.898979485566356	10.0	0.0	-0.004670203939408666	-2.5259310004464157	0.0008609360677244041	13.190749967023125	20.031999799680005
1160	19005440	10	3.0	4.58257569495584	10.0	0.0	10	6.0	4.898979485566356	10.0	0.0	-0.004215277088269929	-2.5698073752031085	0.0006108117528098855	13.948999965127502	18.729999812700004
1164	19070976	10	8.0	4.0	10.0	0.0	10	4.0	4.898979485566356	10.0	0.0	-0.0039850708582982826	-2.573394988705873	0.0005318670168336066	12.3709999690725	22.237999777620004
1168	19136512	10	5.0	5.0	10.0	0.0	10	3.0	4.58257569495584	10.0	0.0	-0.003840419248772511	-2.5366285987039556	0.0006300243948570293	12.53249996866875	22.435999775640003
1172	19202048	10	2.0	4.0	10.0	0.0	10	5.0	5.0	10.0	0.0	-0.0038392583588213527	-2.5354709548097216	0.0005340293401836816	11.686999970782502	26.730999732690005
1176	19267584	10	4.0	4.898979485566356	10.0	0.0	10	6.0	4.898979485566356	10.0	0.0	-0.0028920328571397794	-2.5281275532989764	0.013558652623742479	11.297499971756249	24.963999750360003
1180	19333120	10	4.0	4.898979485566356	10.0	0.0	10	4.0	4.898979485566356	10.0	0.0	-0.0040283388681976165	-2.535721108053237	0.0069424953922300045	11.399249971501877	22.293999777060005
1184	19398656	10	4.0	4.898979485566356	10.0	0.0	10	4.0	4.898979485566356	10.0	0.0	-0.0034291328589527007	-2.5486967387127377	0.002726597427700698	12.287249969281875	22.01699977983
1188	19464192	10	4.0	4.898979485566356	10.0	0.0	10	4.0	4.898979485566356	10.0	0.0	-0.003447344009696432	-2.5824699448835933	0.007155274895479871	11.453249971366875	21.971999780280004
1192	19529728	10	3.0	4.58257569495584	10.0	0.0	10	4.0	4.898979485566356	10.0	0.0	-0.003571537754630853	-2.5591242608742477	0.006888814659042515	12.2489999693775	19.783999802160004
1196	19595264	10	4.0	4.898979485566356	10.0	0.0	10	6.0	4.898979485566356	10.0	0.0	-0.003582714758149143	-2.5843558308770365	0.03189078058617039	12.217999969455	20.243999797560004
1200	19660800	10	3.0	4.58257569495584	10.0	0.0	10	4.0	4.898979485566356	10.0	0.0	-0.0036441280992669774	-2.5671655806211757	0.026134584109671236	12.351249969121875	22.864999771350003
1204	19726336	10	5.0	5.0	10.0	0.0	10	4.0	4.898979485566356	10.0	0.0	-0.0030996268563391444	-2.578023324141576	0.023163115890699436	12.109249969726875	22.768999772310003
1208	19791872	10	4.0	4.898979485566356	10.0	0.0	10	4.0	4.898979485566356	10.0	0.0	-0.0046137496266403484	-2.580575334260272	0.03869905413700298	11.88149997029625	23.804999761950004
1212	19857408	10	3.0	4.58257569495584	10.0	0.0	10	5.0	5.0	10.0	0.0	-0.003350408004082907	-2.5981293317949437	0.02609584316543185	11.79649997050875	21.966999780330003
1216	19922944	10	3.0	4.58257569495584	10.0	0.0	10	6.0	4.898979485566356	10.0	0.0	-0.005067008869524515	-2.5769580202597244	0.03216571268571835	12.30799996923	11.557999884420001
1220	19988480	10	3.0	4.58257569495584	10.0	0.0	10	6.0	4.898979485566356	10.0	0.0	-0.005070930957498798	-2.563897785774028	0.0012517883744203235	12.348249969129375	18.141999818580004
1224	20054016	10	4.0	4.898979485566356	10.0	0.0	10	4.0	4.898979485566356	10.0	0.0	-0.004564852666720838	-2.5618759391023396	0.0009703760538791603	12.288999969277501	19.39099980609
1228	20119552	10	4.0	4.898979485566356	10.0	0.0	10	6.0	4.898979485566356	10.0	0.0	-0.0038717183678180804	-2.560790774456145	0.004867014550451042	11.243499971891252	19.699999803
1232	20185088	10	8.0	4.0	10.0	0.0	10	4.0	4.898979485566356	10.0	0.0	-0.004172393462360674	-2.5469516662090346	0.006486348323891224	13.005249967486876	13.547999864520003
1236	20250624	10	6.0	4.898979485566356	10.0	0.0	10	7.0	4.58257569495584	10.0	0.0	-0.0039581617210205835	-2.5493866674429944	0.006813868921095725	12.899749967750626	19.055999809440003
1240	20316160	10	2.0	4.0	10.0	0.0	10	6.0	4.898979485566356	10.0	0.0	-0.00471933012109683	-2.569921438624982	0.0006690653231908408	12.150249969624374	23.052999769470006
1244	20381696	10	3.0	4.58257569495584	10.0	0.0	10	4.0	4.898979485566356	10.0	0.0	-0.0013627048245725072	-2.564566368590877	0.007584860490288781	11.77449997056375	25.368999746310003
1248	20447232	10	5.0	5.0	10.0	0.0	10	4.0	4.898979485566356	10.0	0.0	-0.003323915712480178	-2.5692733647729873	0.014436460772242955	10.978749972553127	24.166999758330004
1252	20512768	10	4.0	4.898979485566356	10.0	0.0	10	5.0	5.0	10.0	0.0	-0.003293935090328951	-2.582166480252385	0.033786229247316786	11.636249970909375	23.401999765980005
1256	20578304	10	4.0	4.898979485566356	10.0	0.0	10	4.0	4.898979485566356	10.0	0.0	-0.003392102230413754	-2.5850636310666166	0.006904584191527223	12.1249999696875	21.214999787850005
1260	20643840	10	5.0	5.0	10.0	0.0	10	4.0	4.898979485566356	10.0	0.0	-0.0037394103682391227	-2.580411970346594	0.020466077953026466	13.007749967480626	19.457999805420002
1264	20709376	10	5.0	5.0	10.0	0.0	10	5.0	5.0	10.0	0.0	-0.0038928285062449	-2.581584319203398	0.005002095095818517	11.918249970204375	23.034999769650003
1268	20774912	10	4.0	4.898979485566356	10.0	0.0	10	2.0	4.0	10.0	0.0	-0.0028119789067307193	-2.5810097031090273	0.014157210517664868	12.490249968774375	22.071999779280002
1272	20840448	10	3.0	4.58257569495584	10.0	0.0	10	3.0	4.58257569495584	10.0	0.0	-0.0023429035934274555	-2.5702728030388426	0.012930163452303904	12.19849996950375	12.841999871580002
1276	20905984	10	6.0	4.898979485566356	10.0	0.0	10	6.0	4.898979485566356	10.0	0.0	-0.004076378033944931	-2.526892381146586	0.0011219288679708394	12.8229999679425	17.165999828340002
1280	20971520	10	3.0	4.58257569495584	10.0	0.0	10	6.0	4.898979485566356	10.0	0.0	-0.0017574410568450267	-2.5449146302870376	0.03195150420318943	13.9649999650875	9.8299999017
1284	21037056	10	6.0	4.898979485566356	10.0	0.0	10	5.0	5.0	10.0	0.0	-0.0014034292591282747	-2.4815063896177163	0.021565525798781328	12.916749967708126	16.807999831920004
1288	21102592	10	6.0	4.898979485566356	10.0	0.0	10	5.0	5.0	10.0	0.0	-0.0024473512043062923	-2.509480287369948	0.020585481150473206	11.816749970458126	14.480999855190003
1292	21168128	10	5.0	5.0	10.0	0.0	10	5.0	5.0	10.0	0.0	-0.0036127726218663945	-2.453339405102281	0.0016506176535988596	12.19599996951	4.75199995248
1296	21233664	10	5.0	5.0	10.0	0.0	10	3.0	4.58257569495584	10.0	0.0	-0.003019417256219499	-2.401285670447555	0.013321637602658398	13.316249966709375	11.719999882800003
1300	21299200	10	4.0	4.898979485566356	10.0	0.0	10	2.0	4.0	10.0	0.0	-0.0037557350681131653	-2.4173268300757056	0.02463600735777167	10.599749973500625	10.343999896560002
1304	21364736	10	6.0	4.898979485566356	10.0	0.0	10	7.0	4.58257569495584	10.0	0.0	-0.002684398068922033	-2.446713628613396	0.007457117039981237	11.15249997211875	7.878999921210001
1308	21430272	10	4.0	4.898979485566356	10.0	0.0	10	4.0	4.898979485566356	10.0	0.0	-0.0021168097565267907	-2.453458145005242	0.008208968145839334	11.95249997011875	6.086999939130001
1312	21495808	10	6.0	4.898979485566356	10.0	0.0	10	6.0	4.898979485566356	10.0	0.0	-0.0024506360323836413	-2.447018655383002	0.006925731732923649	10.457999973855001	11.828999881710002
1316	21561344	10	3.0	4.58257569495584	10.0	0.0	10	4.0	4.898979485566356	10.0	0.0	-0.00420770389081076	-2.5183020504672693	0.01330833235182802	11.008499972478749	12.523999874760001
1320	21626880	10	6.0	4.898979485566356	10.0	0.0	10	5.0	5.0	10.0	0.0	-0.002755296835873889	-2.5073197456569356	0.014190436259354768	11.81549997046125	20.127999798720005
1324	21692416	10	3.0	4.58257569495584	10.0	0.0	10	3.0	4.58257569495584	10.0	0.0	-0.0023662844854658487	-2.493534554778073	0.015177471879355852	11.140749972148125	16.145999838540003
1328	21757952	10	3.0	4.58257569495584	10.0	0.0	10	6.0	4.898979485566356	10.0	0.0	-0.0037026867523696533	-2.5149214165769926	0.007116055178980769	11.214249971964374	15.546999844530003
1332	21823488	10	3.0	4.58257569495584	10.0	0.0	10	6.0	4.898979485566356	10.0	0.0	-0.002437033886709178	-2.493712713061288	0.00461410440051459	11.245249971886876	21.358999786410006
1336	21889024	10	4.0	4.898979485566356	10.0	0.0	10	6.0	4.898979485566356	10.0	0.0	-0.0031967024572627815	-2.528062750632478	0.014880481129659864	11.561499971096248	20.347999796520003
1340	21954560	10	5.0	5.0	10.0	0.0	10	8.0	4.0	10.0	0.0	-0.0041349449113050295	-2.537143937979103	0.0006178680474439722	11.42849997142875	16.034999839650002
1344	22020096	10	7.0	4.58257569495584	10.0	0.0	10	6.0	4.898979485566356	10.0	0.0	-0.0016755258158277057	-2.5331105984592277	0.018207477754835645	11.270249971824375	17.446999825530003
1348	22085632	10	5.0	5.0	10.0	0.0	10	3.0	4.58257569495584	10.0	0.0	-0.002495935543005666	-2.4815580544270968	0.042526979188971935	12.2909999692725	15.032999849670002
1352	22151168	10	5.0	5.0	10.0	0.0	10	4.0	4.898979485566356	10.0	0.0	-0.0033215892335219026	-2.4733920616315266	0.0452404358519002	11.58549997103625	7.887999921120001
1356	22216704	10	8.0	4.0	10.0	0.0	10	7.0	4.58257569495584	10.0	0.0	-0.002488123456455495	-2.4789106917779318	0.02614283602543382	11.022249972444374	4.158999958410001
1360	22282240	10	3.0	4.58257569495584	10.0	0.0	10	4.0	4.898979485566356	10.0	0.0	-0.0028941137761665805	-2.4263580339606383	0.03122208176903228	11.236999971907501	8.034999919650001
1364	22347776	10	6.0	4.898979485566356	10.0	0.0	10	6.0	4.898979485566356	10.0	0.0	-0.0025433325982176383	-2.447784902893832	0.0386032918755324	11.473999971315001	3.5349999646500008
1368	22413312	10	3.0	4.58257569495584	10.0	0.0	10	5.0	5.0	10.0	0.0	-0.003974299940526313	-2.4884014276058197	0.01261370965271937	11.844749970388126	11.859999881400002
1372	22478848	10	3.0	4.58257569495584	10.0	0.0	10	2.0	4.0	10.0	0.0	-0.003935565242696536	-2.5090803104012247	0.006021956922247188	10.781249973046876	17.55799982442
1376	22544384	10	4.0	4.898979485566356	10.0	0.0	10	2.0	4.0	10.0	0.0	-0.0037313233499292517	-2.5434681472513057	0.006839429836160582	10.788249973029373	20.543999794560005
1380	22609920	10	4.0	4.898979485566356	10.0	0.0	10	2.0	4.0	10.0	0.0	-0.0020826565327553316	-2.5571606702922405	0.018025773600373936	11.249499971876249	13.226999867730003
1384	22675456	10	5.0	5.0	10.0	0.0	10	4.0	4.898979485566356	10.0	0.0	-0.00266234686783877	-2.5506972543721793	0.0135375988106257	11.12949997217625	18.73199981268
1388	22740992	10	3.0	4.58257569495584	10.0	0.0	10	3.0	4.58257569495584	10.0	0.0	-0.0022236993218745257	-2.539070466889698	0.01988633239403107	11.315499971711251	17.356999826430002
1392	22806528	10	5.0	5.0	10.0	0.0	10	5.0	5.0	10.0	0.0	-0.0033718274592324476	-2.535723991427928	0.012443285429897671	11.13549997216125	8.919999910800001
1396	22872064	10	3.0	4.58257569495584	10.0	0.0	10	4.0	4.898979485566356	10.0	0.0	-0.0028728046354483954	-2.494868089495494	0.04158000652196679	12.10649996973375	6.7499999325000015
1400	22937600	10	3.0	4.58257569495584	10.0	0.0	10	6.0	4.898979485566356	10.0	0.0	-0.0034539898378513853	-2.516463622188697	0.012983496902821844	11.828999970427502	17.498999825010003
1404	23003136	10	5.0	5.0	10.0	0.0	10	0.0	0.0	0.0	0.0	-0.0025659780388857857	-2.4707053897191362	0.0080129520827076	11.042749972393127	15.470999845290002
1408	23068672	10	4.0	4.898979485566356	10.0	0.0	10	8.0	4.0	10.0	0.0	-0.002066334983370935	-2.389920763422448	0.021201996097781086	10.827749972930626	15.289999847100002
1412	23134208	10	5.0	5.0	10.0	0.0	10	5.0	5.0	10.0	0.0	-0.0037371784585399272	-2.400424957025346	0.008178673156238143	11.317749971705625	3.820999961790001
1416	23199744	10	4.0	4.898979485566356	10.0	0.0	10	4.0	4.898979485566356	10.0	0.0	-0.003562695816913482	-2.328454404826804	0.015927468275709348	12.05599996986	11.408999885910003
1420	23265280	10	7.0	4.58257569495584	10.0	0.0	10	3.0	4.58257569495584	10.0	0.0	-0.003896323396069187	-2.387291388958369	0.020683338918052945	10.971999972570002	5.5789999442100005
1424	23330816	10	4.0	4.898979485566356	10.0	0.0	10	5.0	5.0	10.0	0.0	-0.003803490180475252	-2.3875055111941217	0.041251020628450305	10.568499973578751	7.425999925740001
1428	23396352	10	3.0	4.58257569495584	10.0	0.0	10	2.0	4.0	10.0	0.0	-0.002759678322961245	-2.4262841763551886	0.036604943313984714	11.72399997069	10.279999897200002
1432	23461888	10	4.0	4.898979485566356	10.0	0.0	10	6.0	4.898979485566356	10.0	0.0	-0.001768308805486235	-2.425341879075452	0.02185719517501333	11.962249970094375	3.453999965460001
1436	23527424	10	4.0	4.898979485566356	10.0	0.0	10	2.0	4.0	10.0	0.0	-0.0038291300390738857	-2.4226751002132536	0.03562216752402804	11.143749972140625	8.13299991867
1440	23592960	10	3.0	4.58257569495584	10.0	0.0	10	5.0	5.0	10.0	0.0	-0.004431923062680411	-2.422058346118558	0.03209184996102622	10.966249972584375	5.8399999416
1444	23658496	10	3.0	4.58257569495584	10.0	0.0	10	5.0	5.0	10.0	0.0	-0.0026602854435277346	-2.420605304088375	0.024966451450812985	11.655999970859998	7.201999927980001
1448	23724032	10	5.0	5.0	10.0	0.0	10	6.0	4.898979485566356	10.0	0.0	-0.004758254054457537	-2.4111677703729972	0.007568487524440414	10.183999974539999	8.13299991867
1452	23789568	10	4.0	4.898979485566356	10.0	0.0	10	4.0	4.898979485566356	10.0	0.0	-0.002774790712479016	-2.4327311587779814	0.018220856600764623	11.9349999701625	6.404999935950001
1456	23855104	10	6.0	4.898979485566356	10.0	0.0	10	5.0	5.0	10.0	0.0	-0.004761232715089152	-2.4836378616487695	0.0014831384740592807	11.028249972429375	17.70499982295
1460	23920640	10	10.0	0.0	10.0	10.0	10	6.0	4.898979485566356	10.0	0.0	-0.004621782789524625	-2.527510521049272	0.000699411249952295	9.973999975065	11.482999885170003
1464	23986176	10	4.0	4.898979485566356	10.0	0.0	10	5.0	5.0	10.0	0.0	-0.002963245647146273	-2.524945219094793	0.013252255101011105	11.616749970958125	16.686999833130002
1468	24051712	10	5.0	5.0	10.0	0.0	10	1.0	3.0	10.0	0.0	-0.0038067169488361654	-2.5280435927062386	0.0009891930257133073	11.704499970738752	16.936999830630004
1472	24117248	10	5.0	5.0	10.0	0.0	10	5.0	5.0	10.0	0.0	-0.0026623468241830242	-2.520696341728852	0.0010872366315581008	11.587749971030625	22.820999771790007
1476	24182784	10	6.0	4.898979485566356	10.0	0.0	10	6.0	4.898979485566356	10.0	0.0	-0.0035278366457798995	-2.506939100461332	0.0012975952242274766	10.60549997348625	15.716999842830003
1480	24248320	10	6.0	4.898979485566356	10.0	0.0	10	7.0	4.58257569495584	10.0	0.0	-0.00282450813120689	-2.523584437604132	0.0009466991807356912	11.655249970861874	18.551999814480002
1484	24313856	10	6.0	4.898979485566356	10.0	0.0	10	5.0	5.0	10.0	0.0	-0.0037574105780577042	-2.4700654742528942	0.0009527571139407988	10.927249972681874	4.574999954250001
1488	24379392	10	3.0	4.58257569495584	10.0	0.0	10	5.0	5.0	10.0	0.0	-0.001518475907832379	-2.3661435641367152	0.007753213637544836	11.6569999708575	10.938999890610003
1492	24444928	10	4.0	4.898979485566356	10.0	0.0	10	6.0	4.898979485566356	10.0	0.0	-0.0022557488261933426	-2.3129913084283125	0.001946094172833099	11.514249971214376	10.380999896190001
1496	24510464	10	6.0	4.898979485566356	10.0	0.0	10	6.0	4.898979485566356	10.0	0.0	-0.001815637141703868	-2.281466501216859	0.01979377479656217	10.837749972905625	10.008999899910002
1500	24576000	10	5.0	5.0	10.0	0.0	10	5.0	5.0	10.0	0.0	-0.002595023562240493	-2.3007455093252154	0.0012726204784978504	11.753999970615	8.05199991948
1504	24641536	10	5.0	5.0	10.0	0.0	10	6.0	4.898979485566356	10.0	0.0	-0.00208296250375021	-2.2816307666507893	0.001158938130660254	11.374749971563126	11.478999885210001
1508	24707072	10	4.0	4.898979485566356	10.0	0.0	10	5.0	5.0	10.0	0.0	-0.0016585426902960318	-2.3323971055502	0.011198325908527077	10.26349997434125	9.967999900320002
1512	24772608	10	6.0	4.898979485566356	10.0	0.0	10	2.0	4.0	10.0	0.0	-0.001382538786712443	-2.292568074921376	0.008359733748004635	11.780749970548124	6.106999938930001
1516	24838144	10	2.0	4.0	10.0	0.0	10	3.0	4.58257569495584	10.0	0.0	-0.0027626510076063397	-2.3909868123623594	0.0021267782544083106	11.240249971899376	10.841999891580002
1520	24903680	10	7.0	4.58257569495584	10.0	0.0	10	6.0	4.898979485566356	10.0	0.0	-0.0015606473339066012	-2.361834180605753	0.003707850430972634	10.246749974383127	10.021999899780003
1524	24969216	10	2.0	4.0	10.0	0.0	10	4.0	4.898979485566356	10.0	0.0	-0.0018167638637580736	-2.2860415550671926	0.0010422084862638863	11.915249970211876	10.102999898970001
