iter	frame	n_test	mean_returns	std_returns	max_returns	min_returns	n_test_train	mean_returns_train	std_returns_train	max_returns_train	min_returns_train	actor_loss	entropy_loss	value_loss	training_time	evaluation_time
0	0	10	0.0	0.0	0.0	0.0	10	1.0	3.0	10.0	0.0	0	0	0	0.0	27.321999726780003
4	65536	10	3.0	4.58257569495584	10.0	0.0	10	3.0	4.58257569495584	10.0	0.0	-7.491093128139278e-05	-2.5937064833720824	0.21679346732632448	13.242249966894375	24.945999750540004
8	131072	10	2.0	4.0	10.0	0.0	10	6.0	4.898979485566356	10.0	0.0	-0.004815947305161672	-2.6295049411299587	0.37591576510228947	12.208249969479375	28.675999713240003
12	196608	10	3.0	4.58257569495584	10.0	0.0	10	5.0	5.0	10.0	0.0	-0.005582173587172892	-2.5898458656951138	0.3913300766512414	12.204749969488125	29.015999709840003
16	262144	10	5.0	5.0	10.0	0.0	10	4.0	4.898979485566356	10.0	0.0	-0.005155637580849402	-2.5909691624127995	0.4429274570356366	12.205999969485001	22.553999774460003
20	327680	10	7.0	4.58257569495584	10.0	0.0	10	7.0	4.58257569495584	10.0	0.0	-0.005736478045955349	-2.5473935129571816	1.007464852079113	12.417999968955002	24.929999750700002
24	393216	10	5.0	5.0	10.0	0.0	10	4.0	4.898979485566356	10.0	0.0	-0.005644534335582209	-2.524030238127049	0.8520568111644737	13.077249967306876	25.626999743730003
28	458752	10	6.0	4.898979485566356	10.0	0.0	10	7.0	4.58257569495584	10.0	0.0	-0.007681653535764963	-2.476842949529771	0.7402654460170641	12.173249969566877	10.501999894980003
32	524288	10	6.0	4.898979485566356	10.0	0.0	10	7.0	4.58257569495584	10.0	0.0	-0.009022863311626305	-2.4726894569801483	0.659748152450542	11.995249970011876	20.278999797210002
36	589824	10	6.0	4.898979485566356	10.0	0.0	10	4.0	4.898979485566356	10.0	0.0	-0.007348640002563426	-2.4664490592890718	0.5852742542213495	11.462249971344374	31.173999688260004
40	655360	10	4.0	4.898979485566356	10.0	0.0	10	3.0	4.58257569495584	10.0	0.0	-0.00880459378973524	-2.466131570181655	0.6508608431808672	11.801999970495	24.6299997537
44	720896	10	6.0	4.898979485566356	10.0	0.0	10	5.0	5.0	10.0	0.0	-0.008791936553273478	-2.421201010292886	0.5388417969827833	10.7989999730025	23.872999761270005
48	786432	10	7.0	4.58257569495584	10.0	0.0	10	8.0	4.0	10.0	0.0	-0.007866030216154361	-2.3882542250052823	0.4789005151140527	12.157749969605625	29.017999709820007
52	851968	10	5.0	5.0	10.0	0.0	10	6.0	4.898979485566356	10.0	0.0	-0.009293326852398979	-2.3715533860040945	0.41062923019820685	11.651999970870001	27.367999726320004
56	917504	10	7.0	4.58257569495584	10.0	0.0	10	6.0	4.898979485566356	10.0	0.0	-0.009645225083867118	-2.3486905915078737	0.436598344350079	12.285249969286877	22.395999776040004
60	983040	10	6.0	4.898979485566356	10.0	0.0	10	6.0	4.898979485566356	10.0	0.0	-0.00939459059638831	-2.289024809757847	0.3633737091838295	12.260499969348748	22.608999773910007
64	1048576	10	6.0	4.898979485566356	10.0	0.0	10	6.0	4.898979485566356	10.0	0.0	-0.009684985684444432	-2.321321233865213	0.33638644944476814	12.52249996869375	29.497999705020007
68	1114112	10	8.0	4.0	10.0	0.0	10	9.0	3.0	10.0	0.0	-0.009240578424949781	-2.265644227228989	0.42908482559522704	11.519999971199999	13.776999862230001
72	1179648	10	5.0	5.0	10.0	0.0	10	4.0	4.898979485566356	10.0	0.0	-0.010338788322299059	-2.281485656659572	0.408595356426791	12.461749968845625	23.137999768620006
76	1245184	10	6.0	4.898979485566356	10.0	0.0	10	8.0	4.0	10.0	0.0	-0.01013992000071568	-2.244878947500991	0.42018338909341946	12.926499967683752	14.642999853570004
80	1310720	10	5.0	5.0	10.0	0.0	10	7.0	4.58257569495584	10.0	0.0	-0.010920399328293503	-2.23320533560299	0.3873739779212881	12.49649996875875	14.216999857830002
84	1376256	10	7.0	4.58257569495584	10.0	0.0	10	8.0	4.0	10.0	0.0	-0.010315831662245275	-2.2822805591033752	0.3412939753648765	12.037999969905	15.843999841560002
88	1441792	10	7.0	4.58257569495584	10.0	0.0	10	6.0	4.898979485566356	10.0	0.0	-0.011329610498586641	-2.275312773646331	0.33197050724445815	11.667249970831877	26.401999735980006
92	1507328	10	4.0	4.898979485566356	10.0	0.0	10	5.0	5.0	10.0	0.0	-0.01051835935880139	-2.2490132125856217	0.3230573379408568	12.819249967951876	24.542999754570005
96	1572864	10	7.0	4.58257569495584	10.0	0.0	10	8.0	4.0	10.0	0.0	-0.010010413647420878	-2.206534700859217	0.33377973110973896	11.824999970437501	14.213999857860003
100	1638400	10	5.0	5.0	10.0	0.0	10	6.0	4.898979485566356	10.0	0.0	-0.008752723427276149	-2.176519880465443	0.3672737748910869	12.241249969396875	15.896999841030002
104	1703936	10	4.0	4.898979485566356	10.0	0.0	10	7.0	4.58257569495584	10.0	0.0	-0.009672681553843628	-2.1965147726433263	0.3124931885845787	11.962249970094376	3.1319999686800006
108	1769472	10	6.0	4.898979485566356	10.0	0.0	10	8.0	4.0	10.0	0.0	-0.010804940144919312	-2.1980395066435325	0.313176184549591	11.509749971225625	18.085999819140003
112	1835008	10	9.0	3.0	10.0	0.0	10	8.0	4.0	10.0	0.0	-0.009956173879066253	-2.1956227568485063	0.33349047582227087	12.159249969601875	13.392999866070003
116	1900544	10	2.0	4.0	10.0	0.0	10	8.0	4.0	10.0	0.0	-0.010398296869858062	-2.1765684532838763	0.35705314526340387	12.600249968499377	12.528999874710001
120	1966080	10	4.0	4.898979485566356	10.0	0.0	10	8.0	4.0	10.0	0.0	-0.010587369384169569	-2.1947588520942753	0.30789405585474267	11.701249970746877	18.238999817610004
124	2031616	10	7.0	4.58257569495584	10.0	0.0	10	8.0	4.0	10.0	0.0	-0.009801460933471463	-2.179918505024333	0.3156311039794521	11.04049997239875	23.913999760860005
128	2097152	10	3.0	4.58257569495584	10.0	0.0	10	7.0	4.58257569495584	10.0	0.0	-0.008469799644168777	-2.170955732238649	0.3216842400195886	11.277249971806874	28.046999719530007
132	2162688	10	8.0	4.0	10.0	0.0	10	8.0	4.0	10.0	0.0	-0.009394220587265157	-2.22028015779176	0.2320705442447619	11.25599997186	1.4029999859700002
136	2228224	10	8.0	4.0	10.0	0.0	10	8.0	4.0	10.0	0.0	-0.008935112141422577	-2.144326448217184	0.28162257463531665	12.27449996931375	15.119999848800001
140	2293760	10	6.0	4.898979485566356	10.0	0.0	10	6.0	4.898979485566356	10.0	0.0	-0.00835083490684176	-2.125257002589256	0.3138720105696103	13.159499967101251	24.442999755570007
144	2359296	10	6.0	4.898979485566356	10.0	0.0	10	6.0	4.898979485566356	10.0	0.0	-0.008526943140492876	-2.1028872850333613	0.32581934298409554	12.36249996909375	26.830999731690003
148	2424832	10	5.0	5.0	10.0	0.0	10	8.0	4.0	10.0	0.0	-0.008626489263720323	-2.14977351056991	0.3355029145837525	12.063749969840623	4.01099995989
152	2490368	10	5.0	5.0	10.0	0.0	10	8.0	4.0	10.0	0.0	-0.008760519465489143	-2.149385514134785	0.3675230002268775	13.10049996724875	28.696999713030003
156	2555904	10	6.0	4.898979485566356	10.0	0.0	10	7.0	4.58257569495584	10.0	0.0	-0.009047488351186168	-2.1778190009510903	0.30555298145161114	11.877499970306252	30.749999692500005
160	2621440	10	7.0	4.58257569495584	10.0	0.0	10	9.0	3.0	10.0	0.0	-0.009226212735432726	-2.1776243073460058	0.2804236844821229	11.563249971091876	6.396999936030001
164	2686976	10	4.0	4.898979485566356	10.0	0.0	10	7.0	4.58257569495584	10.0	0.0	-0.00823981185784724	-2.1959907708264725	0.32797964581286787	12.305749969235626	14.909999850900002
168	2752512	10	8.0	4.0	10.0	0.0	10	6.0	4.898979485566356	10.0	0.0	-0.007940018780352399	-2.250806246960149	0.2944195329215406	11.700999970747501	21.585999784140004
172	2818048	10	6.0	4.898979485566356	10.0	0.0	10	8.0	4.0	10.0	0.0	-0.007836937893840285	-2.2385251569402946	0.4400269410425025	11.056749972358126	16.351999836480005
176	2883584	10	5.0	5.0	10.0	0.0	10	7.0	4.58257569495584	10.0	0.0	-0.008447079403018386	-2.2665504016104685	0.30365837175961247	11.5169999712075	30.942999690570005
180	2949120	10	5.0	5.0	10.0	0.0	10	7.0	4.58257569495584	10.0	0.0	-0.008973193908155382	-2.2873444604477826	0.2612647480680092	10.906499972733751	21.443999785560003
184	3014656	10	6.0	4.898979485566356	10.0	0.0	10	7.0	4.58257569495584	10.0	0.0	-0.007752777449949209	-2.2763015650325142	0.2813938902397888	11.204749971988123	16.12799983872
188	3080192	10	5.0	5.0	10.0	0.0	10	8.0	4.0	10.0	0.0	-0.008399661437916891	-2.2662944220129266	0.30181553382386994	12.264999969337499	13.739999862600003
192	3145728	10	6.0	4.898979485566356	10.0	0.0	10	7.0	4.58257569495584	10.0	0.0	-0.007811895447144055	-2.245182578528499	0.3147727281769054	13.1049999672375	24.731999752680004
196	3211264	10	4.0	4.898979485566356	10.0	0.0	10	9.0	3.0	10.0	0.0	-0.007910119203880368	-2.2720036901650458	0.2519183292877768	12.13449996966375	12.53899987461
200	3276800	10	5.0	5.0	10.0	0.0	10	7.0	4.58257569495584	10.0	0.0	-0.009662384891477518	-2.341898406301373	0.24839619156490142	13.079249967301875	21.509999784900003
204	3342336	10	5.0	5.0	10.0	0.0	10	8.0	4.0	10.0	0.0	-0.008104055922623794	-2.29022060310826	0.22272341921157712	13.433499966416251	12.271999877280003
208	3407872	10	3.0	4.58257569495584	10.0	0.0	10	9.0	3.0	10.0	0.0	-0.009064971482950355	-2.245151437585134	0.303842543515081	13.19749996700625	13.125999868740001
212	3473408	10	9.0	3.0	10.0	0.0	10	9.0	3.0	10.0	0.0	-0.009220458279994355	-2.2234650698968297	0.3323653878608335	13.130999967172501	14.717999852820002
216	3538944	10	7.0	4.58257569495584	10.0	0.0	10	8.0	4.0	10.0	0.0	-0.006357016041212696	-2.2421005564579355	0.3134973019345377	12.602499968493749	15.208999847910002
220	3604480	10	6.0	4.898979485566356	10.0	0.0	10	8.0	4.0	10.0	0.0	-0.007602053899787265	-2.2911666778323587	0.22930012159765376	11.460249971349374	26.816999731830006
224	3670016	10	6.0	4.898979485566356	10.0	0.0	10	10.0	0.0	10.0	10.0	-0.007913913385370445	-2.310352705178402	0.32731149093874184	13.15199996712	9.686999903130001
228	3735552	10	3.0	4.58257569495584	10.0	0.0	10	9.0	3.0	10.0	0.0	-0.0079789089496318	-2.305532236653812	0.26450866116559923	10.8109999729725	18.977999810220005
232	3801088	10	6.0	4.898979485566356	10.0	0.0	10	5.0	5.0	10.0	0.0	-0.009406837531898974	-2.3173543709089435	0.2489612966050898	11.063749972340624	6.035999939640001
236	3866624	10	4.0	4.898979485566356	10.0	0.0	10	6.0	4.898979485566356	10.0	0.0	-0.008864864114291793	-2.302617259083741	0.240396666470709	12.120749969698126	27.167999728320005
240	3932160	10	7.0	4.58257569495584	10.0	0.0	10	6.0	4.898979485566356	10.0	0.0	-0.008909478352185253	-2.2988488870451333	0.2707107780840138	11.761249970596875	20.987999790120003
244	3997696	10	5.0	5.0	10.0	0.0	10	9.0	3.0	10.0	0.0	-0.008672624558742762	-2.253622558974912	0.28954723016447204	12.606499968483751	24.486999755130004
248	4063232	10	9.0	3.0	10.0	0.0	10	6.0	4.898979485566356	10.0	0.0	-0.0068927839425158574	-2.277777127684313	0.3055974774054743	12.523249968691877	16.910999830890002
252	4128768	10	7.0	4.58257569495584	10.0	0.0	10	7.0	4.58257569495584	10.0	0.0	-0.00849643957707808	-2.242651012802959	0.23558695022046258	12.6009999684975	25.541999744580007
256	4194304	10	6.0	4.898979485566356	10.0	0.0	10	8.0	4.0	10.0	0.0	-0.008183422080397636	-2.2699660780648157	0.22639653837123075	12.639249968401876	27.372999726270006
260	4259840	10	5.0	5.0	10.0	0.0	10	7.0	4.58257569495584	10.0	0.0	-0.0067421855339742254	-2.225553683704767	0.2748932088438922	12.171749969570625	15.200999847990003
264	4325376	10	3.0	4.58257569495584	10.0	0.0	10	5.0	5.0	10.0	0.0	-0.00936536179408664	-2.236512293185278	0.251615491979933	11.812249970469376	26.089999739100005
268	4390912	10	8.0	4.0	10.0	0.0	10	8.0	4.0	10.0	0.0	-0.008662724833818934	-2.2922747728821014	0.1853685480504609	14.286999964282499	21.62099978379
272	4456448	10	6.0	4.898979485566356	10.0	0.0	10	6.0	4.898979485566356	10.0	0.0	-0.008788312881424752	-2.3193027498889003	0.20871805762250156	14.33149996417125	16.05199983948
276	4521984	10	7.0	4.58257569495584	10.0	0.0	10	7.0	4.58257569495584	10.0	0.0	-0.009166653179772874	-2.3187106994359348	0.2490171299367037	12.842999967892501	16.720999832790003
280	4587520	10	4.0	4.898979485566356	10.0	0.0	10	8.0	4.0	10.0	0.0	-0.009499441394757018	-2.3470743097403557	0.19228096451780485	13.005249967486876	24.091999759080004
284	4653056	10	3.0	4.58257569495584	10.0	0.0	10	9.0	3.0	10.0	0.0	-0.009742715436202594	-2.326284837977162	0.17824513440026307	12.67549996831125	14.755999852440002
288	4718592	10	5.0	5.0	10.0	0.0	10	4.0	4.898979485566356	10.0	0.0	-0.009951463256760296	-2.313010158397221	0.18117024289729983	11.110249972224375	30.502999694970004
292	4784128	10	7.0	4.58257569495584	10.0	0.0	10	6.0	4.898979485566356	10.0	0.0	-0.008787516651555242	-2.376168841869474	0.18555616018912993	11.7669999705825	27.239999727600004
296	4849664	10	7.0	4.58257569495584	10.0	0.0	10	7.0	4.58257569495584	10.0	0.0	-0.010087968074771742	-2.3355629069160404	0.18650289087476207	12.431749968920625	22.93199977068
300	4915200	10	5.0	5.0	10.0	0.0	10	8.0	4.0	10.0	0.0	-0.008986865598645373	-2.3094640520789573	0.2568583415243193	13.361749966595625	20.669999793300004
304	4980736	10	3.0	4.58257569495584	10.0	0.0	10	8.0	4.0	10.0	0.0	-0.00730088138197711	-2.3114946109628898	0.13266010976877268	13.732499965668751	23.083999769160002
308	5046272	10	5.0	5.0	10.0	0.0	10	9.0	3.0	10.0	0.0	-0.00846890792463155	-2.2785357308994514	0.21987656175662504	12.53849996865375	30.201999697980007
312	5111808	10	8.0	4.0	10.0	0.0	10	6.0	4.898979485566356	10.0	0.0	-0.007787144375871732	-2.3009076736954173	0.2103295024110082	11.6689999708275	30.211999697880003
316	5177344	10	6.0	4.898979485566356	10.0	0.0	10	9.0	3.0	10.0	0.0	-0.010021625661634545	-2.3041955702090138	0.12803012108027942	12.070999969822502	12.117999878820003
320	5242880	10	8.0	4.0	10.0	0.0	10	9.0	3.0	10.0	0.0	-0.0082970321834331	-2.3224541815682977	0.2156987442255093	13.10149996724625	13.925999860740003
324	5308416	10	5.0	5.0	10.0	0.0	10	9.0	3.0	10.0	0.0	-0.009057465852458904	-2.274489601216219	0.21463230529426947	12.393749969015625	12.383999876160003
328	5373952	10	1.0	3.0	10.0	0.0	10	8.0	4.0	10.0	0.0	-0.01009423033384387	-2.2741745087122274	0.17906124569783513	13.388999966527502	24.562999754370004
332	5439488	10	2.0	4.0	10.0	0.0	10	8.0	4.0	10.0	0.0	-0.009467193664248981	-2.329203694816197	0.17926567434018117	12.673749968315626	27.565999724340003
336	5505024	10	6.0	4.898979485566356	10.0	0.0	10	10.0	0.0	10.0	10.0	-0.009660443350694761	-2.301064709582642	0.1903392442614252	11.696249970759375	12.334999876650002
340	5570560	10	8.0	4.0	10.0	0.0	10	8.0	4.0	10.0	0.0	-0.009387137117535712	-2.3003343738702857	0.15702376008571173	13.310499966723752	6.302999936970001
344	5636096	10	6.0	4.898979485566356	10.0	0.0	10	10.0	0.0	10.0	10.0	-0.008614446199329327	-2.310621787863685	0.1680940978519609	12.520249968699376	14.768999852310003
348	5701632	10	7.0	4.58257569495584	10.0	0.0	10	8.0	4.0	10.0	0.0	-0.008347287911459684	-2.27142183707339	0.20777559697326337	11.409249971476875	28.261999717380004
352	5767168	10	7.0	4.58257569495584	10.0	0.0	10	9.0	3.0	10.0	0.0	-0.008853997224213582	-2.31062005684546	0.10125908332132519	14.117999964705	23.171999768280003
356	5832704	10	7.0	4.58257569495584	10.0	0.0	10	3.0	4.58257569495584	10.0	0.0	-0.00893786316159366	-2.2601411290596	0.14166848577325042	12.513499968716252	23.083999769160002
360	5898240	10	8.0	4.0	10.0	0.0	10	9.0	3.0	10.0	0.0	-0.009082063408301541	-2.3172820704748385	0.17255874092755805	13.168249967079376	6.099999939000001
364	5963776	10	6.0	4.898979485566356	10.0	0.0	10	8.0	4.0	10.0	0.0	-0.009325122197817082	-2.2598847446471786	0.17947292457948713	13.308249966729374	22.923999770760002
368	6029312	10	5.0	5.0	10.0	0.0	10	8.0	4.0	10.0	0.0	-0.008669731922970672	-2.2646818034475356	0.17117874159557184	14.27049996432375	20.164999798350003
372	6094848	10	6.0	4.898979485566356	10.0	0.0	10	8.0	4.0	10.0	0.0	-0.00883403466073549	-2.334513279055763	0.1399337165687997	13.249749966875626	9.826999901730002
376	6160384	10	6.0	4.898979485566356	10.0	0.0	10	9.0	3.0	10.0	0.0	-0.008708386972105114	-2.2956187747511136	0.1865659195269765	13.024749967438126	14.296999857030002
380	6225920	10	4.0	4.898979485566356	10.0	0.0	10	9.0	3.0	10.0	0.0	-0.008769348325885364	-2.254302675290524	0.16342121601575516	11.154249972114375	18.84899981151
384	6291456	10	3.0	4.58257569495584	10.0	0.0	10	9.0	3.0	10.0	0.0	-0.009711837955262743	-2.2817248674837187	0.1906984112182049	11.286249971784374	20.193999798060002
388	6356992	10	7.0	4.58257569495584	10.0	0.0	10	10.0	0.0	10.0	10.0	-0.00930911971372595	-2.2592621145279197	0.1697566427579271	10.899249972751875	18.896999811030003
392	6422528	10	4.0	4.898979485566356	10.0	0.0	10	6.0	4.898979485566356	10.0	0.0	-0.009011813382707734	-2.3235375034375583	0.19028930100182365	10.86349997284125	19.881999801180005
396	6488064	10	8.0	4.0	10.0	0.0	10	6.0	4.898979485566356	10.0	0.0	-0.009198269187387722	-2.251808121565859	0.19415558748408288	11.407749971480625	14.648999853510002
400	6553600	10	5.0	5.0	10.0	0.0	10	10.0	0.0	10.0	10.0	-0.008369308021163405	-2.319622436917593	0.1749541180336522	12.870249967824376	13.234999867650002
404	6619136	10	6.0	4.898979485566356	10.0	0.0	10	8.0	4.0	10.0	0.0	-0.008315695863573258	-2.3406917549715045	0.15581332463700254	13.229249966926876	10.656999893430001
408	6684672	10	6.0	4.898979485566356	10.0	0.0	10	7.0	4.58257569495584	10.0	0.0	-0.009113466138196186	-2.3235326605601707	0.12251046124035253	13.42449996643875	20.55399979446
412	6750208	10	6.0	4.898979485566356	10.0	0.0	10	6.0	4.898979485566356	10.0	0.0	-0.00854166357902465	-2.3178477955430306	0.1682057257876916	14.366249964084377	20.807999791920004
416	6815744	10	4.0	4.898979485566356	10.0	0.0	10	6.0	4.898979485566356	10.0	0.0	-0.0075755792002373855	-2.3725087267669283	0.1493331868201159	13.22649996693375	23.324999766750004
420	6881280	10	8.0	4.0	10.0	0.0	10	10.0	0.0	10.0	10.0	-0.009062546859812491	-2.4030349922657246	0.13795037907663468	12.543999968640001	12.616999873830004
424	6946816	10	2.0	4.0	10.0	0.0	10	6.0	4.898979485566356	10.0	0.0	-0.009031356192553129	-2.339900684609655	0.16960478999127013	13.070749967323126	20.785999792140004
428	7012352	10	6.0	4.898979485566356	10.0	0.0	10	8.0	4.0	10.0	0.0	-0.008136624729014715	-2.321762193994269	0.1695619225325387	13.454749966363124	17.57799982422
432	7077888	10	5.0	5.0	10.0	0.0	10	8.0	4.0	10.0	0.0	-0.00866153808147644	-2.2934314283326427	0.14932670970444079	13.408749966478126	28.403999715960005
436	7143424	10	6.0	4.898979485566356	10.0	0.0	10	9.0	3.0	10.0	0.0	-0.007793608248091348	-2.3129316243106834	0.20063523573573613	11.305999971735	2.2939999770600004
440	7208960	10	4.0	4.898979485566356	10.0	0.0	10	8.0	4.0	10.0	0.0	-0.0074408647189082135	-2.278976899644764	0.16848491999738718	13.428249966429375	21.220999787790003
444	7274496	10	2.0	4.0	10.0	0.0	10	10.0	0.0	10.0	10.0	-0.009753351491674878	-2.363161508989537	0.16546536374976206	13.24249996689375	13.137999868620001
448	7340032	10	7.0	4.58257569495584	10.0	0.0	10	10.0	0.0	10.0	10.0	-0.008235681856958835	-2.349664014829814	0.130094091316793	12.42049996894875	14.349999856500002
452	7405568	10	5.0	5.0	10.0	0.0	10	6.0	4.898979485566356	10.0	0.0	-0.008247895441905118	-2.34496251220913	0.15528507304002062	13.306749966733125	26.422999735770002
456	7471104	10	4.0	4.898979485566356	10.0	0.0	10	9.0	3.0	10.0	0.0	-0.007539703028490408	-2.315408217169058	0.13895446025715974	12.72549996818625	13.796999862030003
460	7536640	10	5.0	5.0	10.0	0.0	10	9.0	3.0	10.0	0.0	-0.007812833560612346	-2.3515185413295283	0.14154686823875479	12.341249969146878	16.002999839970002
464	7602176	10	7.0	4.58257569495584	10.0	0.0	10	8.0	4.0	10.0	0.0	-0.008988214469024773	-2.3253669165136093	0.13722842200781957	11.640249970899376	9.184999908150003
468	7667712	10	6.0	4.898979485566356	10.0	0.0	10	9.0	3.0	10.0	0.0	-0.008603282376208254	-2.27617628351979	0.14712540206208605	12.07199996982	13.823999861760003
472	7733248	10	4.0	4.898979485566356	10.0	0.0	10	7.0	4.58257569495584	10.0	0.0	-0.008434045600583001	-2.2647634891296646	0.19390329949400598	12.564749968588128	18.121999818780004
476	7798784	10	6.0	4.898979485566356	10.0	0.0	10	8.0	4.0	10.0	0.0	-0.009173258163127106	-2.2893863168954254	0.18056376548155298	12.254749969363127	14.549999854500003
480	7864320	10	5.0	5.0	10.0	0.0	10	6.0	4.898979485566356	10.0	0.0	-0.00880755539067157	-2.3062592494072227	0.1410713351262312	13.088249967279376	15.873999841260003
484	7929856	10	7.0	4.58257569495584	10.0	0.0	10	6.0	4.898979485566356	10.0	0.0	-0.008535086258861267	-2.2877589884004106	0.1676350903988353	13.90349996524125	12.932999870670002
488	7995392	10	4.0	4.898979485566356	10.0	0.0	10	6.0	4.898979485566356	10.0	0.0	-0.00866959735534727	-2.3177621660202394	0.14372792543587984	13.79249996551875	24.223999757760005
492	8060928	10	8.0	4.0	10.0	0.0	10	9.0	3.0	10.0	0.0	-0.008220938123236102	-2.278789646686168	0.19371547858385985	13.016249967459375	7.701999922980002
496	8126464	10	8.0	4.0	10.0	0.0	10	8.0	4.0	10.0	0.0	-0.009346283452271455	-2.2875106506150336	0.08815604796646154	13.477249966306875	12.331999876680003
500	8192000	10	7.0	4.58257569495584	10.0	0.0	10	8.0	4.0	10.0	0.0	-0.008327720409439467	-2.2841454394265908	0.1288391860688629	12.881749967795626	4.00499995995
504	8257536	10	5.0	5.0	10.0	0.0	10	7.0	4.58257569495584	10.0	0.0	-0.00814906223398187	-2.3340250772786733	0.1346142656262439	12.252749969368127	29.610999703890005
508	8323072	10	7.0	4.58257569495584	10.0	0.0	10	8.0	4.0	10.0	0.0	-0.007802324075273385	-2.3249241384428876	0.1625856217215599	11.67599997081	28.292999717070003
512	8388608	10	7.0	4.58257569495584	10.0	0.0	10	9.0	3.0	10.0	0.0	-0.00844802284127499	-2.2955647779100063	0.1691913593694657	13.222749966943125	29.770999702290005
516	8454144	10	6.0	4.898979485566356	10.0	0.0	10	7.0	4.58257569495584	10.0	0.0	-0.006905304698990026	-2.334284250691764	0.15415493114021736	12.04249996989375	16.290999837090002
520	8519680	10	5.0	5.0	10.0	0.0	10	8.0	4.0	10.0	0.0	-0.008896493124042896	-2.339873745793746	0.1813235766996809	13.177999967055001	30.627999693720007
524	8585216	10	9.0	3.0	10.0	0.0	10	8.0	4.0	10.0	0.0	-0.007511823430049527	-2.3439368255478343	0.16922636782384695	11.729249970676875	17.630999823690004
528	8650752	10	7.0	4.58257569495584	10.0	0.0	10	9.0	3.0	10.0	0.0	-0.00757751663738005	-2.337234762564225	0.18683207289232237	11.575749971060626	31.231999687680005
532	8716288	10	7.0	4.58257569495584	10.0	0.0	10	8.0	4.0	10.0	0.0	-0.008291760368941739	-2.392318586259233	0.18275915612115096	11.00399997249	33.8699996613
536	8781824	10	8.0	4.0	10.0	0.0	10	8.0	4.0	10.0	0.0	-0.008585721052152915	-2.3615507803880904	0.13474311961475377	11.047749972380624	32.61599967384001
540	8847360	10	7.0	4.58257569495584	10.0	0.0	10	8.0	4.0	10.0	0.0	-0.007885780068224286	-2.3457571836849347	0.16913453417930996	12.885999967784999	15.346999846530002
544	8912896	10	6.0	4.898979485566356	10.0	0.0	10	9.0	3.0	10.0	0.0	-0.008665215557819057	-2.3742312314620055	0.18595337904604908	11.29149997177125	18.575999814240003
548	8978432	10	7.0	4.58257569495584	10.0	0.0	10	8.0	4.0	10.0	0.0	-0.01005659750460975	-2.3761365982401808	0.14942479659798907	12.048249969879375	28.314999716850007
552	9043968	10	4.0	4.898979485566356	10.0	0.0	10	7.0	4.58257569495584	10.0	0.0	-0.008330611833764615	-2.3811329675220647	0.08102505012968322	13.279999966800002	16.43799983562
556	9109504	10	8.0	4.0	10.0	0.0	10	9.0	3.0	10.0	0.0	-0.008078615553805686	-2.3757865823814077	0.12207602036931801	12.431249968921875	7.349999926500001
560	9175040	10	4.0	4.898979485566356	10.0	0.0	10	7.0	4.58257569495584	10.0	0.0	-0.007266565518725118	-2.3611166425073336	0.15821714134946188	11.207249971981875	19.588999804110003
564	9240576	10	7.0	4.58257569495584	10.0	0.0	10	9.0	3.0	10.0	0.0	-0.007530583106749118	-2.349626625332856	0.1534560715309371	10.157999974605001	17.670999823290003
568	9306112	10	5.0	5.0	10.0	0.0	10	7.0	4.58257569495584	10.0	0.0	-0.0077224443100769305	-2.2797659831851216	0.21330007590304698	11.83849997040375	13.018999869810003
572	9371648	10	5.0	5.0	10.0	0.0	10	7.0	4.58257569495584	10.0	0.0	-0.008225223735029987	-2.3147102368447032	0.19275294482873218	12.621249968446875	26.361999736380003
576	9437184	10	4.0	4.898979485566356	10.0	0.0	10	10.0	0.0	10.0	10.0	-0.008998788960194373	-2.399039678025685	0.13995761034794088	12.1829999695425	17.37399982626
580	9502720	10	6.0	4.898979485566356	10.0	0.0	10	7.0	4.58257569495584	10.0	0.0	-0.008926220082058527	-2.3478547779260173	0.11432693998380199	12.707249968231876	25.304999746950003
584	9568256	10	8.0	4.0	10.0	0.0	10	10.0	0.0	10.0	10.0	-0.008231188746980414	-2.3216250362560746	0.20936177932649533	12.238749969403125	14.690999853090004
588	9633792	10	9.0	3.0	10.0	0.0	10	9.0	3.0	10.0	0.0	-0.006639187506067413	-2.363236725084182	0.15517625874620286	13.001999967495001	2.7189999728100003
592	9699328	10	8.0	4.0	10.0	0.0	10	7.0	4.58257569495584	10.0	0.0	-0.0076370986345185	-2.402745082724148	0.20341856123623253	12.507499968731251	15.287999847120004
596	9764864	10	7.0	4.58257569495584	10.0	0.0	10	6.0	4.898979485566356	10.0	0.0	-0.008760383635487097	-2.3714255365245918	0.15054460524099741	10.619749973450626	2.83199997168
600	9830400	10	6.0	4.898979485566356	10.0	0.0	10	8.0	4.0	10.0	0.0	-0.00808691033708521	-2.3630147648376423	0.1868175406124798	12.670249968324375	31.290999687090004
604	9895936	10	7.0	4.58257569495584	10.0	0.0	10	9.0	3.0	10.0	0.0	-0.007866835582201316	-2.3810923866930844	0.14562587283276518	10.64249997339375	20.232999797670004
608	9961472	10	8.0	4.0	10.0	0.0	10	10.0	0.0	10.0	10.0	-0.007182224434634374	-2.332442730422244	0.18279664263087747	11.831249970421876	2.6799999732000006
612	10027008	10	4.0	4.898979485566356	10.0	0.0	10	9.0	3.0	10.0	0.0	-0.008250478130371495	-2.3447101039232208	0.15156388320002195	12.784749968038126	12.135999878640002
616	10092544	10	3.0	4.58257569495584	10.0	0.0	10	8.0	4.0	10.0	0.0	-0.007863984934767951	-2.346158270790167	0.22386119217453046	13.06649996733375	26.155999738440002
620	10158080	10	7.0	4.58257569495584	10.0	0.0	10	9.0	3.0	10.0	0.0	-0.007266503690062639	-2.390613712121373	0.1722173631632742	11.9849999700375	15.026999849730002
624	10223616	10	7.0	4.58257569495584	10.0	0.0	10	7.0	4.58257569495584	10.0	0.0	-0.007152040733230198	-2.3894491143519163	0.1559426515433547	12.72399996819	4.470999955290001
628	10289152	10	7.0	4.58257569495584	10.0	0.0	10	10.0	0.0	10.0	10.0	-0.0074124187417368105	-2.359887291741915	0.16396753659005636	12.9589999676025	14.280999857190002
632	10354688	10	4.0	4.898979485566356	10.0	0.0	10	10.0	0.0	10.0	10.0	-0.007729945936366375	-2.3102167221484144	0.18118805921456568	12.766249968084377	14.461999855380002
636	10420224	10	3.0	4.58257569495584	10.0	0.0	10	6.0	4.898979485566356	10.0	0.0	-0.008304186712589914	-2.3411895506128753	0.15878895063161827	11.74949997062625	13.623999863760003
640	10485760	10	7.0	4.58257569495584	10.0	0.0	10	6.0	4.898979485566356	10.0	0.0	-0.00735703203507975	-2.367861062041632	0.1213282495222641	11.36749997158125	21.603999783960003
644	10551296	10	6.0	4.898979485566356	10.0	0.0	10	10.0	0.0	10.0	10.0	-0.006716146462983897	-2.3577722308563884	0.1305544286209448	10.998249972504375	10.125999898740002
648	10616832	10	7.0	4.58257569495584	10.0	0.0	10	6.0	4.898979485566356	10.0	0.0	-0.007335070706624928	-2.350872099154684	0.1558961612786135	12.086749969783126	14.792999852070002
652	10682368	10	7.0	4.58257569495584	10.0	0.0	10	5.0	5.0	10.0	0.0	-0.0061570362710228	-2.370038384945674	0.1520220888620211	12.873749967815625	10.151999898480002
656	10747904	10	5.0	5.0	10.0	0.0	10	9.0	3.0	10.0	0.0	-0.007849940163488032	-2.413179906454642	0.1200393612449124	12.877749967805624	14.385999856140002
660	10813440	10	5.0	5.0	10.0	0.0	10	9.0	3.0	10.0	0.0	-0.007976129655089433	-2.4261656351343768	0.12587235552344603	12.10649996973375	29.741999702580006
664	10878976	10	5.0	5.0	10.0	0.0	10	9.0	3.0	10.0	0.0	-0.007820704165264283	-2.352791823201668	0.1849289601476081	12.246249969384374	12.895999871040003
668	10944512	10	9.0	3.0	10.0	0.0	10	8.0	4.0	10.0	0.0	-0.006802256264461527	-2.3806421083712292	0.10629529008155478	13.29349996676625	5.507999944920001
672	11010048	10	5.0	5.0	10.0	0.0	10	8.0	4.0	10.0	0.0	-0.006693974852078089	-2.333986999844773	0.1690999762910292	13.300749966748127	17.86499982135
676	11075584	10	4.0	4.898979485566356	10.0	0.0	10	6.0	4.898979485566356	10.0	0.0	-0.007050574892242196	-2.37020726477252	0.1263265846320775	12.660999968347502	24.134999758650004
680	11141120	10	8.0	4.0	10.0	0.0	10	9.0	3.0	10.0	0.0	-0.006456277909753419	-2.4185669667983003	0.11972739674300767	13.16549996708625	22.849999771500006
684	11206656	10	4.0	4.898979485566356	10.0	0.0	10	8.0	4.0	10.0	0.0	-0.00684168745333385	-2.39027435307638	0.14560199531296394	13.478749966303123	23.56299976437
688	11272192	10	6.0	4.898979485566356	10.0	0.0	10	7.0	4.58257569495584	10.0	0.0	-0.006565677195413945	-2.3290848381874736	0.16713933998064365	11.81249997046875	7.159999928400001
692	11337728	10	6.0	4.898979485566356	10.0	0.0	10	8.0	4.0	10.0	0.0	-0.0075134146334732	-2.357871412985284	0.11758837420820689	13.778749965553123	25.924999740750003
696	11403264	10	4.0	4.898979485566356	10.0	0.0	10	8.0	4.0	10.0	0.0	-0.007343747186640851	-2.33325283453399	0.11371713208091844	12.070749969823124	28.624999713750004
700	11468800	10	5.0	5.0	10.0	0.0	10	7.0	4.58257569495584	10.0	0.0	-0.008241901905775529	-2.349675163381913	0.0842792407017265	11.276499971808748	13.493999865060003
704	11534336	10	4.0	4.898979485566356	10.0	0.0	10	8.0	4.0	10.0	0.0	-0.0076478794560814415	-2.363230061781602	0.1307772581018875	13.293249966766876	12.48499987515
708	11599872	10	7.0	4.58257569495584	10.0	0.0	10	9.0	3.0	10.0	0.0	-0.007302294108585844	-2.3319806404466172	0.14433135959989404	12.89999996775	7.635999923640001
712	11665408	10	4.0	4.898979485566356	10.0	0.0	10	10.0	0.0	10.0	10.0	-0.008383212610205963	-2.326488273596813	0.13141310537650097	13.171999967069999	15.061999849380001
716	11730944	10	4.0	4.898979485566356	10.0	0.0	10	6.0	4.898979485566356	10.0	0.0	-0.006785924887683714	-2.2986294674465766	0.16457952134304252	11.869749970325625	26.377999736220005
720	11796480	10	4.0	4.898979485566356	10.0	0.0	10	10.0	0.0	10.0	10.0	-0.00639663167197254	-2.2828066669510108	0.17341872621073395	12.938499967653751	12.890999871090003
724	11862016	10	5.0	5.0	10.0	0.0	10	8.0	4.0	10.0	0.0	-0.006425275861993908	-2.318704167760279	0.12773462985087786	13.986249965034375	23.299999767000003
728	11927552	10	6.0	4.898979485566356	10.0	0.0	10	8.0	4.0	10.0	0.0	-0.005947561228202913	-2.3283624199587636	0.15842160223885207	13.135749967160628	25.623999743760002
732	11993088	10	6.0	4.898979485566356	10.0	0.0	10	8.0	4.0	10.0	0.0	-0.007474240620598681	-2.3003478792893794	0.17583546199711642	13.3509999666225	18.382999816170003
736	12058624	10	7.0	4.58257569495584	10.0	0.0	10	10.0	0.0	10.0	10.0	-0.0069568725222809115	-2.304182087141662	0.09757037145466257	13.330249966674375	7.474999925250001
740	12124160	10	7.0	4.58257569495584	10.0	0.0	10	9.0	3.0	10.0	0.0	-0.006283877899429134	-2.320353800810072	0.16951615404279274	11.124999972187501	3.445999965540001
744	12189696	10	8.0	4.0	10.0	0.0	10	8.0	4.0	10.0	0.0	-0.007689685439908572	-2.2886258907715678	0.20214125232528043	13.482999966292502	14.683999853160001
748	12255232	10	6.0	4.898979485566356	10.0	0.0	10	10.0	0.0	10.0	10.0	-0.007019512694141095	-2.3000471465377235	0.14901971668004904	12.65049996837375	20.782999792170006
752	12320768	10	3.0	4.58257569495584	10.0	0.0	10	9.0	3.0	10.0	0.0	-0.0073711018550564125	-2.3082493193526687	0.20891297202864673	10.83149997292125	30.936999690630007
756	12386304	10	8.0	4.0	10.0	0.0	10	9.0	3.0	10.0	0.0	-0.007368538797123676	-2.3545976030360682	0.15562486204560252	11.850249970374376	10.541999894580002
760	12451840	10	3.0	4.58257569495584	10.0	0.0	10	7.0	4.58257569495584	10.0	0.0	-0.006785838946497704	-2.2748478698347654	0.15105693079509885	10.758749973103127	33.5499996645
764	12517376	10	5.0	5.0	10.0	0.0	10	8.0	4.0	10.0	0.0	-0.007055885734970195	-2.2124423009832785	0.18556671184106857	10.840749972898125	17.645999823540002
768	12582912	10	6.0	4.898979485566356	10.0	0.0	10	8.0	4.0	10.0	0.0	-0.006619077732989566	-2.269891281686211	0.16918211030796537	11.24949997187625	17.323999826760005
772	12648448	10	4.0	4.898979485566356	10.0	0.0	10	8.0	4.0	10.0	0.0	-0.005643160752412776	-2.3237323336366202	0.1632091307376934	12.00149996999625	17.478999825210003
776	12713984	10	5.0	5.0	10.0	0.0	10	7.0	4.58257569495584	10.0	0.0	-0.0073169649396386096	-2.308096666890361	0.18670145653106066	12.511749968720624	28.523999714760006
780	12779520	10	4.0	4.898979485566356	10.0	0.0	10	9.0	3.0	10.0	0.0	-0.006111950011442467	-2.298495414116964	0.2335784104409392	11.965749970085623	17.987999820120002
784	12845056	10	8.0	4.0	10.0	0.0	10	8.0	4.0	10.0	0.0	-0.006261130934899086	-2.3308634556885472	0.19351357444657247	12.4109999689725	15.780999842190003
788	12910592	10	5.0	5.0	10.0	0.0	10	8.0	4.0	10.0	0.0	-0.005823308727485444	-2.3474824624795203	0.19549262824294578	12.361999969095	15.496999845030002
792	12976128	10	3.0	4.58257569495584	10.0	0.0	10	9.0	3.0	10.0	0.0	-0.007464595184330144	-2.376355449111085	0.1672711642672845	12.313749969215625	24.639999753600005
796	13041664	10	5.0	5.0	10.0	0.0	10	5.0	5.0	10.0	0.0	-0.006906071512162905	-2.3191442313361366	0.19903268950159836	12.186249969534376	28.269999717300003
800	13107200	10	5.0	5.0	10.0	0.0	10	10.0	0.0	10.0	10.0	-0.007182211100229387	-2.304511939245814	0.16011600683638016	13.309999966725	16.610999833890002
804	13172736	10	6.0	4.898979485566356	10.0	0.0	10	9.0	3.0	10.0	0.0	-0.006772001343558912	-2.2876135282319052	0.10513698619005639	11.230249971924374	16.130999838690002
808	13238272	10	6.0	4.898979485566356	10.0	0.0	10	8.0	4.0	10.0	0.0	-0.006622958520203116	-2.3150997457476894	0.1441799735228597	12.555749968610625	19.508999804910005
812	13303808	10	5.0	5.0	10.0	0.0	10	9.0	3.0	10.0	0.0	-0.007857584667757132	-2.296460238356589	0.16069639464718574	11.52849997117875	3.6289999637100006
816	13369344	10	8.0	4.0	10.0	0.0	10	8.0	4.0	10.0	0.0	-0.006121661193263999	-2.3197541507648984	0.13426666297948223	12.464749968838126	17.512999824870004
820	13434880	10	4.0	4.898979485566356	10.0	0.0	10	8.0	4.0	10.0	0.0	-0.006977013381887662	-2.32439009324339	0.1245735743496567	12.182749969543126	12.817999871820001
824	13500416	10	4.0	4.898979485566356	10.0	0.0	10	9.0	3.0	10.0	0.0	-0.007679142205040221	-2.304962135611283	0.18573565561873137	11.7689999705775	13.742999862570002
828	13565952	10	5.0	5.0	10.0	0.0	10	9.0	3.0	10.0	0.0	-0.007331808807515338	-2.3010560147550865	0.1251937231151362	13.194749967013124	25.171999748280005
832	13631488	10	7.0	4.58257569495584	10.0	0.0	10	10.0	0.0	10.0	10.0	-0.006704812238148177	-2.277503157418158	0.1218513257596994	12.673499968316252	15.403999845960003
836	13697024	10	5.0	5.0	10.0	0.0	10	7.0	4.58257569495584	10.0	0.0	-0.0065362331557341545	-2.3443228450955744	0.10673957611874495	12.785999968035002	29.077999709220006
840	13762560	10	5.0	5.0	10.0	0.0	10	9.0	3.0	10.0	0.0	-0.007500533877168235	-2.376679631323404	0.1636316925504848	12.809999967975001	15.735999842640004
844	13828096	10	6.0	4.898979485566356	10.0	0.0	10	10.0	0.0	10.0	10.0	-0.006892949434171775	-2.426643348977514	0.13588432950725304	12.653999968365	21.233999787660004
848	13893632	10	4.0	4.898979485566356	10.0	0.0	10	9.0	3.0	10.0	0.0	-0.007577173363763147	-2.352130897098145	0.172517996341025	11.773999970564999	28.515999714840003
852	13959168	10	6.0	4.898979485566356	10.0	0.0	10	8.0	4.0	10.0	0.0	-0.007017863193319705	-2.3608427690987264	0.17298138364899812	13.317749966705625	17.081999829180003
856	14024704	10	6.0	4.898979485566356	10.0	0.0	10	9.0	3.0	10.0	0.0	-0.008073195489252633	-2.296265778203029	0.1869761171400737	12.326749969183124	25.379999746200003
860	14090240	10	7.0	4.58257569495584	10.0	0.0	10	7.0	4.58257569495584	10.0	0.0	-0.007021655766823149	-2.3175645915239906	0.196248004192533	12.862249967844376	14.033999859660003
864	14155776	10	5.0	5.0	10.0	0.0	10	9.0	3.0	10.0	0.0	-0.006782965588375309	-2.313324667272399	0.14421243630399627	12.378499969053749	11.855999881440002
868	14221312	10	9.0	3.0	10.0	0.0	10	6.0	4.898979485566356	10.0	0.0	-0.0062451185361030465	-2.295316681026735	0.11641302893743485	14.215749964460626	13.642999863570003
872	14286848	10	4.0	4.898979485566356	10.0	0.0	10	10.0	0.0	10.0	10.0	-0.006882928284429315	-2.2695295460641605	0.1180674562030109	13.278499966803752	13.770999862290003
876	14352384	10	6.0	4.898979485566356	10.0	0.0	10	9.0	3.0	10.0	0.0	-0.006664712153515217	-2.2959165024352624	0.17496496219848948	12.112749969718125	16.57799983422
880	14417920	10	5.0	5.0	10.0	0.0	10	10.0	0.0	10.0	10.0	-0.005907059621061716	-2.2984726352085545	0.15236556241253843	11.837499970406249	14.541999854580002
884	14483456	10	7.0	4.58257569495584	10.0	0.0	10	7.0	4.58257569495584	10.0	0.0	-0.006597536843320116	-2.3523535452816264	0.1332548503469946	12.339249969151876	14.768999852310003
888	14548992	10	7.0	4.58257569495584	10.0	0.0	10	9.0	3.0	10.0	0.0	-0.006857904764924157	-2.289788822094498	0.1728095377925829	12.78399996804	11.21599988784
892	14614528	10	6.0	4.898979485566356	10.0	0.0	10	8.0	4.0	10.0	0.0	-0.006330852563473773	-2.349049918108865	0.15208230992591928	14.198499964503752	12.47899987521
896	14680064	10	7.0	4.58257569495584	10.0	0.0	10	7.0	4.58257569495584	10.0	0.0	-0.007406806545821697	-2.285229049384968	0.20344908727386773	13.669499965826251	13.342999866570002
900	14745600	10	6.0	4.898979485566356	10.0	0.0	10	8.0	4.0	10.0	0.0	-0.006736044322583594	-2.3222697772150163	0.1596399786094929	13.540499966148753	17.148999828510004
904	14811136	10	7.0	4.58257569495584	10.0	0.0	10	8.0	4.0	10.0	0.0	-0.005979291710884211	-2.2391752573502117	0.1384011694706853	12.981999967544999	22.063999779360003
908	14876672	10	6.0	4.898979485566356	10.0	0.0	10	8.0	4.0	10.0	0.0	-0.00593488667981267	-2.266747536522462	0.14548980334499903	11.954749970113124	24.691999753080005
912	14942208	10	5.0	5.0	10.0	0.0	10	7.0	4.58257569495584	10.0	0.0	-0.006743344395145869	-2.3030375488186965	0.19871540559558884	12.491249968771877	25.726999742730005
916	15007744	10	8.0	4.0	10.0	0.0	10	10.0	0.0	10.0	10.0	-0.006434576975694986	-2.315366998073673	0.17545477749193927	12.153249969616875	16.28699983713
920	15073280	10	6.0	4.898979485566356	10.0	0.0	10	8.0	4.0	10.0	0.0	-0.0066228111602335705	-2.325117528196368	0.1619581127913842	12.756749968108126	3.4769999652300005
924	15138816	10	6.0	4.898979485566356	10.0	0.0	10	8.0	4.0	10.0	0.0	-0.0062418059563107	-2.2698409952342407	0.19865202746457836	13.483749966290624	19.839999801600005
928	15204352	10	7.0	4.58257569495584	10.0	0.0	10	7.0	4.58257569495584	10.0	0.0	-0.00631047659584866	-2.3533279843660546	0.14962918666805847	13.546749966133124	24.460999755390002
932	15269888	10	5.0	5.0	10.0	0.0	10	8.0	4.0	10.0	0.0	-0.006904913592015112	-2.3579446919289744	0.2373937730585361	13.434749966413126	30.910999690890005
936	15335424	10	6.0	4.898979485566356	10.0	0.0	10	8.0	4.0	10.0	0.0	-0.007935045863412456	-2.357004490745912	0.14944453357403933	11.438499971403752	19.317999806820005
940	15400960	10	8.0	4.0	10.0	0.0	10	9.0	3.0	10.0	0.0	-0.0052625398718470036	-2.3513405544096666	0.11399598162365124	10.928249972679376	12.995999870040002
944	15466496	10	2.0	4.0	10.0	0.0	10	8.0	4.0	10.0	0.0	-0.006612821352891191	-2.3359937938601307	0.10253481843294421	12.972999967567501	26.49599973504
948	15532032	10	7.0	4.58257569495584	10.0	0.0	10	5.0	5.0	10.0	0.0	-0.006105891959396719	-2.3212005543277705	0.10371950667357614	13.524749966188127	20.237999797620002
952	15597568	10	7.0	4.58257569495584	10.0	0.0	10	8.0	4.0	10.0	0.0	-0.007374049316381781	-2.294144379356942	0.1650260881116075	13.193749967015625	26.732999732670006
956	15663104	10	8.0	4.0	10.0	0.0	10	8.0	4.0	10.0	0.0	-0.006778217148066997	-2.327762260790583	0.1325521163775967	13.07049996732375	7.119999928800001
960	15728640	10	3.0	4.58257569495584	10.0	0.0	10	6.0	4.898979485566356	10.0	0.0	-0.006944942990719857	-2.3081667495349754	0.1739964114010385	13.969249965076875	10.014999899850002
964	15794176	10	7.0	4.58257569495584	10.0	0.0	10	9.0	3.0	10.0	0.0	-0.006545085987985392	-2.3607430530115545	0.15540884689671713	14.717749963205623	2.7479999725200006
968	15859712	10	5.0	5.0	10.0	0.0	10	7.0	4.58257569495584	10.0	0.0	-0.007035019753427691	-2.299378444511585	0.1541052546657283	11.170999972072499	29.177999708220007
972	15925248	10	5.0	5.0	10.0	0.0	10	9.0	3.0	10.0	0.0	-0.007645226158084406	-2.297489769517472	0.19444542686602562	12.570749968573123	24.402999755970004
976	15990784	10	6.0	4.898979485566356	10.0	0.0	10	9.0	3.0	10.0	0.0	-0.006489778920322389	-2.3044157944702746	0.14177716490887957	13.245249966886874	13.887999861120003
980	16056320	10	5.0	5.0	10.0	0.0	10	10.0	0.0	10.0	10.0	-0.006702837274041461	-2.3043335723463425	0.10363859006986786	13.137749967155626	15.217999847820002
984	16121856	10	5.0	5.0	10.0	0.0	10	9.0	3.0	10.0	0.0	-0.00704338981861532	-2.222685197757616	0.19252204660183447	12.458749968853123	14.813999851860002
988	16187392	10	7.0	4.58257569495584	10.0	0.0	10	8.0	4.0	10.0	0.0	-0.0071418315339379	-2.255307520194365	0.16356901601581378	11.8889999702775	19.896999801030002
992	16252928	10	8.0	4.0	10.0	0.0	10	8.0	4.0	10.0	0.0	-0.006808209125562739	-2.3044176645660044	0.10432073226431253	11.91449997021375	19.397999806020003
996	16318464	10	4.0	4.898979485566356	10.0	0.0	10	8.0	4.0	10.0	0.0	-0.006796865771825533	-2.312305390593943	0.21690591282745775	12.2149999694625	5.654999943450001
1000	16384000	10	6.0	4.898979485566356	10.0	0.0	10	8.0	4.0	10.0	0.0	-0.00715471633082466	-2.311044119057724	0.19850605033443383	11.85049997037375	18.908999810910004
1004	16449536	10	3.0	4.58257569495584	10.0	0.0	10	9.0	3.0	10.0	0.0	-0.007095716791070399	-2.300138445952349	0.1687389306237861	11.554499971113751	31.963999680360004
1008	16515072	10	7.0	4.58257569495584	10.0	0.0	10	9.0	3.0	10.0	0.0	-0.007296466556451969	-2.2773523676009995	0.1468604744530661	12.890249967774375	13.823999861760003
1012	16580608	10	4.0	4.898979485566356	10.0	0.0	10	10.0	0.0	10.0	10.0	-0.006584379144665831	-2.2877018151284427	0.10589811425949958	13.232249966919376	13.574999864250001
1016	16646144	10	8.0	4.0	10.0	0.0	10	6.0	4.898979485566356	10.0	0.0	-0.005459324795727355	-2.281088376801024	0.11658494239234693	13.34249996664375	17.847999821520002
1020	16711680	10	7.0	4.58257569495584	10.0	0.0	10	9.0	3.0	10.0	0.0	-0.006641419535819909	-2.2648912467186735	0.13306326483697672	13.02799996743	4.7979999520200005
1024	16777216	10	4.0	4.898979485566356	10.0	0.0	10	10.0	0.0	10.0	10.0	-0.005092570458221782	-2.3596311457480734	0.13418258418638748	11.31049997172375	18.706999812930004
1028	16842752	10	7.0	4.58257569495584	10.0	0.0	10	10.0	0.0	10.0	10.0	-0.006914885932208581	-2.3962653450655274	0.1028287998429333	11.13549997216125	17.898999821010005
1032	16908288	10	6.0	4.898979485566356	10.0	0.0	10	9.0	3.0	10.0	0.0	-0.006078040932428727	-2.353268089148642	0.14621485706137444	12.337499969156253	21.290999787090005
1036	16973824	10	5.0	5.0	10.0	0.0	10	9.0	3.0	10.0	0.0	-0.007204925499998476	-2.31905220424814	0.1310767317442279	12.762999968092501	13.070999869290002
1040	17039360	10	4.0	4.898979485566356	10.0	0.0	10	7.0	4.58257569495584	10.0	0.0	-0.0068003355401935	-2.3027219844446	0.17944838958475337	13.210249966974375	14.522999854770003
1044	17104896	10	4.0	4.898979485566356	10.0	0.0	10	9.0	3.0	10.0	0.0	-0.006617415620508313	-2.3120463264560343	0.13624158166481953	12.645999968385	16.523999834760005
1048	17170432	10	6.0	4.898979485566356	10.0	0.0	10	8.0	4.0	10.0	0.0	-0.006254310442530985	-2.288244902849257	0.14860667608837777	12.818249967954376	17.85399982146
1052	17235968	10	7.0	4.58257569495584	10.0	0.0	10	6.0	4.898979485566356	10.0	0.0	-0.007008027832729585	-2.2530885833141667	0.09994320429712987	12.16549996958625	13.911999860880004
1056	17301504	10	2.0	4.0	10.0	0.0	10	10.0	0.0	10.0	10.0	-0.006473717554331611	-2.3082518972535553	0.14927240079266096	13.491749966270625	13.845999861540003
1060	17367040	10	4.0	4.898979485566356	10.0	0.0	10	9.0	3.0	10.0	0.0	-0.00682444197617319	-2.2976142488510187	0.1752466813400999	12.449499968876252	12.635999873640001
1064	17432576	10	6.0	4.898979485566356	10.0	0.0	10	8.0	4.0	10.0	0.0	-0.006267650372394337	-2.252841166917257	0.12519559705257147	12.747249968131875	20.284999797150004
1068	17498112	10	6.0	4.898979485566356	10.0	0.0	10	9.0	3.0	10.0	0.0	-0.006657533898673284	-2.2412550794730457	0.11846168830843358	12.920499967698749	11.951999880480003
1072	17563648	10	5.0	5.0	10.0	0.0	10	8.0	4.0	10.0	0.0	-0.005876865312524	-2.289905083437647	0.11779144886274999	13.677249965806876	21.644999783550002
1076	17629184	10	7.0	4.58257569495584	10.0	0.0	10	7.0	4.58257569495584	10.0	0.0	-0.006132498254341314	-2.221593123939682	0.13948939766368365	14.164749964588127	9.486999905130002
1080	17694720	10	7.0	4.58257569495584	10.0	0.0	10	9.0	3.0	10.0	0.0	-0.006530694495497321	-2.188967215290139	0.11067133263773746	13.503249966241876	12.354999876450002
1084	17760256	10	6.0	4.898979485566356	10.0	0.0	10	9.0	3.0	10.0	0.0	-0.00614599905077686	-2.230823062127909	0.1381131021239661	12.13449996966375	15.140999848590003
1088	17825792	10	4.0	4.898979485566356	10.0	0.0	10	7.0	4.58257569495584	10.0	0.0	-0.006077362231102547	-2.213459541169705	0.14094839406594184	11.9709999700725	29.913999700860007
1092	17891328	10	6.0	4.898979485566356	10.0	0.0	10	8.0	4.0	10.0	0.0	-0.005879883440375029	-2.2249763084120495	0.11968408426730603	12.073999969815	15.268999847310003
1096	17956864	10	8.0	4.0	10.0	0.0	10	10.0	0.0	10.0	10.0	-0.007252363899626927	-2.309875887888463	0.1401998157816184	12.492249968769375	19.737999802620003
1100	18022400	10	6.0	4.898979485566356	10.0	0.0	10	8.0	4.0	10.0	0.0	-0.006513330234084313	-2.278505243123652	0.10013636446989445	13.312249966719376	20.287999797120005
1104	18087936	10	6.0	4.898979485566356	10.0	0.0	10	10.0	0.0	10.0	10.0	-0.006283698995758015	-2.2362794675087025	0.12135593842149392	12.646749968383125	13.691999863080003
1108	18153472	10	7.0	4.58257569495584	10.0	0.0	10	10.0	0.0	10.0	10.0	-0.005817662853587858	-2.2631454688933412	0.08642159250130309	13.177749967055625	12.595999874040002
1112	18219008	10	5.0	5.0	10.0	0.0	10	9.0	3.0	10.0	0.0	-0.006275804756370431	-2.200609929630408	0.10650902496472668	12.289749969275626	16.87499983125
1116	18284544	10	8.0	4.0	10.0	0.0	10	10.0	0.0	10.0	10.0	-0.006342112750590139	-2.1874316282775315	0.11382198371359695	11.277249971806876	16.21399983786
1120	18350080	10	7.0	4.58257569495584	10.0	0.0	10	9.0	3.0	10.0	0.0	-0.005654476131305618	-2.2359814095154804	0.10085303717561665	11.262249971844376	18.305999816940005
1124	18415616	10	6.0	4.898979485566356	10.0	0.0	10	7.0	4.58257569495584	10.0	0.0	-0.006945739482523841	-2.2449403353180495	0.18513651904273729	11.38549997153625	18.063999819360003
1128	18481152	10	5.0	5.0	10.0	0.0	10	8.0	4.0	10.0	0.0	-0.006680777387890127	-2.236580528085905	0.08539430885462289	11.802749970493124	16.38599983614
1132	18546688	10	3.0	4.58257569495584	10.0	0.0	10	10.0	0.0	10.0	10.0	-0.005796662537252596	-2.2263782593275576	0.11019775037437173	12.661749968345626	13.972999860270003
1136	18612224	10	6.0	4.898979485566356	10.0	0.0	10	9.0	3.0	10.0	0.0	-0.007174214211631794	-2.268195194266401	0.19224365437729088	12.84249996789375	17.79299982207
1140	18677760	10	5.0	5.0	10.0	0.0	10	10.0	0.0	10.0	10.0	-0.006353966203525728	-2.2203240019750417	0.1689949665663437	12.438999968902502	19.536999804630003
1144	18743296	10	5.0	5.0	10.0	0.0	10	10.0	0.0	10.0	10.0	-0.006906694519671533	-2.244588548704622	0.1669873713419364	12.1999999695	15.799999842000004
1148	18808832	10	5.0	5.0	10.0	0.0	10	8.0	4.0	10.0	0.0	-0.00660578427709281	-2.285576782882551	0.11967237556348387	12.362999969092499	13.241999867580002
1152	18874368	10	8.0	4.0	10.0	0.0	10	8.0	4.0	10.0	0.0	-0.005632453660553651	-2.2878063269059914	0.19323727688291428	13.42249996644375	1.5039999849600003
1156	18939904	10	3.0	4.58257569495584	10.0	0.0	10	9.0	3.0	10.0	0.0	-0.006679576720278696	-2.2748124472910844	0.17955910303932612	14.226749964433125	15.142999848570003
1160	19005440	10	4.0	4.898979485566356	10.0	0.0	10	8.0	4.0	10.0	0.0	-0.006514281441244659	-2.2588529087733646	0.1476764083530903	11.13249997216875	28.775999712240004
1164	19070976	10	6.0	4.898979485566356	10.0	0.0	10	8.0	4.0	10.0	0.0	-0.0064287030841997305	-2.3026109062220192	0.13253060261269722	13.254249966864375	29.127999708720004
1168	19136512	10	5.0	5.0	10.0	0.0	10	9.0	3.0	10.0	0.0	-0.007005676143790838	-2.260125462972133	0.15553683083591688	12.331249969171877	3.6989999630100003
1172	19202048	10	5.0	5.0	10.0	0.0	10	8.0	4.0	10.0	0.0	-0.007322606792356955	-2.2630761511750013	0.17160483599249862	12.06149996984625	28.369999716300004
1176	19267584	10	3.0	4.58257569495584	10.0	0.0	10	7.0	4.58257569495584	10.0	0.0	-0.008020465193489807	-2.2891175719697956	0.1284596286580265	11.300999971747501	18.697999813020004
1180	19333120	10	4.0	4.898979485566356	10.0	0.0	10	9.0	3.0	10.0	0.0	-0.0067512624826971904	-2.2479898231866766	0.16051576059812675	12.16949996957625	33.819999661800004
1184	19398656	10	7.0	4.58257569495584	10.0	0.0	10	10.0	0.0	10.0	10.0	-0.008388093766406464	-2.2594250487914502	0.15166767780098092	11.997999970005	32.713999672860005
1188	19464192	10	3.0	4.58257569495584	10.0	0.0	10	7.0	4.58257569495584	10.0	0.0	-0.005824159825351317	-2.287696105500179	0.1546761554427132	12.669999968325	17.9699998203
1192	19529728	10	8.0	4.0	10.0	0.0	10	8.0	4.0	10.0	0.0	-0.00664488368229796	-2.3065917638521753	0.1209151168848784	11.28949997177625	18.990999810090003
1196	19595264	10	6.0	4.898979485566356	10.0	0.0	10	7.0	4.58257569495584	10.0	0.0	-0.00681701655098783	-2.3308659640506812	0.09875766652538825	12.37949996905125	28.771999712280003
1200	19660800	10	8.0	4.0	10.0	0.0	10	10.0	0.0	10.0	10.0	-0.007553374175708898	-2.2886183309157895	0.13058901198477843	11.6949999707625	16.558999834410002
1204	19726336	10	6.0	4.898979485566356	10.0	0.0	10	9.0	3.0	10.0	0.0	-0.0063970596280347874	-2.2951246621800845	0.17188407478926246	12.589749968525624	18.744999812550002
1208	19791872	10	6.0	4.898979485566356	10.0	0.0	10	9.0	3.0	10.0	0.0	-0.007438667748357478	-2.3137428584271533	0.14619319294608685	13.152249967119374	17.431999825680002
1212	19857408	10	5.0	5.0	10.0	0.0	10	10.0	0.0	10.0	10.0	-0.006838102506556862	-2.267144220334562	0.11423746262418362	12.073999969814999	17.635999823640002
1216	19922944	10	6.0	4.898979485566356	10.0	0.0	10	8.0	4.0	10.0	0.0	-0.006032503797519666	-2.2939698619241113	0.09537138051601705	12.858249967854375	15.533999844660004
1220	19988480	10	4.0	4.898979485566356	10.0	0.0	10	10.0	0.0	10.0	10.0	-0.007413229744225595	-2.3450305062076504	0.11029197806119674	13.069749967325624	13.797999862020003
1224	20054016	10	5.0	5.0	10.0	0.0	10	8.0	4.0	10.0	0.0	-0.006004707996282619	-2.27204290505425	0.1066078160157515	13.75199996562	28.189999718100005
1228	20119552	10	5.0	5.0	10.0	0.0	10	10.0	0.0	10.0	10.0	-0.006670300363023398	-2.260917360348429	0.12950404557447434	11.168749972078125	17.606999823930003
1232	20185088	10	2.0	4.0	10.0	0.0	10	8.0	4.0	10.0	0.0	-0.005783031291385658	-2.3150991695694567	0.0833687816543275	10.78749997303125	20.835999791640003
1236	20250624	10	4.0	4.898979485566356	10.0	0.0	10	10.0	0.0	10.0	10.0	-0.007208334460763349	-2.3414076042716556	0.16108254489052717	11.958749970103126	12.53299987467
1240	20316160	10	5.0	5.0	10.0	0.0	10	9.0	3.0	10.0	0.0	-0.00660342689592989	-2.2706043246010044	0.18983114211938132	12.700999968247501	17.400999825990002
1244	20381696	10	5.0	5.0	10.0	0.0	10	8.0	4.0	10.0	0.0	-0.00661335640013557	-2.3500819501813015	0.0936268145838858	12.1609999695975	27.544999724550006
1248	20447232	10	7.0	4.58257569495584	10.0	0.0	10	8.0	4.0	10.0	0.0	-0.006366268658230961	-2.3329819388740947	0.12676941485686327	11.524249971189374	15.420999845790002
1252	20512768	10	7.0	4.58257569495584	10.0	0.0	10	4.0	4.898979485566356	10.0	0.0	-0.006684397361127066	-2.2966623105199906	0.12937799713701256	12.746499968133751	22.014999779850005
1256	20578304	10	6.0	4.898979485566356	10.0	0.0	10	10.0	0.0	10.0	10.0	-0.007205653201261204	-2.3279129785854624	0.11273169629847739	13.6149999659625	16.43799983562
1260	20643840	10	6.0	4.898979485566356	10.0	0.0	10	9.0	3.0	10.0	0.0	-0.006542385916494838	-2.2776669907184135	0.14314910325593225	12.4349999689125	14.730999852690003
1264	20709376	10	6.0	4.898979485566356	10.0	0.0	10	10.0	0.0	10.0	10.0	-0.006697864882183127	-2.2521167643505815	0.11440981286938315	10.695999973260001	15.919999840800003
1268	20774912	10	5.0	5.0	10.0	0.0	10	10.0	0.0	10.0	10.0	-0.005082250248431517	-2.305419084686298	0.09114444573081315	11.4889999712775	15.102999848970002
1272	20840448	10	6.0	4.898979485566356	10.0	0.0	10	9.0	3.0	10.0	0.0	-0.006046956324378176	-2.2200892689498333	0.12468637423843212	12.85349996786625	13.003999869960001
1276	20905984	10	5.0	5.0	10.0	0.0	10	9.0	3.0	10.0	0.0	-0.00543691888443448	-2.2689078646521645	0.0995294448893528	13.822249965444376	13.884999861150002
1280	20971520	10	5.0	5.0	10.0	0.0	10	8.0	4.0	10.0	0.0	-0.006274607931677279	-2.227682913111061	0.11205994247378126	12.987749967530627	14.976999850230003
1284	21037056	10	5.0	5.0	10.0	0.0	10	10.0	0.0	10.0	10.0	-0.006247402248195129	-2.2945897378120765	0.13575615072760971	11.60549997098625	19.869999801300004
1288	21102592	10	10.0	0.0	10.0	10.0	10	9.0	3.0	10.0	0.0	-0.006591345111317796	-2.273911053698821	0.08589992409375706	10.585999973535001	19.953999800460004
1292	21168128	10	5.0	5.0	10.0	0.0	10	8.0	4.0	10.0	0.0	-0.006448641166505774	-2.2497168180983262	0.09729983346144097	11.259249971851874	13.070999869290002
1296	21233664	10	6.0	4.898979485566356	10.0	0.0	10	10.0	0.0	10.0	10.0	-0.005890024837443646	-2.2970413314890243	0.13037563401158067	13.281499966796252	13.034999869650003
1300	21299200	10	6.0	4.898979485566356	10.0	0.0	10	8.0	4.0	10.0	0.0	-0.007040861942362964	-2.227086263166341	0.10100431049471055	13.066249967334375	14.418999855810004
1304	21364736	10	4.0	4.898979485566356	10.0	0.0	10	7.0	4.58257569495584	10.0	0.0	-0.005862639765226538	-2.298176944016435	0.10212934924157059	12.69649996825875	31.340999686590006
1308	21430272	10	4.0	4.898979485566356	10.0	0.0	10	9.0	3.0	10.0	0.0	-0.005226607074959899	-2.3521517835590826	0.08916458787321464	12.816749967958126	31.645999683540005
1312	21495808	10	7.0	4.58257569495584	10.0	0.0	10	7.0	4.58257569495584	10.0	0.0	-0.00655418298924754	-2.3366201939731712	0.07602743753216211	12.194749969513124	18.865999811340004
1316	21561344	10	8.0	4.0	10.0	0.0	10	10.0	0.0	10.0	10.0	-0.004814864109098569	-2.248971201245167	0.07672526882550221	11.119749972200625	19.65899980341
1320	21626880	10	4.0	4.898979485566356	10.0	0.0	10	8.0	4.0	10.0	0.0	-0.0058784831629297716	-2.2540141093369814	0.10079640240212229	11.576249971059378	30.198999698010006
1324	21692416	10	5.0	5.0	10.0	0.0	10	7.0	4.58257569495584	10.0	0.0	-0.0062502813124872825	-2.2844269471967817	0.08836409264332612	13.833749965415626	13.937999860620003
1328	21757952	10	5.0	5.0	10.0	0.0	10	10.0	0.0	10.0	10.0	-0.006343204112703003	-2.28990790969122	0.1336477518058864	12.29149996927125	16.084999839150004
1332	21823488	10	6.0	4.898979485566356	10.0	0.0	10	9.0	3.0	10.0	0.0	-0.006315960278949767	-2.21929403371343	0.07817638441493993	12.613249968466876	17.828999821710003
1336	21889024	10	7.0	4.58257569495584	10.0	0.0	10	9.0	3.0	10.0	0.0	-0.005411339718236279	-2.263776694499081	0.11835345182266307	13.19549996701125	13.993999860060002
1340	21954560	10	2.0	4.0	10.0	0.0	10	9.0	3.0	10.0	0.0	-0.006312827241900148	-2.2726704177873263	0.0965698952200967	13.63649996590875	13.319999866800002
1344	22020096	10	7.0	4.58257569495584	10.0	0.0	10	9.0	3.0	10.0	0.0	-0.005476776313455713	-2.3116493471042374	0.1264048581811244	13.189249967026875	14.946999850530002
1348	22085632	10	6.0	4.898979485566356	10.0	0.0	10	8.0	4.0	10.0	0.0	-0.006112104099247485	-2.229489162332039	0.10536162177710684	12.836749967908128	15.676999843230002
1352	22151168	10	6.0	4.898979485566356	10.0	0.0	10	9.0	3.0	10.0	0.0	-0.0059637151031441075	-2.2597690569987354	0.11950179733410535	13.040749967398124	12.615999873840002
1356	22216704	10	5.0	5.0	10.0	0.0	10	7.0	4.58257569495584	10.0	0.0	-0.006938448211444959	-2.25923470135838	0.07703336251310597	13.211499966971251	24.34199975658
1360	22282240	10	5.0	5.0	10.0	0.0	10	9.0	3.0	10.0	0.0	-0.00519126354575331	-2.2693898700297246	0.10096679908180645	13.545749966135626	27.423999725760005
1364	22347776	10	7.0	4.58257569495584	10.0	0.0	10	8.0	4.0	10.0	0.0	-0.006020800471842833	-2.206803507873018	0.16025822004574233	12.390249969024374	18.24899981751
1368	22413312	10	6.0	4.898979485566356	10.0	0.0	10	7.0	4.58257569495584	10.0	0.0	-0.006336591807310094	-2.2742147070780705	0.10288744178149746	11.916749970208127	15.047999849520002
1372	22478848	10	6.0	4.898979485566356	10.0	0.0	10	9.0	3.0	10.0	0.0	-0.005618773647580808	-2.206054307290592	0.10226655129519757	12.695249968261875	25.78099974219
1376	22544384	10	5.0	5.0	10.0	0.0	10	9.0	3.0	10.0	0.0	-0.0070131570784694895	-2.205007100869008	0.1689740794845241	12.042749969893125	17.177999828220003
1380	22609920	10	3.0	4.58257569495584	10.0	0.0	10	6.0	4.898979485566356	10.0	0.0	-0.006720147658807332	-2.2325102361697993	0.1571118621923284	13.499249966251876	27.780999722190003
1384	22675456	10	8.0	4.0	10.0	0.0	10	9.0	3.0	10.0	0.0	-0.006141700172486928	-2.3049579185826654	0.14812228499222496	12.385749969035627	30.743999692560006
1388	22740992	10	5.0	5.0	10.0	0.0	10	8.0	4.0	10.0	0.0	-0.006440178505056238	-2.308661130326906	0.12861814589141646	11.573749971065626	33.78599966214001
1392	22806528	10	4.0	4.898979485566356	10.0	0.0	10	10.0	0.0	10.0	10.0	-0.00571125572546032	-2.3191028135586027	0.12494216501032199	11.47949997130125	17.079999829200002
1396	22872064	10	5.0	5.0	10.0	0.0	10	10.0	0.0	10.0	10.0	-0.007047534033086923	-2.2602153542270256	0.16614680514337196	12.821249967946875	18.26099981739
1400	22937600	10	3.0	4.58257569495584	10.0	0.0	10	10.0	0.0	10.0	10.0	-0.006471491642446809	-2.282507334908507	0.1328164875989886	11.398999971502501	17.6499998235
1404	23003136	10	7.0	4.58257569495584	10.0	0.0	10	9.0	3.0	10.0	0.0	-0.0062543305023461246	-2.2617522823441405	0.12480225053790438	12.313499969216252	31.099999689000008
1408	23068672	10	7.0	4.58257569495584	10.0	0.0	10	5.0	5.0	10.0	0.0	-0.006145880782511173	-2.265220510226959	0.12692559396612482	12.145749969635625	17.520999824790003
1412	23134208	10	4.0	4.898979485566356	10.0	0.0	10	9.0	3.0	10.0	0.0	-0.005729584820689624	-2.266086647671842	0.0872532029952769	12.891249967771875	15.459999845400004
1416	23199744	10	7.0	4.58257569495584	10.0	0.0	10	8.0	4.0	10.0	0.0	-0.005660271232668536	-2.2714620553074476	0.12269493489955563	11.240499971898751	30.513999694860004
1420	23265280	10	5.0	5.0	10.0	0.0	10	9.0	3.0	10.0	0.0	-0.0066208769123856604	-2.233881590034326	0.15480860996310128	10.961249972596875	2.0619999793800003
1424	23330816	10	5.0	5.0	10.0	0.0	10	9.0	3.0	10.0	0.0	-0.006608648610602444	-2.233347949649708	0.12749964439844655	12.333999969165	25.814999741850006
1428	23396352	10	6.0	4.898979485566356	10.0	0.0	10	10.0	0.0	10.0	10.0	-0.005676097999957985	-2.203521884748284	0.15084151834773704	11.837249970406875	14.850999851490004
1432	23461888	10	2.0	4.0	10.0	0.0	10	8.0	4.0	10.0	0.0	-0.005754092697929356	-2.244497445488619	0.14022256409220057	12.809999967975	13.817999861820002
1436	23527424	10	8.0	4.0	10.0	0.0	10	9.0	3.0	10.0	0.0	-0.005939341581312345	-2.244926380380593	0.096007167283767	11.2969999717575	5.0969999490300015
1440	23592960	10	5.0	5.0	10.0	0.0	10	5.0	5.0	10.0	0.0	-0.005955184178660242	-2.305740964669213	0.12672097191912415	13.111499967221249	12.678999873210003
1444	23658496	10	8.0	4.0	10.0	0.0	10	9.0	3.0	10.0	0.0	-0.005771775889424083	-2.3035714375560015	0.08599688176838502	12.698999968252503	15.684999843150003
1448	23724032	10	5.0	5.0	10.0	0.0	10	9.0	3.0	10.0	0.0	-0.0055794890644037575	-2.314406650520679	0.10542608770258564	12.43599996891	25.075999749240005
1452	23789568	10	6.0	4.898979485566356	10.0	0.0	10	10.0	0.0	10.0	10.0	-0.0072906756581672325	-2.2544482447342116	0.11651145198022488	12.604999968487501	15.748999842510003
1456	23855104	10	6.0	4.898979485566356	10.0	0.0	10	8.0	4.0	10.0	0.0	-0.005966793958562698	-2.2232521869409827	0.12752676455062165	12.370749969073126	16.764999832350004
1460	23920640	10	8.0	4.0	10.0	0.0	10	8.0	4.0	10.0	0.0	-0.0063604297386259745	-2.2432633735386296	0.10059489417394187	11.925249970186874	17.74599982254
1464	23986176	10	3.0	4.58257569495584	10.0	0.0	10	10.0	0.0	10.0	10.0	-0.005671050440181546	-2.258953173719974	0.049371163045190826	12.124499969688749	20.623999793760003
1468	24051712	10	9.0	3.0	10.0	0.0	10	9.0	3.0	10.0	0.0	-0.006618669609975114	-2.2939731973006916	0.059451866190275565	10.767499973081248	7.895999921040001
1472	24117248	10	6.0	4.898979485566356	10.0	0.0	10	10.0	0.0	10.0	10.0	-0.006123232623060197	-2.246198812886545	0.11316372068817061	12.647249968381875	19.279999807200003
1476	24182784	10	8.0	4.0	10.0	0.0	10	9.0	3.0	10.0	0.0	-0.00609531496772302	-2.2258080167239975	0.14556442564389255	12.126749969683125	14.277999857220003
1480	24248320	10	6.0	4.898979485566356	10.0	0.0	10	8.0	4.0	10.0	0.0	-0.006109357441012992	-2.190317523748009	0.1218366972431908	13.605749965985625	10.649999893500002
1484	24313856	10	6.0	4.898979485566356	10.0	0.0	10	8.0	4.0	10.0	0.0	-0.006272500906514562	-2.15841858563192	0.14044557424972276	12.869749967825625	16.34199983658
1488	24379392	10	4.0	4.898979485566356	10.0	0.0	10	7.0	4.58257569495584	10.0	0.0	-0.0058009488487510705	-2.2116206857245113	0.08649403829933995	12.706249968234376	27.545999724540003
1492	24444928	10	5.0	5.0	10.0	0.0	10	10.0	0.0	10.0	10.0	-0.005955648268340657	-2.2112367250205427	0.14201441890788197	13.34549996663625	11.611999883880001
1496	24510464	10	4.0	4.898979485566356	10.0	0.0	10	9.0	3.0	10.0	0.0	-0.005454160629028885	-2.2211097799411412	0.06037492069640554	13.687999965780001	15.362999846370002
1500	24576000	10	5.0	5.0	10.0	0.0	10	9.0	3.0	10.0	0.0	-0.004541135948008158	-2.250970887406636	0.07542218473769181	13.162749967093125	13.978999860210001
1504	24641536	10	5.0	5.0	10.0	0.0	10	7.0	4.58257569495584	10.0	0.0	-0.005469122437753207	-2.2270487892294693	0.12307783075257574	12.849249967876874	27.037999729620005
1508	24707072	10	5.0	5.0	10.0	0.0	10	9.0	3.0	10.0	0.0	-0.0058264106088845614	-2.19253320224096	0.12750350061717658	12.093749969765625	2.7419999725800004
1512	24772608	10	5.0	5.0	10.0	0.0	10	9.0	3.0	10.0	0.0	-0.007358372074871926	-2.150698616876684	0.10093775033520251	12.72249996819375	13.508999864910002
1516	24838144	10	5.0	5.0	10.0	0.0	10	7.0	4.58257569495584	10.0	0.0	-0.006468224566493376	-2.252081498269093	0.10275499552659725	12.42249996894375	29.969999700300004
1520	24903680	10	6.0	4.898979485566356	10.0	0.0	10	8.0	4.0	10.0	0.0	-0.004750585129649368	-2.27329131688836	0.07374366787270199	12.530999968672498	26.094999739050003
1524	24969216	10	6.0	4.898979485566356	10.0	0.0	10	8.0	4.0	10.0	0.0	-0.005222718458815958	-2.2142875639277846	0.11678454010927851	13.449499966376251	14.005999859940003
