iter	frame	n_test	mean_returns	std_returns	max_returns	min_returns	n_test_train	mean_returns_train	std_returns_train	max_returns_train	min_returns_train	actor_loss	entropy_loss	value_loss	training_time	evaluation_time
0	0	10	3.0	4.58257569495584	10.0	0.0	10	4.0	4.898979485566356	10.0	0.0	0	0	0	0.0	17.402999825970003
4	65536	10	0.3	0.9000000000000001	3.0	0.0	10	2.3	3.9509492530276824	10.0	0.0	0.004523662459313128	-2.604080905245684	0.20405548265561782	8.1149999797125	15.983999840160003
8	131072	10	1.3	3.034798181098703	10.0	0.0	10	1.0	3.0	10.0	0.0	-0.003256448032480297	-2.629639208042882	0.2513383342234619	7.408999981477501	15.883999841160003
12	196608	10	2.0	4.0	10.0	0.0	10	4.0	4.898979485566356	10.0	0.0	-0.003952177587853548	-2.6183240708961573	0.234169139580002	7.4589999813525	15.993999840060003
16	262144	10	5.0	5.0	10.0	0.0	10	2.0	4.0	10.0	0.0	-0.004648376287272437	-2.621170262222638	0.3010297122408298	7.43549998141125	16.029999839700004
20	327680	10	1.0	3.0	10.0	0.0	10	2.0	4.0	10.0	0.0	-0.004262578975168977	-2.608679331567347	0.26760112786361573	7.471749981320625	14.648999853510002
24	393216	10	4.0	4.898979485566356	10.0	0.0	10	1.0	3.0	10.0	0.0	-0.0038111142441540962	-2.6065937253104434	0.41695823329814147	7.53049998117375	13.941999860580003
28	458752	10	1.0	3.0	10.0	0.0	10	1.0	3.0	10.0	0.0	-0.0050563919934764985	-2.6389200237624735	0.22010627367258834	7.523999981189999	16.256999837430005
32	524288	10	5.0	5.0	10.0	0.0	10	3.0	4.58257569495584	10.0	0.0	-0.006316220093694865	-2.6270979764307825	0.26056888650251164	7.496749981258126	15.984999840150001
36	589824	10	6.0	4.898979485566356	10.0	0.0	10	4.6	4.5431266766402185	10.0	0.0	-0.0069803719372435085	-2.608927890386615	0.24878203664487927	7.44849998137875	15.973999840260003
40	655360	10	4.0	4.898979485566356	10.0	0.0	10	4.0	4.898979485566356	10.0	0.0	-0.0065191226682024365	-2.577756357421182	0.2599295630469862	7.469249981326875	16.092999839070004
44	720896	10	5.0	5.0	10.0	0.0	10	7.3	4.196427051671457	10.0	0.0	-0.006100423538829366	-2.5439504382344555	0.23087709643025275	7.449249981376875	16.37499983625
48	786432	10	4.0	4.898979485566356	10.0	0.0	10	4.0	4.898979485566356	10.0	0.0	-0.006548319649103485	-2.5279833895314945	0.2282927728330709	7.5022499812443755	16.24599983754
52	851968	10	2.0	4.0	10.0	0.0	10	3.0	4.58257569495584	10.0	0.0	-0.006543868720276666	-2.525158529217261	0.2636427320265323	7.472749981318126	16.141999838580002
56	917504	10	3.0	4.58257569495584	10.0	0.0	10	5.3	5.367494760127857	13.0	0.0	-0.006601132398443304	-2.540562773479623	0.21849609070975484	7.4449999813875	16.036999839630003
60	983040	10	4.0	4.898979485566356	10.0	0.0	10	5.0	5.0	10.0	0.0	-0.007416191323334052	-2.4794670166969386	0.3016466628445884	7.500249981249375	16.34199983658
64	1048576	10	6.0	4.898979485566356	10.0	0.0	10	3.0	4.58257569495584	10.0	0.0	-0.006306015088992131	-2.5100035118428936	0.2821679029630249	7.5024999812437505	14.649999853500002
68	1114112	10	6.0	4.898979485566356	10.0	0.0	10	5.0	5.0	10.0	0.0	-0.00653663331157502	-2.497088437018952	0.28636933316908475	7.50749998123125	14.211999857880002
72	1179648	10	5.0	5.0	10.0	0.0	10	5.0	5.0	10.0	0.0	-0.00626228339565335	-2.4809073008496143	0.26418182336456925	7.503249981241875	9.7499999025
76	1245184	10	2.0	4.0	10.0	0.0	10	5.0	5.0	10.0	0.0	-0.006129297046419496	-2.473487890999154	0.29891390645246363	7.487249981281875	16.312999836870002
80	1310720	10	2.0	4.0	10.0	0.0	10	4.0	4.898979485566356	10.0	0.0	-0.0074322917102855116	-2.4326854370483897	0.3199927677687966	7.466749981333125	14.033999859660003
84	1376256	10	3.0	4.58257569495584	10.0	0.0	10	1.0	3.0	10.0	0.0	-0.007293875299332843	-2.4290334753645433	0.31710305760105384	7.483249981291876	12.972999870270003
88	1441792	10	4.0	4.898979485566356	10.0	0.0	10	4.0	4.898979485566356	10.0	0.0	-0.006048716866014024	-2.4287386459562463	0.2768850507857566	7.50799998123	16.230999837690003
92	1507328	10	6.0	4.898979485566356	10.0	0.0	10	2.0	4.0	10.0	0.0	-0.006913219303782969	-2.3855897781748103	0.29749687851101675	7.48399998129	16.279999837200005
96	1572864	10	3.0	4.58257569495584	10.0	0.0	10	3.0	4.58257569495584	10.0	0.0	-0.007098853333918927	-2.389407557496878	0.25463164750317724	7.467999981330001	16.024999839750002
100	1638400	10	1.0	3.0	10.0	0.0	10	3.0	4.58257569495584	10.0	0.0	-0.007605673436466747	-2.4047137049315843	0.2778341900267869	7.4809999812975	16.0399998396
104	1703936	10	3.0	4.58257569495584	10.0	0.0	10	4.0	4.898979485566356	10.0	0.0	-0.007168260967330147	-2.4289496389481484	0.27102953611843833	7.465499981336251	12.389999876100003
108	1769472	10	4.0	4.898979485566356	10.0	0.0	10	6.0	4.898979485566356	10.0	0.0	-0.005779113193061467	-2.472181739648951	0.23421823448234838	7.508249981229374	14.707999852920002
112	1835008	10	5.0	5.0	10.0	0.0	10	4.0	4.898979485566356	10.0	0.0	-0.006819065184165382	-2.4601536763131957	0.20059419553189592	7.4692499813268745	16.280999837190002
116	1900544	10	4.0	4.898979485566356	10.0	0.0	10	8.0	4.0	10.0	0.0	-0.006936197146574686	-2.4376178704146514	0.22192374280825714	7.4697499813256245	11.799999882000003
120	1966080	10	6.0	4.898979485566356	10.0	0.0	10	7.0	4.58257569495584	10.0	0.0	-0.006193867346722922	-2.4468587361210865	0.21352548995935441	7.4782499813043755	16.004999839950003
124	2031616	10	2.0	4.0	10.0	0.0	10	3.0	4.58257569495584	10.0	0.0	-0.006360034181190321	-2.4404507550041874	0.21929774011994893	7.433249981416874	16.07199983928
128	2097152	10	3.0	4.58257569495584	10.0	0.0	10	7.0	4.58257569495584	10.0	0.0	-0.005938121357139509	-2.4153982497719197	0.29332526552850263	7.4399999814	15.104999848950003
132	2162688	10	2.0	4.0	10.0	0.0	10	3.0	4.58257569495584	10.0	0.0	-0.007352599880648894	-2.4158645294573686	0.22220514805535482	7.489999981275	15.979999840200003
136	2228224	10	5.0	5.0	10.0	0.0	10	6.0	4.898979485566356	10.0	0.0	-0.007321870116200511	-2.4406505770922493	0.2563497523199715	7.514249981214376	16.160999838390005
140	2293760	10	5.0	5.0	10.0	0.0	10	5.0	5.0	10.0	0.0	-0.007190335512110753	-2.414406607296895	0.25088129438330053	7.466249981334375	16.049999839500003
144	2359296	10	3.0	4.58257569495584	10.0	0.0	10	4.0	4.898979485566356	10.0	0.0	-0.0058484706429803674	-2.4335409897017724	0.2526557968355786	7.45049998137375	16.376999836230002
148	2424832	10	3.0	4.58257569495584	10.0	0.0	10	5.0	5.0	10.0	0.0	-0.008249972965485033	-2.4503483993242803	0.205068788780269	7.487249981281876	16.232999837670004
152	2490368	10	1.0	3.0	10.0	0.0	10	3.0	4.58257569495584	10.0	0.0	-0.007693906219282141	-2.46805609488607	0.20061060434911593	7.4859999812849995	15.670999843290002
156	2555904	10	4.0	4.898979485566356	10.0	0.0	10	6.0	4.898979485566356	10.0	0.0	-0.007156547250373183	-2.449712859832375	0.23459278975963707	7.595749981010626	16.65899983341
160	2621440	10	4.0	4.898979485566356	10.0	0.0	10	3.0	4.58257569495584	10.0	0.0	-0.005906611607609648	-2.425804493075247	0.26386337553817224	7.501249981246875	16.516999834830003
164	2686976	10	4.0	4.898979485566356	10.0	0.0	10	5.3	5.367494760127857	13.0	0.0	-0.006553378273186134	-2.4532261264748976	0.2487829130194219	7.49149998127125	13.051999869480001
168	2752512	10	6.0	4.898979485566356	10.0	0.0	10	5.0	5.0	10.0	0.0	-0.007680601478375126	-2.458099270604302	0.23531232802850574	7.47949998130125	10.137999898620002
172	2818048	10	5.0	5.0	10.0	0.0	10	5.0	5.0	10.0	0.0	-0.006107357874468267	-2.4364924006109585	0.2804083035345843	7.4769999813075	14.895999851040003
176	2883584	10	5.0	5.0	10.0	0.0	10	3.0	4.58257569495584	10.0	0.0	-0.006118410263873171	-2.453114780031415	0.2764168531966861	7.461499981346251	12.762999872370003
180	2949120	10	5.0	5.0	10.0	0.0	10	8.0	4.0	10.0	0.0	-0.00732344696901045	-2.443011733138394	0.2773231148120468	7.47549998131125	11.204999887950002
184	3014656	10	7.0	4.58257569495584	10.0	0.0	10	2.0	4.0	10.0	0.0	-0.00851968526848476	-2.4596515767197675	0.2564262229061243	7.649749980875625	10.637999893620002
188	3080192	10	5.0	5.0	10.0	0.0	10	2.0	4.0	10.0	0.0	-0.007697914845070959	-2.4809915569820493	0.22522356079407888	7.468249981329374	16.077999839220002
192	3145728	10	5.0	5.0	10.0	0.0	10	6.0	4.898979485566356	10.0	0.0	-0.008064414718085599	-2.3694217475767414	0.29784337754052764	7.474499981313751	12.528999874710001
196	3211264	10	5.0	5.0	10.0	0.0	10	4.0	4.898979485566356	10.0	0.0	-0.007664923304330038	-2.3518596313927467	0.2552566815212214	7.53599998116	14.499999855000002
200	3276800	10	3.0	4.58257569495584	10.0	0.0	10	5.0	5.0	10.0	0.0	-0.007557260184634695	-2.387833284586288	0.23517102970775516	7.4939999812649996	15.218999847810002
204	3342336	10	4.3	4.73392015141785	10.0	0.0	10	3.0	4.58257569495584	10.0	0.0	-0.007595011660484297	-2.4210437533717704	0.2183907176140448	7.503249981241876	10.549999894500003
208	3407872	10	6.0	4.898979485566356	10.0	0.0	10	2.0	4.0	10.0	0.0	-0.007263727248908314	-2.422318031138183	0.24258075263928724	7.457749981355626	16.229999837700003
212	3473408	10	4.0	4.898979485566356	10.0	0.0	10	4.0	4.898979485566356	10.0	0.0	-0.008222937796494873	-2.3869706961012955	0.20297180137345378	7.51749998120625	15.927999840720004
216	3538944	10	5.0	5.0	10.0	0.0	10	2.0	4.0	10.0	0.0	-0.006974242185486117	-2.4234961839972713	0.21776390042371133	7.457749981355625	14.106999858930001
220	3604480	10	7.0	4.58257569495584	10.0	0.0	10	7.0	4.58257569495584	10.0	0.0	-0.007343829407387202	-2.376074564706137	0.24575954067754768	7.465999981335	11.624999883750002
224	3670016	10	4.0	4.898979485566356	10.0	0.0	10	4.0	4.898979485566356	10.0	0.0	-0.00788096027259966	-2.354393601172292	0.29135868260706344	7.497749981255625	16.343999836560005
228	3735552	10	4.0	4.898979485566356	10.0	0.0	10	3.0	4.58257569495584	10.0	0.0	-0.008035401856504618	-2.3939380817105147	0.2551077057652175	7.503249981241876	12.384999876150001
232	3801088	10	4.0	4.898979485566356	10.0	0.0	10	6.0	4.898979485566356	10.0	0.0	-0.007876454570363928	-2.3648986391743243	0.21539642799264594	7.474249981314375	13.430999865690001
236	3866624	10	4.0	4.898979485566356	10.0	0.0	10	5.0	5.0	10.0	0.0	-0.008399999956695495	-2.3892912961537287	0.21690866861095573	7.511999981220001	15.042999849570002
240	3932160	10	5.0	5.0	10.0	0.0	10	2.0	4.0	10.0	0.0	-0.007394125570335562	-2.3868143108981092	0.18047667354948882	7.487249981281875	12.309999876900003
244	3997696	10	3.0	4.58257569495584	10.0	0.0	10	4.0	4.898979485566356	10.0	0.0	-0.007394606826425306	-2.4047575689830807	0.1907386918508754	7.546249981134376	16.160999838390005
248	4063232	10	5.0	5.0	10.0	0.0	10	3.0	4.58257569495584	10.0	0.0	-0.008713932573605511	-2.4038561704237633	0.1815554471497362	7.495749981260626	16.473999835260003
252	4128768	10	5.0	5.0	10.0	0.0	10	3.0	4.58257569495584	10.0	0.0	-0.007178129093982719	-2.411243594931724	0.2168826393867614	7.496249981259375	16.069999839300003
256	4194304	10	4.0	4.898979485566356	10.0	0.0	10	5.0	5.0	10.0	0.0	-0.007213768543661404	-2.386649183680357	0.24274373083019898	7.496249981259375	16.380999836190004
260	4259840	10	5.0	5.0	10.0	0.0	10	4.0	4.898979485566356	10.0	0.0	-0.005948989079102206	-2.405420183884872	0.21783286454991355	7.47449998131375	14.598999854010003
264	4325376	10	6.0	4.898979485566356	10.0	0.0	10	4.0	4.898979485566356	10.0	0.0	-0.007695332989701729	-2.3830650222799354	0.1949437612775054	7.476999981307499	16.17099983829
268	4390912	10	5.0	5.0	10.0	0.0	10	2.0	4.0	10.0	0.0	-0.007504981425100082	-2.4014096928121584	0.2052112356545846	7.42849998142875	16.125999838740004
272	4456448	10	3.0	4.58257569495584	10.0	0.0	10	4.0	4.898979485566356	10.0	0.0	-0.008630146977349403	-2.4178800754213996	0.18210993278426862	7.427249981431876	16.09599983904
276	4521984	10	2.0	4.0	10.0	0.0	10	3.0	4.58257569495584	10.0	0.0	-0.0075241400789354046	-2.3993568542087167	0.2141404157902258	7.452499981368751	16.044999839550005
280	4587520	10	5.0	5.0	10.0	0.0	10	5.0	5.0	10.0	0.0	-0.008092566950296233	-2.3873295309639673	0.18251555442150616	7.469249981326875	16.281999837180003
284	4653056	10	2.0	4.0	10.0	0.0	10	3.0	4.58257569495584	10.0	0.0	-0.007692481957855271	-2.4469054313932093	0.15726968170988964	7.442249981394376	16.03399983966
288	4718592	10	5.0	5.0	10.0	0.0	10	1.0	3.0	10.0	0.0	-0.007936707241021992	-2.430296373610859	0.20387082156774658	7.462999981342501	14.726999852730003
292	4784128	10	2.0	4.0	10.0	0.0	10	4.0	4.898979485566356	10.0	0.0	-0.008688627681905505	-2.437723623955633	0.2286755811805741	7.4779999813049995	16.185999838140003
296	4849664	10	5.0	5.0	10.0	0.0	10	6.0	4.898979485566356	10.0	0.0	-0.008758752004417605	-2.4595522853156897	0.19942495348959044	7.460749981348125	11.358999886410002
300	4915200	10	2.0	4.0	10.0	0.0	10	5.0	5.0	10.0	0.0	-0.00794654940220716	-2.4672300167295256	0.18849104811647063	7.558999981102501	15.931999840680003
304	4980736	10	7.0	4.58257569495584	10.0	0.0	10	6.3	5.21632054229799	13.0	0.0	-0.008670238944438984	-2.462635802469426	0.18216325263147432	7.476249981309374	13.474999865250002
308	5046272	10	4.0	4.898979485566356	10.0	0.0	10	8.0	4.0	10.0	0.0	-0.008304560573119965	-2.460866359116593	0.1793431581276849	7.467749981330626	16.128999838710005
312	5111808	10	4.0	4.898979485566356	10.0	0.0	10	5.0	5.0	10.0	0.0	-0.008895821647742625	-2.4640817738986236	0.19613138910202593	7.482749981293125	10.041999899580002
316	5177344	10	2.0	4.0	10.0	0.0	10	3.3	4.473253849269008	10.0	0.0	-0.00909863717390597	-2.438435728097271	0.1993038380155727	7.47349998131625	16.483999835160006
320	5242880	10	2.0	4.0	10.0	0.0	10	5.0	5.0	10.0	0.0	-0.007824430643968767	-2.3772743714359645	0.21680160982138583	7.443249981391875	16.285999837140004
324	5308416	10	2.0	4.0	10.0	0.0	10	7.0	4.58257569495584	10.0	0.0	-0.008227243065500909	-2.459460990868118	0.16355172651668423	7.440249981399375	16.207999837920003
328	5373952	10	3.0	4.58257569495584	10.0	0.0	10	8.0	4.0	10.0	0.0	-0.007934944400183537	-2.4531598535604946	0.18485140363933336	7.485999981284999	12.593999874060001
332	5439488	10	5.0	5.0	10.0	0.0	10	5.0	5.0	10.0	0.0	-0.008285184103792208	-2.446835497760207	0.1752334967228278	7.467749981330626	13.42399986576
336	5505024	10	4.0	4.898979485566356	10.0	0.0	10	5.0	5.0	10.0	0.0	-0.008157314209164775	-2.4653080003872447	0.18791577404270132	7.4329999814175	15.979999840200003
340	5570560	10	3.0	4.58257569495584	10.0	0.0	10	3.0	4.58257569495584	10.0	0.0	-0.007428936545525913	-2.4541188451078204	0.20247651603447275	7.433999981415	16.227999837720006
344	5636096	10	3.0	4.58257569495584	10.0	0.0	10	3.0	4.58257569495584	10.0	0.0	-0.008647132600959857	-2.491775745887278	0.1757389166364545	7.43849998140375	16.351999836480005
348	5701632	10	4.0	4.898979485566356	10.0	0.0	10	3.0	4.58257569495584	10.0	0.0	-0.007748629741805292	-2.4809735464452216	0.15251306823107882	7.448249981379376	14.035999859640002
352	5767168	10	3.0	4.58257569495584	10.0	0.0	10	4.0	4.898979485566356	10.0	0.0	-0.007789172718828819	-2.4609474388181676	0.1849486455128657	7.45599998136	13.812999861870003
356	5832704	10	3.0	4.58257569495584	10.0	0.0	10	3.3	4.473253849269008	10.0	0.0	-0.008895471817275253	-2.5046732224398514	0.16277945590993398	7.41249998146875	12.211999877880002
360	5898240	10	5.0	5.0	10.0	0.0	10	4.0	4.898979485566356	10.0	0.0	-0.00798327554525924	-2.499719060697044	0.19567061850004636	7.405999981485	16.131999838680002
364	5963776	10	2.0	4.0	10.0	0.0	10	6.0	4.898979485566356	10.0	0.0	-0.008163623073170735	-2.4967470091960795	0.15677874324141497	7.442249981394375	16.583999834160004
368	6029312	10	2.0	4.0	10.0	0.0	10	5.0	5.0	10.0	0.0	-0.008260013200064312	-2.517323235408504	0.18847194537109363	7.440249981399375	12.21299987787
372	6094848	10	5.0	5.0	10.0	0.0	10	5.0	5.0	10.0	0.0	-0.00846402527322176	-2.495012635726113	0.14342319676710763	7.390749981523124	13.760999862390001
376	6160384	10	5.0	5.0	10.0	0.0	10	4.0	4.898979485566356	10.0	0.0	-0.007469564921676609	-2.459646214785265	0.207835515784181	7.424499981438751	15.712999842870001
380	6225920	10	3.0	4.58257569495584	10.0	0.0	10	4.0	4.898979485566356	10.0	0.0	-0.007343434187070917	-2.4796471195816894	0.17515708946661	7.482749981293125	9.1099999089
384	6291456	10	5.0	5.0	10.0	0.0	10	2.0	4.0	10.0	0.0	-0.007617585653674	-2.4754577028159592	0.17188954211843616	7.408999981477501	13.030999869690003
388	6356992	10	4.0	4.898979485566356	10.0	0.0	10	4.0	4.898979485566356	10.0	0.0	-0.00855160924555751	-2.4919079514729026	0.19237865878127774	7.425749981435625	12.357999876420003
392	6422528	10	0.0	0.0	0.0	0.0	10	5.0	5.0	10.0	0.0	-0.007209224315230109	-2.496710772055587	0.16648018195422318	7.47449998131375	16.416999835830005
396	6488064	10	3.0	4.58257569495584	10.0	0.0	10	4.0	4.898979485566356	10.0	0.0	-0.007623735499201	-2.4829684145645716	0.19216662301853285	7.369999981574999	16.195999838040006
400	6553600	10	2.0	4.0	10.0	0.0	10	3.0	4.58257569495584	10.0	0.0	-0.008166077701145136	-2.5073936231306	0.13545904819373894	7.479749981300625	15.948999840510002
404	6619136	10	4.0	4.898979485566356	10.0	0.0	10	2.0	4.0	10.0	0.0	-0.008322215616360004	-2.4929551901803357	0.20214113870392636	7.457499981356251	16.253999837460004
408	6684672	10	2.0	4.0	10.0	0.0	10	3.0	4.58257569495584	10.0	0.0	-0.007171546867398584	-2.4942836436017903	0.16724153249334636	7.453249981366875	15.981999840180002
412	6750208	10	3.0	4.58257569495584	10.0	0.0	10	5.0	5.0	10.0	0.0	-0.008397548696276808	-2.4825762333866783	0.16794593320030926	7.428999981427499	15.918999840810002
416	6815744	10	3.0	4.58257569495584	10.0	0.0	10	5.0	5.0	10.0	0.0	-0.007788232820325593	-2.4947110685094303	0.18069619869793715	7.417999981455	10.964999890350002
420	6881280	10	4.0	4.898979485566356	10.0	0.0	10	3.0	4.58257569495584	10.0	0.0	-0.008229893967282572	-2.4425763137577743	0.18538358828915766	7.490749981273125	10.206999897930002
424	6946816	10	4.0	4.898979485566356	10.0	0.0	10	4.0	4.898979485566356	10.0	0.0	-0.008462865649287226	-2.4683546769034606	0.19652016163929636	7.46349998134125	16.17099983829
428	7012352	10	1.0	3.0	10.0	0.0	10	4.0	4.898979485566356	10.0	0.0	-0.007732438769181545	-2.46989370111725	0.14766871943152526	7.48049998129875	16.113999838860003
432	7077888	10	7.0	4.58257569495584	10.0	0.0	10	6.0	4.898979485566356	10.0	0.0	-0.008369325220314543	-2.484887304146529	0.17347597864512077	7.474249981314376	14.473999855260002
436	7143424	10	4.0	4.898979485566356	10.0	0.0	10	6.0	4.898979485566356	10.0	0.0	-0.007577600686817081	-2.4345943130500256	0.1924820985289333	7.50949998122625	12.627999873720002
440	7208960	10	3.0	4.58257569495584	10.0	0.0	10	4.0	4.898979485566356	10.0	0.0	-0.00702757204926012	-2.4409061096549554	0.18168230321849307	7.471999981320001	15.192999848070002
444	7274496	10	1.0	3.0	10.0	0.0	10	6.0	4.898979485566356	10.0	0.0	-0.008208478210744817	-2.438629314049374	0.16612315114098858	7.553249981116876	16.276999837230004
448	7340032	10	6.0	4.898979485566356	10.0	0.0	10	3.3	4.473253849269008	10.0	0.0	-0.00792826849564513	-2.4499876794647175	0.17075766365127737	7.456499981358751	16.584999834150004
452	7405568	10	6.0	4.898979485566356	10.0	0.0	10	5.0	5.0	10.0	0.0	-0.007451368870970245	-2.466925643127485	0.1661271108141346	7.517749981205625	16.403999835960004
456	7471104	10	6.0	4.898979485566356	10.0	0.0	10	4.0	4.898979485566356	10.0	0.0	-0.008006966451299627	-2.4538547245092137	0.18729311148237276	7.39749998150625	14.594999854050004
460	7536640	10	5.0	5.0	10.0	0.0	10	4.0	4.898979485566356	10.0	0.0	-0.008206861165545021	-2.444997576121115	0.17503453416789203	7.48799998128	15.388999846110002
464	7602176	10	3.0	4.58257569495584	10.0	0.0	10	4.0	4.898979485566356	10.0	0.0	-0.009029654287859689	-2.4450392521854427	0.15247117998042428	7.514749981213124	16.048999839510003
468	7667712	10	4.0	4.898979485566356	10.0	0.0	10	5.0	5.0	10.0	0.0	-0.00781644681328977	-2.436410347366853	0.16030351753849878	7.447999981380001	11.743999882560002
472	7733248	10	4.0	4.898979485566356	10.0	0.0	10	3.3	4.473253849269008	10.0	0.0	-0.008743827310353069	-2.4046292078970435	0.17615267919714653	7.435249981411875	16.22599983774
476	7798784	10	3.3	4.473253849269008	10.0	0.0	10	5.0	5.0	10.0	0.0	-0.0065563447077836385	-2.3736622852594684	0.2124864146823378	7.48649998128375	16.226999837730002
480	7864320	10	5.0	5.0	10.0	0.0	10	5.0	5.0	10.0	0.0	-0.008281044712067842	-2.4302945208998175	0.15114701832622396	7.4622499813443754	16.08399983916
484	7929856	10	5.0	5.0	10.0	0.0	10	6.0	4.898979485566356	10.0	0.0	-0.007469880127074359	-2.3832544334233776	0.16394567798357113	7.462749981343125	12.171999878280003
488	7995392	10	7.3	4.859012245302536	13.0	0.0	10	4.0	4.898979485566356	10.0	0.0	-0.007598467941652169	-2.4055127548652524	0.13894425525124435	7.478249981304375	16.340999836590004
492	8060928	10	3.0	4.58257569495584	10.0	0.0	10	5.0	5.0	10.0	0.0	-0.008777140248331669	-2.4296044009379916	0.1390617061261518	7.48549998128625	12.640999873590003
496	8126464	10	3.0	4.58257569495584	10.0	0.0	10	2.0	4.0	10.0	0.0	-0.007372154452079772	-2.404236239441134	0.16321381886031308	7.4549999813625005	16.152999838470002
500	8192000	10	6.0	4.898979485566356	10.0	0.0	10	4.0	4.898979485566356	10.0	0.0	-0.008641509415923428	-2.4106189804744997	0.16036457628824766	7.477999981305	16.209999837900003
504	8257536	10	5.0	5.0	10.0	0.0	10	7.0	4.58257569495584	10.0	0.0	-0.00778127785370888	-2.4396142261665936	0.16920582591345654	7.513499981216249	10.916999890830002
508	8323072	10	4.0	4.898979485566356	10.0	0.0	10	2.0	4.0	10.0	0.0	-0.008373681940042182	-2.4808447730937244	0.13826124477312193	7.47549998131125	16.429999835700002
512	8388608	10	3.0	4.58257569495584	10.0	0.0	10	4.0	4.898979485566356	10.0	0.0	-0.007420581650709909	-2.477647723992864	0.17905277989802254	7.513749981215625	16.12799983872
516	8454144	10	7.0	4.58257569495584	10.0	0.0	10	5.0	5.0	10.0	0.0	-0.007667649293994271	-2.4510022895961936	0.1550203763407915	7.463249981341876	11.974999880250001
520	8519680	10	5.3	4.775981574503821	10.0	0.0	10	5.0	5.0	10.0	0.0	-0.008248335149851571	-2.485611945131783	0.15784005314640628	7.487249981281876	15.508999844910003
524	8585216	10	8.0	4.0	10.0	0.0	10	7.0	4.58257569495584	10.0	0.0	-0.0081459369191486	-2.4919561964657895	0.18357251318742931	7.478749981303125	11.53599988464
528	8650752	10	1.0	3.0	10.0	0.0	10	5.0	5.0	10.0	0.0	-0.0082172955363229	-2.4766861073576414	0.13272391235004652	7.436249981409375	16.102999838970003
532	8716288	10	5.0	5.0	10.0	0.0	10	3.0	4.58257569495584	10.0	0.0	-0.007711049639010677	-2.487968946237482	0.14133986185074293	7.456499981358751	16.038999839610003
536	8781824	10	4.0	4.898979485566356	10.0	0.0	10	5.0	5.0	10.0	0.0	-0.008170095441283524	-2.4925127026822578	0.17507550103007952	7.36649998158375	16.166999838330003
540	8847360	10	5.0	5.0	10.0	0.0	10	5.0	5.0	10.0	0.0	-0.007339101223344885	-2.498192277787174	0.176501398111624	7.38949998152625	16.37099983629
544	8912896	10	1.0	3.0	10.0	0.0	10	5.0	5.0	10.0	0.0	-0.007553196962485266	-2.4513755636840604	0.16741691070106632	7.444249981389375	16.124999838750004
548	8978432	10	1.3	3.034798181098703	10.0	0.0	10	7.3	4.196427051671457	10.0	0.0	-0.006772885496100223	-2.476263637086098	0.20686192777336532	7.36399998159	16.26899983731
552	9043968	10	7.0	4.58257569495584	10.0	0.0	10	4.0	4.898979485566356	10.0	0.0	-0.00810430782112701	-2.455060350142487	0.20849929685705626	7.356249981609374	15.994999840050001
556	9109504	10	4.6	4.5431266766402185	10.0	0.0	10	5.0	5.0	10.0	0.0	-0.008286904096516275	-2.472097962837201	0.15868791656778292	7.40549998148625	16.899999831000002
560	9175040	10	5.0	5.0	10.0	0.0	10	7.0	4.58257569495584	10.0	0.0	-0.006460493424971655	-2.466826883198156	0.23041329949556727	7.492999981267499	16.090999839090003
564	9240576	10	4.3	4.73392015141785	10.0	0.0	10	7.0	4.58257569495584	10.0	0.0	-0.007180737633926497	-2.464022561651099	0.2011612581345257	7.337749981655625	13.522999864770002
568	9306112	10	4.3	5.330103188494571	13.0	0.0	10	7.0	4.58257569495584	10.0	0.0	-0.007045183174820004	-2.434849120422887	0.15546929935547	7.359999981600001	15.994999840050001
572	9371648	10	4.0	4.898979485566356	10.0	0.0	10	3.3	4.473253849269008	10.0	0.0	-0.006482536292658132	-2.435061521574522	0.22601896848037856	7.341999981645	16.055999839440002
576	9437184	10	4.3	5.330103188494571	13.0	0.0	10	4.0	4.898979485566356	10.0	0.0	-0.006356423904379562	-2.4281097523822326	0.21302927911856498	7.3912499815218755	16.782999832170002
580	9502720	10	3.0	4.58257569495584	10.0	0.0	10	5.0	5.0	10.0	0.0	-0.007315099988011009	-2.451960136237634	0.2566064709219762	7.444249981389374	15.643999843560003
584	9568256	10	5.3	4.775981574503821	10.0	0.0	10	1.6	3.039736830714133	10.0	0.0	-0.007987333087311093	-2.435921420399919	0.2645735748147045	7.398249981504375	16.86199983138
588	9633792	10	4.6	4.5431266766402185	10.0	0.0	10	5.0	5.0	10.0	0.0	-0.006852411642480707	-2.423014270510205	0.18585170539643567	7.494249981264376	4.0139999598600005
592	9699328	10	6.3	5.21632054229799	13.0	0.0	10	4.3	4.73392015141785	10.0	0.0	-0.006830436892309407	-2.398673804847877	0.2009190171747725	7.3589999816025005	16.418999835810002
596	9764864	10	5.3	4.775981574503821	10.0	0.0	10	2.0	4.0	10.0	0.0	-0.007511927530813082	-2.3598501108612138	0.22246078973802255	7.342749981643125	16.104999838950004
600	9830400	10	4.3	4.73392015141785	10.0	0.0	10	6.0	4.898979485566356	10.0	0.0	-0.0064150013003490495	-2.3810236252847625	0.21597329090272738	7.376499981558751	15.876999841230003
604	9895936	10	6.0	4.898979485566356	10.0	0.0	10	6.0	4.898979485566356	10.0	0.0	-0.006656517632931608	-2.3831544963023146	0.2418104310578548	7.414249981464375	15.664999843350001
608	9961472	10	3.6	4.340506882842142	10.0	0.0	10	4.3	4.73392015141785	10.0	0.0	-0.007801525325497221	-2.42775369906965	0.18562812557993874	7.3369999816575	16.186999838130003
612	10027008	10	2.3	3.9509492530276824	10.0	0.0	10	5.6	4.521061822182926	10.0	0.0	-0.006153639276782883	-2.3943149047582724	0.22665956567474504	7.364749981588126	15.894999841050002
616	10092544	10	5.6	5.141984052872976	13.0	0.0	10	6.3	4.605431575867782	10.0	0.0	-0.007200616382010862	-2.3862197620171175	0.23618117934737065	7.401499981496251	12.073999879260002
620	10158080	10	6.3	5.21632054229799	13.0	0.0	10	5.0	5.0	10.0	0.0	-0.007109144093058092	-2.3609883633776825	0.23075465079476795	7.37749998155625	15.975999840240004
624	10223616	10	3.0	4.58257569495584	10.0	0.0	10	3.0	4.58257569495584	10.0	0.0	-0.0056647575311379724	-2.370463313908814	0.21383788418901709	7.368499981578751	16.223999837760005
628	10289152	10	6.0	4.898979485566356	10.0	0.0	10	4.6	4.5431266766402185	10.0	0.0	-0.007392806592015359	-2.4072943327303498	0.21260901584869257	7.39599998151	12.58099987419
632	10354688	10	4.3	4.73392015141785	10.0	0.0	10	4.0	4.898979485566356	10.0	0.0	-0.00828477389864122	-2.3691444742198557	0.22848233283290453	7.369749981575626	16.380999836190004
636	10420224	10	6.0	4.898979485566356	10.0	0.0	10	5.9	4.2296571965113205	10.0	0.0	-0.0063504931282350255	-2.3531865648957595	0.22299052943325812	7.40649998148375	16.058999839410003
640	10485760	10	8.0	4.0	10.0	0.0	10	5.0	5.0	10.0	0.0	-0.00791090369035429	-2.383603552728952	0.1782955589984152	7.409749981475626	16.285999837140004
644	10551296	10	4.0	4.898979485566356	10.0	0.0	10	3.0	4.58257569495584	10.0	0.0	-0.007886128880057594	-2.4154443266458534	0.17614305498727167	7.414999981462501	12.952999870470002
648	10616832	10	6.0	4.898979485566356	10.0	0.0	10	5.0	5.0	10.0	0.0	-0.008300534067877972	-2.4156018021173336	0.1769447484024574	7.434999981412501	16.15099983849
652	10682368	10	4.3	4.73392015141785	10.0	0.0	10	7.0	4.58257569495584	10.0	0.0	-0.0065819567746495085	-2.386036962022191	0.2276710743468274	7.3897499815256245	16.462999835370002
656	10747904	10	3.3	5.1	13.0	0.0	10	3.3	4.473253849269008	10.0	0.0	-0.008551406564056912	-2.3794548906390824	0.18207856941002873	7.375999981560001	16.198999838010003
660	10813440	10	5.6	4.521061822182927	10.0	0.0	10	1.3	3.034798181098703	10.0	0.0	-0.00852767717062607	-2.416294567035271	0.16971554186289908	7.4064999814837496	16.328999836710004
664	10878976	10	5.0	5.0	10.0	0.0	10	8.0	4.0	10.0	0.0	-0.007418718057261063	-2.4254097041941454	0.18188769803039995	7.416249981459375	14.371999856280002
668	10944512	10	2.9	3.7802116342871597	10.0	0.0	10	4.0	4.898979485566356	10.0	0.0	-0.006754310163062726	-2.4375056522532392	0.19551939934318094	7.404999981487501	16.026999839730003
672	11010048	10	5.0	5.0	10.0	0.0	10	1.0	3.0	10.0	0.0	-0.007029524887179733	-2.451959465685381	0.20859330401445667	7.358249981604375	16.218999837810003
676	11075584	10	5.0	5.0	10.0	0.0	10	3.6	4.340506882842141	10.0	0.0	-0.007129026886574891	-2.447382665915661	0.17057444285376763	7.37949998155125	16.057999839420003
680	11141120	10	3.3	4.473253849269008	10.0	0.0	10	5.3	5.367494760127856	13.0	0.0	-0.006967641931504336	-2.443365278088842	0.19342946499744298	7.356249981609375	16.11599983884
684	11206656	10	3.0	4.58257569495584	10.0	0.0	10	5.0	5.0	10.0	0.0	-0.00839337559625348	-2.46685971293979	0.1641713968928013	7.392749981518125	15.422999845770002
688	11272192	10	5.0	5.0	10.0	0.0	10	4.3	4.73392015141785	10.0	0.0	-0.007355903269694114	-2.457828198613999	0.18603374713956608	7.373749981565625	16.57499983425
692	11337728	10	2.0	4.0	10.0	0.0	10	6.3	4.605431575867781	10.0	0.0	-0.006851596242888205	-2.4678964090756796	0.17483725955751236	7.340249981649375	16.179999838200004
696	11403264	10	5.3	4.775981574503821	10.0	0.0	10	4.3	4.73392015141785	10.0	0.0	-0.007307525987771184	-2.4454153028563455	0.16638982798723156	7.411749981470625	15.219999847800002
700	11468800	10	2.0	4.0	10.0	0.0	10	5.0	5.0	10.0	0.0	-0.006930685785730818	-2.4389761236749634	0.1994957603151166	7.35749998160625	16.452999835470003
704	11534336	10	4.0	4.898979485566356	10.0	0.0	10	5.0	5.0	10.0	0.0	-0.006572935941749636	-2.417079445964645	0.2059733926414471	7.421749981445625	13.100999868990003
708	11599872	10	4.3	4.73392015141785	10.0	0.0	10	4.0	4.898979485566356	10.0	0.0	-0.007418855594687829	-2.435658747697475	0.22239953680751692	7.355249981611875	16.014999839850002
712	11665408	10	2.3	3.9509492530276824	10.0	0.0	10	5.6	5.141984052872977	13.0	0.0	-0.0072107268550469636	-2.42064252967256	0.16853623416381844	7.413749981465625	16.427999835720005
716	11730944	10	2.0	4.0	10.0	0.0	10	3.0	4.58257569495584	10.0	0.0	-0.007040822312647163	-2.463814846914659	0.21192262986950902	7.399999981500001	16.01899983981
720	11796480	10	5.0	5.0	10.0	0.0	10	6.0	4.898979485566356	10.0	0.0	-0.008065207317252259	-2.4582220164360966	0.13740020181794219	7.378749981553125	16.269999837300002
724	11862016	10	2.0	4.0	10.0	0.0	10	5.3	5.367494760127857	13.0	0.0	-0.007323593567429764	-2.403101446477588	0.21053769887404988	7.379249981551875	16.044999839550005
728	11927552	10	6.3	5.21632054229799	13.0	0.0	10	3.6	4.340506882842141	10.0	0.0	-0.007738246907847848	-2.37351053680094	0.21636072885474852	7.431749981420626	15.877999841220003
732	11993088	10	5.6	4.521061822182927	10.0	0.0	10	4.0	4.898979485566356	10.0	0.0	-0.007639308745448686	-2.425093136475196	0.18460959892659612	7.417749981455625	12.137999878620002
736	12058624	10	6.3	4.605431575867782	10.0	0.0	10	1.3	3.034798181098703	10.0	0.0	-0.007448058140483792	-2.4075408103541043	0.1974696859822112	7.4229999814425005	13.40799986592
740	12124160	10	7.3	4.196427051671457	10.0	0.0	10	4.0	4.898979485566356	10.0	0.0	-0.008307026390304516	-2.4299782785228867	0.1770165261317675	7.41849998145375	16.389999836100003
744	12189696	10	2.6	3.8781438859330635	10.0	0.0	10	6.0	4.898979485566356	10.0	0.0	-0.0076989313739597685	-2.468177728097829	0.19375190664548042	7.424749981438125	16.198999838010003
748	12255232	10	6.3	4.605431575867781	10.0	0.0	10	3.3	4.473253849269008	10.0	0.0	-0.006564812823776066	-2.462339328966344	0.19276288002273673	7.399249981501875	16.30099983699
752	12320768	10	4.0	4.898979485566356	10.0	0.0	10	5.0	5.0	10.0	0.0	-0.007426732175326286	-2.417645789431027	0.17144726067547741	7.400749981498126	16.1599998384
756	12386304	10	7.0	4.58257569495584	10.0	0.0	10	5.3	4.775981574503821	10.0	0.0	-0.00722597855126186	-2.426043646778276	0.15878355377251935	7.395749981510625	16.25799983742
760	12451840	10	5.3	4.775981574503821	10.0	0.0	10	5.0	5.0	10.0	0.0	-0.006652641422295397	-2.432169457023311	0.16028840426859015	7.445249981386874	16.477999835220004
764	12517376	10	5.0	5.0	10.0	0.0	10	3.0	4.58257569495584	10.0	0.0	-0.007630361325748474	-2.415892585860367	0.1929936037042619	7.432499981418751	15.628999843710002
768	12582912	10	5.3	4.775981574503821	10.0	0.0	10	2.0	4.0	10.0	0.0	-0.007405917969498158	-2.4201934409600736	0.180878252548261	7.440999981397501	16.208999837910003
772	12648448	10	2.0	4.0	10.0	0.0	10	6.0	4.898979485566356	10.0	0.0	-0.00712154994518431	-2.442101910455949	0.16064145934336435	7.4529999813675	16.71099983289
776	12713984	10	5.0	5.0	10.0	0.0	10	8.0	4.0	10.0	0.0	-0.006926670053756732	-2.388395252078333	0.1965202855051988	7.507249981231874	9.29599990704
780	12779520	10	3.0	4.58257569495584	10.0	0.0	10	2.0	4.0	10.0	0.0	-0.006218714249632972	-2.3665031515080273	0.19368316712323908	7.37599998156	13.926999860730001
784	12845056	10	3.0	4.58257569495584	10.0	0.0	10	7.0	4.58257569495584	10.0	0.0	-0.006914626655884346	-2.4128729847540376	0.18854638055175987	7.467249981331875	12.622999873770002
788	12910592	10	6.0	4.898979485566356	10.0	0.0	10	2.0	4.0	10.0	0.0	-0.00792281896831438	-2.4189904727005462	0.16757931868973178	7.405999981485	16.215999837840005
792	12976128	10	5.0	5.0	10.0	0.0	10	3.6	4.340506882842141	10.0	0.0	-0.007338278004523267	-2.4690528161735346	0.16664327780222016	7.401499981496251	11.793999882060003
796	13041664	10	1.0	3.0	10.0	0.0	10	5.0	5.0	10.0	0.0	-0.008186843553384284	-2.4432944826720178	0.15658927870214523	7.452499981368751	16.491999835080005
800	13107200	10	4.0	4.898979485566356	10.0	0.0	10	4.6	4.5431266766402185	10.0	0.0	-0.008484109449480724	-2.4312829422404976	0.1793528770220215	7.414749981463125	15.221999847780001
804	13172736	10	5.0	5.0	10.0	0.0	10	7.0	4.58257569495584	10.0	0.0	-0.008056066035724736	-2.425668728595624	0.21015832648596494	7.393999981515	16.15099983849
808	13238272	10	4.0	4.898979485566356	10.0	0.0	10	3.0	4.58257569495584	10.0	0.0	-0.007607437390526715	-2.4268483219002945	0.19434093511191194	7.399999981500001	16.176999838230003
812	13303808	10	5.3	4.775981574503821	10.0	0.0	10	8.0	4.0	10.0	0.0	-0.007585575800898857	-2.3816797532143816	0.15000941734750606	7.455499981361251	9.001999909980002
816	13369344	10	4.0	4.898979485566356	10.0	0.0	10	8.6	3.720215047547655	13.0	0.0	-0.00723309998693813	-2.4272248295401404	0.18829777369176898	7.40399998149	15.907999840920002
820	13434880	10	3.0	4.58257569495584	10.0	0.0	10	6.0	4.898979485566356	10.0	0.0	-0.007988359305350126	-2.455945081753011	0.20034950472811044	7.425749981435625	14.781999852180002
824	13500416	10	5.0	5.0	10.0	0.0	10	5.3	4.775981574503821	10.0	0.0	-0.00729753637445434	-2.4200477150541935	0.1731356157120023	7.39599998151	13.503999864960003
828	13565952	10	1.6	3.0397368307141326	10.0	0.0	10	4.0	4.898979485566356	10.0	0.0	-0.007291702142991376	-2.445132066551456	0.17689665133463942	7.381999981545	16.41499983585
832	13631488	10	4.0	4.898979485566356	10.0	0.0	10	8.3	4.243819034784589	13.0	0.0	-0.007824159767342777	-2.4589562413515247	0.152944528559434	7.401499981496251	15.963999840360003
836	13697024	10	4.0	4.898979485566356	10.0	0.0	10	6.3	4.605431575867781	10.0	0.0	-0.0074699716804490085	-2.4517420726447465	0.17487948083359753	7.423749981440626	16.507999834920003
840	13762560	10	6.3	4.605431575867781	10.0	0.0	10	5.6	4.521061822182926	10.0	0.0	-0.007784602292099476	-2.4427321078815667	0.19984061719009794	7.41849998145375	16.081999839180003
844	13828096	10	3.3	4.473253849269008	10.0	0.0	10	5.0	5.0	10.0	0.0	-0.005909822123906572	-2.4360227880324565	0.22268885053547657	7.4074999814812506	16.186999838130003
848	13893632	10	3.3	4.473253849269008	10.0	0.0	10	5.6	4.715930449020639	10.0	0.0	-0.0068230509610219744	-2.4310095009655655	0.1878181160231986	7.447249981381875	16.116999838830004
852	13959168	10	8.0	4.0	10.0	0.0	10	7.6	3.9799497484264794	10.0	0.0	-0.0070038450168775235	-2.431780668343116	0.16115918815940738	7.4547499813631255	16.10699983893
856	14024704	10	2.3	4.648655719667783	13.0	0.0	10	4.3	4.73392015141785	10.0	0.0	-0.007068749739595415	-2.418299937989734	0.19227905771244375	7.418999981452501	16.39099983609
860	14090240	10	3.3	4.473253849269008	10.0	0.0	10	7.3	4.196427051671457	10.0	0.0	-0.008432777258077149	-2.3782980439569723	0.18746844894473005	7.418999981452501	14.662999853370003
864	14155776	10	4.3	4.73392015141785	10.0	0.0	10	5.0	5.0	10.0	0.0	-0.008100861163625742	-2.4647078362520105	0.140189986816595	7.43149998142125	16.403999835960004
868	14221312	10	3.9	4.3920382511995495	10.0	0.0	10	7.3	4.196427051671457	10.0	0.0	-0.006421055811428759	-2.420400003340048	0.14345749497161048	7.446749981383125	16.21099983789
872	14286848	10	4.0	4.898979485566356	10.0	0.0	10	6.3	4.605431575867781	10.0	0.0	-0.008195980213466065	-2.3700166068985915	0.17397650996894362	7.432499981418751	14.014999859850002
876	14352384	10	5.6	5.141984052872976	13.0	0.0	10	5.0	5.0	10.0	0.0	-0.007472661007775487	-2.3454520650248343	0.20633366981234583	7.378499981553751	16.387999836120006
880	14417920	10	7.3	4.859012245302536	13.0	0.0	10	5.6	4.521061822182927	10.0	0.0	-0.007239607799878434	-2.3330898655010834	0.15322206617910017	7.4149999814625005	12.014999879850002
884	14483456	10	5.3	4.775981574503821	10.0	0.0	10	3.6	4.340506882842141	10.0	0.0	-0.006729363630465076	-2.313032967107952	0.18520977509141398	7.433749981415626	16.11899983881
888	14548992	10	4.2	3.994996871087636	10.0	0.0	10	2.6	3.878143885933063	10.0	0.0	-0.006840338194903378	-2.3367356208512935	0.16453882002420409	7.41749998145625	16.320999836790005
892	14614528	10	2.0	4.0	10.0	0.0	10	9.0	3.0	10.0	0.0	-0.006446372377402756	-2.372367399187127	0.18883877501718582	7.367999981580001	10.915999890840002
896	14680064	10	4.0	4.898979485566356	10.0	0.0	10	7.0	4.58257569495584	10.0	0.0	-0.006477270953769047	-2.338242066159663	0.170438508485385	7.403749981490626	16.51899983481
900	14745600	10	1.5	1.5	3.0	0.0	10	3.3	4.473253849269008	10.0	0.0	-0.006734126620263296	-2.3404222947901374	0.1954587510738568	7.402999981492501	16.06299983937
904	14811136	10	3.0	4.58257569495584	10.0	0.0	10	1.9	3.014962686336267	10.0	0.0	-0.007880173174056954	-2.28138581391253	0.20012026945527975	7.3897499815256245	16.136999838630004
908	14876672	10	5.0	5.0	10.0	0.0	10	4.3	4.73392015141785	10.0	0.0	-0.006650071857231236	-2.2756000084294734	0.16443815903267006	7.4152499814618755	16.284999837150004
912	14942208	10	6.9	5.204805471869242	13.0	0.0	10	5.6	5.141984052872976	13.0	0.0	-0.006805298345977679	-2.2593137172491287	0.18369251417876625	7.4069999814825005	8.787999912120002
916	15007744	10	5.6	5.695612346359257	13.0	0.0	10	4.3	4.73392015141785	10.0	0.0	-0.00686648560490257	-2.2693235871812143	0.18870082154146162	7.44249998139375	16.322999836770002
920	15073280	10	5.2	4.28485705712571	10.0	0.0	10	4.6	4.5431266766402185	10.0	0.0	-0.007270805034902202	-2.2647004621848748	0.17213162964279521	7.374249981564375	16.12699983873
924	15138816	10	2.3	4.648655719667783	13.0	0.0	10	6.9	4.592385001282014	13.0	0.0	-0.006581002202965096	-2.3058667354367297	0.16727438947616516	7.406749981483125	15.976999840230002
928	15204352	10	3.3	4.473253849269008	10.0	0.0	10	8.0	4.0	10.0	0.0	-0.00762281421017203	-2.3916386487575556	0.1364405987021259	7.40649998148375	11.371999886280001
932	15269888	10	5.6	4.521061822182927	10.0	0.0	10	7.0	4.58257569495584	10.0	0.0	-0.006261342602207338	-2.3496117241716634	0.16777887418670664	7.41249998146875	16.351999836480005
936	15335424	10	4.3	4.73392015141785	10.0	0.0	10	6.3	4.605431575867781	10.0	0.0	-0.00785044515981481	-2.3649513445814616	0.1518884063540134	7.399749981500626	16.080999839190003
940	15400960	10	5.0	5.0	10.0	0.0	10	4.3	4.73392015141785	10.0	0.0	-0.007738699362059379	-2.365404493860373	0.1663408196202744	7.392749981518126	14.900999850990003
944	15466496	10	2.6	3.878143885933063	10.0	0.0	10	4.3	5.330103188494571	13.0	0.0	-0.006963225311242984	-2.382293040305573	0.1763310550994032	7.398999981502501	16.219999837800003
948	15532032	10	5.3	4.775981574503821	10.0	0.0	10	4.3	4.73392015141785	10.0	0.0	-0.007412596881432379	-2.388890412697699	0.15283203216540256	7.35949998160125	14.445999855540002
952	15597568	10	3.6	4.340506882842141	10.0	0.0	10	6.6	4.2708313008125245	10.0	0.0	-0.007568360135761859	-2.4037424844979736	0.1592328628980152	7.402749981493125	16.020999839790004
956	15663104	10	4.0	4.898979485566356	10.0	0.0	10	3.3	4.473253849269008	10.0	0.0	-0.00772992116658134	-2.407574616121796	0.17271432418439744	7.4227499814431255	16.239999837600003
960	15728640	10	4.0	4.898979485566356	10.0	0.0	10	4.6	4.5431266766402185	10.0	0.0	-0.008232700380531624	-2.3941680662323566	0.1690676426338871	7.406749981483125	16.271999837280003
964	15794176	10	5.0	5.0	10.0	0.0	10	5.6	5.695612346359257	13.0	0.0	-0.007614127160615014	-2.405921682464799	0.14569542633093666	7.383749981540625	14.426999855730003
968	15859712	10	4.3	4.73392015141785	10.0	0.0	10	4.6	4.5431266766402185	10.0	0.0	-0.007191982955048798	-2.341168738657743	0.12981869325552137	7.477499981306251	16.13599983864
972	15925248	10	6.3	4.605431575867782	10.0	0.0	10	2.0	4.0	10.0	0.0	-0.007694598968057154	-2.420329563067565	0.16290809484053934	7.3912499815218755	16.38299983617
976	15990784	10	6.6	4.2708313008125245	10.0	0.0	10	6.0	4.898979485566356	10.0	0.0	-0.008024331610687071	-2.448279020431915	0.14953842602354264	7.4619999813449995	16.391999836080004
980	16056320	10	5.0	5.0	10.0	0.0	10	5.0	5.0	10.0	0.0	-0.008513370455170791	-2.4435178262430215	0.15125107352288084	7.47649998130875	10.373999896260003
984	16121856	10	4.3	4.73392015141785	10.0	0.0	10	5.3	4.775981574503821	10.0	0.0	-0.007149825919606076	-2.435977319622605	0.17239679984194325	7.4299999814249995	16.045999839540002
988	16187392	10	3.6	4.340506882842141	10.0	0.0	10	5.3	4.775981574503821	10.0	0.0	-0.007684718382539828	-2.438223942860299	0.1431231617312803	7.49999998125	15.996999840030002
992	16252928	10	5.0	5.0	10.0	0.0	10	7.0	4.58257569495584	10.0	0.0	-0.007808539200692092	-2.369707395386217	0.1659714310877985	7.3889999815275	16.000999839990005
996	16318464	10	5.3	4.775981574503821	10.0	0.0	10	4.9	5.699999999999999	16.0	0.0	-0.007062258971798481	-2.353670425467888	0.16515490271293345	7.4619999813449995	16.3299998367
1000	16384000	10	2.3	3.9509492530276824	10.0	0.0	10	4.6	5.161395160225576	13.0	0.0	-0.007651739772388246	-2.3941444255401247	0.1399448416826136	7.47949998130125	16.575999834240005
1004	16449536	10	3.3	5.1	13.0	0.0	10	5.6	4.521061822182927	10.0	0.0	-0.007585273099234267	-2.3474176424283337	0.18664203776275531	7.427249981431875	16.250999837490003
1008	16515072	10	3.6	4.340506882842141	10.0	0.0	10	4.3	5.330103188494572	13.0	0.0	-0.007755867806231467	-2.374867240340488	0.15873833053333566	7.457749981355625	16.186999838130003
1012	16580608	10	3.6	4.340506882842141	10.0	0.0	10	6.0	4.898979485566356	10.0	0.0	-0.008158862368023205	-2.33031071201528	0.1835591952746137	7.38249998154375	15.316999846830003
1016	16646144	10	4.0	4.898979485566356	10.0	0.0	10	6.0	4.898979485566356	10.0	0.0	-0.008188600995462189	-2.354602478199305	0.14184882893922535	7.41749998145625	16.410999835890003
1020	16711680	10	5.6	5.141984052872976	13.0	0.0	10	4.3	4.73392015141785	10.0	0.0	-0.007222423870043225	-2.3261338643790155	0.19066724233516263	7.4944999812637505	13.870999861290002
1024	16777216	10	5.3	4.775981574503821	10.0	0.0	10	6.6	4.923413450036469	13.0	0.0	-0.006600559542897846	-2.316241231816137	0.17801048077030404	7.36399998159	16.235999837640005
1028	16842752	10	7.0	4.58257569495584	10.0	0.0	10	6.3	4.605431575867782	10.0	0.0	-0.007585846330704202	-2.3797786581024147	0.159453305243979	7.401749981495625	12.978999870210002
1032	16908288	10	9.0	3.0	10.0	0.0	10	6.3	4.605431575867781	10.0	0.0	-0.007692077448566433	-2.368588608753319	0.16053112377292622	7.45549998136125	16.249999837500003
1036	16973824	10	2.2	3.249615361854384	10.0	0.0	10	6.0	4.898979485566356	10.0	0.0	-0.007491516232350457	-2.2922837582823004	0.15324365726317588	7.3832499815418755	16.144999838550003
1040	17039360	10	3.6	4.340506882842141	10.0	0.0	10	6.0	4.898979485566356	10.0	0.0	-0.006298071752655232	-2.3377275042284245	0.1825879701067798	7.42049998144875	14.496999855030003
1044	17104896	10	3.3	4.473253849269008	10.0	0.0	10	5.0	5.0	10.0	0.0	-0.008166459101992594	-2.415656178938051	0.14635436429359377	7.3904999815237495	16.088999839110002
1048	17170432	10	7.3	4.859012245302536	13.0	0.0	10	4.6	5.161395160225576	13.0	0.0	-0.008885975395043958	-2.3846295374134714	0.2052937640284234	7.431249981421875	16.168999838310004
1052	17235968	10	5.0	5.0	10.0	0.0	10	6.6	5.660388679233963	16.0	0.0	-0.006976684285474169	-2.383630019674756	0.1848765422087056	7.435249981411875	15.211999847880001
1056	17301504	10	5.0	5.0	10.0	0.0	10	4.6	4.5431266766402185	10.0	0.0	-0.0077035441516130594	-2.3711471455806166	0.2064243100058087	7.369999981575	14.551999854480002
1060	17367040	10	5.3	5.367494760127857	13.0	0.0	10	4.0	4.898979485566356	10.0	0.0	-0.006493182687266186	-2.3750834537058614	0.20371349479743747	7.4329999814175	16.238999837610002
1064	17432576	10	5.0	5.0	10.0	0.0	10	3.3	4.473253849269008	10.0	0.0	-0.0075296715529514354	-2.379566696535035	0.1869307934732724	7.42149998144625	16.479999835200005
1068	17498112	10	4.0	4.898979485566356	10.0	0.0	10	8.3	4.243819034784589	13.0	0.0	-0.007844906719069364	-2.3630145760896006	0.17876187151298467	7.427749981430625	7.081999929180001
1072	17563648	10	4.6	5.161395160225576	13.0	0.0	10	6.3	4.605431575867781	10.0	0.0	-0.007571668385146765	-2.3595559644228046	0.18225289630978245	7.43549998141125	16.322999836770002
1076	17629184	10	5.0	5.0	10.0	0.0	10	5.3	4.775981574503821	10.0	0.0	-0.007834541130344123	-2.3585634278781082	0.16839500708924482	7.416499981458751	13.682999863170002
1080	17694720	10	7.0	4.58257569495584	10.0	0.0	10	6.0	4.898979485566356	10.0	0.0	-0.008258154816201119	-2.3878389321263795	0.17593511712146487	7.427999981429999	14.364999856350002
1084	17760256	10	7.0	4.58257569495584	10.0	0.0	10	4.3	4.73392015141785	10.0	0.0	-0.008562590975712712	-2.342855296784971	0.17023878853236551	7.435749981410625	16.080999839190003
1088	17825792	10	6.6	4.2708313008125245	10.0	0.0	10	8.3	3.4655446902326914	10.0	0.0	-0.007520298145335511	-2.396053887654101	0.15178267694980843	7.47249998131875	14.362999856370001
1092	17891328	10	6.0	4.898979485566356	10.0	0.0	10	5.6	4.521061822182927	10.0	0.0	-0.0077339575052800475	-2.3346153346252416	0.1340830836615864	7.502749981243124	16.409999835900003
1096	17956864	10	2.0	4.0	10.0	0.0	10	4.3	4.73392015141785	10.0	0.0	-0.008065469763468695	-2.324449044720594	0.1574099942256951	7.441749981395626	16.401999835980003
1100	18022400	10	3.3	4.473253849269008	10.0	0.0	10	6.3	4.605431575867782	10.0	0.0	-0.008009346055662416	-2.37556239441127	0.15256320334313073	7.427749981430625	16.211999837880004
1104	18087936	10	4.3	4.73392015141785	10.0	0.0	10	4.3	4.73392015141785	10.0	0.0	-0.006477921272797236	-2.3013083833045664	0.16181071535550842	7.465749981335625	16.041999839580004
1108	18153472	10	3.0	4.58257569495584	10.0	0.0	10	5.0	5.0	10.0	0.0	-0.0077399091355317634	-2.365965415787608	0.18837245179240675	7.41999998145	16.679999833200004
1112	18219008	10	6.0	4.898979485566356	10.0	0.0	10	6.0	4.898979485566356	10.0	0.0	-0.008285088252751928	-2.3678672807929027	0.18501146795474005	7.432249981419375	16.376999836230002
1116	18284544	10	3.6	4.340506882842142	10.0	0.0	10	6.6	5.660388679233963	16.0	0.0	-0.00794396331101794	-2.3612008042657475	0.1591919386438355	7.450249981374376	11.89899988101
1120	18350080	10	7.0	4.58257569495584	10.0	0.0	10	3.9	4.182104733265296	10.0	0.0	-0.00798005934886474	-2.3775091739999255	0.173628303592323	7.4269999814325	16.430999835690002
1124	18415616	10	5.0	5.0	10.0	0.0	10	3.3	4.473253849269008	10.0	0.0	-0.007196567796662832	-2.384581004331468	0.155257951607277	7.4139999814649995	16.319999836800005
1128	18481152	10	5.3	4.775981574503821	10.0	0.0	10	4.9	4.323193264243458	10.0	0.0	-0.0077484218070632965	-2.383860950420334	0.15520728804727427	7.3597499816006255	16.228999837710003
1132	18546688	10	6.0	4.898979485566356	10.0	0.0	10	4.0	4.898979485566356	10.0	0.0	-0.00721953701016882	-2.3513164989684485	0.17958023467093173	7.3984999815037495	16.03199983968
1136	18612224	10	6.3	4.605431575867782	10.0	0.0	10	6.0	4.898979485566356	10.0	0.0	-0.007464162296381295	-2.3611270857378024	0.14930877786437058	7.3659999815849995	10.986999890130003
1140	18677760	10	2.6	3.878143885933063	10.0	0.0	10	6.3	5.21632054229799	13.0	0.0	-0.008121766648767448	-2.3477322754798555	0.18170550906069258	7.418749981453124	16.40299983597
1144	18743296	10	0.6	1.2	3.0	0.0	10	4.2	3.9949968710876353	10.0	0.0	-0.007657650808859777	-2.361541176589702	0.18266704552456334	7.412749981468125	10.939999890600001
1148	18808832	10	7.0	4.58257569495584	10.0	0.0	10	4.6	4.5431266766402185	10.0	0.0	-0.008077613154826562	-2.376548039168915	0.15340421618847985	7.4059999814849995	16.337999836620003
1152	18874368	10	5.0	5.0	10.0	0.0	10	5.0	5.0	10.0	0.0	-0.007882663141357485	-2.3634932063541507	0.1885034856966227	7.397749981505625	13.744999862550001
1156	18939904	10	8.3	4.243819034784589	13.0	0.0	10	4.0	4.898979485566356	10.0	0.0	-0.0074406609799684414	-2.330169160918061	0.19020878459518667	7.391749981520626	16.26599983734
1160	19005440	10	6.6	4.923413450036469	13.0	0.0	10	4.0	4.898979485566356	10.0	0.0	-0.007893716089798466	-2.304974198101268	0.17978091023852288	7.443749981390625	16.24599983754
1164	19070976	10	6.3	4.605431575867782	10.0	0.0	10	6.2	4.791659420284375	13.0	0.0	-0.0077160710732486456	-2.3900665315482845	0.1724495468481554	7.356249981609375	13.31199986688
1168	19136512	10	2.0	4.0	10.0	0.0	10	6.3	4.605431575867781	10.0	0.0	-0.007979654246585357	-2.377924812089062	0.18043704538589198	7.413749981465625	16.224999837750005
1172	19202048	10	5.2	5.344155686354955	13.0	0.0	10	7.3	4.196427051671457	10.0	0.0	-0.006804964434092905	-2.391729605445473	0.16680216989294638	7.39949998150125	16.11499983885
1176	19267584	10	6.0	4.898979485566356	10.0	0.0	10	6.3	5.21632054229799	13.0	0.0	-0.007507901634326209	-2.429766798759719	0.15838009272604447	7.420749981448125	16.1299998387
1180	19333120	10	3.3	4.473253849269008	10.0	0.0	10	7.6	3.7469987990390385	10.0	0.0	-0.008362551684551559	-2.390624269594078	0.16841801564627892	7.41999998145	16.599999834000005
1184	19398656	10	8.3	4.243819034784589	13.0	0.0	10	4.6	4.5431266766402185	10.0	0.0	-0.008497235277015344	-2.3916220463804603	0.19720161921463597	7.362749981593126	16.460999835390002
1188	19464192	10	4.3	4.73392015141785	10.0	0.0	10	8.0	4.0	10.0	0.0	-0.007573500420342123	-2.357290910932243	0.14197044216635407	7.37199998157	16.125999838740004
1192	19529728	10	4.3	4.73392015141785	10.0	0.0	10	7.9	4.72122865364515	13.0	0.0	-0.007657177847361712	-2.401528286187034	0.15155524518314328	7.42849998142875	16.192999838070005
1196	19595264	10	7.0	4.58257569495584	10.0	0.0	10	4.3	5.330103188494572	13.0	0.0	-0.007647918410345844	-2.3782787320520673	0.15920383877325184	7.388749981528125	16.347999836520003
1200	19660800	10	7.9	4.72122865364515	13.0	0.0	10	6.3	4.605431575867781	10.0	0.0	-0.008476826274117345	-2.436259090646644	0.12639003067202573	7.365749981585625	16.105999838940004
1204	19726336	10	2.0	4.0	10.0	0.0	10	4.9	4.323193264243457	10.0	0.0	-0.007494144676888945	-2.3916016193719924	0.16596453239343797	7.402999981492501	16.596999834030004
1208	19791872	10	3.0	4.58257569495584	10.0	0.0	10	4.0	4.898979485566356	10.0	0.0	-0.007950763049929609	-2.4316274024496725	0.18428259760084406	7.412249981469375	16.045999839540002
1212	19857408	10	5.0	5.0	10.0	0.0	10	5.3	4.775981574503821	10.0	0.0	-0.007608099163124848	-2.3635458993436536	0.15913125358726965	7.403749981490626	16.187999838120003
1216	19922944	10	5.0	5.0	10.0	0.0	10	6.0	4.898979485566356	10.0	0.0	-0.007021798584169824	-2.336194599424831	0.19531495044456892	7.433499981416251	16.198999838010003
1220	19988480	10	7.0	4.58257569495584	10.0	0.0	10	5.9	4.887739763939975	13.0	0.0	-0.006688769423423993	-2.3698664702489984	0.1583043355329837	7.429249981426875	16.247999837520005
1224	20054016	10	6.0	4.898979485566356	10.0	0.0	10	7.6	3.7469987990390385	10.0	0.0	-0.007343628079214719	-2.3590949026273	0.12847821925359773	7.468749981328125	16.738999832610002
1228	20119552	10	5.3	5.367494760127856	13.0	0.0	10	3.3	4.473253849269008	10.0	0.0	-0.007460525348335244	-2.384690085798449	0.17805281287377556	7.4929999812675	15.935999840640003
1232	20185088	10	4.6	4.5431266766402185	10.0	0.0	10	4.3	5.330103188494571	13.0	0.0	-0.007583441034935079	-2.3811276776098413	0.167365149034138	7.363749981590625	16.009999839900004
1236	20250624	10	2.0	4.0	10.0	0.0	10	5.3	4.775981574503821	10.0	0.0	-0.008276095600848552	-2.3669092925904307	0.16570285411067284	7.383999981540001	16.180999838190004
1240	20316160	10	5.6	5.141984052872976	13.0	0.0	10	6.3	4.605431575867781	10.0	0.0	-0.007433452705738056	-2.3615948530558435	0.18105085650125188	7.30799998173	13.067999869320001
1244	20381696	10	6.3	4.605431575867781	10.0	0.0	10	3.3	4.473253849269008	10.0	0.0	-0.008016103167163748	-2.380837244044096	0.17305890430135373	7.385249981536876	11.911999880880003
1248	20447232	10	3.3	4.473253849269008	10.0	0.0	10	5.6	5.851495535331118	16.0	0.0	-0.008191549342029066	-2.427152638381217	0.15529657363205251	7.381499981546251	10.74699989253
1252	20512768	10	7.3	4.196427051671457	10.0	0.0	10	2.3	3.9509492530276824	10.0	0.0	-0.007530330895379725	-2.416577823208375	0.15479015239143776	7.391749981520626	16.283999837160003
1256	20578304	10	5.0	5.0	10.0	0.0	10	7.0	4.58257569495584	10.0	0.0	-0.007418732213849259	-2.4406641172807193	0.1400467937976768	7.41649998145875	13.209999867900002
1260	20643840	10	3.0	4.58257569495584	10.0	0.0	10	3.6	4.983974317750846	13.0	0.0	-0.008307749280946602	-2.4015086092036797	0.15590905404267386	7.402749981493125	16.049999839500003
1264	20709376	10	5.0	5.0	10.0	0.0	10	6.3	4.605431575867781	10.0	0.0	-0.008064072178127754	-2.3940300293256516	0.17165435592718495	7.382749981543125	11.815999881840003
1268	20774912	10	3.0	4.58257569495584	10.0	0.0	10	5.6	4.521061822182927	10.0	0.0	-0.008352344216937172	-2.405289403843668	0.1710966122934562	7.3584999816037495	16.227999837720006
1272	20840448	10	5.0	5.0	10.0	0.0	10	8.2	4.28485705712571	13.0	0.0	-0.00905153486046096	-2.406385083742611	0.15769510279940016	7.4089999814775	14.810999851890003
1276	20905984	10	3.3	4.473253849269009	10.0	0.0	10	3.3	4.473253849269008	10.0	0.0	-0.0068527401616682295	-2.4241578650929614	0.1632918875960038	7.42349998144125	16.17899983821
1280	20971520	10	4.6	5.161395160225576	13.0	0.0	10	4.9	4.52658811910251	10.0	0.0	-0.008024709334750614	-2.3828877655169722	0.16807426968390854	7.384749981538125	16.09799983902
1284	21037056	10	4.3	5.330103188494572	13.0	0.0	10	7.0	4.58257569495584	10.0	0.0	-0.008170617675566547	-2.420180643346136	0.1634060870685832	7.3489999816275	13.997999860020002
1288	21102592	10	5.3	4.775981574503821	10.0	0.0	10	3.6	4.5431266766402185	10.0	0.0	-0.0072388553579345	-2.4293651925973716	0.11870112129181949	7.3979999815049995	15.909999840900003
1292	21168128	10	6.3	4.605431575867781	10.0	0.0	10	7.2	4.214261501141095	13.0	0.0	-0.008617762965222622	-2.4526817920235966	0.12672289102570428	7.626249980934375	16.237999837620002
1296	21233664	10	6.3	5.21632054229799	13.0	0.0	10	7.3	4.196427051671457	10.0	0.0	-0.007649798937373376	-2.4285928579621943	0.15013292895928762	7.746749980633125	16.267999837320005
1300	21299200	10	3.3	4.473253849269008	10.0	0.0	10	5.3	4.775981574503821	10.0	0.0	-0.007099967745052851	-2.4258942849890652	0.15810893528689549	7.431749981420626	16.00199983998
1304	21364736	10	5.0	5.0	10.0	0.0	10	5.3	4.775981574503821	10.0	0.0	-0.008407611466922137	-2.4480606414311152	0.13937887741974	7.4529999813675	16.23499983765
1308	21430272	10	6.0	4.898979485566356	10.0	0.0	10	3.6	4.340506882842141	10.0	0.0	-0.007521299719706106	-2.4022909921885542	0.1848216665871392	7.40749998148125	9.085999909140002
1312	21495808	10	4.0	4.898979485566356	10.0	0.0	10	7.9	3.477067730142742	10.0	0.0	-0.00882775149177384	-2.3705212148541537	0.16455367306706337	7.351999981620001	15.991999840080004
1316	21561344	10	4.3	4.73392015141785	10.0	0.0	10	6.3	5.21632054229799	13.0	0.0	-0.00727851325958276	-2.3914050631217587	0.16056156653480122	7.378749981553125	16.293999837060003
1320	21626880	10	5.3	4.775981574503821	10.0	0.0	10	5.3	4.775981574503821	10.0	0.0	-0.00814792970692615	-2.4227868365704537	0.14407095622012323	7.712499980718751	12.530999874690002
1324	21692416	10	6.3	4.605431575867781	10.0	0.0	10	4.6	4.5431266766402185	10.0	0.0	-0.007326034714267369	-2.403400179990118	0.17740298518615258	7.436249981409374	10.395999896040003
1328	21757952	10	5.0	5.0	10.0	0.0	10	2.3	4.648655719667783	13.0	0.0	-0.007809385899028928	-2.424880491937928	0.14151105950664628	7.467249981331875	16.029999839700004
1332	21823488	10	5.3	4.775981574503821	10.0	0.0	10	4.3	4.73392015141785	10.0	0.0	-0.007792214073961869	-2.3828733039400354	0.1737948191792034	7.348249981629374	16.045999839540002
1336	21889024	10	4.3	4.73392015141785	10.0	0.0	10	7.6	5.102940328869229	13.0	0.0	-0.007731058764979518	-2.381029851486614	0.18058642137777223	7.444749981388125	16.137999838620004
1340	21954560	10	4.0	4.898979485566356	10.0	0.0	10	5.3	4.775981574503821	10.0	0.0	-0.0076515620304450265	-2.4245223772980475	0.16456422099371174	7.42649998143375	12.076999879230002
1344	22020096	10	6.9	4.592385001282014	13.0	0.0	10	5.0	5.0	10.0	0.0	-0.007150774198799812	-2.3859337143598163	0.1722228618469746	7.45549998136125	16.184999838150002
1348	22085632	10	4.9	4.323193264243458	10.0	0.0	10	6.3	5.21632054229799	13.0	0.0	-0.0075557115734542326	-2.392468273390463	0.1660424961225084	7.448249981379375	15.552999844470003
1352	22151168	10	2.0	4.0	10.0	0.0	10	7.3	4.196427051671457	10.0	0.0	-0.007809094402339061	-2.3946186127751132	0.15263473124516017	7.421749981445625	16.48199983518
1356	22216704	10	6.6	4.2708313008125245	10.0	0.0	10	7.9	4.72122865364515	13.0	0.0	-0.008255626539771094	-2.402240926770475	0.13540000273056554	7.47749998130625	16.02799983972
1360	22282240	10	4.0	4.898979485566356	10.0	0.0	10	8.6	4.651881339845203	16.0	0.0	-0.007468690392801902	-2.4002420254034957	0.16877727107870322	7.409749981475624	15.407999845920003
1364	22347776	10	5.6	5.695612346359257	13.0	0.0	10	5.3	4.775981574503821	10.0	0.0	-0.007668502929350361	-2.415859850492754	0.14194351068461053	7.401999981495001	16.269999837300002
1368	22413312	10	6.9	4.784349485562275	13.0	0.0	10	6.3	4.605431575867782	10.0	0.0	-0.006974694557236796	-2.371924757710383	0.1715398006893821	7.409249981476875	8.568999914310002
1372	22478848	10	4.2	3.9949968710876362	10.0	0.0	10	5.0	5.0	10.0	0.0	-0.007950430727841573	-2.3619919118805	0.19779369178651254	7.439249981401875	15.300999846990003
1376	22544384	10	3.3	4.473253849269008	10.0	0.0	10	3.6	4.340506882842141	10.0	0.0	-0.006792803912705497	-2.3919730879358285	0.17135246228193976	7.4772499813068745	16.395999836040005
1380	22609920	10	4.3	5.330103188494571	13.0	0.0	10	6.0	4.898979485566356	10.0	0.0	-0.006544190788115105	-2.3939472285399597	0.17993903406573536	7.450249981374376	14.106999858930001
1384	22675456	10	2.3	3.9509492530276824	10.0	0.0	10	2.3	3.9509492530276824	10.0	0.0	-0.006402921795537008	-2.395321229844125	0.16634246782840065	7.45549998136125	14.792999852070002
1388	22740992	10	5.6	4.715930449020639	10.0	0.0	10	6.2	4.1182520563948	10.0	0.0	-0.00810211385312145	-2.4021917330703255	0.18153983096563733	7.484999981287499	16.314999836850003
1392	22806528	10	4.6	4.5431266766402185	10.0	0.0	10	3.6	4.340506882842141	10.0	0.0	-0.008046011696701622	-2.343040538086806	0.16643537035961745	7.536749981158125	16.389999836100003
1396	22872064	10	4.9	4.968903299521938	13.0	0.0	10	8.6	3.7202150475476548	13.0	0.0	-0.00823556151504523	-2.326447963472261	0.17120652628520894	7.47549998131125	13.16799986832
1400	22937600	10	3.3	4.473253849269008	10.0	0.0	10	5.9	4.2296571965113205	10.0	0.0	-0.008073136561271921	-2.3638662022870087	0.17109603588239278	7.4569999813575	16.183999838160005
1404	23003136	10	8.0	4.0	10.0	0.0	10	7.9	3.477067730142742	10.0	0.0	-0.007105451660984601	-2.3511856667731803	0.1903893487950526	7.48949998127625	16.15899983841
1408	23068672	10	4.3	4.73392015141785	10.0	0.0	10	6.6	5.499090833947008	13.0	0.0	-0.007864765090834433	-2.358548794937817	0.15751134680185092	7.4489999813775	15.191999848080002
1412	23134208	10	2.9	4.011234224026316	10.0	0.0	10	6.9	3.8845849199110063	10.0	0.0	-0.0076669519662166	-2.3702961477155053	0.20181851575842777	7.502749981243125	16.134999838650003
1416	23199744	10	5.3	4.775981574503821	10.0	0.0	10	5.6	5.141984052872977	13.0	0.0	-0.008042496807695174	-2.390012340992082	0.17687438123879667	7.459249981351876	11.275999887240001
1420	23265280	10	7.0	4.58257569495584	10.0	0.0	10	6.0	4.898979485566356	10.0	0.0	-0.007142923824948019	-2.329428126171968	0.2201256584146799	7.475249981311875	9.676999903230001
1424	23330816	10	4.9	4.968903299521938	13.0	0.0	10	5.6	5.141984052872977	13.0	0.0	-0.008673847710275878	-2.3513529248569833	0.15252676418324948	7.4772499813068745	9.552999904470003
1428	23396352	10	5.3	5.367494760127856	13.0	0.0	10	6.9	4.592385001282014	13.0	0.0	-0.00761167607966995	-2.3904564725849453	0.1648723641238728	7.460749981348125	16.070999839290003
1432	23461888	10	6.0	4.898979485566356	10.0	0.0	10	5.5	4.5	13.0	0.0	-0.007619960972497756	-2.3614827143672907	0.15946410943955577	7.43949998140125	16.30699983693
1436	23527424	10	3.0	4.58257569495584	10.0	0.0	10	5.3	5.367494760127856	13.0	0.0	-0.007128332449777712	-2.3423214552346763	0.16885583186315414	7.471249981321875	6.440999935590001
1440	23592960	10	6.0	4.898979485566356	10.0	0.0	10	7.3	4.196427051671457	10.0	0.0	-0.007667185167934068	-2.3763319897163147	0.17066361380825898	7.491749981270626	16.206999837930002
1444	23658496	10	6.3	4.605431575867781	10.0	0.0	10	6.3	4.605431575867781	10.0	0.0	-0.008179108958208016	-2.395357087005008	0.15614896072000423	7.458749981353125	16.17299983827
1448	23724032	10	3.3	4.473253849269008	10.0	0.0	10	4.3	4.73392015141785	10.0	0.0	-0.007924450931652602	-2.379122952372363	0.14575099283863294	7.47949998130125	16.116999838830004
1452	23789568	10	2.6	4.103656905736638	10.0	0.0	10	6.2	3.8935844667863573	10.0	0.0	-0.007944174633930864	-2.330725607529884	0.16022956323072185	7.49049998127375	16.399999836000003
1456	23855104	10	4.9	4.968903299521938	13.0	0.0	10	8.9	3.935733730830886	13.0	0.0	-0.0068942902233875844	-2.346741859867102	0.22536366430557658	7.53199998117	12.870999871290003
1460	23920640	10	6.3	4.605431575867781	10.0	0.0	10	6.3	4.605431575867782	10.0	0.0	-0.008113985361345857	-2.328037750975179	0.154259295186723	7.440749981398126	16.355999836440006
1464	23986176	10	6.6	5.499090833947008	13.0	0.0	10	5.9	4.887739763939975	13.0	0.0	-0.007770626421712838	-2.3673046973861953	0.141546375258672	7.4307499814231255	16.22299983777
1468	24051712	10	6.6	4.2708313008125245	10.0	0.0	10	5.3	4.775981574503821	10.0	0.0	-0.008420421304468243	-2.3687013906753296	0.20135414272311972	7.5172499812068745	16.366999836330002
1472	24117248	10	6.0	4.898979485566356	10.0	0.0	10	4.6	5.161395160225576	13.0	0.0	-0.00782887805487008	-2.369165017954086	0.1761654689724522	7.5024999812437505	12.898999871010002
1476	24182784	10	6.0	4.898979485566356	10.0	0.0	10	6.0	4.898979485566356	10.0	0.0	-0.008020432490485655	-2.3541383691163364	0.17024117364947886	7.4769999813075	16.166999838330003
1480	24248320	10	6.6	4.923413450036469	13.0	0.0	10	4.6	4.5431266766402185	10.0	0.0	-0.007013690913054268	-2.345429119720125	0.20984878606150126	7.443749981390625	11.742999882570002
1484	24313856	10	5.9	4.2296571965113205	10.0	0.0	10	5.3	4.775981574503821	10.0	0.0	-0.007664159526444144	-2.399123323210511	0.16331573046284426	7.491749981270625	14.071999859280002
1488	24379392	10	6.3	4.605431575867781	10.0	0.0	10	9.3	3.2264531609803355	13.0	0.0	-0.006926615784814212	-2.348610808207323	0.20958962723913085	7.493749981265625	12.114999878850002
1492	24444928	10	2.0	4.0	10.0	0.0	10	5.2	4.069397989875161	10.0	0.0	-0.006944562293214968	-2.3391763366805707	0.15032778655475573	7.497499981256251	16.203999837960005
1496	24510464	10	3.2	4.4	13.0	0.0	10	5.3	4.775981574503821	10.0	0.0	-0.00750225278092398	-2.2838761679932653	0.18414471203405758	7.4797499813006265	11.296999887030003
1500	24576000	10	6.0	4.898979485566356	10.0	0.0	10	4.0	4.898979485566356	10.0	0.0	-0.008411480641707336	-2.3337161613059956	0.14363556128672134	7.458249981354376	16.076999839230005
1504	24641536	10	2.6	3.8781438859330635	10.0	0.0	10	6.0	4.898979485566356	10.0	0.0	-0.007075894599004562	-2.39038162901933	0.17166498363713384	7.475249981311875	15.931999840680003
1508	24707072	10	6.0	4.898979485566356	10.0	0.0	10	7.3	4.196427051671457	10.0	0.0	-0.008168633798411755	-2.3311337031479304	0.155357669867535	7.467749981330625	16.28699983713
1512	24772608	10	4.3	4.73392015141785	10.0	0.0	10	7.0	4.58257569495584	10.0	0.0	-0.007691157660810051	-2.362922263396014	0.17870961748685532	7.434999981412501	10.833999891660001
1516	24838144	10	4.6	5.161395160225576	13.0	0.0	10	6.3	4.605431575867782	10.0	0.0	-0.00788696508646355	-2.3688386005675883	0.18087426571153992	7.529249981176874	16.1299998387
1520	24903680	10	5.3	4.775981574503821	10.0	0.0	10	8.6	3.7202150475476548	13.0	0.0	-0.00804815603782562	-2.3741764746616774	0.15024102438849318	7.458749981353125	12.520999874790002
1524	24969216	10	4.9	4.323193264243457	10.0	0.0	10	5.9	4.887739763939975	13.0	0.0	-0.008217507286092005	-2.3263022673687033	0.17066666334641903	7.48399998129	15.176999848230002
