iter	frame	n_test	mean_returns	std_returns	max_returns	min_returns	n_test_train	mean_returns_train	std_returns_train	max_returns_train	min_returns_train	actor_loss	entropy_loss	value_loss	training_time	evaluation_time
0	0	10	0.5	0.806225774829855	2.0	0.0	10	1.5	3.2015621187164243	11.0	0.0	0	0	0	0.0	38.621999613780005
4	65536	10	5.0	5.347896782848375	12.0	0.0	10	1.5	3.52845575287547	12.0	0.0	0.005436464614871525	-2.5469867733448037	0.21395031154876268	11.941749970145624	37.65099962349001
8	131072	10	1.2	3.2802438933713454	11.0	0.0	10	1.4	3.2310988842807022	11.0	0.0	-0.002478691780545683	-2.593748092381185	0.14143876442764605	10.691249973271875	38.94099961059001
12	196608	10	1.4	3.2310988842807022	11.0	0.0	10	2.4	4.31740662898458	11.0	0.0	-0.003000898822383199	-2.582262170542508	0.22644219126056214	10.838999972902501	37.56099962439001
16	262144	10	0.1	0.30000000000000004	1.0	0.0	10	2.4	4.565084884205331	12.0	0.0	-0.0025943772825814384	-2.5993047627085875	0.12679168807651714	10.958499972603748	38.576999614230004
20	327680	10	0.7	1.004987562112089	3.0	0.0	10	3.6	4.862098312457287	11.0	0.0	-0.003058231987157705	-2.63462300074472	0.12208168164641788	11.207249971981874	38.106999618930004
24	393216	10	1.7	3.1638584039112754	11.0	0.0	10	2.7	4.196427051671457	11.0	0.0	-0.0030009518034812208	-2.6346175593373578	0.19247529382054257	11.366749971583126	35.06599964934001
28	458752	10	2.4	4.31740662898458	11.0	0.0	10	2.8	4.142463035441596	11.0	0.0	-0.0030693278188802004	-2.6471220922692904	0.124576058749637	11.286999971782501	36.05599963944
32	524288	10	0.4	0.48989794855663565	1.0	0.0	10	2.6	4.24735211631906	11.0	0.0	-0.002728070720290101	-2.66664114566682	0.15636952149915542	11.132999972167502	37.2499996275
36	589824	10	2.4	4.31740662898458	11.0	0.0	10	1.3	3.257299494980466	11.0	0.0	-0.003136426280410988	-2.6542870126383282	0.18428445512371894	10.95349997261625	37.173999628260006
40	655360	10	2.3	4.360045871318328	11.0	0.0	10	1.6	3.2	11.0	0.0	-0.003430353736749063	-2.648395677131708	0.11086521624441562	10.839249972901875	39.027999609720005
44	720896	10	1.2	3.2802438933713454	11.0	0.0	10	7.0	5.347896782848375	13.0	0.0	-0.0036964149690690102	-2.627934189860464	0.14412210686183244	10.48049997379875	43.16099956839001
48	786432	10	2.7	4.450842616853578	12.0	0.0	10	5.8	5.617828762075256	12.0	0.0	-0.0043365536810930794	-2.61142336301622	0.10779579413397539	10.142499974643748	41.133999588660004
52	851968	10	1.3	3.257299494980466	11.0	0.0	10	4.8	5.30659966456864	12.0	0.0	-0.003895154227290924	-2.626813980166672	0.11795283006827706	9.658749975853125	43.849999561500006
56	917504	10	3.7	5.020956084253277	12.0	0.0	10	2.4	4.317406628984581	11.0	0.0	-0.0037517081238883964	-2.612064510311787	0.14761126451208872	9.77199997557	44.13699955863001
60	983040	10	2.9	4.346262762420146	12.0	0.0	10	1.7	3.4942810419312296	12.0	0.0	-0.003749874267278317	-2.6040789556770942	0.17627481020082159	9.840249975399374	43.741999562580006
64	1048576	10	1.8	3.8418745424597094	13.0	0.0	10	2.5	4.522167621838006	12.0	0.0	-0.005462560140016975	-2.5812788180801602	0.171530684283141	9.789499975526251	43.67199956328
68	1114112	10	2.4	4.565084884205331	12.0	0.0	10	1.4	3.2310988842807022	11.0	0.0	-0.004285817480354855	-2.610496466086576	0.1257150597196125	10.28049997429875	42.820999571790004
72	1179648	10	4.9	5.204805471869242	12.0	0.0	10	2.0	4.0743097574926725	14.0	0.0	-0.003983019673684928	-2.5875809487985295	0.148488387294789	9.986749975033126	43.07399956926
76	1245184	10	4.0	5.059644256269407	12.0	0.0	10	1.7	3.1638584039112754	11.0	0.0	-0.004346785055078864	-2.5743511862854755	0.15777977663000978	10.58949997352625	43.23399956766001
80	1310720	10	2.7	4.69148164229596	12.0	0.0	10	2.8	4.3999999999999995	12.0	0.0	-0.0038876560340408138	-2.587912154424824	0.10384715126211279	9.990249975024376	42.26199957738001
84	1376256	10	2.6	4.24735211631906	11.0	0.0	10	4.4	5.388877434122992	11.0	0.0	-0.004201376789617042	-2.570451048245498	0.18321870428464127	10.21449997446375	43.23999956760001
88	1441792	10	2.5	4.272001872658765	11.0	0.0	10	2.7	4.220189569201839	11.0	0.0	-0.0047620175459584	-2.5456378804972473	0.14636212434492044	10.435249973911874	42.75099957249
92	1507328	10	1.7	3.1320919526731648	11.0	0.0	10	3.7	5.040833264451424	12.0	0.0	-0.0037742266924709793	-2.5521543197158842	0.1585300892892002	10.209999974475	42.08899957911
96	1572864	10	3.5	5.142956348249516	12.0	0.0	10	2.6	4.24735211631906	11.0	0.0	-0.00392044362968983	-2.595821790126769	0.12211259301876828	10.704249973239376	39.427999605720004
100	1638400	10	1.5	3.2015621187164243	11.0	0.0	10	2.9	4.369210454990696	12.0	0.0	-0.004495045734819091	-2.595956265655949	0.14345352866279115	10.745249973136875	37.21199962788001
104	1703936	10	4.7	5.386093203798093	12.0	0.0	10	2.6	4.758150901348128	13.0	0.0	-0.0043649600988829385	-2.586705361533924	0.10749556243386443	11.877249970306876	37.75899962241001
108	1769472	10	1.5	3.2326459750489227	11.0	0.0	10	3.1	4.52658811910251	12.0	0.0	-0.004615725163122396	-2.5841018803209437	0.11780144001371921	11.45449997136375	38.92699961073001
112	1835008	10	3.6	5.083306010855534	12.0	0.0	10	2.6	4.476605857119878	12.0	0.0	-0.004368858917132114	-2.5858776094802725	0.14571038360431407	10.705249973236874	38.709999612900006
116	1900544	10	2.7	4.920365840057018	13.0	0.0	10	2.9	4.90815647672321	14.0	0.0	-0.004794156083745214	-2.6010255537701275	0.17044821907542865	10.757999973105	39.112999608870005
120	1966080	10	1.5	3.2326459750489227	11.0	0.0	10	3.8	5.192301994298868	12.0	0.0	-0.003935970941604443	-2.608258244620268	0.1429830911653187	10.35599997411	40.85899959141001
124	2031616	10	3.7	5.020956084253277	12.0	0.0	10	3.6	5.295280917949491	12.0	0.0	-0.004522682560020263	-2.6026258714269543	0.14035240861987866	10.249499974376251	43.01699956983001
128	2097152	10	2.6	4.2708313008125245	11.0	0.0	10	0.3	0.45825756949558394	1.0	0.0	-0.005242563155418692	-2.5822561330886984	0.14467361878338442	10.336749974158126	44.46299955537001
132	2162688	10	6.9	5.243090691567332	12.0	0.0	10	0.3	0.6403124237432849	2.0	0.0	-0.00564054004342989	-2.5427897122833816	0.13359030753845177	9.825999975435002	43.22399956776
136	2228224	10	0.1	0.30000000000000004	1.0	0.0	10	5.0	5.347896782848375	12.0	0.0	-0.005002106401140824	-2.5287546040960556	0.12446582106508196	10.260249974349374	42.93699957063001
140	2293760	10	1.2	3.2802438933713454	11.0	0.0	10	4.0	5.079370039680118	12.0	0.0	-0.00477147721732779	-2.5663124047030035	0.10808821541373047	10.471499973821249	43.29999956700001
144	2359296	10	1.5	3.2326459750489227	11.0	0.0	10	1.7	3.2264531609803355	11.0	0.0	-0.005070667573896489	-2.572321787208589	0.0923466772947813	9.997749975005625	42.054999579450005
148	2424832	10	4.5	5.315072906367325	11.0	0.0	10	1.5	3.263433774416144	11.0	0.0	-0.004022900269355202	-2.5822763614150173	0.13437064801650514	10.317999974205001	42.31699957683001
152	2490368	10	1.6	3.1685959035509725	11.0	0.0	10	3.6	4.862098312457287	11.0	0.0	-0.0056073860026642905	-2.5765079977411363	0.07299661212616487	10.338999974152498	41.91699958083001
156	2555904	10	1.7	3.5227829907617076	12.0	0.0	10	3.1	4.548626166217664	12.0	0.0	-0.0043762878323518085	-2.586832232503842	0.14376191248163006	10.314249974214375	41.299999587
160	2621440	10	3.6	4.862098312457287	11.0	0.0	10	2.6	4.476605857119878	12.0	0.0	-0.003869194726173056	-2.5886275070196016	0.11578332767391873	10.53349997366625	40.29199959708001
164	2686976	10	0.5	0.6708203932499369	2.0	0.0	10	4.0	4.857983120596447	12.0	0.0	-0.004521602936452348	-2.58931474112321	0.1434792302554648	11.468249971329374	37.831999621680005
168	2752512	10	2.6	4.498888751680798	12.0	0.0	10	6.2	5.635601121442148	13.0	0.0	-0.004836094783464532	-2.581478595464738	0.17355530831396718	11.06399997234	37.494999625050006
172	2818048	10	1.5	3.2326459750489227	11.0	0.0	10	3.3	3.950949253027682	11.0	0.0	-0.004385286420223937	-2.565229395758128	0.15669426211696805	11.033749972415627	37.407999625920006
176	2883584	10	4.6	5.257375771237966	11.0	0.0	10	6.2	5.035871324805669	12.0	0.0	-0.005192854778280812	-2.558728215328552	0.1574980332352073	11.592749971018124	36.192999638070006
180	2949120	10	2.8	4.4	12.0	0.0	10	4.9	5.629387178015028	12.0	0.0	-0.005979835954939014	-2.515228951708733	0.18846922916880504	11.519999971199999	37.85799962142001
184	3014656	10	2.6	4.476605857119878	12.0	0.0	10	5.3	5.367494760127856	13.0	0.0	-0.0054915095843513975	-2.5153112607561057	0.16281152398492194	11.360249971599377	37.71899962281001
188	3080192	10	1.5	3.52845575287547	12.0	0.0	10	3.0	4.09878030638384	11.0	0.0	-0.005764885579392042	-2.5179186485568454	0.15952716905824577	11.779749970550625	35.161999648380004
192	3145728	10	1.8	3.6	12.0	0.0	10	2.7	4.450842616853578	12.0	0.0	-0.005729327774446397	-2.520248348251713	0.17758825660075098	11.874999970312501	35.64399964356
196	3211264	10	1.4	3.261901286060018	11.0	0.0	10	6.4	6.053098380168623	14.0	0.0	-0.006124639179656875	-2.485675190626937	0.14407347560290773	11.772749970568125	35.30599964694
200	3276800	10	5.1	5.485435260760991	13.0	0.0	10	5.8	5.81033561853358	12.0	0.0	-0.006244539648788726	-2.4547696657405282	0.16108068969595873	11.786249970534374	35.04599964954001
204	3342336	10	3.7	5.496362433464518	14.0	0.0	10	2.0	3.0983866769659336	11.0	0.0	-0.007022958992695121	-2.4273149691477194	0.1474309468798744	11.812749970468126	34.75399965246
208	3407872	10	3.0	4.538722287164087	12.0	0.0	10	3.6	5.083306010855534	12.0	0.0	-0.006353794877764464	-2.4597535180470107	0.11417678400926559	12.021249969946874	34.67999965320001
212	3473408	10	2.8	4.261455150532504	11.0	0.0	10	1.8	3.1559467676119	11.0	0.0	-0.006825464025088509	-2.4925156332439586	0.14944169214766959	11.802749970493124	35.25799964742001
216	3538944	10	6.0	5.2345009313209605	12.0	0.0	10	6.0	5.458937625582473	13.0	0.0	-0.006696406207902064	-2.482670637209885	0.1531091748266869	12.05249996986875	34.55799965442001
220	3604480	10	1.4	3.2310988842807022	11.0	0.0	10	2.4	4.565084884205331	12.0	0.0	-0.006114764832060543	-2.4569038373652843	0.1600642228953203	12.24649996938375	34.955999650440006
224	3670016	10	1.3	3.257299494980466	11.0	0.0	10	6.2	5.436910887627275	13.0	0.0	-0.005579150174551317	-2.4542871288882186	0.1755963519498332	12.2749999693125	35.931999640680004
228	3735552	10	1.4	3.2310988842807022	11.0	0.0	10	3.7	4.817675788178362	11.0	0.0	-0.0073831517067032	-2.455884106201412	0.1402094677565475	11.725749970685625	36.020999639790006
232	3801088	10	5.8	5.418486873657627	12.0	0.0	10	5.9	5.717516943569122	12.0	0.0	-0.006977185805105866	-2.4534094132410895	0.1641895859331225	11.612749970968125	38.533999614660004
236	3866624	10	2.0	3.40587727318528	12.0	0.0	10	5.0	5.329165037789691	12.0	0.0	-0.006556268940811691	-2.437172725542827	0.10662948288620172	11.555249971111877	38.29299961707
240	3932160	10	3.9	5.107837115648853	12.0	0.0	10	0.7	0.7810249675906655	2.0	0.0	-0.006777089022965631	-2.431197789554864	0.1240362361875612	11.39199997152	39.007999609920006
244	3997696	10	2.7	4.428317965096906	12.0	0.0	10	2.9	4.109744517606904	11.0	0.0	-0.006324800181824325	-2.4556994435613366	0.10614066853168888	11.226499971933752	39.491999605080004
248	4063232	10	1.4	3.261901286060018	11.0	0.0	10	1.5	3.2326459750489227	11.0	0.0	-0.006000076023440484	-2.4649158266599325	0.11744996112479217	10.87549997281125	42.96199957038001
252	4128768	10	2.7	4.450842616853578	12.0	0.0	10	5.0	5.5677643628300215	13.0	0.0	-0.006294382057554462	-2.4709713530946766	0.11425373372207792	10.78949997302625	40.93199959068001
256	4194304	10	3.9	4.90815647672321	12.0	0.0	10	7.0	5.138093031466052	12.0	0.0	-0.005848785490643535	-2.4567862249835204	0.11301026445567608	10.752749973118126	39.42899960571001
260	4259840	10	4.7	5.367494760127857	12.0	0.0	10	5.6	5.40740233383831	11.0	0.0	-0.006676224731474596	-2.4666924921088897	0.1368031250946523	11.35249997161875	38.86699961133
264	4325376	10	3.7	5.459853477887479	13.0	0.0	10	5.1	5.448853090330111	12.0	0.0	-0.0058901179527238645	-2.4923977898941962	0.12212950859188416	11.376999971557499	37.71899962281001
268	4390912	10	6.2	5.2306787322488075	12.0	0.0	10	1.9	3.448187929913334	12.0	0.0	-0.005986788413775671	-2.523377145067259	0.10168637450656534	11.775999970560001	37.09399962906001
272	4456448	10	3.7	5.23545604508337	12.0	0.0	10	3.0	4.404543109109048	12.0	0.0	-0.006146995544103722	-2.5063086795182965	0.14006628641796656	11.851499970371252	36.05299963947
276	4521984	10	2.9	4.346262762420146	12.0	0.0	10	4.9	5.629387178015028	13.0	0.0	-0.005978740639555847	-2.494136186677685	0.13639369077801514	11.506249971234375	38.23399961766001
280	4587520	10	0.6	1.0198039027185568	3.0	0.0	10	4.1	4.887739763939975	12.0	0.0	-0.006737143586386426	-2.5048257159564393	0.16018369598197787	10.996749972508123	36.72699963273
284	4653056	10	5.7	5.3113086899558	11.0	0.0	10	4.7	5.586591089385369	13.0	0.0	-0.006350270537289077	-2.5131977620089767	0.1361712353006963	11.765749970585626	36.58099963419001
288	4718592	10	4.1	5.008991914547277	12.0	0.0	10	5.8	5.173006862551025	13.0	0.0	-0.006050081733798896	-2.4650864598567455	0.1486600494478264	11.568499971078753	35.8599996414
292	4784128	10	2.7	4.428317965096906	12.0	0.0	10	3.7	4.859012245302536	11.0	0.0	-0.005994134385503891	-2.483496832092192	0.12292977537610617	11.596749971008126	38.05599961944
296	4849664	10	7.0	5.531726674375733	12.0	0.0	10	3.6	5.102940328869229	12.0	0.0	-0.006466606779145905	-2.462823961915328	0.15508863134246345	11.869499970326249	35.68799964312001
300	4915200	10	3.9	4.928488612140643	12.0	0.0	10	4.0	5.329165037789691	14.0	0.0	-0.006042752096595518	-2.4808259380259776	0.16159948751509692	12.025249969936874	34.549999654500006
304	4980736	10	1.7	3.1953090617340916	11.0	0.0	10	4.3	4.920365840057017	13.0	0.0	-0.0069011443064266684	-2.4686728663654534	0.1432566104773218	12.552749968618125	33.53299966467001
308	5046272	10	2.8	4.422668877499196	12.0	0.0	10	1.7	3.163858403911275	11.0	0.0	-0.007195212111136468	-2.4857175198588304	0.12916619375865254	12.475249968811877	33.352999666470005
312	5111808	10	6.3	5.386093203798093	12.0	0.0	10	4.8	5.688585061331157	12.0	0.0	-0.006470406142330461	-2.4734902627673105	0.15057283335659533	12.94049996764875	31.467999685320006
316	5177344	10	2.8	4.166533331199932	11.0	0.0	10	6.1	5.374941860150675	12.0	0.0	-0.007564762490013517	-2.4934165276473226	0.13654068491241103	13.138999967152502	31.452999685470004
320	5242880	10	4.3	4.796873982084583	12.0	0.0	10	5.9	5.734980383575867	13.0	0.0	-0.006779999636416326	-2.448418644312287	0.16614834939261583	12.737749968155624	31.188999688110005
324	5308416	10	6.2	5.035871324805668	12.0	0.0	10	5.2	5.418486873657626	13.0	0.0	-0.006907625787676369	-2.450480421128917	0.14808774784527406	12.714749968213123	33.42399966576001
328	5373952	10	6.2	5.688585061331157	13.0	0.0	10	6.2	5.653317610041029	13.0	0.0	-0.00669162387133255	-2.459462945403761	0.15054182892959767	12.339249969151874	34.49299965507001
332	5439488	10	3.6	4.923413450036469	11.0	0.0	10	1.2	1.0770329614269007	3.0	0.0	-0.006773266707772782	-2.4378786457025705	0.1406533490564688	11.639499970901252	35.786999642130006
336	5505024	10	2.4	4.31740662898458	11.0	0.0	10	6.4	5.4626001134990645	13.0	0.0	-0.007233397789457929	-2.455387515070571	0.16208832313480853	12.031999969920001	36.98999963010001
340	5570560	10	4.8	5.287721626560915	12.0	0.0	10	2.5	4.295346318982906	11.0	0.0	-0.005848551164790616	-2.431024027114201	0.15167714840083865	11.45249997136875	35.424999645750006
344	5636096	10	6.4	4.94368283772331	12.0	0.0	10	3.9	4.90815647672321	12.0	0.0	-0.006866769098039062	-2.343465337906549	0.15324743959698164	11.546999971132498	36.614999633850005
348	5701632	10	6.0	5.621387729022079	12.0	0.0	10	4.1	4.592385001282014	11.0	0.0	-0.006859462542598553	-2.3684314089533207	0.13512295917752518	11.426499971433751	28.955999710440004
352	5767168	10	2.0	3.924283374069717	13.0	0.0	10	2.6	4.2708313008125245	11.0	0.0	-0.007525937410238265	-2.3793804469212927	0.12751539096770587	11.157249972106877	39.047999609520005
356	5832704	10	5.2	5.418486873657626	13.0	0.0	10	4.9	5.448853090330111	13.0	0.0	-0.006974215468169761	-2.338817558939017	0.1482109790513505	11.509249971226877	37.216999627830006
360	5898240	10	5.2	5.015974481593781	12.0	0.0	10	4.0	4.6475800154489	11.0	0.0	-0.006951809852765829	-2.3808162209891806	0.14397094870659563	11.220749971948123	37.44699962553001
364	5963776	10	2.7	4.450842616853578	12.0	0.0	10	3.4	4.983974317750844	11.0	0.0	-0.007830082700005006	-2.413346866515221	0.10061977981162493	11.194249972014376	37.7199996228
368	6029312	10	3.8	5.635601121442148	14.0	0.0	10	6.0	5.830951894845301	13.0	0.0	-0.007904546210824875	-2.343363061303179	0.1675986120457957	11.182249972044374	37.9099996209
372	6094848	10	2.8	4.422668877499196	12.0	0.0	10	8.3	4.62709412050371	12.0	0.0	-0.007151960377554316	-2.3537414593032917	0.15366534211934807	11.691249970771876	38.90299961097001
376	6160384	10	5.2	5.670978751503131	14.0	0.0	10	5.0	4.979959839195493	11.0	0.0	-0.00807782760640126	-2.3552463325391555	0.13410677798247622	11.169499972076249	39.54799960452001
380	6225920	10	4.0	4.8373546489791295	12.0	0.0	10	8.0	5.674504383644443	16.0	0.0	-0.007864382049258534	-2.2879670359294506	0.14479430778927327	11.572499971068748	37.10299962897001
384	6291456	10	6.5	5.463515351859094	14.0	0.0	10	3.7	4.817675788178362	11.0	0.0	-0.007463446633190439	-2.2814244973269853	0.1953524811145075	11.46949997132625	35.932999640670005
388	6356992	10	5.1	5.467174773134658	12.0	0.0	10	3.6	4.862098312457287	11.0	0.0	-0.008415827432178152	-2.3021297204083244	0.12514108775121768	11.39649997150875	37.039999629600004
392	6422528	10	2.2	3.370459909270544	12.0	0.0	10	7.2	5.706137047074843	13.0	0.0	-0.007830849185759792	-2.300193530578223	0.17430558449635677	11.314499971713749	37.321999626780006
396	6488064	10	0.3	0.6403124237432849	2.0	0.0	10	6.3	5.139066063011839	12.0	0.0	-0.007130284817185399	-2.305644077319141	0.16328369203495827	11.8109999704725	35.94999964050001
400	6553600	10	10.1	2.7	11.0	2.0	10	6.2	5.670978751503131	14.0	0.0	-0.008528438292787434	-2.307955520608021	0.1521874161589066	11.937249970156874	36.402999635970005
404	6619136	10	6.3	5.139066063011839	12.0	0.0	10	5.3	5.367494760127856	13.0	0.0	-0.0080772333571151	-2.309849306700423	0.15798055448786372	11.802249970494374	35.95299964047001
408	6684672	10	1.6	3.2310988842807027	11.0	0.0	10	6.0	5.639148871948674	12.0	0.0	-0.008185800981417857	-2.3545192105105626	0.14721394833196053	11.695249970761875	36.014999639850004
412	6750208	10	3.8	4.975942121849891	12.0	0.0	10	10.3	3.1320919526731648	12.0	1.0	-0.008923913089327398	-2.3353108388733115	0.13457828673374	11.769999970575	27.775999722240005
416	6815744	10	1.5	3.52845575287547	12.0	0.0	10	4.6	4.923413450036469	13.0	0.0	-0.008069630780551746	-2.3073910323362075	0.15891427351058685	10.949499972626251	38.81999961180001
420	6881280	10	5.5	5.296225070746145	13.0	0.0	10	7.3	5.273518749374084	14.0	0.0	-0.008093561697393267	-2.359473640474271	0.17468552491360195	11.298249971754375	31.353999686460003
424	6946816	10	3.7	4.796873982084582	11.0	0.0	10	5.7	5.710516614107694	12.0	0.0	-0.008954098825574387	-2.3833520807326707	0.14143762239333907	11.521999971195001	37.551999624480004
428	7012352	10	7.1	5.223983154643591	12.0	0.0	10	5.7	5.348831648126533	13.0	0.0	-0.0075039061428535435	-2.353805395218914	0.16866981508005527	11.162749972093124	39.69499960305001
432	7077888	10	7.3	5.604462507680822	13.0	0.0	10	5.9	5.52177507691141	12.0	0.0	-0.00860851594099044	-2.3281761852461824	0.13357144693694414	10.90449997273875	43.51299956487001
436	7143424	10	6.1	5.734980383575867	13.0	0.0	10	6.3	5.386093203798093	13.0	0.0	-0.008480458828697657	-2.340533924355683	0.14242536410137077	10.845999972885	40.19199959808001
440	7208960	10	3.6	5.083306010855534	12.0	0.0	10	6.5	6.18465843842649	14.0	0.0	-0.008131163783281152	-2.3592074461307315	0.18981978528086935	10.584999973537501	39.95099960049001
444	7274496	10	4.7	5.568662316930341	12.0	0.0	10	6.0	5.272570530585627	12.0	0.0	-0.009067053163527386	-2.375759256135308	0.11932377306432822	10.63749997340625	40.02399959976001
448	7340032	10	4.0	5.366563145999495	14.0	0.0	10	7.2	5.74108003776293	14.0	0.0	-0.008072083475546743	-2.3455408585608524	0.13200596602189854	10.743749973140625	41.38299958617001
452	7405568	10	4.0	4.6475800154489	11.0	0.0	10	6.4	5.332916650389353	13.0	0.0	-0.007788619285845879	-2.3319972602084005	0.14551616233499498	10.597749973505625	40.539999594600005
456	7471104	10	6.5	6.391400472509918	14.0	0.0	10	6.4	5.3516352641038605	13.0	0.0	-0.008276614839862357	-2.3019471315131814	0.15673239822419027	10.532249973669375	42.98599957014
460	7536640	10	2.9	4.369210454990695	12.0	0.0	10	4.3	5.367494760127856	13.0	0.0	-0.007746373291513726	-2.292946296194759	0.1469903450771788	10.876249972809374	40.197999598020004
464	7602176	10	4.0	5.059644256269407	12.0	0.0	10	4.4	5.517245689653488	14.0	0.0	-0.008961157316941344	-2.3483357725081433	0.12619074199896846	11.051499972371252	38.85299961147001
468	7667712	10	4.6	5.238320341483518	11.0	0.0	10	5.0	5.932958789676531	13.0	0.0	-0.009456234789089303	-2.357771371556093	0.11925926306594883	11.405749971485625	33.177999668220004
472	7733248	10	5.7	5.514526271584894	12.0	0.0	10	6.7	5.404627646748664	13.0	0.0	-0.006842139654099524	-2.338730938489006	0.1985176533719489	11.257249971856874	27.073999729260006
476	7798784	10	5.4	5.517245689653489	14.0	0.0	10	6.1	5.593746508378798	13.0	0.0	-0.008523149304610787	-2.336042893186259	0.1713426870425874	10.757999973105	40.72099959279
480	7864320	10	4.0	4.8373546489791295	12.0	0.0	10	4.5	5.044799302251775	12.0	0.0	-0.008049083157321958	-2.3154475363663907	0.1564373965988272	10.502249973744375	41.609999583900006
484	7929856	10	2.9	4.158124577258358	11.0	0.0	10	7.3	5.1778373863998475	12.0	0.0	-0.007223368718622947	-2.2870477460425946	0.17331132368552385	10.70649997323375	38.921999610780006
488	7995392	10	3.6	5.295280917949491	12.0	0.0	10	7.6	5.902541825349482	14.0	0.0	-0.008543766328349613	-2.2622472989189486	0.18436246386671382	11.064249972339377	38.66099961339001
492	8060928	10	3.4	4.176122603564219	12.0	0.0	10	4.5	5.315072906367325	11.0	0.0	-0.00784119865338828	-2.2593356765936727	0.15756036781927307	11.155249972111875	38.35399961646001
496	8126464	10	2.8	5.1146847410177685	13.0	0.0	10	5.5	5.661271941887264	14.0	0.0	-0.008390698217262063	-2.244675695662328	0.1913967214635815	11.273249971816874	38.31099961689001
500	8192000	10	5.0	5.966573556070519	14.0	0.0	10	6.0	5.813776741499453	12.0	0.0	-0.00901858447132364	-2.224289469189213	0.1810596373985355	11.62249997094375	38.52999961470001
504	8257536	10	1.9	3.477067730142742	12.0	0.0	10	8.2	4.556314299957807	12.0	0.0	-0.008258291501128185	-2.2071951004550443	0.16648933406116298	11.507749971230625	28.583999714160004
508	8323072	10	4.2	4.833218389437828	12.0	0.0	10	6.5	5.783597496368502	14.0	0.0	-0.008368872379264598	-2.2517895398178522	0.13300537064372586	10.4449999738875	40.19399959806001
512	8388608	10	4.8	4.975942121849891	13.0	0.0	10	4.4	5.161395160225576	14.0	0.0	-0.007840765904895285	-2.297924513378784	0.1643942700682948	10.648499973378751	39.262999607370006
516	8454144	10	3.9	4.90815647672321	12.0	0.0	10	9.6	4.6946778377222005	15.0	0.0	-0.009250192453334619	-2.2848787653052933	0.15086208328895861	10.659249973351875	39.179999608200006
520	8519680	10	4.9	5.048762224545735	11.0	0.0	10	9.6	3.6660605559646724	13.0	1.0	-0.008720062669758229	-2.276935932299739	0.18713560977864008	10.377749974055623	38.80199961198001
524	8585216	10	1.4	3.2310988842807022	11.0	0.0	10	6.6	5.295280917949491	12.0	0.0	-0.009464328624971458	-2.284647283216752	0.15263475406256324	10.87649997280875	39.03599960964001
528	8650752	10	5.0	5.744562646538029	13.0	0.0	10	4.5	4.883646178829912	13.0	0.0	-0.0074861228390326945	-2.2556536915535506	0.14377039832428054	11.190749972023127	38.491999615080005
532	8716288	10	6.1	5.7523908073078625	13.0	0.0	10	7.5	6.00416522091123	14.0	0.0	-0.008915957062507762	-2.2770906162870226	0.156233054724701	10.980249972549375	40.61699959383
536	8781824	10	1.7	3.1638584039112754	11.0	0.0	10	6.7	5.367494760127857	13.0	0.0	-0.008768089505182708	-2.253437424464732	0.16687747562738917	10.427749973930625	40.091999599080005
540	8847360	10	4.9	5.008991914547277	11.0	0.0	10	7.7	5.139066063011839	13.0	0.0	-0.010322311049231842	-2.2589857451748134	0.13189819158854033	10.427999973930001	41.503999584960006
544	8912896	10	3.9	5.146843692983108	13.0	0.0	10	5.4	5.351635264103861	14.0	0.0	-0.008786278802587748	-2.2153141645269665	0.14947109396254202	10.251249974371875	41.85799958142
548	8978432	10	3.7	5.0803543183522155	12.0	0.0	10	9.4	4.737087712930805	13.0	0.0	-0.008541755779959529	-2.2289872192008033	0.17062076994303277	10.725249973186875	39.69399960306001
552	9043968	10	3.9	4.948737212663449	12.0	0.0	10	4.0	4.878524367060187	12.0	0.0	-0.008251553140982283	-2.286433269342035	0.1483453085181066	10.273999974315002	41.09299958907001
556	9109504	10	8.2	5.491812087098393	15.0	0.0	10	5.0	5.5677643628300215	13.0	0.0	-0.009362010424951597	-2.267463919780889	0.14254522042726778	10.416249973959374	40.70299959297001
560	9175040	10	7.3	5.197114584074513	13.0	0.0	10	5.5	6.020797289396148	15.0	0.0	-0.009114819279562704	-2.257337709032795	0.15937264789719238	10.364749974088125	28.778999712210005
564	9240576	10	5.3	5.797413216254298	15.0	0.0	10	5.4	5.868560300448484	14.0	0.0	-0.007494401171372053	-2.256088482601873	0.199055288742361	10.912749972718126	40.31999959680001
568	9306112	10	5.7	5.797413216254298	16.0	0.0	10	8.1	5.166236541235796	14.0	0.0	-0.008662599138013184	-2.26569389528277	0.17768636840717814	10.566499973583749	39.40599960594
572	9371648	10	7.1	5.008991914547278	12.0	0.0	10	4.3	5.1	13.0	0.0	-0.009031029286202877	-2.3032957511727825	0.16051556680542103	10.80399997299	37.065999629340006
576	9437184	10	5.6	6.135144660071187	15.0	0.0	10	6.9	5.008991914547277	14.0	0.0	-0.00913108869913612	-2.2787425167968434	0.13640457141965323	11.3689999715775	36.852999631470006
580	9502720	10	6.5	6.18465843842649	15.0	0.0	10	6.6	6.069596362197407	14.0	0.0	-0.009186052134234977	-2.296131714939309	0.16171118002252613	11.800999970497498	36.30499963695001
584	9568256	10	2.3	4.360045871318327	11.0	0.0	10	6.6	4.94368283772331	12.0	0.0	-0.009227096781259991	-2.295100969333789	0.15925327585903412	11.675749970810626	36.683999633160006
588	9633792	10	5.8	5.635601121442148	13.0	0.0	10	5.4	4.63033476111609	11.0	0.0	-0.009140310310873674	-2.31388853962955	0.1296583644056984	11.67749997080625	37.20299962797001
592	9699328	10	4.7	5.367494760127857	12.0	0.0	10	4.2	5.582114294781145	13.0	0.0	-0.00893323711986964	-2.2848100982709925	0.14569887191402153	11.31749997170625	36.85599963144001
596	9764864	10	6.0	5.621387729022079	12.0	0.0	10	7.2	5.509990925582365	13.0	0.0	-0.009619332919311644	-2.290241002797932	0.16679578730651257	11.022499972443748	37.88899962111001
600	9830400	10	6.6	5.388877434122992	11.0	0.0	10	7.4	5.0635955604688645	12.0	0.0	-0.009830050137868486	-2.301383087792677	0.12666233348272093	10.9169999727075	40.10299959897001
604	9895936	10	6.8	5.1536394906900505	11.0	0.0	10	6.8	5.706137047074843	14.0	0.0	-0.009027236778183052	-2.2801648972043465	0.14619960060061996	10.552499973618751	39.66099960339001
608	9961472	10	5.3	5.550675634551166	14.0	0.0	10	10.0	5.0990195135927845	15.0	0.0	-0.008781765089522683	-2.252440901859417	0.18398948174847393	10.494249973764374	37.52799962472
612	10027008	10	7.4	5.314132102234569	13.0	0.0	10	6.7	5.4230987451825	14.0	0.0	-0.008816481625208532	-2.288746523122	0.15373278353314096	10.47749997380625	38.45599961544001
616	10092544	10	4.8	5.114684741017769	11.0	0.0	10	4.4	5.3516352641038605	14.0	0.0	-0.009809024308387853	-2.2652563822890026	0.15133820604508721	11.270249971824375	37.962999620370006
620	10158080	10	4.6	5.238320341483518	11.0	0.0	10	6.6	5.3516352641038605	14.0	0.0	-0.008570173293584749	-2.2490806155047482	0.16160901284955845	11.615749970960627	35.867999641320004
624	10223616	10	8.3	5.040833264451424	13.0	0.0	10	6.4	6.514598989960933	16.0	0.0	-0.008511824677975819	-2.2370824712171404	0.17287510166006556	11.940749970148124	35.19199964808001
628	10289152	10	3.7	5.040833264451424	12.0	0.0	10	6.3	4.980963762164909	12.0	0.0	-0.008288645795847224	-2.212667936849579	0.16751545696947448	11.601749970995625	37.872999621270004
632	10354688	10	2.8	4.512205669071391	12.0	0.0	10	7.8	5.055689863905815	13.0	0.0	-0.009270154549938766	-2.216955711213286	0.16350292257503218	11.646749970883125	37.8699996213
636	10420224	10	4.0	4.898979485566356	12.0	0.0	10	9.9	5.107837115648853	15.0	0.0	-0.009810486467852613	-2.202728231518494	0.13122696443646137	11.6009999709975	35.867999641320004
640	10485760	10	7.4	5.295280917949491	13.0	0.0	10	7.1	5.6471231613982	14.0	0.0	-0.008597086055502	-2.154578216149485	0.1901765015399044	11.90449997023875	36.92099963079001
644	10551296	10	8.0	5.039841267341661	12.0	0.0	10	8.1	4.678675026115834	12.0	0.0	-0.009932468685470432	-2.163754142595444	0.16858241588915174	11.542249971144376	35.098999649010004
648	10616832	10	4.3	4.73392015141785	12.0	0.0	10	7.1	5.243090691567332	13.0	0.0	-0.009152774996393154	-2.250587552551437	0.1637217732131059	11.552499971118749	35.89599964104001
652	10682368	10	3.9	5.3563046963368315	13.0	0.0	10	9.3	4.220189569201838	13.0	0.0	-0.010321722830501883	-2.193914003441683	0.13756502224251652	11.910249970224374	23.607999763920006
656	10747904	10	5.2	5.230678732248808	12.0	0.0	10	7.4	5.902541825349482	14.0	0.0	-0.009450899540374149	-2.197152611881109	0.17011289638247326	11.79449997051375	36.697999633020004
660	10813440	10	4.0	5.079370039680118	13.0	0.0	10	7.8	5.564171097297422	16.0	0.0	-0.009390377521041195	-2.2547411071892314	0.14457916707467514	11.235499971911251	37.07399962926
664	10878976	10	3.5	4.631414470763764	14.0	0.0	10	7.4	5.295280917949491	13.0	0.0	-0.008964069293421431	-2.2914773943620137	0.13420176721953145	11.77199997057	36.58499963415001
668	10944512	10	4.0	5.495452665613635	13.0	0.0	10	6.6	6.086049621881176	15.0	0.0	-0.009148169582008968	-2.2367076275402944	0.12167156175995052	11.291749971770626	36.228999637710004
672	11010048	10	6.7	5.586591089385369	14.0	0.0	10	4.2	5.2115256883181535	14.0	0.0	-0.010219075121764263	-2.211803739039178	0.13564564425947917	11.653999970865002	27.893999721060002
676	11075584	10	4.7	5.386093203798093	12.0	0.0	10	6.4	5.851495535331118	13.0	0.0	-0.00938535833022349	-2.229291411505383	0.11708332822059385	11.8489999703775	32.73899967261
680	11141120	10	5.3	4.73392015141785	11.0	0.0	10	3.3	4.473253849269008	13.0	0.0	-0.009440488079161475	-2.2272356324061326	0.1323055472708014	12.14149996964625	34.799999652000004
684	11206656	10	2.8	4.4	12.0	0.0	10	7.4	5.4808758424178885	13.0	0.0	-0.009513827178043681	-2.177754523626611	0.1321376072260433	12.1269999696825	36.60699963393
688	11272192	10	8.2	6.209669878504009	16.0	0.0	10	5.5	5.643580423808985	14.0	0.0	-0.010291550387429455	-2.236527373160405	0.11278133768344821	11.555749971110625	39.99199960008001
692	11337728	10	4.0	3.714835124201342	11.0	0.0	10	10.6	3.2924155266308657	13.0	1.0	-0.00910840033516869	-2.2545140358444025	0.1285523189253065	10.459749973850625	40.26899959731001
696	11403264	10	6.0	5.253570214625479	14.0	0.0	10	8.3	4.859012245302536	12.0	0.0	-0.009803422326704569	-2.2285329746865443	0.15095382810860508	11.5189999712025	39.18399960816
700	11468800	10	5.9	5.3188344587888805	12.0	0.0	10	6.4	5.748043145279966	13.0	0.0	-0.0089185807837371	-2.205964147814798	0.15900546939318583	11.548249971129376	36.548999634510004
704	11534336	10	4.7	5.586591089385369	13.0	0.0	10	7.2	5.723635208501674	16.0	0.0	-0.009293815505712297	-2.2344556696868936	0.15124444025545405	11.663999970839999	34.85499965145
708	11599872	10	3.2	4.28485705712571	12.0	0.0	10	8.0	5.848076606885378	15.0	0.0	-0.009549037913747869	-2.2731853373464337	0.13791968951427744	11.992999970017499	34.12799965872001
712	11665408	10	6.0	5.639148871948674	13.0	0.0	10	5.7	4.817675788178362	12.0	0.0	-0.009057082996419925	-2.2539300916231255	0.12689581566410163	12.492749968768127	32.23899967761
716	11730944	10	5.9	5.539855593785816	12.0	0.0	10	7.0	5.138093031466052	12.0	0.0	-0.009372193375014144	-2.2718513257918547	0.12639698765165736	12.583499968541249	35.078999649210004
720	11796480	10	5.5	5.5	11.0	0.0	10	8.4	5.986651818838307	15.0	0.0	-0.009402381110936817	-2.220404987302595	0.1254728672274383	12.294999969262498	38.31599961684001
724	11862016	10	4.0	5.329165037789691	14.0	0.0	10	7.7	5.622277118748239	15.0	0.0	-0.009898493575928691	-2.229377634591095	0.12270963733979359	11.051249972371874	40.03599959964001
728	11927552	10	6.6	5.71314274283428	14.0	0.0	10	7.8	5.546169849544819	16.0	0.0	-0.008875211611348428	-2.182935356866422	0.14475615491824467	10.67649997330875	27.809999721900002
732	11993088	10	4.7	5.367494760127857	12.0	0.0	10	2.3	3.348133808556641	12.0	0.0	-0.008953841118431677	-2.2322622435946564	0.14079264037707132	11.540249971149375	38.539999614600006
736	12058624	10	3.6	4.923413450036469	11.0	0.0	10	5.9	5.281098370604357	14.0	0.0	-0.00945595047619492	-2.2380418253593883	0.12058183945390688	11.221999971945	38.56499961435
740	12124160	10	5.8	5.617828762075256	12.0	0.0	10	8.4	5.3516352641038605	14.0	0.0	-0.010179380118795473	-2.2205902906926016	0.13015931657090962	11.250749971873125	38.99599961004001
744	12189696	10	8.0	5.039841267341661	12.0	0.0	10	3.9	4.699999999999999	11.0	0.0	-0.00968194052398555	-2.2330025258321093	0.14318817611844403	10.660749973348125	31.301999686980004
748	12255232	10	9.7	4.670117771534247	13.0	0.0	10	10.7	3.6619666847201113	13.0	0.0	-0.00933655962968623	-2.2698113965610593	0.1091834230933227	10.74249997314375	38.90599961094001
752	12320768	10	1.7	3.1953090617340916	11.0	0.0	10	5.3	5.692978130996114	13.0	0.0	-0.009290624304657517	-2.25637131657541	0.14259382421217653	11.372999971567502	38.59099961409001
756	12386304	10	7.3	5.000999900019995	12.0	0.0	10	7.3	5.21632054229799	14.0	0.0	-0.01005731007794394	-2.255584050976718	0.12340037911465816	11.379249971551873	37.701999622980004
760	12451840	10	5.3	5.797413216254298	15.0	0.0	10	6.0	5.621387729022079	12.0	0.0	-0.009399238626056237	-2.2067371554857558	0.14330236200923588	11.512749971218126	39.051999609480006
764	12517376	10	5.3	5.496362433464518	13.0	0.0	10	6.7	5.586591089385369	14.0	0.0	-0.009315254210014034	-2.2326763294795025	0.14372007687010352	11.17149997207125	37.09899962901
768	12582912	10	5.6	5.71314274283428	13.0	0.0	10	8.7	5.622277118748239	14.0	0.0	-0.009022935018613905	-2.2514558109282627	0.1471658218498712	12.024749969938124	30.382999696170003
772	12648448	10	5.0	6.164414002968976	14.0	0.0	10	6.2	4.308131845707603	12.0	0.0	-0.00837005325627132	-2.2198162324897797	0.16552405313727114	11.100999972247502	37.90799962092001
776	12713984	10	6.9	5.448853090330111	12.0	0.0	10	10.0	4.898979485566356	14.0	0.0	-0.009377177261672849	-2.2517244142928616	0.1424833131650433	11.593999971015	36.37299963627
780	12779520	10	5.2	5.635601121442148	14.0	0.0	10	4.2	4.749736834815167	12.0	0.0	-0.008555324553241738	-2.178359942904693	0.15100018391364958	12.555749968610627	33.36299966637001
784	12845056	10	6.1	5.575840743780259	12.0	0.0	10	7.3	5.604462507680822	13.0	0.0	-0.010434593259686365	-2.169125864677181	0.1104420324827674	12.154749969613125	29.770999702290005
788	12910592	10	9.5	4.5661800227323495	13.0	0.0	10	7.2	5.362835071116769	14.0	0.0	-0.008438037004180148	-2.125278639075307	0.16784092316518287	11.850749970373126	35.51399964486001
792	12976128	10	6.9	5.048762224545736	11.0	0.0	10	7.4	5.730619512757761	14.0	0.0	-0.008562625452837862	-2.1654825779526754	0.15581159361877736	11.807249970481875	36.19799963802001
796	13041664	10	6.5	5.818075283115543	14.0	0.0	10	6.7	5.622277118748238	13.0	0.0	-0.008047296381008276	-2.16932644175741	0.1484116825586189	12.4029999689925	34.62199965378001
800	13107200	10	4.4	5.295280917949491	14.0	0.0	10	9.5	4.8218253804964775	13.0	0.0	-0.009560683565334018	-2.1637756598722055	0.13787050761088054	12.695749968260625	25.605999743940007
804	13172736	10	4.8	5.564171097297422	15.0	0.0	10	8.8	4.935585071701226	13.0	1.0	-0.009216698246998677	-2.158048304193926	0.12614646164628127	11.947249970131876	35.00199964998001
808	13238272	10	4.2	4.770744176750625	12.0	0.0	10	8.3	5.459853477887479	14.0	0.0	-0.009407348277444924	-2.192377549678199	0.1410379317286969	12.008749969978126	36.292999637070004
812	13303808	10	7.7	5.367494760127856	13.0	0.0	10	5.9	5.485435260760991	13.0	0.0	-0.008851467778779702	-2.168663456810116	0.14503258472970845	11.795249970511875	36.53799963462
816	13369344	10	5.1	5.107837115648853	12.0	0.0	10	7.0	5.347896782848375	12.0	0.0	-0.009879102015052184	-2.1611633795235408	0.12423405337095073	11.538249971154375	37.983999620160006
820	13434880	10	7.0	5.531726674375733	12.0	0.0	10	8.5	4.544227107000705	12.0	0.0	-0.009173922744244877	-2.1629115887216748	0.13957923377651874	11.655999970859998	29.440999705590002
824	13500416	10	5.2	5.635601121442148	14.0	0.0	10	7.6	5.44426303552648	12.0	0.0	-0.01008976197182261	-2.1932368822594706	0.11528671368686984	11.907999970230001	37.512999624870005
828	13565952	10	5.2	5.230678732248808	12.0	0.0	10	8.0	4.171330722922842	12.0	2.0	-0.009288154347453084	-2.1808242447886106	0.14583226710901495	12.25049996937375	35.57899964421001
832	13631488	10	4.9	5.448853090330111	13.0	0.0	10	6.7	5.367494760127856	12.0	0.0	-0.009452065000839349	-2.215680862235694	0.11897579501695879	12.61349996846625	33.57499966425001
836	13697024	10	7.0	5.549774770204643	13.0	0.0	10	7.6	5.834380858325929	13.0	0.0	-0.008810541038647812	-2.1480580268052814	0.13730154743850517	12.386249969034376	34.614999653850006
840	13762560	10	7.2	5.74108003776293	14.0	0.0	10	6.5	6.070420084310475	16.0	0.0	-0.008756112711426315	-2.2120739144762824	0.10616976595929989	11.985249970036875	31.739999682600004
844	13828096	10	5.4	5.2573757712379665	12.0	0.0	10	7.9	5.769748694700663	14.0	0.0	-0.008947934903494725	-2.1294185069965463	0.1285783002639985	11.950749970123125	39.37799960622001
848	13893632	10	6.7	5.040833264451424	12.0	0.0	10	4.8	5.688585061331157	15.0	0.0	-0.00958211408236445	-2.108073442954771	0.15352699578071785	11.201499971996249	41.77299958227001
852	13959168	10	6.5	5.643580423808985	13.0	0.0	10	6.4	5.276362383309167	12.0	0.0	-0.008778177894474793	-2.212207545606328	0.10901127723462316	10.312749974218127	42.27499957725001
856	14024704	10	2.4	3.1368774282716245	11.0	0.0	10	6.5	6.360031446463139	14.0	0.0	-0.008790229016988844	-2.2026044525395236	0.11308380618755251	10.708249973229375	42.70999957290001
860	14090240	10	4.8	5.688585061331157	12.0	0.0	10	7.1	5.048762224545736	12.0	0.0	-0.010002191002835774	-2.222153581447393	0.10062976292993694	10.548249973629375	34.04799965952001
864	14155776	10	3.6	4.923413450036469	11.0	0.0	10	7.4	5.499090833947008	13.0	0.0	-0.008052340169413351	-2.2259744577274616	0.11418386958902274	11.301999971745	36.298999637010006
868	14221312	10	5.4	5.44426303552648	12.0	0.0	10	5.0	5.403702434442518	13.0	0.0	-0.010492724918365857	-2.211855490771999	0.1291075791873903	11.769749970575626	35.19499964805001
872	14286848	10	4.7	5.568662316930341	12.0	0.0	10	5.9	6.315853069855251	17.0	0.0	-0.009216481741178614	-2.1976595469013436	0.09779822029862066	11.81149997047125	37.20899962791001
876	14352384	10	8.1	5.430469592954187	15.0	0.0	10	8.9	5.028916384272063	13.0	0.0	-0.008166408354613559	-2.169044439765373	0.13553076204984243	11.478249971304374	29.511999704880004
880	14417920	10	6.8	5.362835071116769	12.0	0.0	10	8.7	5.330103188494571	14.0	0.0	-0.008749079343940999	-2.2480483276290446	0.10219794728039082	11.366999971582501	40.501999594980006
884	14483456	10	4.7	5.568662316930341	12.0	0.0	10	10.1	4.635730794599704	14.0	0.0	-0.009366912099352568	-2.2016288983515326	0.11123746523716638	11.12949997217625	33.36899966631
888	14548992	10	4.3	4.561797891182818	11.0	0.0	10	8.6	5.4808758424178885	14.0	0.0	-0.008958807725903708	-2.185699693630946	0.1311252417371924	11.393499971516249	38.11699961883
892	14614528	10	3.3	4.473253849269008	13.0	0.0	10	7.8	5.30659966456864	14.0	0.0	-0.00838044345107255	-2.168071560335816	0.1205297432869539	11.381499971546251	40.113999598860005
896	14680064	10	7.0	5.549774770204643	13.0	0.0	10	5.0	4.959838707054898	11.0	0.0	-0.0077978116840072866	-2.2044255433170488	0.12167838486196209	10.463249973841876	42.759999572400005
900	14745600	10	2.6	4.24735211631906	11.0	0.0	10	7.8	5.436910887627275	14.0	0.0	-0.009527743649937684	-2.2191977200580637	0.10952489666741637	10.13449997466375	42.971999570280005
904	14811136	10	2.6	4.294182110716778	11.0	0.0	10	4.6	5.219195340279955	14.0	0.0	-0.00956819739219172	-2.215282792615603	0.10663405308010042	10.102749974743126	42.43299957567001
908	14876672	10	10.3	4.050925820105819	15.0	0.0	10	5.3	5.74543296888929	14.0	0.0	-0.008380740800057658	-2.1709596711122576	0.1130285896243136	9.868499975328751	43.950999560490004
912	14942208	10	5.1	5.3188344587888805	13.0	0.0	10	7.4	5.851495535331117	13.0	0.0	-0.009554114810185404	-2.183191564948435	0.12509853057812398	9.855249975361875	43.36699956633
916	15007744	10	7.3	5.604462507680822	13.0	0.0	10	7.6	5.71314274283428	14.0	0.0	-0.010577375155470277	-2.2018302453250898	0.09897676256696038	9.857999975355002	43.40499956595001
920	15073280	10	7.8	5.653317610041028	14.0	0.0	10	8.4	4.6946778377222005	12.0	0.0	-0.008688633097643289	-2.1840770093311694	0.09564963762117713	10.388749974028125	44.55699955443001
924	15138816	10	5.5	5.920304046246273	16.0	0.0	10	4.9	4.988987873306569	13.0	0.0	-0.008693044977618256	-2.204478074877305	0.12184753585889771	9.933249975166877	43.06999956930001
928	15204352	10	4.1	4.825971404805462	12.0	0.0	10	4.8	4.728636167014756	13.0	0.0	-0.009325104238328372	-2.184284736485244	0.12532084201088464	10.151249974621877	43.49999956500001
932	15269888	10	5.0	5.366563145999495	12.0	0.0	10	10.1	4.635730794599704	14.0	1.0	-0.009414544427504608	-2.1829827971966043	0.10836977316489975	10.0429999748925	43.125999568740006
936	15335424	10	6.5	5.987486951969082	14.0	0.0	10	8.2	5.4	13.0	0.0	-0.009078397721435578	-2.1595122811928973	0.10541624605799346	9.851749975370625	44.935999550640005
940	15400960	10	8.5	5.426785420486054	14.0	0.0	10	9.5	4.780167361086848	13.0	0.0	-0.008863438560169787	-2.1031671511922942	0.12021809302880784	9.940749975148124	28.441999715580003
944	15466496	10	4.0	4.711687595755898	11.0	0.0	10	7.2	5.8275209137333865	13.0	0.0	-0.00952804655047845	-2.0881346064617663	0.11034516585462238	10.054249974864375	42.66699957333001
948	15532032	10	4.9	5.068530358989674	11.0	0.0	10	8.7	5.3113086899558	13.0	0.0	-0.008778482727994965	-2.1316695682967484	0.12223303285706334	10.544499973638752	42.035999579640006
952	15597568	10	5.0	5.531726674375733	12.0	0.0	10	6.2	5.134199061197375	12.0	0.0	-0.008873371863638001	-2.17226889706872	0.1368666393539791	9.969249975076874	47.99099952009001
956	15663104	10	8.5	5.389805191284746	13.0	0.0	10	6.8	5.706137047074843	14.0	0.0	-0.008370367168973936	-2.1566621087728515	0.11127544519263696	9.368249976579374	47.54199952458001
960	15728640	10	4.8	5.706137047074843	13.0	0.0	10	8.0	4.8166378315169185	14.0	1.0	-0.00989658502797573	-2.180982435515828	0.1047734428320837	10.384249974039374	42.7299995727
964	15794176	10	1.5	3.556683848755748	12.0	0.0	10	9.6	4.882622246293481	14.0	0.0	-0.008744669286593414	-2.10909400858367	0.10073940171586891	10.41249997396875	42.180999578190004
968	15859712	10	9.9	4.134005321718878	15.0	1.0	10	11.0	3.0983866769659336	13.0	2.0	-0.00831346454080131	-2.1169321485142145	0.13443967543383734	11.106999972232499	29.119999708800005
972	15925248	10	6.4	5.462600113499065	13.0	0.0	10	5.4	5.2	12.0	0.0	-0.009149643482443997	-2.1084181639342665	0.14066137899731654	10.2109999744725	42.72099957279001
976	15990784	10	4.0	5.272570530585627	12.0	0.0	10	6.8	5.3065996645686395	15.0	0.0	-0.009352293318075248	-2.113641194779047	0.11602859034857006	10.9449999726375	40.35999959640001
980	16056320	10	4.0	5.272570530585627	13.0	0.0	10	5.3	4.561797891182818	13.0	0.0	-0.008721450119690213	-2.1622179421517003	0.11157136843929776	11.30849997172875	38.10199961898
984	16121856	10	5.5	5.678908345800274	15.0	0.0	10	7.5	5.748912940721924	13.0	0.0	-0.0085654231943581	-2.1693628179754074	0.11468903075019417	11.36849997157875	38.72099961279
988	16187392	10	5.0	5.549774770204643	12.0	0.0	10	7.4	5.462600113499065	12.0	0.0	-0.009135255222906424	-2.2200509605479346	0.10593932345958199	11.834249970414376	36.442999635570004
992	16252928	10	7.3	5.000999900019995	12.0	0.0	10	3.7	4.360045871318328	13.0	0.0	-0.008899665943603424	-2.1282040251064713	0.1272404340428937	11.99749997000625	36.26699963733001
996	16318464	10	4.6	5.44426303552648	12.0	0.0	10	7.5	5.608029957123981	14.0	0.0	-0.009525607804706859	-2.1767405517615397	0.1021411595759687	11.463249971341876	26.025999739740005
1000	16384000	10	5.9	5.539855593785816	12.0	0.0	10	6.9	6.024118192731613	14.0	0.0	-0.009314372734418794	-2.177322551381281	0.11663830899970688	10.800749972998124	39.58699960413001
1004	16449536	10	5.6	5.40740233383831	11.0	0.0	10	10.4	3.4985711369071804	12.0	0.0	-0.008802729483242547	-2.1966683142082517	0.14752601822853662	11.0989999722525	39.18499960815001
1008	16515072	10	6.4	4.963869458396342	12.0	0.0	10	8.7	5.550675634551166	14.0	0.0	-0.010228356995408092	-2.234715146090262	0.09255122764934628	10.963749972590627	38.898999611010005
1012	16580608	10	4.6	6.053098380168622	14.0	0.0	10	6.4	6.248199740725323	14.0	0.0	-0.008741798918889598	-2.199261081486335	0.09521605690415041	11.03949997240125	41.37099958629001
1016	16646144	10	4.7	5.367494760127857	12.0	0.0	10	9.8	4.48998886412873	14.0	1.0	-0.009220066651575813	-2.2470916904651874	0.1025404220650572	10.49849997375375	39.69799960302001
1020	16711680	10	7.4	5.314132102234569	13.0	0.0	10	9.0	5.310367218940701	14.0	0.0	-0.009386648425417287	-2.22253856536443	0.10893166490937539	10.6049999734875	39.74299960257001
1024	16777216	10	6.4	4.6946778377222005	11.0	0.0	10	9.6	4.054626986542659	13.0	2.0	-0.008876829329574303	-2.1798500788921378	0.11261173344285964	10.335249974161876	43.502999564970004
1028	16842752	10	4.0	4.669047011971501	11.0	0.0	10	10.0	4.123105625617661	14.0	1.0	-0.008982931761212206	-2.198249642818666	0.12815032152986772	10.284249974289375	43.38499956615001
1032	16908288	10	3.6	4.565084884205332	13.0	0.0	10	9.6	4.651881339845203	14.0	0.0	-0.00891167979866258	-2.17356071846891	0.10674149852375918	10.391249974021875	42.12799957872001
1036	16973824	10	7.7	5.586591089385369	14.0	0.0	10	8.3	5.459853477887479	14.0	1.0	-0.008662573810404731	-2.166092964284488	0.13158020988909186	10.923999972690002	44.96599955034001
1040	17039360	10	5.2	5.192301994298868	12.0	0.0	10	8.1	5.664803615307418	14.0	1.0	-0.008791087497526376	-2.145204653119106	0.13499473903163747	10.14349997464125	43.08799956912001
1044	17104896	10	8.3	4.817675788178362	12.0	0.0	10	7.6	5.660388679233963	13.0	0.0	-0.008866740190858584	-2.1906811965210142	0.11325819517547787	10.302749974243126	45.90199954098001
1048	17170432	10	8.9	5.3376024580330075	14.0	0.0	10	10.5	3.383784863137726	15.0	1.0	-0.009604446707786924	-2.2115478413980227	0.11162813612028454	9.698999975752502	25.904999740950004
1052	17235968	10	4.4	4.903060268852505	13.0	0.0	10	7.5	4.801041553663121	12.0	0.0	-0.00949019363080248	-2.16836726394557	0.11809278809942758	10.952749972618125	28.588999714110003
1056	17301504	10	5.5	5.5	11.0	0.0	10	8.0	5.796550698475776	14.0	0.0	-0.009071550124912706	-2.1546806740503164	0.10047686560740245	11.378749971553125	39.62999960370001
1060	17367040	10	5.0	5.366563145999495	13.0	0.0	10	7.6	5.295280917949491	14.0	0.0	-0.00806105739479191	-2.1590521432693865	0.10357727873767578	10.877249972806876	40.94099959059001
1064	17432576	10	4.0	4.898979485566356	12.0	0.0	10	7.8	5.325410782277739	13.0	0.0	-0.009318250155289289	-2.19555265185215	0.11719096792261961	10.676749973308125	40.00099959999
1068	17498112	10	4.1	5.048762224545736	12.0	0.0	10	6.2	5.8275209137333865	13.0	0.0	-0.008933400945331264	-2.2023489597132473	0.12086229358782535	11.114249972214376	29.285999707140007
1072	17563648	10	7.3	5.657738063926255	14.0	0.0	10	11.6	2.90516780926679	16.0	4.0	-0.009103326446126969	-2.1591455859676967	0.13418553938933175	11.29249997176875	40.685999593140004
1076	17629184	10	3.9	5.127377497317708	13.0	0.0	10	8.9	4.825971404805461	14.0	1.0	-0.009238767080152557	-2.120179143823865	0.12639972123863402	10.95749997260625	39.753999602460006
1080	17694720	10	7.2	4.770744176750625	11.0	0.0	10	6.8	5.491812087098393	13.0	0.0	-0.009286920067342797	-2.2102106409949487	0.1218122095130777	10.829249972926874	42.58299957417
1084	17760256	10	8.3	5.254521862167861	13.0	0.0	10	10.6	3.6110940170535577	13.0	0.0	-0.009243275532700266	-2.2171099183634113	0.13308983589688392	10.405999973984999	44.63099955369001
1088	17825792	10	5.3	5.64003546088143	15.0	0.0	10	6.2	5.67097875150313	14.0	0.0	-0.00950658419749548	-2.174384472044308	0.12407389320692906	9.7089999757275	48.72399951276
1092	17891328	10	5.8	5.325410782277738	13.0	0.0	10	5.2	5.723635208501674	14.0	0.0	-0.009269603626554873	-2.2022352017651783	0.13960981305476114	9.256249976859374	48.82899951171001
1096	17956864	10	4.3	5.586591089385369	15.0	0.0	10	6.1	5.734980383575867	13.0	0.0	-0.010058683747212204	-2.1547858638307	0.1178317994222238	9.659749975850625	46.08999953910001
1100	18022400	10	8.3	4.648655719667784	13.0	0.0	10	7.7	6.050619802962338	16.0	0.0	-0.009806544455881066	-2.139415738260414	0.12833412875015854	10.35199997412	41.50999958490001
1104	18087936	10	6.4	5.499090833947008	14.0	0.0	10	5.4	5.834380858325929	14.0	0.0	-0.009001730348520452	-2.1600876423453275	0.11892743345352962	11.019749972450626	40.27799959722
1108	18153472	10	4.5	5.315072906367325	11.0	0.0	10	7.7	4.517742799230606	12.0	1.0	-0.009450712308156884	-2.2380825353317655	0.09638907309238401	12.159749969600623	35.43599964564
1112	18219008	10	6.5	5.6258332716140815	13.0	0.0	10	9.0	5.366563145999495	14.0	0.0	-0.00936306346944635	-2.211949800221185	0.09523016516058583	12.046499969883751	28.292999717070003
1116	18284544	10	9.3	3.9509492530276824	13.0	1.0	10	7.0	5.761944116355173	15.0	0.0	-0.010406441558620637	-2.185126592487964	0.10368599920074416	11.325999971685	37.70299962297001
1120	18350080	10	7.4	5.517245689653489	14.0	0.0	10	8.8	5.653317610041028	15.0	0.0	-0.00975871607826379	-2.178140803944672	0.12028769782733113	12.041249969896873	33.82699966173001
1124	18415616	10	8.4	4.882622246293481	12.0	0.0	10	7.8	6.384355879804947	17.0	0.0	-0.008830382182157913	-2.1499686114734007	0.12004479089432694	12.18649996953375	25.856999741430002
1128	18481152	10	5.2	5.075431016179808	12.0	0.0	10	9.6	4.94368283772331	14.0	0.0	-0.008538199262774255	-2.1498422968135005	0.10659861804117493	11.555749971110625	29.959999700400004
1132	18546688	10	6.0	5.656854249492381	13.0	0.0	10	11.1	3.2078029864690882	14.0	2.0	-0.007448564595640071	-2.217296570308506	0.1295235541048581	10.135999974659999	41.91199958088001
1136	18612224	10	4.7	4.648655719667784	12.0	0.0	10	8.8	5.2306787322488075	15.0	1.0	-0.009668689011559114	-2.2121873594999664	0.08493954625337664	10.62249997344375	39.31799960682
1140	18677760	10	6.1	5.957348403442592	14.0	0.0	10	8.9	5.6471231613982	14.0	0.0	-0.008524504220098303	-2.2001148062639446	0.13614486637659287	11.894499970263752	34.992999650070004
1144	18743296	10	8.9	5.448853090330111	18.0	0.0	10	5.5	4.904079934095692	12.0	0.0	-0.009619940665499177	-2.202193530667904	0.10450045154117527	12.281749969295625	36.767999632320006
1148	18808832	10	7.7	5.532630477449222	13.0	0.0	10	4.3	5.404627646748664	15.0	0.0	-0.008761340900488487	-2.2120345629931006	0.1017566734896526	11.440249971399377	38.66999961330001
1152	18874368	10	7.2	5.30659966456864	12.0	0.0	10	9.9	5.028916384272064	14.0	0.0	-0.009222784806246356	-2.2086072785341844	0.09651392483854519	11.42399997144	38.38099961619
1156	18939904	10	5.9	5.127377497317708	11.0	0.0	10	5.6	5.462600113499065	14.0	0.0	-0.009163721457556484	-2.152169209991225	0.12935508770762497	11.64449997088875	38.42199961578
1160	19005440	10	6.1	5.467174773134658	14.0	0.0	10	8.3	5.060632371551998	13.0	0.0	-0.009846112922671	-2.1586180451250594	0.10594787664849614	10.897999972755	43.927999560720004
1164	19070976	10	4.2	5.362835071116769	13.0	0.0	10	8.3	5.254521862167861	13.0	0.0	-0.008660167948323574	-2.1891483190362164	0.1278816220450184	10.109249974726875	32.070999679290004
1168	19136512	10	4.4	5.2573757712379665	13.0	0.0	10	5.0	5.157518783291051	12.0	0.0	-0.009080521266660056	-2.1976540160870144	0.08740303311362627	10.764999973087502	30.535999694640005
1172	19202048	10	7.3	5.883026432033091	15.0	0.0	10	8.8	5.362835071116769	13.0	0.0	-0.008132882092833691	-2.2015897207152313	0.15608924563589974	11.531249971171876	20.648999793510004
1176	19267584	10	8.4	5.624944444170093	15.0	0.0	10	11.2	3.627671429443411	15.0	1.0	-0.009222242155626269	-2.203107297191011	0.118946082334372	11.90849997022875	34.93599965064001
1180	19333120	10	3.6	4.882622246293481	11.0	0.0	10	6.7	5.21632054229799	12.0	0.0	-0.008007129277529739	-2.1625162360799743	0.11426260872174669	11.904999970237501	35.060999649390006
1184	19398656	10	8.4	4.903060268852506	13.0	0.0	10	6.4	5.4808758424178885	13.0	0.0	-0.008814808872851928	-2.1834675841242537	0.13773106689061507	12.234249969414376	34.060999659390006
1188	19464192	10	9.5	4.031128874149275	12.0	1.0	10	7.9	4.90815647672321	13.0	0.0	-0.008786526551369803	-2.140707780694495	0.13160440782266386	12.300249969249375	26.541999734580006
1192	19529728	10	4.9	5.048762224545736	11.0	0.0	10	5.1	5.7523908073078625	14.0	0.0	-0.008593972048719518	-2.2064195248173077	0.10984978086412589	12.037749969905626	36.32399963676001
1196	19595264	10	5.1	5.3188344587888805	13.0	0.0	10	6.9	5.448853090330111	15.0	0.0	-0.009026301174920138	-2.158144769344431	0.1388960726181648	11.629249970926875	38.88999961110001
1200	19660800	10	5.6	5.180733538795447	14.0	0.0	10	7.7	5.020956084253277	13.0	0.0	-0.008547092180701306	-2.1756691880741363	0.10532356052493654	11.429999971425	36.03199963968
1204	19726336	10	9.6	3.8522720568516444	13.0	2.0	10	6.0	5.440588203494177	12.0	0.0	-0.0085650900306843	-2.2181136407131095	0.11268735800006376	11.53049997117375	39.406999605930004
1208	19791872	10	3.4	3.9293765408777	11.0	0.0	10	7.7	5.550675634551167	13.0	0.0	-0.009471344566538292	-2.1808509625706285	0.09761415731386781	11.272749971818127	35.85699964143001
1212	19857408	10	2.8	4.621688003316537	12.0	0.0	10	7.8	5.878775382679628	15.0	0.0	-0.009345068635347785	-2.2104373398107477	0.11342720251590638	10.907749972730626	41.013999589860006
1216	19922944	10	8.1	5.127377497317708	13.0	0.0	10	8.2	5.192301994298868	14.0	1.0	-0.008957533717852195	-2.1987024071509134	0.12078974759500152	10.3549999741125	43.481999565180004
1220	19988480	10	7.4	5.314132102234569	13.0	0.0	10	8.6	5.7306195127577615	15.0	0.0	-0.008430664082304928	-2.1433356501412937	0.10908862411770842	10.21449997446375	32.437999675620006
1224	20054016	10	6.4	5.122499389946279	12.0	0.0	10	7.0	5.329165037789691	12.0	0.0	-0.010209315329269915	-2.2277201188270315	0.061871034843455845	10.97449997256375	38.6799996132
1228	20119552	10	9.4	4.903060268852505	15.0	0.0	10	7.3	5.404627646748664	13.0	0.0	-0.009169253141362625	-2.1682309332218215	0.10034960150294261	10.967249972581875	42.421999575780006
1232	20185088	10	5.1	5.3188344587888805	13.0	0.0	10	9.0	4.516635916254486	12.0	0.0	-0.00957612280056906	-2.2007653710933854	0.09106869730770663	10.567749973580625	31.766999682330006
1236	20250624	10	6.2	4.853864439804639	11.0	0.0	10	8.0	5.138093031466052	13.0	0.0	-0.009571270046069105	-2.1841890784809697	0.09904999944591408	10.793749973015624	39.795999602040006
1240	20316160	10	8.3	4.583666654546335	12.0	1.0	10	9.8	4.534313619501853	15.0	1.0	-0.008431838728666614	-2.142013259008918	0.14697600674526237	10.847999972879999	40.79499959205001
1244	20381696	10	4.9	5.243090691567332	12.0	0.0	10	7.6	5.219195340279955	12.0	0.0	-0.008509647175462338	-2.126756707605713	0.13351354800947018	10.490749973773125	42.75099957249
1248	20447232	10	8.0	5.253570214625479	12.0	0.0	10	8.2	5.89576118919347	16.0	0.0	-0.008151438510806712	-2.1570556534069936	0.11033911823387453	10.120249974699373	26.61199973388
1252	20512768	10	7.0	5.347896782848375	13.0	0.0	10	9.8	4.749736834815167	14.0	0.0	-0.008398540746418888	-2.1763990345317006	0.11133027083322522	10.79949997300125	42.613999573860006
1256	20578304	10	3.7	4.817675788178362	11.0	0.0	10	7.8	5.134199061197375	15.0	0.0	-0.00836236882033418	-2.1304052916930223	0.08955721509641333	10.401999973995002	44.30499955695001
1260	20643840	10	2.6	4.476605857119878	12.0	0.0	10	9.4	4.7791212581394085	14.0	0.0	-0.007870273380011528	-2.2563031934334927	0.1018236105534663	10.2589999743525	23.119999768800003
1264	20709376	10	2.5	4.272001872658765	11.0	0.0	10	7.4	5.902541825349483	14.0	0.0	-0.009374489018464055	-2.183909560015798	0.1060486620492041	12.3369999691575	36.785999632140005
1268	20774912	10	7.2	5.192301994298868	12.0	0.0	10	9.1	5.204805471869242	14.0	0.0	-0.008137346639827844	-2.168502449763433	0.10911339407736671	11.769249970576874	25.887999741120005
1272	20840448	10	8.3	5.0803543183522155	13.0	0.0	10	7.9	5.146843692983108	13.0	0.0	-0.008852653107459824	-2.2050975931374017	0.11083842424763019	12.527249968681875	38.491999615080005
1276	20905984	10	4.8	5.635601121442148	14.0	0.0	10	8.7	5.514526271584895	14.0	0.0	-0.009128116092101238	-2.2050978787429916	0.10793820682099149	10.68249997329375	41.86899958131001
1280	20971520	10	6.7	4.980963762164909	12.0	0.0	10	7.5	5.835237784358063	15.0	0.0	-0.008486912759533855	-2.138079397157635	0.14488180531231865	10.099249974751874	39.52899960471001
1284	21037056	10	5.0	5.138093031466052	12.0	0.0	10	8.0	4.33589667773576	12.0	2.0	-0.009252689334007542	-2.1728015390755386	0.11365419326252738	10.4029999739925	43.786999562130006
1288	21102592	10	4.6	4.6946778377222005	12.0	0.0	10	7.9	5.337602458033007	14.0	0.0	-0.009293244946944125	-2.148859927827791	0.11204254067267128	10.206999974482502	45.662999543370006
1292	21168128	10	10.7	3.4655446902326914	15.0	1.0	10	10.1	5.3	17.0	0.0	-0.00800563425256444	-2.146978725766016	0.1338355644311421	9.89599997526	23.28399976716
1296	21233664	10	3.9	5.39351462406472	13.0	0.0	10	7.5	6.00416522091123	14.0	0.0	-0.008437287815801928	-2.072960217577849	0.14964500611330925	11.35649997160875	38.9099996109
1300	21299200	10	8.1	4.90815647672321	13.0	0.0	10	8.5	5.200961449578338	14.0	0.0	-0.008459023638077118	-2.181141448290438	0.13956178707789965	11.2799999718	32.880999671190004
1304	21364736	10	6.2	5.653317610041028	13.0	0.0	10	5.4	5.0039984012787215	12.0	0.0	-0.008567726726158723	-2.160158013079058	0.11959400213009085	11.019749972450626	42.00599957994001
1308	21430272	10	8.2	5.192301994298868	13.0	0.0	10	7.8	5.81033561853358	16.0	0.0	-0.008939461420270897	-2.188374603560102	0.08495156722189702	10.961749972595625	39.389999606100005
1312	21495808	10	7.9	5.185556864985669	15.0	1.0	10	4.4	4.586937976471886	12.0	0.0	-0.00903215443058694	-2.132736287788914	0.12160330605978664	10.8849999727875	42.68699957313
1316	21561344	10	4.8	5.912698199637793	13.0	0.0	10	8.6	4.651881339845202	12.0	0.0	-0.008776112752149417	-2.1672967024373433	0.11706580503710831	10.265249974336875	42.072999579270004
1320	21626880	10	5.9	4.6141087980237305	12.0	1.0	10	7.6	5.351635264103861	13.0	0.0	-0.007627226515790518	-2.1322929161552713	0.12740070286121571	10.241749974395624	44.72799955272001
1324	21692416	10	2.1	3.0805843601498726	11.0	0.0	10	6.5	5.852349955359813	15.0	0.0	-0.00835229880040975	-2.171947886320208	0.09709170486853191	9.53149997617125	44.42899955571001
1328	21757952	10	5.3	5.386093203798093	14.0	0.0	10	9.9	5.185556864985669	16.0	0.0	-0.008607992639566969	-2.1172282892246965	0.12666332875611225	9.59599997601	44.38799955612001
1332	21823488	10	3.8	5.3999999999999995	13.0	0.0	10	8.9	5.262128846769148	14.0	0.0	-0.008667897122911421	-2.1653221123148496	0.11514844410474182	9.476249976309376	34.713999652860004
1336	21889024	10	6.0	5.440588203494177	12.0	0.0	10	8.6	5.257375771237966	14.0	0.0	-0.008303886414416655	-2.15289060252334	0.14511473941036424	9.846249975384376	32.25899967741
1340	21954560	10	3.2	4.48998886412873	13.0	0.0	10	9.0	5.440588203494177	15.0	0.0	-0.009618245372225888	-2.176000753811826	0.11608442853082235	10.538249973654375	42.016999579830006
1344	22020096	10	5.4	5.4808758424178885	14.0	0.0	10	8.5	4.780167361086848	13.0	0.0	-0.00840151249731609	-2.2268708271448765	0.13849697788355503	10.221499974446251	43.737999562620004
1348	22085632	10	5.9	5.52177507691141	12.0	0.0	10	9.8	4.512205669071391	14.0	0.0	-0.010010409080544817	-2.21799758550269	0.08714829784065418	10.251499974371251	44.58699955413001
1352	22151168	10	6.7	6.708949247087803	16.0	0.0	10	9.7	4.94064773081425	14.0	0.0	-0.009211115589046156	-2.2155573763128933	0.10367545899631216	9.248249976879375	46.88999953110001
1356	22216704	10	8.1	5.107837115648853	12.0	0.0	10	9.2	5.418486873657627	16.0	0.0	-0.008744353353599903	-2.2508236018458843	0.1124765151839266	9.721499975696249	30.594999694050003
1360	22282240	10	4.6	5.660388679233963	13.0	0.0	10	7.7	5.197114584074513	13.0	0.0	-0.009453760234692318	-2.186000259986302	0.11733895717518639	11.105999972234999	31.371999686280006
1364	22347776	10	5.1	5.3188344587888805	12.0	0.0	10	8.7	5.23545604508337	15.0	0.0	-0.008640695386636275	-2.186088964115353	0.11753767712059147	10.465249973836876	43.43599956564001
1368	22413312	10	5.8	5.81033561853358	12.0	0.0	10	12.5	1.284523257866513	15.0	11.0	-0.009201767555119748	-2.16245627132381	0.11273981583061651	10.138749974653125	40.159999598400006
1372	22478848	10	6.3	5.762811813689563	14.0	0.0	10	6.7	5.814636704042653	14.0	0.0	-0.008163464606451893	-2.175412552825502	0.10980109636459401	9.858749975353126	44.39399955606
1376	22544384	10	5.5	5.835237784358063	15.0	0.0	10	10.0	4.959838707054898	16.0	0.0	-0.008556940286343843	-2.1769995860971263	0.12028516777314213	9.62049997594875	44.19799955802001
1380	22609920	10	4.8	5.509990925582365	12.0	0.0	10	6.3	5.568662316930341	12.0	0.0	-0.008260001631291708	-2.1379513018089726	0.12957329984646365	10.4229999739425	41.88599958114001
1384	22675456	10	7.7	5.348831648126533	13.0	0.0	10	8.7	5.3113086899558	13.0	0.0	-0.009132521386121906	-2.132845431344067	0.11659384711672786	11.02849997242875	37.855999621440006
1388	22740992	10	6.5	6.18465843842649	14.0	0.0	10	7.1	5.838664230798	13.0	0.0	-0.008382026209534753	-2.2030961113860097	0.10017503602938937	11.96049997009875	35.699999643000005
1392	22806528	10	4.8	5.528109984434102	13.0	0.0	10	5.9	5.7870545184921145	15.0	0.0	-0.008137336722697616	-2.209973051913845	0.12027617876406821	12.37249996906875	34.482999655170005
1396	22872064	10	4.3	5.74543296888929	14.0	0.0	10	6.7	5.831809324729334	14.0	0.0	-0.0077591198803729595	-2.1839156272719302	0.12678731728266218	12.30449996923875	40.48799959512001
1400	22937600	10	7.6	5.314132102234569	14.0	0.0	10	7.9	4.928488612140643	13.0	0.0	-0.009545948141967539	-2.1503966820980254	0.10733063071624245	10.63749997340625	40.12299959877
1404	23003136	10	6.6	5.7306195127577615	15.0	0.0	10	9.7	4.960846701924985	14.0	0.0	-0.008671469920051854	-2.1761514293867488	0.11189456407056947	10.623999973439998	42.10599957894001
1408	23068672	10	7.7	5.866003750424986	15.0	0.0	10	7.0	5.0990195135927845	15.0	0.0	-0.00912313450828312	-2.127993382291857	0.10470800589610692	10.44949997387625	30.613999693860006
1412	23134208	10	4.3	5.273518749374084	13.0	0.0	10	11.1	3.8327535793473597	17.0	1.0	-0.00839036411498973	-2.111366636831171	0.140230655422728	11.03649997240875	29.019999709800004
1416	23199744	10	4.9	5.664803615307418	14.0	0.0	10	6.1	5.127377497317708	12.0	0.0	-0.008080711825103053	-2.0734775511250696	0.11447891483132641	11.939749970150626	36.873999631260006
1420	23265280	10	6.3	6.1489836558572835	14.0	0.0	10	6.1	6.024118192731613	16.0	0.0	-0.008073486081298436	-2.147356686269078	0.13752349581068218	11.24399997189	37.003999629960006
1424	23330816	10	6.0	5.440588203494177	13.0	0.0	10	8.2	5.564171097297422	14.0	1.0	-0.008442275375606568	-2.1526143747312645	0.15072216068687103	11.178749972053126	36.533999634660006
1428	23396352	10	5.6	6.019966777316964	16.0	0.0	10	9.5	4.544227107000705	13.0	0.0	-0.008864476972713779	-2.1113158934102576	0.12230137299714065	11.202749971993123	33.23299966767
1432	23461888	10	5.1	5.7	13.0	0.0	10	7.8	5.455272678794342	14.0	0.0	-0.008596526494343759	-2.079005643508832	0.13792110264106383	10.700249973249376	41.04099958959
1436	23527424	10	8.3	4.838388161361178	13.0	0.0	10	5.6	5.4808758424178885	13.0	0.0	-0.0091586623302201	-2.1147294613502963	0.08405121186027834	11.05549997236125	40.669999593300005
1440	23592960	10	5.5	4.801041553663121	12.0	0.0	10	7.6	5.834380858325929	13.0	0.0	-0.009190626262001424	-2.120486683922659	0.12515305943725183	10.0789999748025	46.30499953695001
1444	23658496	10	8.2	5.173006862551026	12.0	0.0	10	7.1	5.008991914547278	13.0	0.0	-0.00867417028985667	-2.1358077101668163	0.12687475939201434	10.125749974685625	41.796999582030004
1448	23724032	10	2.7	4.450842616853578	12.0	0.0	10	8.0	5.291502622129181	14.0	0.0	-0.008590656695574662	-2.177719011675963	0.11574859054484751	10.69549997326125	42.98499957015001
1452	23789568	10	7.4	6.151422599691879	17.0	0.0	10	6.7	6.181423784210237	14.0	0.0	-0.008025148363607688	-2.1126057279889556	0.14027892874334322	10.93449997266375	43.00299956997001
1456	23855104	10	6.9	5.243090691567332	12.0	0.0	10	10.6	5.063595560468865	17.0	0.0	-0.008998954672554337	-2.1443371745697157	0.09556563581741523	11.736749970658126	41.45599958544001
1460	23920640	10	4.8	5.509990925582365	12.0	0.0	10	9.3	4.001249804748511	13.0	0.0	-0.008122896286055338	-2.13266496089734	0.16520959230281562	12.645749968385626	28.915999710840005
1464	23986176	10	6.9	5.3188344587888805	14.0	0.0	10	10.5	2.8722813232690143	13.0	4.0	-0.008535154537660171	-2.1773286509232626	0.11061754701282918	11.789249970526875	44.039999559600005
1468	24051712	10	5.0	5.495452665613635	16.0	0.0	10	8.1	5.107837115648854	14.0	1.0	-0.008861285078017707	-2.184267985096537	0.11443546807055106	13.178749967053124	37.469999625300005
1472	24117248	10	7.5	5.463515351859094	13.0	0.0	10	8.8	5.015974481593782	14.0	0.0	-0.009590418879786967	-2.178537832967007	0.09393719714708623	12.224499969438751	46.49699953503001
1476	24182784	10	6.3	5.550675634551166	13.0	0.0	10	8.1	5.127377497317708	13.0	0.0	-0.007828025723729391	-2.142983381723654	0.13788317049348542	12.712249968219375	45.534999544650006
1480	24248320	10	8.3	4.817675788178362	12.0	0.0	10	11.2	2.856571371417141	13.0	3.0	-0.007535942480114399	-2.1688317505246215	0.16045867401676842	12.564249968589374	27.596999724030006
1484	24313856	10	4.8	5.095095681142799	11.0	0.0	10	6.7	5.814636704042652	14.0	0.0	-0.008887148715968698	-2.1285098441211474	0.11463932307639886	12.073249969816876	47.304999526950006
1488	24379392	10	8.1	5.629387178015028	16.0	0.0	10	8.8	5.4	14.0	0.0	-0.0076822853386936864	-2.1669570652373413	0.11356731700924942	11.422749971443126	34.98399965016001
1492	24444928	10	8.2	5.418486873657627	13.0	0.0	10	7.4	5.499090833947008	13.0	0.0	-0.009038921541679353	-2.2714749944824164	0.09731826542173369	12.103749969740624	43.90599956094
1496	24510464	10	5.0	5.347896782848375	13.0	0.0	10	8.8	5.670978751503131	14.0	0.0	-0.008750057623120635	-2.284555514415549	0.08672925281831947	12.172749969568127	42.11099957889
1500	24576000	10	9.2	6.273754856543249	18.0	0.0	10	5.5	5.2583267300539625	13.0	0.0	-0.007917815966502366	-2.252713051700379	0.08399420199661708	11.596249971009376	45.32599954674001
1504	24641536	10	6.0	5.621387729022079	12.0	0.0	10	8.2	5.3814496188294845	12.0	0.0	-0.008041491093304699	-2.2180795592739355	0.10653047409971998	12.593249968516876	38.60799961392
1508	24707072	10	8.6	5.295280917949491	14.0	0.0	10	9.0	4.919349550499537	14.0	0.0	-0.008622780931254126	-2.1801423651689245	0.10264513415456997	12.4989999687525	22.692999773070007
1512	24772608	10	3.9	5.575840743780259	14.0	0.0	10	6.3	5.367494760127857	13.0	0.0	-0.008652914006545227	-2.1210737350360445	0.12083153316734223	12.083249969791876	26.511999734880003
1516	24838144	10	7.5	5.5901699437494745	14.0	0.0	10	9.2	6.063002556489648	14.0	0.0	-0.008801566283174847	-2.1000399736362643	0.10341947683763322	11.137249972156875	30.119999698800004
1520	24903680	10	7.7	5.780138406647371	15.0	0.0	10	7.2	5.706137047074843	13.0	0.0	-0.009555083339581839	-2.1102327205526095	0.13413127805261343	10.56799997358	34.51699965483001
1524	24969216	10	7.5	5.572252686302013	14.0	0.0	10	6.5	5.181698563212646	13.0	0.0	-0.009039826122684322	-2.0490001562090185	0.12409106803696662	11.209249971976874	47.731999522680006
