iter	frame	n_test	mean_returns	std_returns	max_returns	min_returns	n_test_train	mean_returns_train	std_returns_train	max_returns_train	min_returns_train	actor_loss	entropy_loss	value_loss	training_time	evaluation_time
0	0	10	2.0	4.0	10.0	0.0	10	1.0	3.0	10.0	0.0	0	0	0	0.0	41.33499958665001
4	65536	10	1.0	3.0	10.0	0.0	10	4.0	4.898979485566356	10.0	0.0	0.00041603467490769356	-2.571341072251772	0.28933010006724447	11.640749970898124	16.76599983234
8	131072	10	3.0	4.58257569495584	10.0	0.0	10	5.0	5.0	10.0	0.0	-0.0038214535302925645	-2.5397341422574615	0.9814568769406147	11.443499971391251	6.419999935800001
12	196608	10	4.0	4.898979485566356	10.0	0.0	10	4.0	4.898979485566356	10.0	0.0	-0.0033395267852188368	-2.477477905392863	1.645708935784732	10.978749972553125	3.1779999682200004
16	262144	10	0.0	0.0	0.0	0.0	10	4.0	4.898979485566356	10.0	0.0	-0.004565056308647841	-2.3921342216423813	1.789514120481765	11.535249971161877	22.244999777550003
20	327680	10	8.0	4.0	10.0	0.0	10	4.0	4.898979485566356	10.0	0.0	-0.006030469775677661	-2.318880513068882	1.6369882298790903	13.032499967418751	1.9899999801000003
24	393216	10	4.0	4.898979485566356	10.0	0.0	10	5.0	5.0	10.0	0.0	-0.004956649368461788	-2.2255378561880543	1.7252957781842246	10.715999973210002	25.502999744970005
28	458752	10	5.0	5.0	10.0	0.0	10	6.0	4.898979485566356	10.0	0.0	-0.006177184278045247	-2.207335886625989	1.4635494349862492	10.837249972906875	2.5469999745300007
32	524288	10	4.0	4.898979485566356	10.0	0.0	10	4.0	4.898979485566356	10.0	0.0	-0.0058494467878791034	-2.1853926502375254	1.476904187197621	13.769749965575626	21.071999789280003
36	589824	10	5.0	5.0	10.0	0.0	10	4.0	4.898979485566356	10.0	0.0	-0.004961136195650811	-2.131998354967876	1.4718175143953847	12.62549996843625	24.440999755590003
40	655360	10	4.0	4.898979485566356	10.0	0.0	10	2.0	4.0	10.0	0.0	-0.005283341746139636	-2.1176502329885443	1.274964305128962	11.535499971161249	3.0279999697200006
44	720896	10	4.0	4.898979485566356	10.0	0.0	10	5.0	5.0	10.0	0.0	-0.005880843350187011	-2.0785440254033096	1.2816183590547368	12.451749968870626	2.3109999768900003
48	786432	10	6.0	4.898979485566356	10.0	0.0	10	2.0	4.0	10.0	0.0	-0.0069135223959239525	-2.1072838453243525	1.088304587836944	11.967249970081875	4.832999951670001
52	851968	10	3.0	4.58257569495584	10.0	0.0	10	3.0	4.58257569495584	10.0	0.0	-0.005839171714491893	-2.0490793496719384	1.2005712637048074	11.219249971951873	4.153999958460001
56	917504	10	2.0	4.0	10.0	0.0	10	7.0	4.58257569495584	10.0	0.0	-0.005579269187389999	-1.9487159572995327	1.2496499902198361	11.621999970945	2.6929999730700005
60	983040	10	5.0	5.0	10.0	0.0	10	5.0	5.0	10.0	0.0	-0.005107249490491438	-1.9177463015406426	1.200604522475707	12.0449999698875	2.0249999797500005
64	1048576	10	5.0	5.0	10.0	0.0	10	6.0	4.898979485566356	10.0	0.0	-0.005588422897465787	-1.914084645409677	1.219367422036469	12.215249969461876	25.322999746770005
68	1114112	10	6.0	4.898979485566356	10.0	0.0	10	6.0	4.898979485566356	10.0	0.0	-0.005161384132172485	-1.9017215232556959	1.0922614229326129	11.240249971899377	3.2949999670500003
72	1179648	10	5.0	5.0	10.0	0.0	10	5.0	5.0	10.0	0.0	-0.007028476744255092	-1.9388753322727421	0.9953189646409285	11.685499970786251	3.5029999649700008
76	1245184	10	2.0	4.0	10.0	0.0	10	2.0	4.0	10.0	0.0	-0.006508008958239426	-1.9606050213619228	1.0227219585505722	12.42549996893625	3.7039999629600007
80	1310720	10	2.0	4.0	10.0	0.0	10	7.0	4.58257569495584	10.0	0.0	-0.006507059267509913	-1.882038465194557	1.0452664934251663	10.7409999731475	5.126999948730001
84	1376256	10	5.0	5.0	10.0	0.0	10	6.0	4.898979485566356	10.0	0.0	-0.005461157308710596	-1.9386068729527017	0.9780758239551794	11.754999970612499	4.280999957190001
88	1441792	10	7.0	4.58257569495584	10.0	0.0	10	5.0	5.0	10.0	0.0	-0.006343658535061069	-1.9095636306204076	0.9160403018483978	11.563749971090624	6.63199993368
92	1507328	10	5.0	5.0	10.0	0.0	10	5.0	5.0	10.0	0.0	-0.007061225295902895	-1.8441735541389626	0.8865884901653075	11.493249971266875	3.457999965420001
96	1572864	10	2.0	4.0	10.0	0.0	10	4.0	4.898979485566356	10.0	0.0	-0.006691198208409611	-1.7989925603681423	0.9063877661078754	11.55649997110875	3.5419999645800004
100	1638400	10	4.0	4.898979485566356	10.0	0.0	10	6.0	4.898979485566356	10.0	0.0	-0.005391071433571184	-1.8244515332665963	0.8976973213562067	10.283749974290625	5.952999940470002
104	1703936	10	3.0	4.58257569495584	10.0	0.0	10	4.0	4.898979485566356	10.0	0.0	-0.006386068199634417	-1.8523560599046611	0.7858851501520414	12.17199996957	5.260999947390001
108	1769472	10	4.0	4.898979485566356	10.0	0.0	10	7.0	4.58257569495584	10.0	0.0	-0.005628366483526439	-1.8788246882984945	0.7856279629395613	10.8849999727875	4.9259999507400005
112	1835008	10	5.0	5.0	10.0	0.0	10	4.0	4.898979485566356	10.0	0.0	-0.005803496804221119	-1.8656196393612776	0.784400784018387	10.814249972964374	6.776999932230002
116	1900544	10	2.0	4.0	10.0	0.0	10	8.0	4.0	10.0	0.0	-0.00783789291663407	-1.8194002941839118	0.7910600440373533	11.272249971819376	3.1049999689500005
120	1966080	10	6.0	4.898979485566356	10.0	0.0	10	6.0	4.898979485566356	10.0	0.0	-0.0074069485021800545	-1.821642619678365	0.684508574434344	11.454499971363752	4.455999955440001
124	2031616	10	5.0	5.0	10.0	0.0	10	4.0	4.898979485566356	10.0	0.0	-0.007782219406279803	-1.8490795503617423	0.6310568240124274	12.08849996977875	5.55199994448
128	2097152	10	3.0	4.58257569495584	10.0	0.0	10	7.0	4.58257569495584	10.0	0.0	-0.007358437400844698	-1.8856677398604882	0.6541159174034108	10.165499974586252	30.760999692390005
132	2162688	10	5.0	5.0	10.0	0.0	10	9.0	3.0	10.0	0.0	-0.007118166947461521	-1.953528369262971	0.6231218839656918	11.343249971641876	9.024999909750003
136	2228224	10	6.0	4.898979485566356	10.0	0.0	10	2.0	4.0	10.0	0.0	-0.007980891512263583	-1.9905382032605774	0.5462687685516671	11.798499970503752	12.943999870560003
140	2293760	10	4.0	4.898979485566356	10.0	0.0	10	5.0	5.0	10.0	0.0	-0.006895324643856167	-2.007944732695273	0.5273547889115441	12.205749969485623	4.4939999550600005
144	2359296	10	8.0	4.0	10.0	0.0	10	9.0	3.0	10.0	0.0	-0.007634937027547086	-1.967307999525182	0.5869614012548849	12.915249967711876	2.5329999746700005
148	2424832	10	5.0	5.0	10.0	0.0	10	6.0	4.898979485566356	10.0	0.0	-0.006548265258895005	-1.9970260446673596	0.5788233974966466	11.8489999703775	6.258999937410001
152	2490368	10	3.0	4.58257569495584	10.0	0.0	10	6.0	4.898979485566356	10.0	0.0	-0.007159124564332203	-1.986696782004515	0.523650267106882	12.3369999691575	21.661999783380004
156	2555904	10	5.0	5.0	10.0	0.0	10	2.0	4.0	10.0	0.0	-0.008031682517939872	-2.000376906037574	0.4044208246793284	12.630249968424376	3.3259999667400004
160	2621440	10	5.0	5.0	10.0	0.0	10	6.0	4.898979485566356	10.0	0.0	-0.007405942593764041	-1.9935542392640915	0.46001873036400825	12.794749968013125	20.206999797930003
164	2686976	10	5.0	5.0	10.0	0.0	10	7.0	4.58257569495584	10.0	0.0	-0.00865952383204925	-2.098709853768283	0.4170415928773781	11.667749970830624	21.266999787330004
168	2752512	10	6.0	4.898979485566356	10.0	0.0	10	8.0	4.0	10.0	0.0	-0.007762266472531611	-2.1719103527786916	0.35745362064492525	12.245999969384998	20.502999794970002
172	2818048	10	4.0	4.898979485566356	10.0	0.0	10	7.0	4.58257569495584	10.0	0.0	-0.008921262705351388	-2.1679986539211558	0.4390468087831761	13.00399996749	33.59799966402
176	2883584	10	5.0	5.0	10.0	0.0	10	5.0	5.0	10.0	0.0	-0.009540511163238353	-2.1764704533137684	0.36814097124973694	12.969999967575	25.645999743540006
180	2949120	10	6.0	4.898979485566356	10.0	0.0	10	2.0	4.0	10.0	0.0	-0.008340742571555329	-2.119026628412608	0.34846969907577857	12.412999968967501	25.517999744820006
184	3014656	10	6.0	4.898979485566356	10.0	0.0	10	4.0	4.898979485566356	10.0	0.0	-0.009395944635122935	-2.2490480241816937	0.2609515068780752	12.113749969715625	30.960999690390004
188	3080192	10	3.0	4.58257569495584	10.0	0.0	10	8.0	4.0	10.0	0.0	-0.009462991835107017	-2.301314733682761	0.2547670726709423	12.00449996998875	24.656999753430004
192	3145728	10	5.0	5.0	10.0	0.0	10	7.0	4.58257569495584	10.0	0.0	-0.009276847642714376	-2.2798980770120374	0.2677006940078532	12.484749968788126	29.418999705810005
196	3211264	10	7.0	4.58257569495584	10.0	0.0	10	10.0	0.0	10.0	10.0	-0.008754718916859291	-2.2733301418638465	0.21596049841106424	12.060249969849375	9.815999901840001
200	3276800	10	5.0	5.0	10.0	0.0	10	5.0	5.0	10.0	0.0	-0.008229588717820155	-2.286864494045779	0.24143772010970455	12.751249968121876	45.15799954842001
204	3342336	10	4.0	4.898979485566356	10.0	0.0	10	6.0	4.898979485566356	10.0	0.0	-0.007680519351003565	-2.2362877525543254	0.2342560370208685	12.542749968643125	27.578999724210004
208	3407872	10	3.0	4.58257569495584	10.0	0.0	10	6.0	4.898979485566356	10.0	0.0	-0.007934866025993444	-2.2827306859300913	0.1824138932671373	11.6709999708225	43.55799956442001
212	3473408	10	6.0	4.898979485566356	10.0	0.0	10	6.0	4.898979485566356	10.0	0.0	-0.007747838144295463	-2.319875692086163	0.197231417346069	11.9709999700725	19.858999801410004
216	3538944	10	6.0	4.898979485566356	10.0	0.0	10	4.0	4.898979485566356	10.0	0.0	-0.008933109601436506	-2.293953545152606	0.22073174032877343	10.716999973207502	27.107999728920007
220	3604480	10	7.0	4.58257569495584	10.0	0.0	10	4.0	4.898979485566356	10.0	0.0	-0.008145843769913914	-2.270168840648686	0.2686047974383679	12.209249969476875	49.096999509030006
224	3670016	10	5.0	5.0	10.0	0.0	10	7.0	4.58257569495584	10.0	0.0	-0.008407931458687337	-2.277555659176092	0.2008841194313623	11.233499971916249	15.319999846800004
228	3735552	10	1.0	3.0	10.0	0.0	10	7.0	4.58257569495584	10.0	0.0	-0.007455868257674769	-2.2858691138628213	0.21217707348329484	12.35249996911875	32.57899967421
232	3801088	10	4.0	4.898979485566356	10.0	0.0	10	6.0	4.898979485566356	10.0	0.0	-0.007525733746483389	-2.2382112043751343	0.307376331152041	12.63249996841875	11.648999883510001
236	3866624	10	7.0	4.58257569495584	10.0	0.0	10	6.0	4.898979485566356	10.0	0.0	-0.008620010130179613	-2.2526536780236084	0.2835334619832728	13.060499967348749	19.22299980777
240	3932160	10	2.0	4.0	10.0	0.0	10	6.0	4.898979485566356	10.0	0.0	-0.009026238435550296	-2.257081967853832	0.19532315330097463	12.512749968718126	42.66699957333001
244	3997696	10	5.0	5.0	10.0	0.0	10	5.0	5.0	10.0	0.0	-0.008375573298545281	-2.308605655787314	0.14374271018175033	12.137999969655002	31.851999681480006
248	4063232	10	5.0	5.0	10.0	0.0	10	5.0	5.0	10.0	0.0	-0.00800739817024462	-2.282749088864164	0.14883504418347626	12.94749996763125	42.868999571310006
252	4128768	10	3.0	4.58257569495584	10.0	0.0	10	4.0	4.898979485566356	10.0	0.0	-0.007666548177247566	-2.3107614961839706	0.21432413608707634	12.257499969356251	38.303999616960006
256	4194304	10	5.0	5.0	10.0	0.0	10	3.0	4.58257569495584	10.0	0.0	-0.00816860076798951	-2.3248944280109973	0.2353266943000994	12.35649996910875	29.730999702690006
260	4259840	10	5.0	5.0	10.0	0.0	10	7.0	4.58257569495584	10.0	0.0	-0.008386524570329254	-2.327888779099686	0.23192624000279183	11.6129999709675	43.30999956690001
264	4325376	10	3.0	4.58257569495584	10.0	0.0	10	7.0	4.58257569495584	10.0	0.0	-0.007564251548016709	-2.3010840761251385	0.24781267994296047	11.631249970921875	46.93499953065001
268	4390912	10	5.0	5.0	10.0	0.0	10	7.0	4.58257569495584	10.0	0.0	-0.007580148962429266	-2.3517944909665944	0.1807446535876493	11.81999997045	44.36499955635001
272	4456448	10	8.0	4.0	10.0	0.0	10	5.0	5.0	10.0	0.0	-0.008150226857711945	-2.433516149466065	0.13982916734432213	13.171499967071249	30.348999696510006
276	4521984	10	7.0	4.58257569495584	10.0	0.0	10	4.0	4.898979485566356	10.0	0.0	-0.00817302132454393	-2.3594395019139793	0.18233454132415933	12.740999968147502	31.854999681450007
280	4587520	10	4.0	4.898979485566356	10.0	0.0	10	3.0	4.58257569495584	10.0	0.0	-0.006973560692617533	-2.2863041706485188	0.34425728531693617	11.491499971271251	28.413999715860005
284	4653056	10	2.0	4.0	10.0	0.0	10	4.0	4.898979485566356	10.0	0.0	-0.00790514188377341	-2.299202012279541	0.2871188949494495	12.6189999684525	33.180999668190005
288	4718592	10	4.0	4.898979485566356	10.0	0.0	10	5.0	5.0	10.0	0.0	-0.008886082409828536	-2.314224079010224	0.23472336863516516	12.1249999696875	45.36999954630001
292	4784128	10	4.0	4.898979485566356	10.0	0.0	10	5.0	5.0	10.0	0.0	-0.007640796947991063	-2.3103390358465345	0.21751922956575098	11.566499971083749	26.921999730780005
296	4849664	10	5.0	5.0	10.0	0.0	10	7.0	4.58257569495584	10.0	0.0	-0.00906927413624963	-2.3380398126988	0.2465110610292866	12.034749969913126	28.490999715090005
300	4915200	10	2.0	4.0	10.0	0.0	10	6.0	4.898979485566356	10.0	0.0	-0.008265821419978808	-2.339068715527386	0.29358261634331506	11.545749971135628	35.79699964203
304	4980736	10	6.0	4.898979485566356	10.0	0.0	10	5.0	5.0	10.0	0.0	-0.006910448847103782	-2.305360627430941	0.2750423568945723	11.413249971466875	30.446999695530003
308	5046272	10	5.0	5.0	10.0	0.0	10	5.0	5.0	10.0	0.0	-0.006303440298577744	-2.3105282830772036	0.24892846011136763	11.638749970903126	47.62099952379001
312	5111808	10	6.0	4.898979485566356	10.0	0.0	10	6.0	4.898979485566356	10.0	0.0	-0.007489859552584222	-2.238914551601045	0.3063208333207964	11.646749970883127	3.4949999650500008
316	5177344	10	4.0	4.898979485566356	10.0	0.0	10	5.0	5.0	10.0	0.0	-0.007687088693079426	-2.23161231703162	0.31121050547671036	12.844249967889375	9.441999905580001
320	5242880	10	5.0	5.0	10.0	0.0	10	7.0	4.58257569495584	10.0	0.0	-0.008326971924403816	-2.1977699123517147	0.3102952767771613	13.3609999665975	25.269999747300005
324	5308416	10	7.0	4.58257569495584	10.0	0.0	10	8.0	4.0	10.0	0.0	-0.007173086062277236	-2.202222754328529	0.2875288789792363	12.437749968905624	27.971999720280007
328	5373952	10	5.0	5.0	10.0	0.0	10	8.0	4.0	10.0	0.0	-0.007714886346047686	-2.2028186244458134	0.3028991458001124	12.009999969975	35.51299964487001
332	5439488	10	5.0	5.0	10.0	0.0	10	6.0	4.898979485566356	10.0	0.0	-0.007366240676210199	-2.1986726818178615	0.29004948769468675	12.348249969129373	17.45799982542
336	5505024	10	6.0	4.898979485566356	10.0	0.0	10	7.0	4.58257569495584	10.0	0.0	-0.008300609521983743	-2.2428907476512747	0.3298167801739436	12.678749968303126	16.188999838110004
340	5570560	10	7.0	4.58257569495584	10.0	0.0	10	6.0	4.898979485566356	10.0	0.0	-0.007965343305011365	-2.246301593645869	0.31763803024261517	11.795249970511875	27.359999726400005
344	5636096	10	6.0	4.898979485566356	10.0	0.0	10	7.0	4.58257569495584	10.0	0.0	-0.007515149806270168	-2.281791130464014	0.2764369331322744	11.8049999704875	21.759999782400005
348	5701632	10	7.0	4.58257569495584	10.0	0.0	10	9.0	3.0	10.0	0.0	-0.00744676826963202	-2.232779746021704	0.2859194694409958	12.369249969076876	18.09199981908
352	5767168	10	3.0	4.58257569495584	10.0	0.0	10	7.0	4.58257569495584	10.0	0.0	-0.007985564641559958	-2.2975185262750464	0.21891512191747137	12.349249969126877	41.98599958014
356	5832704	10	4.0	4.898979485566356	10.0	0.0	10	7.0	4.58257569495584	10.0	0.0	-0.00816282584770769	-2.2331495754578086	0.2768128066966673	12.622499968443751	23.351999766480002
360	5898240	10	7.0	4.58257569495584	10.0	0.0	10	7.0	4.58257569495584	10.0	0.0	-0.0071145994569195075	-2.1575735134619096	0.2989107529942263	13.149249967126876	34.08499965915001
364	5963776	10	8.0	4.0	10.0	0.0	10	6.0	4.898979485566356	10.0	0.0	-0.007343815772242634	-2.1883998535777422	0.294418406952548	12.105749969735626	13.814999861850001
368	6029312	10	3.0	4.58257569495584	10.0	0.0	10	7.0	4.58257569495584	10.0	0.0	-0.007985943272692884	-2.2079891684338206	0.2780095779357836	10.614249973464375	32.38399967616001
372	6094848	10	3.0	4.58257569495584	10.0	0.0	10	5.0	5.0	10.0	0.0	-0.00702780917635672	-2.2591461387903604	0.2831815698199533	11.812749970468126	30.675999693240005
376	6160384	10	6.0	4.898979485566356	10.0	0.0	10	7.0	4.58257569495584	10.0	0.0	-0.008932607773789271	-2.2677161393187566	0.23402167947387797	12.3909999690225	9.45599990544
380	6225920	10	3.0	4.58257569495584	10.0	0.0	10	8.0	4.0	10.0	0.0	-0.008565930699677595	-2.268626255057372	0.24214528808952293	13.926249965184375	5.324999946750001
384	6291456	10	7.0	4.58257569495584	10.0	0.0	10	4.0	4.898979485566356	10.0	0.0	-0.008185414058118571	-2.264836435280755	0.24231638198056943	11.675249970811876	45.532999544670005
388	6356992	10	8.0	4.0	10.0	0.0	10	8.0	4.0	10.0	0.0	-0.00952209331709074	-2.3667278038976893	0.1837175652038165	11.181749972045626	30.679999693200006
392	6422528	10	7.0	4.58257569495584	10.0	0.0	10	5.0	5.0	10.0	0.0	-0.008497686805967597	-2.3787433204557207	0.2108318322739429	10.913999972715	22.691999773080003
396	6488064	10	8.0	4.0	10.0	0.0	10	5.0	5.0	10.0	0.0	-0.008353295618729386	-2.3498095793064477	0.27821278445008124	12.3229999691925	49.08199950918001
400	6553600	10	3.0	4.58257569495584	10.0	0.0	10	7.0	4.58257569495584	10.0	0.0	-0.009136069345568366	-2.310217112062132	0.23206252897224472	11.568749971078125	33.45599966544001
404	6619136	10	6.0	4.898979485566356	10.0	0.0	10	5.0	5.0	10.0	0.0	-0.009178677854181002	-2.299223693469076	0.24731219634941956	12.080999969797501	30.205999697940005
408	6684672	10	6.0	4.898979485566356	10.0	0.0	10	6.0	4.898979485566356	10.0	0.0	-0.007454346078835656	-2.3369921940117564	0.1507920086381965	13.21949996695125	12.728999872710002
412	6750208	10	5.0	5.0	10.0	0.0	10	8.0	4.0	10.0	0.0	-0.008623806196142711	-2.316386148092259	0.19593497332628043	13.162999967092501	23.802999761970003
416	6815744	10	4.0	4.898979485566356	10.0	0.0	10	7.0	4.58257569495584	10.0	0.0	-0.007592893344248023	-2.3020578496243673	0.21978876923715418	12.676249968309374	32.950999670490006
420	6881280	10	8.0	4.0	10.0	0.0	10	6.0	4.898979485566356	10.0	0.0	-0.007923045068697216	-2.3679602466540546	0.21295643052351462	12.967249967581875	24.12699975873
424	6946816	10	7.0	4.58257569495584	10.0	0.0	10	6.0	4.898979485566356	10.0	0.0	-0.006897183684980866	-2.3996516711993796	0.18253418296847232	12.9289999676775	30.782999692170005
428	7012352	10	5.0	5.0	10.0	0.0	10	6.0	4.898979485566356	10.0	0.0	-0.008450448259917552	-2.352640862021156	0.22755029919360042	12.193749969515626	32.32199967678001
432	7077888	10	6.0	4.898979485566356	10.0	0.0	10	5.0	5.0	10.0	0.0	-0.00741625833975431	-2.3040857188487043	0.24503567253480962	12.233999969415002	31.054999689450003
436	7143424	10	7.0	4.58257569495584	10.0	0.0	10	7.0	4.58257569495584	10.0	0.0	-0.008735509331320675	-2.3456237760723067	0.2718132994785888	12.9209999676975	9.658999903410002
440	7208960	10	4.0	4.898979485566356	10.0	0.0	10	7.0	4.58257569495584	10.0	0.0	-0.009576769901198667	-2.346073962503668	0.17724512197404055	12.152249969619376	39.666999603330005
444	7274496	10	8.0	4.0	10.0	0.0	10	7.0	4.58257569495584	10.0	0.0	-0.008652158354691327	-2.285557761550289	0.21574586286135256	12.468249968829374	23.532999764670006
448	7340032	10	4.0	4.898979485566356	10.0	0.0	10	6.0	4.898979485566356	10.0	0.0	-0.006958220572902419	-2.3167235699862974	0.27383749463536944	11.890999970272501	27.922999720770004
452	7405568	10	7.0	4.58257569495584	10.0	0.0	10	6.0	4.898979485566356	10.0	0.0	-0.008568303119032242	-2.368003154547708	0.221229444855752	12.033999969915	36.442999635570004
456	7471104	10	3.0	4.58257569495584	10.0	0.0	10	1.0	3.0	10.0	0.0	-0.009320894257688561	-2.3208420150047955	0.24945372542251434	11.882249970294376	19.240999807590004
460	7536640	10	5.0	5.0	10.0	0.0	10	5.0	5.0	10.0	0.0	-0.008438641701741441	-2.3394889506247507	0.2381977598555616	11.8209999704475	41.77899958221001
464	7602176	10	6.0	4.898979485566356	10.0	0.0	10	5.0	5.0	10.0	0.0	-0.008314838744852459	-2.358662128202792	0.19823912203109573	11.701249970746876	31.656999683430005
468	7667712	10	5.0	5.0	10.0	0.0	10	8.0	4.0	10.0	0.0	-0.008010351226781393	-2.3472111719388535	0.2477951720098821	12.6129999684675	29.650999703490005
472	7733248	10	4.0	4.898979485566356	10.0	0.0	10	10.0	0.0	10.0	10.0	-0.008761902469811027	-2.367891572169173	0.19421991548650916	13.048499967378751	34.37099965629001
476	7798784	10	4.0	4.898979485566356	10.0	0.0	10	4.0	4.898979485566356	10.0	0.0	-0.008700384441002391	-2.4025718592088143	0.2266100685962669	13.99149996502125	19.290999807090003
480	7864320	10	5.0	5.0	10.0	0.0	10	7.0	4.58257569495584	10.0	0.0	-0.008424687947840629	-2.3583515383330074	0.25245537823540776	12.622249968444375	19.70299980297
484	7929856	10	6.0	4.898979485566356	10.0	0.0	10	6.0	4.898979485566356	10.0	0.0	-0.008986673741344384	-2.361371665947032	0.1971611321387948	12.096749969758125	17.346999826530006
488	7995392	10	8.0	4.0	10.0	0.0	10	5.0	5.0	10.0	0.0	-0.008896285094713451	-2.3294913766341754	0.20828319587127359	12.956249967609375	24.741999752580004
492	8060928	10	6.0	4.898979485566356	10.0	0.0	10	8.0	4.0	10.0	0.0	-0.00818547445826804	-2.3249966822626256	0.23409998585204564	12.540249968649373	20.645999793540003
496	8126464	10	6.0	4.898979485566356	10.0	0.0	10	8.0	4.0	10.0	0.0	-0.007562187739616896	-2.408715290076959	0.1423762734675862	11.1449999721375	31.183999688160007
500	8192000	10	3.0	4.58257569495584	10.0	0.0	10	5.0	5.0	10.0	0.0	-0.009327690574474832	-2.394232275335934	0.23399002319868836	11.321749971695628	28.609999713900002
504	8257536	10	5.0	5.0	10.0	0.0	10	5.0	5.0	10.0	0.0	-0.007342477197343257	-2.381635730217166	0.2341383051193742	12.862749967843127	25.357999746420006
508	8323072	10	5.0	5.0	10.0	0.0	10	3.0	4.58257569495584	10.0	0.0	-0.008832864241705176	-2.371356310696746	0.1947555296541039	11.691249970771876	29.811999701880005
512	8388608	10	5.0	5.0	10.0	0.0	10	5.0	5.0	10.0	0.0	-0.009055927748973895	-2.357064783327623	0.1875793977134733	12.29349996926625	37.95899962041001
516	8454144	10	5.0	5.0	10.0	0.0	10	8.0	4.0	10.0	0.0	-0.008532879509423498	-2.3380719942399217	0.28476595836829655	12.52549996868625	23.632999763670004
520	8519680	10	6.0	4.898979485566356	10.0	0.0	10	7.0	4.58257569495584	10.0	0.0	-0.008318479737118283	-2.2936092836255804	0.23987542074779394	12.640749968398126	17.15299982847
524	8585216	10	5.0	5.0	10.0	0.0	10	8.0	4.0	10.0	0.0	-0.008696213409776344	-2.3262026580731865	0.2627840291745415	12.245249969386874	10.864999891350003
528	8650752	10	5.0	5.0	10.0	0.0	10	6.0	4.898979485566356	10.0	0.0	-0.007445447577823798	-2.276682647328846	0.3314087893468631	12.507749968730625	15.540999844590003
532	8716288	10	7.0	4.58257569495584	10.0	0.0	10	5.0	5.0	10.0	0.0	-0.009225698787252766	-2.2772457646938298	0.31443380778484464	12.814499967963751	9.292999907070001
536	8781824	10	5.0	5.0	10.0	0.0	10	6.0	4.898979485566356	10.0	0.0	-0.00826233547230643	-2.3226681672100726	0.25654645075211835	12.045499969886249	44.92399955076001
540	8847360	10	8.0	4.0	10.0	0.0	10	8.0	4.0	10.0	0.0	-0.008766695431703976	-2.3168308285445596	0.1899084045043455	12.5289999686775	13.4499998655
544	8912896	10	4.0	4.898979485566356	10.0	0.0	10	8.0	4.0	10.0	0.0	-0.008300067843916658	-2.3452757669032414	0.1968162435212357	11.888249970279377	22.19699977803
548	8978432	10	8.0	4.0	10.0	0.0	10	8.0	4.0	10.0	0.0	-0.009054303483598827	-2.361058448505824	0.19287238050726638	11.123999972190001	31.121999688780004
552	9043968	10	6.0	4.898979485566356	10.0	0.0	10	6.0	4.898979485566356	10.0	0.0	-0.008171401119153212	-2.338036291057705	0.19700153193247108	10.824249972939375	40.051999599480006
556	9109504	10	4.0	4.898979485566356	10.0	0.0	10	8.0	4.0	10.0	0.0	-0.008184346449581995	-2.33630907014511	0.1948088180691727	12.261999969345	28.079999719200003
560	9175040	10	6.0	4.898979485566356	10.0	0.0	10	7.0	4.58257569495584	10.0	0.0	-0.009121770661557633	-2.3483561920660305	0.2333611044789655	12.61149996847125	29.936999700630007
564	9240576	10	4.0	4.898979485566356	10.0	0.0	10	6.0	4.898979485566356	10.0	0.0	-0.008929250780338993	-2.3880483331775615	0.17973155829114593	11.741749970645625	35.359999646400006
568	9306112	10	7.0	4.58257569495584	10.0	0.0	10	6.0	4.898979485566356	10.0	0.0	-0.008717848360600501	-2.345625946674787	0.1839473939619578	12.742749968143125	21.164999788350002
572	9371648	10	5.0	5.0	10.0	0.0	10	4.0	4.898979485566356	10.0	0.0	-0.009291812720768986	-2.3203685306079107	0.24279752107291502	12.136999969657499	29.299999707000005
576	9437184	10	3.0	4.58257569495584	10.0	0.0	10	6.0	4.898979485566356	10.0	0.0	-0.007482756190386663	-2.332689280068278	0.2003098626722852	12.711249968221875	21.47299978527
580	9502720	10	8.0	4.0	10.0	0.0	10	6.0	4.898979485566356	10.0	0.0	-0.008522304078442709	-2.3163096678824395	0.21397686592247375	12.0089999699775	39.46799960532001
584	9568256	10	3.0	4.58257569495584	10.0	0.0	10	7.0	4.58257569495584	10.0	0.0	-0.0083561702610583	-2.271276913346687	0.27191853722208464	11.396749971508125	46.323999536760006
588	9633792	10	6.0	4.898979485566356	10.0	0.0	10	8.0	4.0	10.0	0.0	-0.00820155285727559	-2.3219324347938373	0.2096670483175812	12.330999969172499	42.11299957887
592	9699328	10	6.0	4.898979485566356	10.0	0.0	10	4.0	4.898979485566356	10.0	0.0	-0.008221338082626112	-2.2796480007578546	0.23140782495723178	11.763249970591875	40.582999594170005
596	9764864	10	4.0	4.898979485566356	10.0	0.0	10	5.0	5.0	10.0	0.0	-0.009116684168132005	-2.2644135005896873	0.2579274945623719	12.1949999695125	13.989999860100003
600	9830400	10	7.0	4.58257569495584	10.0	0.0	10	5.0	5.0	10.0	0.0	-0.006204053732250123	-2.278084089121347	0.19790916018609972	13.3789999665525	30.646999693530002
604	9895936	10	6.0	4.898979485566356	10.0	0.0	10	4.0	4.898979485566356	10.0	0.0	-0.009202415142025855	-2.2734786518033427	0.21450575640674177	13.753499965616252	39.747999602520004
608	9961472	10	6.0	4.898979485566356	10.0	0.0	10	5.0	5.0	10.0	0.0	-0.00887495451174818	-2.268233254315613	0.25620859408565816	12.54949996862625	27.752999722470005
612	10027008	10	5.0	5.0	10.0	0.0	10	7.0	4.58257569495584	10.0	0.0	-0.008497477372378333	-2.3250605858923987	0.18667808988049664	12.7889999680275	34.92099965079
616	10092544	10	6.0	4.898979485566356	10.0	0.0	10	7.0	4.58257569495584	10.0	0.0	-0.008421313632760592	-2.3849131263791756	0.17769406780612212	13.361249966596874	11.57199988428
620	10158080	10	3.0	4.58257569495584	10.0	0.0	10	5.0	5.0	10.0	0.0	-0.009403358692837182	-2.355160310619119	0.1907209846923763	12.51149996872125	39.45799960542001
624	10223616	10	6.0	4.898979485566356	10.0	0.0	10	5.0	5.0	10.0	0.0	-0.008639627484636076	-2.3451128425738186	0.14898451214346073	12.803749967990624	34.53699965463
628	10289152	10	6.0	4.898979485566356	10.0	0.0	10	5.0	5.0	10.0	0.0	-0.008935516677389926	-2.294813458879164	0.21504744217664065	12.449999968875	45.76099954239001
632	10354688	10	6.0	4.898979485566356	10.0	0.0	10	6.0	4.898979485566356	10.0	0.0	-0.009347747743591794	-2.369692437103907	0.17938926177714234	11.602999970992501	43.71399956286
636	10420224	10	4.0	4.898979485566356	10.0	0.0	10	4.0	4.898979485566356	10.0	0.0	-0.0074825972373913216	-2.3917383052400827	0.19783772945205885	12.516249968709374	46.32699953673001
640	10485760	10	5.0	5.0	10.0	0.0	10	8.0	4.0	10.0	0.0	-0.008770920454173494	-2.339671884730128	0.16847626669129626	10.951749972620625	30.728999692710005
644	10551296	10	5.0	5.0	10.0	0.0	10	4.0	4.898979485566356	10.0	0.0	-0.007915054240972315	-2.312220419205771	0.18924524322664357	11.357999971605	34.42999965570001
648	10616832	10	5.0	5.0	10.0	0.0	10	8.0	4.0	10.0	0.0	-0.009086305321906659	-2.31820789203735	0.16180183829916897	11.581249971046876	46.80499953195001
652	10682368	10	0.0	0.0	0.0	0.0	10	6.0	4.898979485566356	10.0	0.0	-0.009314329694704191	-2.323179043587443	0.2290010100457693	11.85349997036625	34.34199965658001
656	10747904	10	4.0	4.898979485566356	10.0	0.0	10	5.0	5.0	10.0	0.0	-0.008048637078061955	-2.34239640310842	0.16920637570421637	11.894499970263752	48.36299951637001
660	10813440	10	5.0	5.0	10.0	0.0	10	9.0	3.0	10.0	0.0	-0.00809631116050942	-2.3701352549110584	0.14785138531600103	11.333999971665	27.444999725550005
664	10878976	10	7.0	4.58257569495584	10.0	0.0	10	4.0	4.898979485566356	10.0	0.0	-0.008283793629487175	-2.3591272753999903	0.13518197491598638	11.763249970591877	47.80599952194
668	10944512	10	4.0	4.898979485566356	10.0	0.0	10	5.0	5.0	10.0	0.0	-0.008756746384276147	-2.3337364591710665	0.14882662293192683	11.743249970641875	45.17399954826001
672	11010048	10	6.0	4.898979485566356	10.0	0.0	10	7.0	4.58257569495584	10.0	0.0	-0.008208955798539265	-2.312437797345244	0.2326185332058451	12.171249969571877	44.810999551890006
676	11075584	10	4.0	4.898979485566356	10.0	0.0	10	7.0	4.58257569495584	10.0	0.0	-0.00856816989018504	-2.307029542583317	0.21716047324461643	13.562249966094374	44.32699955673001
680	11141120	10	5.0	5.0	10.0	0.0	10	9.0	3.0	10.0	0.0	-0.009148191836737988	-2.3289597578404253	0.21207890603034388	11.962999970092499	27.623999723760004
684	11206656	10	4.0	4.898979485566356	10.0	0.0	10	7.0	4.58257569495584	10.0	0.0	-0.007719537247293551	-2.2563926177853344	0.23959441806487908	12.90799996773	13.838999861610002
688	11272192	10	6.0	4.898979485566356	10.0	0.0	10	8.0	4.0	10.0	0.0	-0.008186182113054882	-2.3266697995424575	0.17069580357606334	13.79349996551625	28.855999711440006
692	11337728	10	5.0	5.0	10.0	0.0	10	8.0	4.0	10.0	0.0	-0.006922057002042371	-2.344954800858213	0.2057717241287711	12.185249969536875	41.88299958117001
696	11403264	10	4.0	4.898979485566356	10.0	0.0	10	7.0	4.58257569495584	10.0	0.0	-0.007976665691864048	-2.3310708103135918	0.19753393311479395	13.006249967484377	31.976999680230005
700	11468800	10	6.0	4.898979485566356	10.0	0.0	10	6.0	4.898979485566356	10.0	0.0	-0.008032943208563634	-2.272886420052916	0.27619883663558803	12.4989999687525	17.842999821570004
704	11534336	10	6.0	4.898979485566356	10.0	0.0	10	6.0	4.898979485566356	10.0	0.0	-0.008461889092084224	-2.277600506704227	0.32307456896068965	12.391249969021874	37.914999620850004
708	11599872	10	3.0	4.58257569495584	10.0	0.0	10	5.0	5.0	10.0	0.0	-0.009109412105581222	-2.2924881078398376	0.24682909496040947	12.858749967853125	28.188999718110004
712	11665408	10	5.0	5.0	10.0	0.0	10	8.0	4.0	10.0	0.0	-0.00865340242945322	-2.284130570551248	0.22372291413288906	12.948249967629376	26.901999730980005
716	11730944	10	8.0	4.0	10.0	0.0	10	7.0	4.58257569495584	10.0	0.0	-0.009226782598134286	-2.227076634532684	0.26091721542566104	12.279499969301249	40.41899959581
720	11796480	10	6.0	4.898979485566356	10.0	0.0	10	7.0	4.58257569495584	10.0	0.0	-0.008895076230735767	-2.261086128416566	0.2469810686437807	12.154499969613749	36.996999630030004
724	11862016	10	5.0	5.0	10.0	0.0	10	7.0	4.58257569495584	10.0	0.0	-0.008924038270965478	-2.2328073479392856	0.26896892702509617	12.624249968439376	23.71099976289
728	11927552	10	8.0	4.0	10.0	0.0	10	10.0	0.0	10.0	10.0	-0.008548877045863454	-2.202644052375392	0.3165093316987768	11.797249970506874	13.825999861740003
732	11993088	10	4.0	4.898979485566356	10.0	0.0	10	5.0	5.0	10.0	0.0	-0.009092503347612316	-2.2233136840332235	0.2999722772586302	12.2929999692675	38.79799961202001
736	12058624	10	7.0	4.58257569495584	10.0	0.0	10	7.0	4.58257569495584	10.0	0.0	-0.008266730704284046	-2.3108835838811457	0.32042988246694254	12.92749996768125	22.11299977887
740	12124160	10	6.0	4.898979485566356	10.0	0.0	10	5.0	5.0	10.0	0.0	-0.00870157310570908	-2.306986994801059	0.2669213747638079	11.494249971264376	19.57199980428
744	12189696	10	7.0	4.58257569495584	10.0	0.0	10	8.0	4.0	10.0	0.0	-0.009334522204515052	-2.222368766632644	0.32189062203342445	12.427749968930625	22.660999773390007
748	12255232	10	7.0	4.58257569495584	10.0	0.0	10	8.0	4.0	10.0	0.0	-0.009620092686932234	-2.302919481951516	0.27783771166788196	13.387749966530626	17.159999828400004
752	12320768	10	8.0	4.0	10.0	0.0	10	4.0	4.898979485566356	10.0	0.0	-0.007575130135409443	-2.33255849506002	0.2834472306708777	13.043749967390626	34.55499965445001
756	12386304	10	4.0	4.898979485566356	10.0	0.0	10	6.0	4.898979485566356	10.0	0.0	-0.009378265377495958	-2.3275502023656554	0.2793187599648647	12.094499969763751	46.49899953501001
760	12451840	10	8.0	4.0	10.0	0.0	10	7.0	4.58257569495584	10.0	0.0	-0.009474903863139372	-2.352109747383359	0.23248144873169316	12.432749968918124	24.020999759790005
764	12517376	10	6.0	4.898979485566356	10.0	0.0	10	8.0	4.0	10.0	0.0	-0.00944332478828537	-2.299162958819583	0.2809190926780735	12.622249968444375	13.937999860620003
768	12582912	10	5.0	5.0	10.0	0.0	10	7.0	4.58257569495584	10.0	0.0	-0.008191077707180607	-2.323612299816163	0.26487072337143247	12.461749968845623	30.856999691430005
772	12648448	10	5.0	5.0	10.0	0.0	10	5.0	5.0	10.0	0.0	-0.009150294721880824	-2.3358626586745848	0.30930812358738646	12.925749967685626	31.147999688520006
776	12713984	10	6.0	4.898979485566356	10.0	0.0	10	6.0	4.898979485566356	10.0	0.0	-0.008517903652037685	-2.3371089843461275	0.3220649845562667	12.314499969213749	27.729999722700004
780	12779520	10	5.0	5.0	10.0	0.0	10	8.0	4.0	10.0	0.0	-0.008854129086393412	-2.3251105172000273	0.2936542750961662	11.71049997072375	27.845999721540004
784	12845056	10	2.0	4.0	10.0	0.0	10	6.0	4.898979485566356	10.0	0.0	-0.009305883040361404	-2.3210301222966336	0.31583558143862306	12.69999996825	30.821999691780004
788	12910592	10	5.0	5.0	10.0	0.0	10	7.0	4.58257569495584	10.0	0.0	-0.009182226445423115	-2.3217222688163814	0.2722022014696971	12.359249969101876	32.87699967123001
792	12976128	10	5.0	5.0	10.0	0.0	10	9.0	3.0	10.0	0.0	-0.01002443563767751	-2.3373330158540733	0.26604059972202143	12.241249969396874	33.79499966205001
796	13041664	10	6.0	4.898979485566356	10.0	0.0	10	7.0	4.58257569495584	10.0	0.0	-0.009880585272368703	-2.310655643301914	0.21180922729861257	12.150249969624374	29.357999706420006
800	13107200	10	3.0	4.58257569495584	10.0	0.0	10	5.0	5.0	10.0	0.0	-0.008532100797634603	-2.2738616215800924	0.27273746002728877	12.4829999687925	31.487999685120005
804	13172736	10	7.0	4.58257569495584	10.0	0.0	10	7.0	4.58257569495584	10.0	0.0	-0.009590587170261247	-2.2588268193236436	0.29457646651850283	11.688749970778126	43.55899956441
808	13238272	10	5.0	5.0	10.0	0.0	10	6.0	4.898979485566356	10.0	0.0	-0.008978161969606276	-2.249846706553386	0.22912991572268204	13.54649996613375	35.22099964779
812	13303808	10	7.0	4.58257569495584	10.0	0.0	10	8.0	4.0	10.0	0.0	-0.00914994163784774	-2.2191560812466387	0.276889148449864	12.018249969954375	33.59699966403001
816	13369344	10	6.0	4.898979485566356	10.0	0.0	10	9.0	3.0	10.0	0.0	-0.008898641018259528	-2.231362732515757	0.25958581700700567	12.198249969504374	3.9479999605200007
820	13434880	10	8.0	4.0	10.0	0.0	10	8.0	4.0	10.0	0.0	-0.008017722247206356	-2.2339920225399226	0.3288505300536926	12.387499969031252	22.966999770330002
824	13500416	10	6.0	4.898979485566356	10.0	0.0	10	6.0	4.898979485566356	10.0	0.0	-0.008569497912520558	-2.236005122229991	0.38173787462584363	12.535249968661876	40.712999592870005
828	13565952	10	7.0	4.58257569495584	10.0	0.0	10	7.0	4.58257569495584	10.0	0.0	-0.009214177379918823	-2.2310032420019925	0.3589567797815905	13.016249967459375	30.598999694010004
832	13631488	10	6.0	4.898979485566356	10.0	0.0	10	7.0	4.58257569495584	10.0	0.0	-0.00987343494629007	-2.2668332405510596	0.2393202936648383	13.01049996747375	24.195999758040006
836	13697024	10	5.0	5.0	10.0	0.0	10	8.0	4.0	10.0	0.0	-0.009952802961858421	-2.2815414192882804	0.21721835075167117	12.345749969135625	47.18199952818001
840	13762560	10	7.0	4.58257569495584	10.0	0.0	10	7.0	4.58257569495584	10.0	0.0	-0.009695423145078976	-2.2548382776613662	0.32194443028171027	11.91049997022375	22.977999770220006
844	13828096	10	6.0	4.898979485566356	10.0	0.0	10	8.0	4.0	10.0	0.0	-0.009247786279599945	-2.309763187922839	0.24798946755217652	13.831749965420626	13.980999860190002
848	13893632	10	6.0	4.898979485566356	10.0	0.0	10	5.0	5.0	10.0	0.0	-0.009214926774449175	-2.2885776730974765	0.3032089744689129	12.2969999692575	12.908999870910003
852	13959168	10	6.0	4.898979485566356	10.0	0.0	10	6.0	4.898979485566356	10.0	0.0	-0.009275443420487433	-2.299902555603621	0.2610705646724748	12.54949996862625	34.79499965205001
856	14024704	10	7.0	4.58257569495584	10.0	0.0	10	9.0	3.0	10.0	0.0	-0.008749729290682691	-2.296258508919894	0.36339065909946533	11.968499970078751	13.446999865530001
860	14090240	10	5.0	5.0	10.0	0.0	10	7.0	4.58257569495584	10.0	0.0	-0.010242922787098771	-2.318555618084353	0.26002425938309176	12.305499969236251	26.721999732780006
864	14155776	10	4.0	4.898979485566356	10.0	0.0	10	7.0	4.58257569495584	10.0	0.0	-0.009405229724740028	-2.3295671465553114	0.26328951528968125	12.20399996949	45.35399954646001
868	14221312	10	6.0	4.898979485566356	10.0	0.0	10	7.0	4.58257569495584	10.0	0.0	-0.009585555375059637	-2.278363386552628	0.3151262675394183	11.567499971081249	26.012999739870004
872	14286848	10	5.0	5.0	10.0	0.0	10	5.0	5.0	10.0	0.0	-0.009506847246403737	-2.2906262077488604	0.28717905885342465	11.34149997164625	39.63099960369001
876	14352384	10	4.0	4.898979485566356	10.0	0.0	10	6.0	4.898979485566356	10.0	0.0	-0.0090644127597399	-2.2926271431243426	0.2555408032034383	11.735249970661874	24.13899975861
880	14417920	10	4.0	4.898979485566356	10.0	0.0	10	6.0	4.898979485566356	10.0	0.0	-0.009440495357544407	-2.2923565678394127	0.2874700738748973	11.458749971353123	27.229999727700005
884	14483456	10	5.0	5.0	10.0	0.0	10	6.0	4.898979485566356	10.0	0.0	-0.008948170097611919	-2.32589008883249	0.20129786584912973	13.136249967159376	33.60399966396
888	14548992	10	4.0	4.898979485566356	10.0	0.0	10	6.0	4.898979485566356	10.0	0.0	-0.009097605814190224	-2.3836137401561537	0.1503524527883623	12.2129999694675	33.38699966613001
892	14614528	10	6.0	4.898979485566356	10.0	0.0	10	6.0	4.898979485566356	10.0	0.0	-0.009081198299366624	-2.3538075434696526	0.24095760019469634	13.04549996738625	42.40699957593
896	14680064	10	7.0	4.58257569495584	10.0	0.0	10	7.0	4.58257569495584	10.0	0.0	-0.010260861586622436	-2.358421688032847	0.22094049395554533	12.599249968501875	16.888999831110002
900	14745600	10	8.0	4.0	10.0	0.0	10	6.0	4.898979485566356	10.0	0.0	-0.00903917138836252	-2.2985160497416883	0.2494269641787764	12.94949996762625	43.52399956476001
904	14811136	10	4.0	4.898979485566356	10.0	0.0	10	7.0	4.58257569495584	10.0	0.0	-0.008912416254114977	-2.3110914923326815	0.23967523001121305	12.982999967542499	26.926999730730003
908	14876672	10	2.0	4.0	10.0	0.0	10	7.0	4.58257569495584	10.0	0.0	-0.00844515608729679	-2.333103582019961	0.19016025842049245	14.061749964845625	41.90399958096001
912	14942208	10	6.0	4.898979485566356	10.0	0.0	10	6.0	4.898979485566356	10.0	0.0	-0.008755928120381663	-2.3745972412337912	0.18279626963618636	12.626749968433124	12.974999870250002
916	15007744	10	6.0	4.898979485566356	10.0	0.0	10	7.0	4.58257569495584	10.0	0.0	-0.00825579203627765	-2.3545460698536114	0.24323172833720375	13.019749967450625	30.600999693990005
920	15073280	10	6.0	4.898979485566356	10.0	0.0	10	9.0	3.0	10.0	0.0	-0.00847503624545061	-2.3347951966078866	0.222919363039608	12.460749968848127	3.1509999684900003
924	15138816	10	7.0	4.58257569495584	10.0	0.0	10	5.0	5.0	10.0	0.0	-0.009108026988806311	-2.3088145551660686	0.23945858047643395	11.85349997036625	33.74799966252
928	15204352	10	8.0	4.0	10.0	0.0	10	5.0	5.0	10.0	0.0	-0.009862691976683952	-2.3275584973453856	0.19375284875587476	12.312749969218126	41.95399958046001
932	15269888	10	8.0	4.0	10.0	0.0	10	7.0	4.58257569495584	10.0	0.0	-0.009879302164519533	-2.2838828188782108	0.219823202716261	12.536499968658749	10.899999891000002
936	15335424	10	7.0	4.58257569495584	10.0	0.0	10	8.0	4.0	10.0	0.0	-0.008586562499673673	-2.235280821487917	0.2524266053349089	11.945499970136249	29.883999701160004
940	15400960	10	6.0	4.898979485566356	10.0	0.0	10	10.0	0.0	10.0	10.0	-0.00881770693285042	-2.309135488925248	0.17506062245345966	11.985749970035625	17.71799982282
944	15466496	10	4.0	4.898979485566356	10.0	0.0	10	8.0	4.0	10.0	0.0	-0.008131196573596795	-2.2689947359383886	0.2073321461772021	12.015999969960001	49.371999506280005
948	15532032	10	6.0	4.898979485566356	10.0	0.0	10	5.0	5.0	10.0	0.0	-0.008960319732954077	-2.2863967465959525	0.18282339394050792	11.356249971609374	43.03099956969
952	15597568	10	6.0	4.898979485566356	10.0	0.0	10	7.0	4.58257569495584	10.0	0.0	-0.008798478306130729	-2.2554814862842316	0.26860049736682096	10.948249972629375	39.75699960243001
956	15663104	10	6.0	4.898979485566356	10.0	0.0	10	7.0	4.58257569495584	10.0	0.0	-0.008923208417683176	-2.3091646107612713	0.18602526651620252	11.965249970086875	41.51699958483001
960	15728640	10	5.0	5.0	10.0	0.0	10	9.0	3.0	10.0	0.0	-0.008849109933168155	-2.2675050022822965	0.21829370942486845	11.142749972143125	18.49599981504
964	15794176	10	7.0	4.58257569495584	10.0	0.0	10	6.0	4.898979485566356	10.0	0.0	-0.008351735762556432	-2.3145016131374305	0.23532689111960348	11.981999970044999	15.593999844060003
968	15859712	10	5.0	5.0	10.0	0.0	10	5.0	5.0	10.0	0.0	-0.009077263024931828	-2.251501619581295	0.290053487259483	12.077249969806877	28.386999716130006
972	15925248	10	6.0	4.898979485566356	10.0	0.0	10	6.0	4.898979485566356	10.0	0.0	-0.009076206694129552	-2.270578411481691	0.2911494183050799	11.961249970096874	32.29099967709
976	15990784	10	2.0	4.0	10.0	0.0	10	7.0	4.58257569495584	10.0	0.0	-0.008543995547692945	-2.2690844657640348	0.29600339705766415	12.358249969104373	22.029999779700006
980	16056320	10	4.0	4.898979485566356	10.0	0.0	10	5.0	5.0	10.0	0.0	-0.00902213355975619	-2.2276169531210437	0.2879077618020879	10.59449997351375	40.14899959851001
984	16121856	10	3.0	4.58257569495584	10.0	0.0	10	8.0	4.0	10.0	0.0	-0.009490159758794471	-2.2923801687952143	0.25597098094538795	11.470749971323128	17.882999821170003
988	16187392	10	9.0	3.0	10.0	0.0	10	8.0	4.0	10.0	0.0	-0.010149333016219533	-2.3180592231521344	0.25591860025938845	10.862249972844374	8.597999914020003
992	16252928	10	5.0	5.0	10.0	0.0	10	8.0	4.0	10.0	0.0	-0.008414861432389648	-2.3846244809527732	0.2613263940166413	12.94799996763	19.61199980388
996	16318464	10	4.0	4.898979485566356	10.0	0.0	10	5.0	5.0	10.0	0.0	-0.009909449906928523	-2.329696260149989	0.26022026980068674	12.217249969456875	20.064999799350005
1000	16384000	10	6.0	4.898979485566356	10.0	0.0	10	6.0	4.898979485566356	10.0	0.0	-0.009326694039917545	-2.343879495813674	0.24471218571001296	11.743249970641875	36.53899963461001
1004	16449536	10	7.0	4.58257569495584	10.0	0.0	10	8.0	4.0	10.0	0.0	-0.009058602187265776	-2.321019763506078	0.26415901923284024	11.663749970840625	38.27199961728
1008	16515072	10	6.0	4.898979485566356	10.0	0.0	10	8.0	4.0	10.0	0.0	-0.009030273265700458	-2.2906017748115586	0.28464382790789294	11.654499970863752	25.76899974231
1012	16580608	10	7.0	4.58257569495584	10.0	0.0	10	9.0	3.0	10.0	0.0	-0.009973378528403425	-2.3098845752654382	0.20181362526717364	12.49999996875	18.506999814930005
1016	16646144	10	5.0	5.0	10.0	0.0	10	9.0	3.0	10.0	0.0	-0.008748187916654734	-2.3193326689370473	0.19357598718412425	12.38799996903	30.685999693140005
1020	16711680	10	6.0	4.898979485566356	10.0	0.0	10	6.0	4.898979485566356	10.0	0.0	-0.00890848052372017	-2.384282961239407	0.1383331772960049	12.678749968303125	25.671999743280004
1024	16777216	10	5.0	5.0	10.0	0.0	10	7.0	4.58257569495584	10.0	0.0	-0.008730394223979074	-2.386001902073432	0.16813691183725452	12.315249969211877	31.421999685780005
1028	16842752	10	5.0	5.0	10.0	0.0	10	8.0	4.0	10.0	0.0	-0.0075219163158834175	-2.3432757106962696	0.13615481360018067	11.631749970920625	32.154999678450004
1032	16908288	10	7.0	4.58257569495584	10.0	0.0	10	7.0	4.58257569495584	10.0	0.0	-0.009011306854791878	-2.3044513163550304	0.25446871541273297	11.817499970456248	47.80999952190001
1036	16973824	10	5.0	5.0	10.0	0.0	10	7.0	4.58257569495584	10.0	0.0	-0.008394088338147355	-2.341159961873801	0.21010746727061133	12.323249969191876	42.762999572370006
1040	17039360	10	8.0	4.0	10.0	0.0	10	8.0	4.0	10.0	0.0	-0.008406100238399232	-2.2774579497786274	0.20026973221537986	11.340999971647502	19.49899980501
1044	17104896	10	7.0	4.58257569495584	10.0	0.0	10	8.0	4.0	10.0	0.0	-0.00846045030299532	-2.2718870066223293	0.23214741095344976	11.97649997005875	33.590999664090006
1048	17170432	10	6.0	4.898979485566356	10.0	0.0	10	6.0	4.898979485566356	10.0	0.0	-0.009416153510381456	-2.2802239803084743	0.22477733931335844	11.6129999709675	32.267999677320006
1052	17235968	10	7.0	4.58257569495584	10.0	0.0	10	6.0	4.898979485566356	10.0	0.0	-0.008432231665544868	-2.3205369832681355	0.22690467409909496	11.657999970855	11.654999883450001
1056	17301504	10	9.0	3.0	10.0	0.0	10	6.0	4.898979485566356	10.0	0.0	-0.008893549270379844	-2.2765794518205356	0.2850299995716536	12.6309999684225	22.561999774380006
1060	17367040	10	3.0	4.58257569495584	10.0	0.0	10	6.0	4.898979485566356	10.0	0.0	-0.008959341342209758	-2.29280920551179	0.3408370453819738	11.83749997040625	33.70299966297001
1064	17432576	10	6.0	4.898979485566356	10.0	0.0	10	7.0	4.58257569495584	10.0	0.0	-0.00909384595096689	-2.2981040077994526	0.3014038496647234	12.220749969448125	22.841999771580003
1068	17498112	10	6.0	4.898979485566356	10.0	0.0	10	9.0	3.0	10.0	0.0	-0.009394697659679272	-2.274535782398281	0.23831202180436367	12.292499969268748	7.920999920790002
1072	17563648	10	6.0	4.898979485566356	10.0	0.0	10	9.0	3.0	10.0	0.0	-0.009342241742703369	-2.270287622771604	0.278531398595168	12.0449999698875	35.94799964052
1076	17629184	10	5.0	5.0	10.0	0.0	10	8.0	4.0	10.0	0.0	-0.009437269459873089	-2.2592243574689856	0.27134022641584066	12.174249969564373	28.033999719660002
1080	17694720	10	7.0	4.58257569495584	10.0	0.0	10	7.0	4.58257569495584	10.0	0.0	-0.009220272492054675	-2.255779819948936	0.2975111541338798	12.477499968806251	42.79499957205001
1084	17760256	10	8.0	4.0	10.0	0.0	10	9.0	3.0	10.0	0.0	-0.008611977911957166	-2.285838645955237	0.2702903541609972	11.64049997089875	8.056999919430002
1088	17825792	10	5.0	5.0	10.0	0.0	10	9.0	3.0	10.0	0.0	-0.009189523570009897	-2.3145436294449393	0.23871867992601645	13.883249965291876	6.580999934190001
1092	17891328	10	6.0	4.898979485566356	10.0	0.0	10	9.0	3.0	10.0	0.0	-0.008324381065037039	-2.299359589575623	0.28605066376552524	12.090249969774376	10.47499989525
1096	17956864	10	5.0	5.0	10.0	0.0	10	9.0	3.0	10.0	0.0	-0.00914277008173745	-2.3165406284303396	0.22128418582359619	11.46049997134875	16.883999831160004
1100	18022400	10	4.0	4.898979485566356	10.0	0.0	10	7.0	4.58257569495584	10.0	0.0	-0.009480077721413384	-2.347111165279038	0.1943705862495986	12.27349996931625	45.11199954888001
1104	18087936	10	4.0	4.898979485566356	10.0	0.0	10	7.0	4.58257569495584	10.0	0.0	-0.009732863474302519	-2.379066226135231	0.21572418694931236	12.603249968491875	9.15799990842
1108	18153472	10	10.0	0.0	10.0	10.0	10	7.0	4.58257569495584	10.0	0.0	-0.009301522910634963	-2.3118455829795055	0.25421322910571476	12.032999969917501	8.05199991948
1112	18219008	10	2.0	4.0	10.0	0.0	10	6.0	4.898979485566356	10.0	0.0	-0.00825816108807658	-2.2666385469459747	0.299600404500797	10.914749972713125	44.75399955246
1116	18284544	10	6.0	4.898979485566356	10.0	0.0	10	8.0	4.0	10.0	0.0	-0.00906877545787938	-2.261410799883677	0.2741814818878968	10.86449997283875	33.05899966941
1120	18350080	10	6.0	4.898979485566356	10.0	0.0	10	8.0	4.0	10.0	0.0	-0.009482384232718648	-2.239255428080953	0.2887709404351514	10.649749973375625	26.058999739410005
1124	18415616	10	6.0	4.898979485566356	10.0	0.0	10	8.0	4.0	10.0	0.0	-0.009329650052918427	-2.321677314496591	0.24266037094052156	10.307249974231874	12.529999874700001
1128	18481152	10	6.0	4.898979485566356	10.0	0.0	10	5.0	5.0	10.0	0.0	-0.008258042567577697	-2.265658621750701	0.2720520339312387	11.813999970465	42.57399957426001
1132	18546688	10	6.0	4.898979485566356	10.0	0.0	10	5.0	5.0	10.0	0.0	-0.008928561664692148	-2.2250839891698786	0.2703515323528663	11.126749972183125	30.491999695080004
1136	18612224	10	7.0	4.58257569495584	10.0	0.0	10	6.0	4.898979485566356	10.0	0.0	-0.00913296742900212	-2.2598528536787006	0.22540900962562774	11.759249970601875	26.384999736150007
1140	18677760	10	7.0	4.58257569495584	10.0	0.0	10	9.0	3.0	10.0	0.0	-0.009618731755440429	-2.2316724208652894	0.29671388504419455	11.915499970211252	6.967999930320001
1144	18743296	10	6.0	4.898979485566356	10.0	0.0	10	7.0	4.58257569495584	10.0	0.0	-0.009141375988856164	-2.21010342714017	0.267773102164936	11.153999972115	14.780999852190003
1148	18808832	10	6.0	4.898979485566356	10.0	0.0	10	10.0	0.0	10.0	10.0	-0.00894321445622067	-2.289076223731014	0.2740493319487957	12.107499969731252	27.119999728800007
1152	18874368	10	7.0	4.58257569495584	10.0	0.0	10	6.0	4.898979485566356	10.0	0.0	-0.009369752847845598	-2.279225627343859	0.2632753300827181	11.503249971241877	43.25199956748001
1156	18939904	10	6.0	4.898979485566356	10.0	0.0	10	7.0	4.58257569495584	10.0	0.0	-0.009629685476796799	-2.2844992525979406	0.2164459305900375	11.249999971875	46.61499953385001
1160	19005440	10	9.0	3.0	10.0	0.0	10	7.0	4.58257569495584	10.0	0.0	-0.008008577396821624	-2.336992755288828	0.2721087387479517	11.214499971963752	30.201999697980007
1164	19070976	10	9.0	3.0	10.0	0.0	10	6.0	4.898979485566356	10.0	0.0	-0.008916312616728457	-2.366392927618688	0.2547537952706586	11.362499971593751	26.306999736930003
1168	19136512	10	8.0	4.0	10.0	0.0	10	8.0	4.0	10.0	0.0	-0.009158895265152456	-2.313932719088958	0.20906673012607072	11.03449997241375	23.097999769020003
1172	19202048	10	5.0	5.0	10.0	0.0	10	8.0	4.0	10.0	0.0	-0.009698137927343167	-2.3486054437892943	0.22218541286433952	10.656749973358128	29.054999709450005
1176	19267584	10	8.0	4.0	10.0	0.0	10	7.0	4.58257569495584	10.0	0.0	-0.00914972810425636	-2.3034230890457517	0.2668286280739019	10.8409999728975	26.206999737930005
1180	19333120	10	2.0	4.0	10.0	0.0	10	7.0	4.58257569495584	10.0	0.0	-0.008303041465947625	-2.2973110797595075	0.25381334953781043	11.533749971165626	28.073999719260005
1184	19398656	10	6.0	4.898979485566356	10.0	0.0	10	4.0	4.898979485566356	10.0	0.0	-0.008995191319296669	-2.3348616831055997	0.25369044313048184	11.945749970135626	20.882999791170004
1188	19464192	10	6.0	4.898979485566356	10.0	0.0	10	7.0	4.58257569495584	10.0	0.0	-0.009243923436110529	-2.242913546427899	0.35077276635986443	12.211249969471876	24.758999752410006
1192	19529728	10	5.0	5.0	10.0	0.0	10	8.0	4.0	10.0	0.0	-0.008664844171114594	-2.229506989087879	0.25814505399930626	11.750499970623752	23.889999761100004
1196	19595264	10	7.0	4.58257569495584	10.0	0.0	10	9.0	3.0	10.0	0.0	-0.009099700720032878	-2.196852139899774	0.3462833954281504	11.585999971035	21.833999781660005
1200	19660800	10	5.0	5.0	10.0	0.0	10	8.0	4.0	10.0	0.0	-0.00908124059935887	-2.263017413281108	0.25436752348972125	12.311249969221876	12.47899987521
1204	19726336	10	5.0	5.0	10.0	0.0	10	7.0	4.58257569495584	10.0	0.0	-0.009484078159324567	-2.247411720220587	0.24642853296588865	11.3089999717275	44.061999559380006
1208	19791872	10	6.0	4.898979485566356	10.0	0.0	10	7.0	4.58257569495584	10.0	0.0	-0.009365455944978158	-2.3276700548886518	0.19605532985001017	11.47649997130875	24.086999759130002
1212	19857408	10	7.0	4.58257569495584	10.0	0.0	10	9.0	3.0	10.0	0.0	-0.008686438346259626	-2.252714904411421	0.2984139414503763	11.571749971070627	5.64499994355
1216	19922944	10	5.0	5.0	10.0	0.0	10	8.0	4.0	10.0	0.0	-0.009618103146657099	-2.3171032019029396	0.2670776668347367	10.89449997276375	23.628999763710006
1220	19988480	10	6.0	4.898979485566356	10.0	0.0	10	7.0	4.58257569495584	10.0	0.0	-0.009065175653596946	-2.3428778273406934	0.22060131488863952	10.78799997303	29.908999700910005
1224	20054016	10	6.0	4.898979485566356	10.0	0.0	10	6.0	4.898979485566356	10.0	0.0	-0.009450180311964063	-2.3615261686368543	0.21192406658980065	10.620749973448124	24.525999754740003
1228	20119552	10	5.0	5.0	10.0	0.0	10	7.0	4.58257569495584	10.0	0.0	-0.009338095011963091	-2.4048216861961644	0.20042682925945393	11.917249970206875	26.829999731700003
1232	20185088	10	7.0	4.58257569495584	10.0	0.0	10	6.0	4.898979485566356	10.0	0.0	-0.00820172486333889	-2.3497683378593215	0.31519933313262855	11.554499971113751	41.33499958665001
1236	20250624	10	5.0	5.0	10.0	0.0	10	9.0	3.0	10.0	0.0	-0.008909386555066023	-2.370697776229594	0.27672042151514065	11.390749971523125	27.769999722300003
1240	20316160	10	7.0	4.58257569495584	10.0	0.0	10	7.0	4.58257569495584	10.0	0.0	-0.008684438557798192	-2.3877931507921435	0.20255449342294096	11.11849997220375	24.827999751720004
1244	20381696	10	3.0	4.58257569495584	10.0	0.0	10	7.0	4.58257569495584	10.0	0.0	-0.009654837982053207	-2.3574659921256718	0.26793802138731343	11.573999971065	41.87399958126001
1248	20447232	10	5.0	5.0	10.0	0.0	10	5.0	5.0	10.0	0.0	-0.008908195733037902	-2.3497958652710973	0.21030763565545046	11.361999971595	27.359999726400005
1252	20512768	10	7.0	4.58257569495584	10.0	0.0	10	7.0	4.58257569495584	10.0	0.0	-0.009756833148957587	-2.3162926358551967	0.2136164301162965	11.402499971493752	42.04299957957001
1256	20578304	10	4.0	4.898979485566356	10.0	0.0	10	6.0	4.898979485566356	10.0	0.0	-0.008093918289650582	-2.350013804687642	0.19661648693619493	10.850749972873125	44.420999555790004
1260	20643840	10	6.0	4.898979485566356	10.0	0.0	10	8.0	4.0	10.0	0.0	-0.009121288937381282	-2.338061970725493	0.22740111885707104	10.74749997313125	18.103999818960002
1264	20709376	10	5.0	5.0	10.0	0.0	10	7.0	4.58257569495584	10.0	0.0	-0.008932081952459144	-2.386247716595514	0.2558353419614819	11.808749970478125	28.106999718930005
1268	20774912	10	5.0	5.0	10.0	0.0	10	6.0	4.898979485566356	10.0	0.0	-0.007755810073933124	-2.4098813804460617	0.22388107870546414	11.9589999701025	32.77099967229
1272	20840448	10	6.0	4.898979485566356	10.0	0.0	10	7.0	4.58257569495584	10.0	0.0	-0.009320087322460082	-2.368472382179546	0.27526741797962395	11.581499971046249	40.670999593290006
1276	20905984	10	8.0	4.0	10.0	0.0	10	7.0	4.58257569495584	10.0	0.0	-0.009950556914973584	-2.3283594297924175	0.2396519204041567	11.385749971535624	17.41799982582
1280	20971520	10	9.0	3.0	10.0	0.0	10	6.0	4.898979485566356	10.0	0.0	-0.008510377280216396	-2.3034366118495333	0.27345649018208285	11.438499971403752	11.058999889410002
1284	21037056	10	8.0	4.0	10.0	0.0	10	8.0	4.0	10.0	0.0	-0.00910543477247344	-2.256606742504614	0.2691832437520465	10.514249973714376	8.64099991359
1288	21102592	10	5.0	5.0	10.0	0.0	10	8.0	4.0	10.0	0.0	-0.009351260847563308	-2.212192473081782	0.3587979219169689	11.389999971525	34.29599965704001
1292	21168128	10	5.0	5.0	10.0	0.0	10	7.0	4.58257569495584	10.0	0.0	-0.00829519310996141	-2.2728230180955697	0.2746605612051484	10.559249973601876	7.566999924330001
1296	21233664	10	7.0	4.58257569495584	10.0	0.0	10	7.0	4.58257569495584	10.0	0.0	-0.009338320928021669	-2.2969569536637726	0.32027255895626244	9.991749975020625	20.755999792440004
1300	21299200	10	7.0	4.58257569495584	10.0	0.0	10	10.0	0.0	10.0	10.0	-0.008790952038598168	-2.3158228593639216	0.25707423715347427	8.593749978515625	16.711999832880004
1304	21364736	10	6.0	4.898979485566356	10.0	0.0	10	7.0	4.58257569495584	10.0	0.0	-0.009045846807837087	-2.3241568056308175	0.2319388665638163	8.447749978880625	20.752999792470003
1308	21430272	10	7.0	4.58257569495584	10.0	0.0	10	7.0	4.58257569495584	10.0	0.0	-0.008515870219548248	-2.3318794764632824	0.32550179753166303	8.550249978624375	3.7969999620300006
1312	21495808	10	8.0	4.0	10.0	0.0	10	9.0	3.0	10.0	0.0	-0.00843865258899935	-2.341797878100916	0.3005874946710776	9.12049997719875	8.62299991377
1316	21561344	10	8.0	4.0	10.0	0.0	10	8.0	4.0	10.0	0.0	-0.008053330434520495	-2.332021233693232	0.3591571690451002	7.510249981224375	16.85499983145
1320	21626880	10	6.0	4.898979485566356	10.0	0.0	10	8.0	4.0	10.0	0.0	-0.008362029394486195	-2.29848786667882	0.32716694517378414	8.049749979875624	12.975999870240003
1324	21692416	10	6.0	4.898979485566356	10.0	0.0	10	8.0	4.0	10.0	0.0	-0.008823557503688864	-2.331661556914953	0.2353885600408591	7.2669999818325	12.230999877690001
1328	21757952	10	6.0	4.898979485566356	10.0	0.0	10	6.0	4.898979485566356	10.0	0.0	-0.009473723496662341	-2.346392805133226	0.20638844609283763	7.33949998165125	23.638999763610002
1332	21823488	10	4.0	4.898979485566356	10.0	0.0	10	6.0	4.898979485566356	10.0	0.0	-0.00852785996693451	-2.281270195802839	0.3122140774178127	7.346749981633125	15.150999848490002
1336	21889024	10	9.0	3.0	10.0	0.0	10	10.0	0.0	10.0	10.0	-0.008445725913618562	-2.2872770749133444	0.25622721634619694	7.1349999821625	7.9389999206100015
1340	21954560	10	5.0	5.0	10.0	0.0	10	6.0	4.898979485566356	10.0	0.0	-0.00846368598440431	-2.3082896915653923	0.23812198636435578	7.28149998179625	17.45799982542
1344	22020096	10	3.0	4.58257569495584	10.0	0.0	10	7.0	4.58257569495584	10.0	0.0	-0.008796570976900668	-2.3557084001630404	0.28040869562138815	6.89349998276625	16.540999834590004
1348	22085632	10	6.0	4.898979485566356	10.0	0.0	10	10.0	0.0	10.0	10.0	-0.00951779028301635	-2.299651264904801	0.2962569671684853	7.16849998207875	11.676999883230001
1352	22151168	10	7.0	4.58257569495584	10.0	0.0	10	7.0	4.58257569495584	10.0	0.0	-0.008008903238456745	-2.2754962963475753	0.24601733852719584	6.821249982946874	17.08599982914
1356	22216704	10	6.0	4.898979485566356	10.0	0.0	10	7.0	4.58257569495584	10.0	0.0	-0.008510313373661689	-2.2991731611479462	0.25101714858033153	7.595499981011249	16.79899983201
1360	22282240	10	7.0	4.58257569495584	10.0	0.0	10	6.0	4.898979485566356	10.0	0.0	-0.009367756656132546	-2.30751829570337	0.24228914452055506	7.42349998144125	16.527999834720003
1364	22347776	10	5.0	5.0	10.0	0.0	10	9.0	3.0	10.0	0.0	-0.008230218156062655	-2.3672794374344472	0.2783436338748172	7.2369999819075	14.833999851660002
1368	22413312	10	6.0	4.898979485566356	10.0	0.0	10	8.0	4.0	10.0	0.0	-0.008015310358206976	-2.3561324996282074	0.25228846148132844	7.30849998172875	13.812999861870003
1372	22478848	10	7.0	4.58257569495584	10.0	0.0	10	8.0	4.0	10.0	0.0	-0.00949633326573563	-2.2829456525649783	0.37581011059194147	7.618749980953125	8.565999914340003
1376	22544384	10	6.0	4.898979485566356	10.0	0.0	10	6.0	4.898979485566356	10.0	0.0	-0.009083519434134033	-2.3000661877382003	0.24917897563936478	7.10949998222625	20.907999790920005
1380	22609920	10	5.0	5.0	10.0	0.0	10	7.0	4.58257569495584	10.0	0.0	-0.00933999024127564	-2.281091553231885	0.2548535540434486	7.679749980800626	15.737999842620003
1384	22675456	10	6.0	4.898979485566356	10.0	0.0	10	6.0	4.898979485566356	10.0	0.0	-0.008647032282481601	-2.238953711852658	0.3416618164272846	7.421749981445626	9.169999908300001
1388	22740992	10	9.0	3.0	10.0	0.0	10	8.0	4.0	10.0	0.0	-0.00896476830679595	-2.2630701534576216	0.2715125566376049	7.988249980029375	14.754999852450004
1392	22806528	10	7.0	4.58257569495584	10.0	0.0	10	9.0	3.0	10.0	0.0	-0.008986328177013492	-2.260328749580172	0.20856810584043964	7.60399998099	9.006999909930002
1396	22872064	10	6.0	4.898979485566356	10.0	0.0	10	6.0	4.898979485566356	10.0	0.0	-0.009120119580640781	-2.2711803140857314	0.23838436298383134	7.05599998236	15.955999840440002
1400	22937600	10	4.0	4.898979485566356	10.0	0.0	10	7.0	4.58257569495584	10.0	0.0	-0.009187594426246252	-2.2952058908932704	0.20668796773709575	7.268249981829375	9.527999904720001
1404	23003136	10	4.0	4.898979485566356	10.0	0.0	10	9.0	3.0	10.0	0.0	-0.009343687202632745	-2.297525043049541	0.2495018164367356	6.7069999832325	22.352999776470003
1408	23068672	10	7.0	4.58257569495584	10.0	0.0	10	8.0	4.0	10.0	0.0	-0.008734809824393699	-2.295016931751718	0.2310633942399385	7.416499981458751	19.29599980704
1412	23134208	10	9.0	3.0	10.0	0.0	10	9.0	3.0	10.0	0.0	-0.008278347595828739	-2.263381704452303	0.2467928323637663	7.198249982004376	5.212999947870001
1416	23199744	10	7.0	4.58257569495584	10.0	0.0	10	7.0	4.58257569495584	10.0	0.0	-0.00889053966388784	-2.2813679101673574	0.23478964791360546	7.157999982105	24.791999752080006
1420	23265280	10	8.0	4.0	10.0	0.0	10	6.0	4.898979485566356	10.0	0.0	-0.00890239201330319	-2.3297954646306267	0.2057838611245622	5.73149998567125	17.6099998239
1424	23330816	10	4.0	4.898979485566356	10.0	0.0	10	6.0	4.898979485566356	10.0	0.0	-0.009037908352455087	-2.333642105018397	0.24357683527229637	5.693249985766874	12.05899987941
1428	23396352	10	7.0	4.58257569495584	10.0	0.0	10	7.0	4.58257569495584	10.0	0.0	-0.008585279483986632	-2.3266622148514107	0.31682690959227905	5.974249985064375	16.164999838350003
1432	23461888	10	6.0	4.898979485566356	10.0	0.0	10	8.0	4.0	10.0	0.0	-0.00881602163916821	-2.3307843230720353	0.20080525922670367	5.606749985983125	19.444999805550005
1436	23527424	10	6.0	4.898979485566356	10.0	0.0	10	9.0	3.0	10.0	0.0	-0.00880650194114851	-2.284901859621615	0.22881662160258176	5.524999986187501	14.124999858750002
1440	23592960	10	6.0	4.898979485566356	10.0	0.0	10	7.0	4.58257569495584	10.0	0.0	-0.008978606770723058	-2.2512234918911673	0.28630787721025786	5.737999985655001	12.329999876700002
1444	23658496	10	4.0	4.898979485566356	10.0	0.0	10	8.0	4.0	10.0	0.0	-0.008462384322863226	-2.2628769574192367	0.23614813555676545	6.229999984425	13.794999862050002
1448	23724032	10	6.0	4.898979485566356	10.0	0.0	10	8.0	4.0	10.0	0.0	-0.009348196533146008	-2.3265132305582834	0.24576358246230065	6.257999984355	9.850999901490002
1452	23789568	10	6.0	4.898979485566356	10.0	0.0	10	8.0	4.0	10.0	0.0	-0.00856696610967641	-2.2950953317278042	0.2312805114538704	6.153499984616249	11.313999886860001
1456	23855104	10	7.0	4.58257569495584	10.0	0.0	10	9.0	3.0	10.0	0.0	-0.009214220206205334	-2.2461512558305996	0.25781814813411813	6.284249984289375	5.359999946400001
1460	23920640	10	6.0	4.898979485566356	10.0	0.0	10	8.0	4.0	10.0	0.0	-0.00822827556269136	-2.2685288561007653	0.23856993715587665	5.46549998633625	15.885999841140002
1464	23986176	10	5.0	5.0	10.0	0.0	10	5.0	5.0	10.0	0.0	-0.009054461696871812	-2.2581687194736935	0.2302547982498815	6.124749984688125	11.334999886650003
1468	24051712	10	8.0	4.0	10.0	0.0	10	9.0	3.0	10.0	0.0	-0.008879059112268555	-2.2601361694564495	0.21844649949008643	6.2614999843462495	9.847999901520001
1472	24117248	10	7.0	4.58257569495584	10.0	0.0	10	8.0	4.0	10.0	0.0	-0.00916892767928996	-2.2659639217082623	0.21722529352863357	6.513999983714999	4.752999952470001
1476	24182784	10	7.0	4.58257569495584	10.0	0.0	10	8.0	4.0	10.0	0.0	-0.008781775351048238	-2.263684985302523	0.22743503242535063	5.7609999855975005	12.51099987489
1480	24248320	10	5.0	5.0	10.0	0.0	10	8.0	4.0	10.0	0.0	-0.008212066348029219	-2.273592037222382	0.2551182190001	5.882749985293125	9.923999900760002
1484	24313856	10	3.0	4.58257569495584	10.0	0.0	10	9.0	3.0	10.0	0.0	-0.007666316416169706	-2.2506085209687616	0.21249717751167024	6.020749984948124	10.258999897410002
1488	24379392	10	7.0	4.58257569495584	10.0	0.0	10	9.0	3.0	10.0	0.0	-0.008323660619116711	-2.2931157745515796	0.23564170779689267	6.40149998399625	8.70299991297
1492	24444928	10	6.0	4.898979485566356	10.0	0.0	10	8.0	4.0	10.0	0.0	-0.008464680290093249	-2.3401329291409443	0.19867497983181714	6.3629999840925	11.093999889060001
1496	24510464	10	6.0	4.898979485566356	10.0	0.0	10	10.0	0.0	10.0	10.0	-0.008813693540096706	-2.312189640857328	0.24422844884856618	5.529749986175625	12.179999878200002
1500	24576000	10	8.0	4.0	10.0	0.0	10	8.0	4.0	10.0	0.0	-0.007446426831981754	-2.2913939006723263	0.22423355558414002	5.70799998573	6.134999938650001
1504	24641536	10	8.0	4.0	10.0	0.0	10	6.0	4.898979485566356	10.0	0.0	-0.007952236263999303	-2.2929515985246165	0.22832872405753332	6.209749984475626	8.991999910080002
1508	24707072	10	7.0	4.58257569495584	10.0	0.0	10	5.0	5.0	10.0	0.0	-0.007029672154987148	-2.324463461594047	0.38473980528330515	6.5199999837	10.367999896320002
1512	24772608	10	9.0	3.0	10.0	0.0	10	10.0	0.0	10.0	10.0	-0.008299018105131981	-2.318733071045938	0.33029229283617567	6.35599998411	5.153999948460001
1516	24838144	10	6.0	4.898979485566356	10.0	0.0	10	9.0	3.0	10.0	0.0	-0.007754962007716256	-2.3132197606140785	0.3008094743201711	5.461499986346249	4.03899995961
1520	24903680	10	4.0	4.898979485566356	10.0	0.0	10	7.0	4.58257569495584	10.0	0.0	-0.008127865249724978	-2.3307778534845514	0.33863936438733444	5.877749985305625	19.490999805090002
1524	24969216	10	10.0	0.0	10.0	10.0	10	7.0	4.58257569495584	10.0	0.0	-0.007755777322422586	-2.3312301856831237	0.37895544660986824	5.692499985768751	14.204999857950002
