iter	frame	n_test	mean_returns	std_returns	max_returns	min_returns	n_test_train	mean_returns_train	std_returns_train	max_returns_train	min_returns_train	actor_loss	entropy_loss	value_loss	training_time	evaluation_time
0	0	10	3.0	4.58257569495584	10.0	0.0	10	1.0	3.0	10.0	0.0	0	0	0	0.0	9.20599990794
4	65536	10	3.0	4.58257569495584	10.0	0.0	10	2.0	4.0	10.0	0.0	0.0012443872909511603	-2.6503363075078448	1.981979567351117	12.564249968589376	5.717999942820001
8	131072	10	5.0	5.0	10.0	0.0	10	0.0	0.0	0.0	0.0	-0.002684896578732598	-2.555358618231665	2.339006843422589	11.943749970140626	10.333999896660002
12	196608	10	1.0	3.0	10.0	0.0	10	3.0	4.58257569495584	10.0	0.0	-0.0021798282781828725	-2.470609629890261	2.120586660780152	12.259249969351877	7.502999924970001
16	262144	10	2.0	4.0	10.0	0.0	10	1.0	3.0	10.0	0.0	-0.0018513579438646283	-2.4157734485931073	1.0893678030727023	12.250499969373749	1.7069999829300004
20	327680	10	2.0	4.0	10.0	0.0	10	2.0	4.0	10.0	0.0	-0.002399845945903331	-2.335275647297629	0.5512596001895231	11.978249970054376	3.7749999622500003
24	393216	10	2.0	4.0	10.0	0.0	10	7.0	4.58257569495584	10.0	0.0	-0.002214659321676981	-2.327416504180384	0.4660654318964774	12.686249968284377	3.26799996732
28	458752	10	4.0	4.898979485566356	10.0	0.0	10	5.0	5.0	10.0	0.0	-0.002218000743365307	-2.3747333012531113	0.40022821859944163	13.024999967437498	6.601999933980001
32	524288	10	2.0	4.0	10.0	0.0	10	2.0	4.0	10.0	0.0	-0.00042627046297443014	-2.3929905218373504	0.26383721127220455	11.453749971365625	10.880999891190003
36	589824	10	4.0	4.898979485566356	10.0	0.0	10	3.0	4.58257569495584	10.0	0.0	-0.0016963983311801473	-2.4332899150697895	0.1991866596301285	12.05549996986125	13.004999869950003
40	655360	10	1.0	3.0	10.0	0.0	10	3.0	4.58257569495584	10.0	0.0	-0.0014353185129059747	-2.467579138518627	0.10257034794290334	11.219249971951873	13.589999864100003
44	720896	10	0.0	0.0	0.0	0.0	10	5.0	5.0	10.0	0.0	-0.0009223695632448277	-2.504316165782415	0.08011341412338067	11.09849997225375	9.964999900350001
48	786432	10	4.0	4.898979485566356	10.0	0.0	10	4.0	4.898979485566356	10.0	0.0	-0.0030085158162565617	-2.4791168269912855	0.14332875371193723	12.817499967956252	7.886999921130001
52	851968	10	4.0	4.898979485566356	10.0	0.0	10	3.0	4.58257569495584	10.0	0.0	-0.002030784217914281	-2.4478858085903727	0.19010883730718556	11.527749971180624	8.134999918650001
56	917504	10	2.0	4.0	10.0	0.0	10	4.0	4.898979485566356	10.0	0.0	-0.001852128538110147	-2.4523669354546573	0.1542415089822204	11.517249971206876	8.201999917980002
60	983040	10	3.0	4.58257569495584	10.0	0.0	10	5.0	5.0	10.0	0.0	-0.002050987957559387	-2.4455890330111596	0.20030415762302436	12.2489999693775	8.753999912460001
64	1048576	10	2.0	4.0	10.0	0.0	10	2.0	4.0	10.0	0.0	-0.0013376316781857874	-2.45603217904018	0.17862383181231212	12.854249967864376	4.808999951910001
68	1114112	10	1.0	3.0	10.0	0.0	10	4.0	4.898979485566356	10.0	0.0	-0.0017601814904977817	-2.4427602884609083	0.18216006145467273	12.429249968926875	5.6269999437300005
72	1179648	10	2.0	4.0	10.0	0.0	10	7.0	4.58257569495584	10.0	0.0	-0.0016324193030835597	-2.440682276829159	0.18463284225452922	11.943749970140626	5.62399994376
76	1245184	10	4.0	4.898979485566356	10.0	0.0	10	2.0	4.0	10.0	0.0	-0.0025965406333573614	-2.4622639166730766	0.1963068960650918	12.106249969734375	4.6799999532
80	1310720	10	1.0	3.0	10.0	0.0	10	2.0	4.0	10.0	0.0	-0.003715019304073554	-2.4639830487386707	0.178380453552475	12.5929999685175	13.245999867540002
84	1376256	10	4.0	4.898979485566356	10.0	0.0	10	1.0	3.0	10.0	0.0	-0.0027820131711887696	-2.483829671879164	0.156006284274674	11.35849997160375	10.976999890230003
88	1441792	10	3.0	4.58257569495584	10.0	0.0	10	2.0	4.0	10.0	0.0	-0.0019161288411067964	-2.4734769932832688	0.19622822290105021	12.483749968790624	5.585999944140001
92	1507328	10	4.0	4.898979485566356	10.0	0.0	10	2.0	4.0	10.0	0.0	-0.0021028294793351576	-2.4548530700232485	0.20903991952223636	11.557499971106251	13.386999866130003
96	1572864	10	6.0	4.898979485566356	10.0	0.0	10	3.0	4.58257569495584	10.0	0.0	-0.0032428726065475096	-2.4520545549620025	0.22765595882622255	10.9849999725375	11.467999885320001
100	1638400	10	1.0	3.0	10.0	0.0	10	5.0	5.0	10.0	0.0	-0.003425820119089287	-2.4664438960367185	0.26145855505400306	12.979999967549999	10.207999897920002
104	1703936	10	1.0	3.0	10.0	0.0	10	2.0	4.0	10.0	0.0	-0.0044529188691346125	-2.456199168903081	0.21516449374699428	11.859499970351251	11.05599988944
108	1769472	10	3.0	4.58257569495584	10.0	0.0	10	6.0	4.898979485566356	10.0	0.0	-0.0027341573268315033	-2.424593252187732	0.28155306444364486	11.5309999711725	10.576999894230001
112	1835008	10	3.0	4.58257569495584	10.0	0.0	10	5.0	5.0	10.0	0.0	-0.0032863609736738042	-2.4939859854563937	0.17129549250395432	12.113749969715625	11.360999886390003
116	1900544	10	5.0	5.0	10.0	0.0	10	4.0	4.898979485566356	10.0	0.0	-0.003496356970208174	-2.460876457136828	0.21513774538655198	12.22149996944625	16.79799983202
120	1966080	10	6.0	4.898979485566356	10.0	0.0	10	6.0	4.898979485566356	10.0	0.0	-0.003400145173397722	-2.478219449261963	0.1431960398182122	11.06649997233375	15.023999849760001
124	2031616	10	3.0	4.58257569495584	10.0	0.0	10	4.0	4.898979485566356	10.0	0.0	-0.0040616450637888275	-2.489924147465738	0.1723345084091568	12.489249968776873	5.019999949800001
128	2097152	10	2.0	4.0	10.0	0.0	10	7.0	4.58257569495584	10.0	0.0	-0.004162642109977159	-2.4815234340625936	0.19095800116531708	12.74399996814	5.332999946670001
132	2162688	10	6.0	4.898979485566356	10.0	0.0	10	2.0	4.0	10.0	0.0	-0.0028064644790707174	-2.431502883379696	0.20150027825571215	11.89199997027	15.931999840680003
136	2228224	10	4.0	4.898979485566356	10.0	0.0	10	6.0	4.898979485566356	10.0	0.0	-0.004073292576807467	-2.42863425835504	0.2449748871282364	11.037499972406252	7.577999924220001
140	2293760	10	4.0	4.898979485566356	10.0	0.0	10	4.0	4.898979485566356	10.0	0.0	-0.004068033854189171	-2.433523850882874	0.2215293748073488	12.98549996753625	4.659999953400001
144	2359296	10	5.0	5.0	10.0	0.0	10	1.0	3.0	10.0	0.0	-0.004091534409051794	-2.4522635959017887	0.2053015516701813	11.029499972426251	14.147999858520002
148	2424832	10	7.0	4.58257569495584	10.0	0.0	10	2.0	4.0	10.0	0.0	-0.002578659147764477	-2.4473198600047623	0.2148701948821239	11.730249970674375	11.206999887930003
152	2490368	10	4.0	4.898979485566356	10.0	0.0	10	6.0	4.898979485566356	10.0	0.0	-0.0038648831561877268	-2.4491501274140552	0.1836194415230265	12.632249968419377	8.65099991349
156	2555904	10	4.0	4.898979485566356	10.0	0.0	10	5.0	5.0	10.0	0.0	-0.00313853030545385	-2.4830164956446854	0.17127796916524837	11.509499971226251	8.099999919000002
160	2621440	10	0.0	0.0	0.0	0.0	10	5.0	5.0	10.0	0.0	-0.0035486702565869824	-2.4623112849809803	0.16771665718211592	12.667249968331875	12.571999874280001
164	2686976	10	4.0	4.898979485566356	10.0	0.0	10	4.0	4.898979485566356	10.0	0.0	-0.003095002899176981	-2.4312599249135096	0.1733236831703975	13.241749966895625	3.6629999633700003
168	2752512	10	3.0	4.58257569495584	10.0	0.0	10	3.0	4.58257569495584	10.0	0.0	-0.003472136175577356	-2.4030484033107977	0.14622473490143043	11.197749972005624	11.864999881350002
172	2818048	10	4.0	4.898979485566356	10.0	0.0	10	6.0	4.898979485566356	10.0	0.0	-0.003546267817843882	-2.4276135586156906	0.09815480058455986	11.981999970044999	6.951999930480001
176	2883584	10	4.0	4.898979485566356	10.0	0.0	10	4.0	4.898979485566356	10.0	0.0	-0.002846331204340461	-2.391135044146847	0.14907325135232857	11.8189999704525	19.400999805990004
180	2949120	10	3.0	4.58257569495584	10.0	0.0	10	5.0	5.0	10.0	0.0	-0.00370030170073993	-2.414747260259385	0.1477834405223566	10.7469999731325	8.495999915040002
184	3014656	10	3.0	4.58257569495584	10.0	0.0	10	4.0	4.898979485566356	10.0	0.0	-0.004617938263258501	-2.3939618515461434	0.15791065151089614	11.978499970053749	14.584999854150004
188	3080192	10	6.0	4.898979485566356	10.0	0.0	10	1.0	3.0	10.0	0.0	-0.003524347802276389	-2.404200983293753	0.1791206442874847	12.345249969136875	6.683999933160001
192	3145728	10	3.0	4.58257569495584	10.0	0.0	10	4.0	4.898979485566356	10.0	0.0	-0.003335309055684167	-2.367406134557485	0.14822715868560696	12.071749969820626	9.370999906290002
196	3211264	10	4.0	4.898979485566356	10.0	0.0	10	4.0	4.898979485566356	10.0	0.0	-0.003931585946292858	-2.471388332288321	0.16665626358212263	10.722749973193125	11.713999882860003
200	3276800	10	4.0	4.898979485566356	10.0	0.0	10	8.0	4.0	10.0	0.0	-0.0037225932024499723	-2.486280182738398	0.17201217153490903	12.520749968698125	9.136999908630003
204	3342336	10	5.0	5.0	10.0	0.0	10	4.0	4.898979485566356	10.0	0.0	-0.0030337355913790864	-2.4549264557585935	0.224289378826426	12.30549996923625	12.618999873810003
208	3407872	10	4.0	4.898979485566356	10.0	0.0	10	5.0	5.0	10.0	0.0	-0.0023526013438312328	-2.5059902988247353	0.0895633615149643	11.645749970885625	9.919999900800002
212	3473408	10	2.0	4.0	10.0	0.0	10	2.0	4.0	10.0	0.0	-0.002542445697789669	-2.471507288258119	0.09864202326998772	11.671999970820002	13.639999863600003
216	3538944	10	4.0	4.898979485566356	10.0	0.0	10	2.0	4.0	10.0	0.0	-0.0029705723715412868	-2.4683464862318583	0.09297993896569469	12.602749968493125	10.54299989457
220	3604480	10	5.0	5.0	10.0	0.0	10	6.0	4.898979485566356	10.0	0.0	-0.002507704976820714	-2.460349601747606	0.13972061964159133	11.72549997068625	11.276999887230001
224	3670016	10	6.0	4.898979485566356	10.0	0.0	10	2.0	4.0	10.0	0.0	-0.003243733233492537	-2.4820218828715293	0.10782481496030463	12.543249968641875	8.046999919530002
228	3735552	10	2.0	4.0	10.0	0.0	10	5.0	5.0	10.0	0.0	-0.002884470408695325	-2.4317574101140216	0.15497785719670293	12.670499968323751	5.425999945740001
232	3801088	10	5.0	5.0	10.0	0.0	10	6.0	4.898979485566356	10.0	0.0	-0.0035776518364008633	-2.4796854528188566	0.12351117444800724	12.049749969875627	9.484999905150001
236	3866624	10	7.0	4.58257569495584	10.0	0.0	10	6.0	4.898979485566356	10.0	0.0	-0.004546970596626025	-2.421849779532403	0.15940261374429904	11.74849997062875	9.787999902120001
240	3932160	10	3.0	4.58257569495584	10.0	0.0	10	1.0	3.0	10.0	0.0	-0.0035338109151737294	-2.357209269953597	0.1340066710890689	12.62949996842625	7.983999920160001
244	3997696	10	6.0	4.898979485566356	10.0	0.0	10	4.0	4.898979485566356	10.0	0.0	-0.0034676015320075568	-2.373001759003771	0.19543513506167345	11.503249971241875	14.017999859820003
248	4063232	10	2.0	4.0	10.0	0.0	10	3.0	4.58257569495584	10.0	0.0	-0.004403219487505662	-2.3905408702784117	0.16599858639740078	12.062999969842501	6.445999935540001
252	4128768	10	7.0	4.58257569495584	10.0	0.0	10	7.0	4.58257569495584	10.0	0.0	-0.004397490997534694	-2.399667707332349	0.18085499466841268	12.74749996813125	10.337999896620001
256	4194304	10	5.0	5.0	10.0	0.0	10	4.0	4.898979485566356	10.0	0.0	-0.0031830474857107256	-2.387844688941654	0.13083060744097472	12.338249969154374	5.699999943000001
260	4259840	10	5.0	5.0	10.0	0.0	10	4.0	4.898979485566356	10.0	0.0	-0.00391253547624597	-2.4268402256027133	0.12195284834103019	11.769999970575	7.122999928770001
264	4325376	10	7.0	4.58257569495584	10.0	0.0	10	0.0	0.0	0.0	0.0	-0.0037372333580654397	-2.4354081821884996	0.1915222594004546	12.685249968286874	5.677999943220001
268	4390912	10	3.0	4.58257569495584	10.0	0.0	10	6.0	4.898979485566356	10.0	0.0	-0.003834357482350401	-2.454699347160862	0.08851732343754995	13.299249966751876	7.924999920750001
272	4456448	10	5.0	5.0	10.0	0.0	10	3.0	4.58257569495584	10.0	0.0	-0.0036171479098378637	-2.438090316697307	0.20602122909416465	11.786499970533749	10.662999893370001
276	4521984	10	4.0	4.898979485566356	10.0	0.0	10	3.0	4.58257569495584	10.0	0.0	-0.0022865463904400856	-2.484870162844104	0.1851753801845838	11.864249970339374	15.680999843190001
280	4587520	10	5.0	5.0	10.0	0.0	10	6.0	4.898979485566356	10.0	0.0	-0.003332481910806554	-2.502100226519143	0.06751657866965054	12.688499968278748	10.45899989541
284	4653056	10	4.0	4.898979485566356	10.0	0.0	10	4.0	4.898979485566356	10.0	0.0	-0.0022985791484371213	-2.5266498423964396	0.06820920736710938	11.518249971204375	19.769999802300003
288	4718592	10	6.0	4.898979485566356	10.0	0.0	10	7.0	4.58257569495584	10.0	0.0	-0.0031557106385406786	-2.529550408060111	0.13593774318520813	11.132249972169374	12.111999878880003
292	4784128	10	4.0	4.898979485566356	10.0	0.0	10	8.0	4.0	10.0	0.0	-0.0029290142044051505	-2.5467575140128065	0.10822535483591432	12.416749968958126	14.748999852510003
296	4849664	10	0.0	0.0	0.0	0.0	10	5.0	5.0	10.0	0.0	-0.004897837227059158	-2.5109433330463453	0.12423736472716954	13.015499967461249	13.921999860780003
300	4915200	10	4.0	4.898979485566356	10.0	0.0	10	3.0	4.58257569495584	10.0	0.0	-0.0032192318876374214	-2.524386425550082	0.1373920150268509	10.531249973671875	18.506999814930005
304	4980736	10	2.0	4.0	10.0	0.0	10	3.0	4.58257569495584	10.0	0.0	-0.004085570520024159	-2.5433428086174636	0.21499012683917496	12.70349996824125	8.461999915380002
308	5046272	10	1.0	3.0	10.0	0.0	10	2.0	4.0	10.0	0.0	-0.003990343527714663	-2.5428323122197036	0.14773082312520275	12.044749969888125	18.921999810780004
312	5111808	10	6.0	4.898979485566356	10.0	0.0	10	4.0	4.898979485566356	10.0	0.0	-0.003776204005499344	-2.500472252307143	0.10206050884545288	11.192999972017502	8.807999911920001
316	5177344	10	3.0	4.58257569495584	10.0	0.0	10	4.0	4.898979485566356	10.0	0.0	-0.0029591782995288768	-2.5063162145388063	0.1189250335128653	12.497499968756252	7.400999925990001
320	5242880	10	5.0	5.0	10.0	0.0	10	5.0	5.0	10.0	0.0	-0.0023351054597386682	-2.477029745519424	0.14094450309723827	12.95249996761875	9.8499999015
324	5308416	10	6.0	4.898979485566356	10.0	0.0	10	5.0	5.0	10.0	0.0	-0.003058758294764332	-2.4795166797836656	0.135823876796267	10.584249973539377	8.908999910910001
328	5373952	10	5.0	5.0	10.0	0.0	10	4.0	4.898979485566356	10.0	0.0	-0.0036585989554753767	-2.5046059163782726	0.11498651780387291	11.462999971342501	6.725999932740001
332	5439488	10	3.0	4.58257569495584	10.0	0.0	10	4.0	4.898979485566356	10.0	0.0	-0.003218540312716904	-2.503298590319862	0.10949361369735872	11.402249971494374	10.413999895860002
336	5505024	10	4.0	4.898979485566356	10.0	0.0	10	4.0	4.898979485566356	10.0	0.0	-0.0030105293332373514	-2.4879099500567947	0.09616856054798115	11.024749972438125	12.152999878470002
340	5570560	10	5.0	5.0	10.0	0.0	10	5.0	5.0	10.0	0.0	-0.0028842948568153478	-2.469392796100244	0.08684678044972911	12.538249968654377	5.838999941610001
344	5636096	10	3.0	4.58257569495584	10.0	0.0	10	4.0	4.898979485566356	10.0	0.0	-0.004005830843690275	-2.423455379650873	0.10314139451067629	12.169999969575	8.317999916820002
348	5701632	10	3.0	4.58257569495584	10.0	0.0	10	3.0	4.58257569495584	10.0	0.0	-0.003630042206699947	-2.3869170320527884	0.11754675821418496	11.933999970165	8.373999916260003
352	5767168	10	4.0	4.898979485566356	10.0	0.0	10	6.0	4.898979485566356	10.0	0.0	-0.00414344530344543	-2.371300779036036	0.0996364268448103	11.907749970230626	6.681999933180001
356	5832704	10	5.0	5.0	10.0	0.0	10	4.0	4.898979485566356	10.0	0.0	-0.003423190255739064	-2.4357944153195503	0.12142146016603264	11.956249970109376	5.560999944390001
360	5898240	10	3.0	4.58257569495584	10.0	0.0	10	6.0	4.898979485566356	10.0	0.0	-0.003725561094664319	-2.4197455791098585	0.0751765938397419	12.98399996754	14.591999854080003
364	5963776	10	6.0	4.898979485566356	10.0	0.0	10	4.0	4.898979485566356	10.0	0.0	-0.004111600004940333	-2.3930877618482373	0.10810374135655239	13.251749966870626	8.189999918100002
368	6029312	10	7.0	4.58257569495584	10.0	0.0	10	8.0	4.0	10.0	0.0	-0.0040769160400787405	-2.374129178376053	0.13861543350029995	11.65549997086125	12.44299987557
372	6094848	10	3.0	4.58257569495584	10.0	0.0	10	6.0	4.898979485566356	10.0	0.0	-0.0035834942181490136	-2.3301708844857054	0.25536471944125794	11.210999971972502	7.963999920360002
376	6160384	10	3.0	4.58257569495584	10.0	0.0	10	8.0	4.0	10.0	0.0	-0.003767422902063579	-2.3088795962511464	0.27240402885048226	12.624749968438126	7.356999926430001
380	6225920	10	7.0	4.58257569495584	10.0	0.0	10	6.0	4.898979485566356	10.0	0.0	-0.00307488828879998	-2.3185848839649346	0.2926216677768194	12.368749969078126	8.46499991535
384	6291456	10	5.0	5.0	10.0	0.0	10	5.0	5.0	10.0	0.0	-0.00423338476640778	-2.3544219531149873	0.2600502116955635	11.83349997041625	5.5469999445300004
388	6356992	10	5.0	5.0	10.0	0.0	10	7.0	4.58257569495584	10.0	0.0	-0.003665947796356216	-2.327404983099256	0.30247420457455837	12.495749968760622	2.8379999716200004
392	6422528	10	4.0	4.898979485566356	10.0	0.0	10	6.0	4.898979485566356	10.0	0.0	-0.004624256895237558	-2.329395430540785	0.26247845835733125	12.055249969861876	9.230999907690002
396	6488064	10	3.0	4.58257569495584	10.0	0.0	10	4.0	4.898979485566356	10.0	0.0	-0.002818173287181611	-2.3191630539862493	0.32132162647079127	11.503499971241249	9.203999907960002
400	6553600	10	4.0	4.898979485566356	10.0	0.0	10	4.0	4.898979485566356	10.0	0.0	-0.0024629046914784194	-2.2984365321785125	0.3476730460559764	11.2309999719225	10.112999898870001
404	6619136	10	5.0	5.0	10.0	0.0	10	6.0	4.898979485566356	10.0	0.0	-0.0026266486672276764	-2.183007677168742	0.4509829853502025	12.668749968328125	9.656999903430002
408	6684672	10	7.0	4.58257569495584	10.0	0.0	10	10.0	0.0	10.0	10.0	-0.0036110516638652827	-2.185417897771639	0.3644221542644377	12.238749969403125	8.451999915480002
412	6750208	10	4.0	4.898979485566356	10.0	0.0	10	7.0	4.58257569495584	10.0	0.0	-0.0022611967067323524	-2.140831542288778	0.37645259464584396	11.15449997211375	12.444999875550002
416	6815744	10	4.0	4.898979485566356	10.0	0.0	10	8.0	4.0	10.0	0.0	-0.0024503707436930983	-2.137756546115716	0.43088500880183617	12.44849996887875	8.361999916380002
420	6881280	10	4.0	4.898979485566356	10.0	0.0	10	8.0	4.0	10.0	0.0	-0.0036745228058672613	-2.0428699029344215	0.41254528824909675	11.773249970566876	8.935999910640001
424	6946816	10	8.0	4.0	10.0	0.0	10	7.0	4.58257569495584	10.0	0.0	-0.0017301937936904353	-2.0639904176529	0.3778892166829362	11.49949997125125	10.902999890970003
428	7012352	10	6.0	4.898979485566356	10.0	0.0	10	6.0	4.898979485566356	10.0	0.0	-0.003597340632272475	-2.1325275101029755	0.3031145697143834	12.800749967998124	6.806999931930002
432	7077888	10	5.0	5.0	10.0	0.0	10	7.0	4.58257569495584	10.0	0.0	-0.0034287572327902694	-2.1551773744563394	0.25816898278065425	12.571249968571875	7.915999920840002
436	7143424	10	7.0	4.58257569495584	10.0	0.0	10	7.0	4.58257569495584	10.0	0.0	-0.0018086403771359848	-2.1474482141681746	0.3816113406394771	12.616499968458749	8.601999913980002
440	7208960	10	6.0	4.898979485566356	10.0	0.0	10	6.0	4.898979485566356	10.0	0.0	-0.0036629439221061515	-2.1892184662525294	0.3508923073554598	12.953749967615625	15.312999846870003
444	7274496	10	7.0	4.58257569495584	10.0	0.0	10	6.0	4.898979485566356	10.0	0.0	-0.002662173680645017	-2.2050114271728076	0.2936064102381101	11.685999970785	12.911999870880003
448	7340032	10	8.0	4.0	10.0	0.0	10	6.0	4.898979485566356	10.0	0.0	-0.003642209107889523	-2.2211537557513465	0.3334901785751492	12.497749968755627	5.305999946940001
452	7405568	10	7.0	4.58257569495584	10.0	0.0	10	6.0	4.898979485566356	10.0	0.0	-0.003981203048967796	-2.258252483867809	0.32749266562055535	14.16049996459875	14.514999854850004
456	7471104	10	7.0	4.58257569495584	10.0	0.0	10	8.0	4.0	10.0	0.0	-0.004538770482043671	-2.2284548801842625	0.28549064242722005	11.6189999709525	13.752999862470002
460	7536640	10	5.0	5.0	10.0	0.0	10	8.0	4.0	10.0	0.0	-0.0033282886527426572	-2.2725233979639494	0.2422947031581462	12.340249969149376	7.202999927970001
464	7602176	10	8.0	4.0	10.0	0.0	10	5.0	5.0	10.0	0.0	-0.0038682963661118455	-2.2471448553247946	0.26521050252051714	12.692249968269376	8.399999916000002
468	7667712	10	6.0	4.898979485566356	10.0	0.0	10	6.0	4.898979485566356	10.0	0.0	-0.003952622160990325	-2.244877134526379	0.18514072194629566	10.830249972924374	8.825999911740002
472	7733248	10	9.0	3.0	10.0	0.0	10	7.0	4.58257569495584	10.0	0.0	-0.004590337406753791	-2.292334961155684	0.2803111985654704	12.220499969448749	11.938999880610002
476	7798784	10	5.0	5.0	10.0	0.0	10	7.0	4.58257569495584	10.0	0.0	-0.0033177470489014708	-2.2536673319972413	0.19647008271703978	12.124249969689375	8.649999913500002
480	7864320	10	8.0	4.0	10.0	0.0	10	8.0	4.0	10.0	0.0	-0.0032302068208355525	-2.3029087580825114	0.20490289624819097	11.70399997074	12.603999873960001
484	7929856	10	8.0	4.0	10.0	0.0	10	8.0	4.0	10.0	0.0	-0.0047686772796810125	-2.276419582229157	0.1944982331664417	12.452249968869374	6.992999930070002
488	7995392	10	6.0	4.898979485566356	10.0	0.0	10	6.0	4.898979485566356	10.0	0.0	-0.003767016930307261	-2.3196880641150104	0.15950369134746473	11.8949999702625	19.983999800160007
492	8060928	10	7.0	4.58257569495584	10.0	0.0	10	6.0	4.898979485566356	10.0	0.0	-0.0032585351069672392	-2.337140540038479	0.30255171280927967	11.74449997063875	9.293999907060002
496	8126464	10	6.0	4.898979485566356	10.0	0.0	10	9.0	3.0	10.0	0.0	-0.004584789246541634	-2.304732424277396	0.23572525853008766	12.446249968884377	17.017999829820003
500	8192000	10	6.0	4.898979485566356	10.0	0.0	10	5.0	5.0	10.0	0.0	-0.00403587494614636	-2.2855806969208907	0.20858751010150015	11.903749970240625	21.394999786050004
504	8257536	10	7.0	4.58257569495584	10.0	0.0	10	5.0	5.0	10.0	0.0	-0.0034010248390985045	-2.312439732012672	0.1854714432848512	12.406749968983124	12.633999873660002
508	8323072	10	8.0	4.0	10.0	0.0	10	7.0	4.58257569495584	10.0	0.0	-0.0040114602981768475	-2.242826911076727	0.21411322419784823	11.606749970983126	10.348999896510001
512	8388608	10	9.0	3.0	10.0	0.0	10	7.0	4.58257569495584	10.0	0.0	-0.0036304238973730494	-2.257979310813778	0.18026474419034805	12.634249968414375	8.610999913890002
516	8454144	10	7.0	4.58257569495584	10.0	0.0	10	5.0	5.0	10.0	0.0	-0.0038284160153988114	-2.2258618521358584	0.23011337815870428	11.653999970865	11.633999883660001
520	8519680	10	6.0	4.898979485566356	10.0	0.0	10	6.0	4.898979485566356	10.0	0.0	-0.0040565965217581115	-2.230326071149243	0.2432463913126476	12.541999968645001	10.55899989441
524	8585216	10	8.0	4.0	10.0	0.0	10	7.0	4.58257569495584	10.0	0.0	-0.003934158715203688	-2.2695181988299127	0.21007521673400897	13.059499967351252	13.204999867950002
528	8650752	10	9.0	3.0	10.0	0.0	10	7.0	4.58257569495584	10.0	0.0	-0.0029419229416177773	-2.2777306360613925	0.13768712701393906	12.884749967788126	16.88599983114
532	8716288	10	5.0	5.0	10.0	0.0	10	8.0	4.0	10.0	0.0	-0.004043804345386452	-2.267900223297073	0.17225029364296618	11.84249997039375	21.741999782580006
536	8781824	10	9.0	3.0	10.0	0.0	10	5.0	5.0	10.0	0.0	-0.003244701964190465	-2.2511663931250054	0.17923322217224144	11.313249971716877	13.490999865090002
540	8847360	10	8.0	4.0	10.0	0.0	10	7.0	4.58257569495584	10.0	0.0	-0.00364147334122778	-2.264236638707496	0.2156102203849868	12.622249968444377	11.124999888750002
544	8912896	10	6.0	4.898979485566356	10.0	0.0	10	5.0	5.0	10.0	0.0	-0.003295013624928543	-2.23274199641335	0.20170189492476484	11.740249970649375	9.73199990268
548	8978432	10	8.0	4.0	10.0	0.0	10	7.0	4.58257569495584	10.0	0.0	-0.002928745224378778	-2.2565308359895004	0.22409161364188024	11.971749970070626	6.798999932010002
552	9043968	10	6.0	4.898979485566356	10.0	0.0	10	6.0	4.898979485566356	10.0	0.0	-0.004580357567473341	-2.1887665214841476	0.18837865866931483	12.627749968430626	8.9499999105
556	9109504	10	8.0	4.0	10.0	0.0	10	6.0	4.898979485566356	10.0	0.0	-0.0029382302282072582	-2.1941209060648377	0.24553738004143388	11.35849997160375	10.822999891770003
560	9175040	10	6.0	4.898979485566356	10.0	0.0	10	8.0	4.0	10.0	0.0	-0.004470735858213891	-2.2124240520278717	0.2572629834878186	12.1609999695975	10.854999891450003
564	9240576	10	5.0	5.0	10.0	0.0	10	7.0	4.58257569495584	10.0	0.0	-0.0034332430947022494	-2.1936788233816387	0.24614456192509815	12.82149996794625	7.697999923020002
568	9306112	10	7.0	4.58257569495584	10.0	0.0	10	6.0	4.898979485566356	10.0	0.0	-0.003128354905409986	-2.1407173497235075	0.2532795546312548	11.770999970572499	10.320999896790001
572	9371648	10	8.0	4.0	10.0	0.0	10	10.0	0.0	10.0	10.0	-0.0025418414901428542	-2.1736872069756905	0.20376983065519053	11.470999971322502	13.371999866280001
576	9437184	10	6.0	4.898979485566356	10.0	0.0	10	8.0	4.0	10.0	0.0	-0.00363460537444891	-2.158508228534126	0.22738980926377717	11.631999970919999	7.126999928730001
580	9502720	10	6.0	4.898979485566356	10.0	0.0	10	8.0	4.0	10.0	0.0	-0.003666669893918922	-2.229981576170692	0.161134920260227	12.531249968671876	10.93399989066
584	9568256	10	8.0	4.0	10.0	0.0	10	7.0	4.58257569495584	10.0	0.0	-0.003867951235913091	-2.2827419512079525	0.13496201794430435	11.322499971693752	16.623999833760003
588	9633792	10	8.0	4.0	10.0	0.0	10	8.0	4.0	10.0	0.0	-0.003690374589111645	-2.2534222501155847	0.14415616040013396	11.972749970068126	11.830999881690001
592	9699328	10	4.0	4.898979485566356	10.0	0.0	10	6.0	4.898979485566356	10.0	0.0	-0.0035200718384023008	-2.2008831945749328	0.1872092978057709	12.195749969510626	6.253999937460001
596	9764864	10	4.0	4.898979485566356	10.0	0.0	10	6.0	4.898979485566356	10.0	0.0	-0.0034365276511438476	-2.231625544295705	0.2117339771330834	12.77749996805625	3.9169999608300006
600	9830400	10	6.0	4.898979485566356	10.0	0.0	10	8.0	4.0	10.0	0.0	-0.0037431614857614047	-2.2091171093467445	0.18984068218038105	11.154249972114375	7.236999927630001
604	9895936	10	8.0	4.0	10.0	0.0	10	4.0	4.898979485566356	10.0	0.0	-0.003412836771781973	-2.186760927012266	0.1695329291414203	11.985999970035001	9.415999905840001
608	9961472	10	8.0	4.0	10.0	0.0	10	5.0	5.0	10.0	0.0	-0.003927192925600025	-2.193621178239566	0.19770405889602424	13.194749967013124	13.48199986518
612	10027008	10	7.0	4.58257569495584	10.0	0.0	10	9.0	3.0	10.0	0.0	-0.003267288447774071	-2.2026606299172182	0.22256539720896612	10.404999973987499	10.134999898650001
616	10092544	10	5.0	5.0	10.0	0.0	10	5.0	5.0	10.0	0.0	-0.0036295654180481776	-2.2247925547428067	0.26173875897258986	13.12049996719875	9.558999904410001
620	10158080	10	8.0	4.0	10.0	0.0	10	9.0	3.0	10.0	0.0	-0.005055673938920906	-2.2365651625051886	0.20187583695546465	13.03049996742375	12.092999879070002
624	10223616	10	6.0	4.898979485566356	10.0	0.0	10	8.0	4.0	10.0	0.0	-0.004200251881701601	-2.2636174706246877	0.16676990220448662	11.577999971055	9.316999906830002
628	10289152	10	3.0	4.58257569495584	10.0	0.0	10	6.0	4.898979485566356	10.0	0.0	-0.0038214876424071753	-2.2590657718609966	0.14427981190432723	11.845999970385	6.155999938440001
632	10354688	10	7.0	4.58257569495584	10.0	0.0	10	7.0	4.58257569495584	10.0	0.0	-0.004243406841409516	-2.2513164503017387	0.24120931743925547	13.075749967310626	6.723999932760001
636	10420224	10	4.0	4.898979485566356	10.0	0.0	10	8.0	4.0	10.0	0.0	-0.00462915008829727	-2.264733597400313	0.29559414194301237	12.444249968889375	8.364999916350001
640	10485760	10	6.0	4.898979485566356	10.0	0.0	10	6.0	4.898979485566356	10.0	0.0	-0.003423112592167498	-2.2603955589363776	0.17549556014628256	11.564249971089374	12.233999877660002
644	10551296	10	8.0	4.0	10.0	0.0	10	10.0	0.0	10.0	10.0	-0.004297386876267237	-2.2308005464733474	0.2530461565017364	12.63349996841625	4.249999957500001
648	10616832	10	6.0	4.898979485566356	10.0	0.0	10	7.0	4.58257569495584	10.0	0.0	-0.0038938831684275617	-2.257385320726331	0.20804648052596522	12.919749967700627	15.076999849230003
652	10682368	10	6.0	4.898979485566356	10.0	0.0	10	7.0	4.58257569495584	10.0	0.0	-0.0035288581198945675	-2.307799885429948	0.19951762117229804	11.6309999709225	7.506999924930001
656	10747904	10	7.0	4.58257569495584	10.0	0.0	10	8.0	4.0	10.0	0.0	-0.004060519895151572	-2.2531810177005696	0.24716917298643035	11.462499971343751	6.9819999301800015
660	10813440	10	5.0	5.0	10.0	0.0	10	7.0	4.58257569495584	10.0	0.0	-0.004470625336417744	-2.2729838264601034	0.20479408525280732	13.017249967456873	7.917999920820002
664	10878976	10	7.0	4.58257569495584	10.0	0.0	10	5.0	5.0	10.0	0.0	-0.003222613352558473	-2.2770185940079264	0.16314263651776387	11.8749999703125	11.155999888440002
668	10944512	10	8.0	4.0	10.0	0.0	10	5.0	5.0	10.0	0.0	-0.005187958136417192	-2.28424099808979	0.18972955525739033	10.55349997361625	13.617999863820003
672	11010048	10	8.0	4.0	10.0	0.0	10	7.0	4.58257569495584	10.0	0.0	-0.0025049396545422827	-2.311813637373436	0.15055751399276196	11.9969999700075	9.942999900570001
676	11075584	10	7.0	4.58257569495584	10.0	0.0	10	8.0	4.0	10.0	0.0	-0.004770989776674075	-2.3399506829725087	0.10766221040436828	12.812749967968125	13.145999868540002
680	11141120	10	7.0	4.58257569495584	10.0	0.0	10	8.0	4.0	10.0	0.0	-0.003918027440599501	-2.3380014024722997	0.10547787376822515	11.860749970348126	17.20599982794
684	11206656	10	3.0	4.58257569495584	10.0	0.0	10	5.0	5.0	10.0	0.0	-0.0035881395096315598	-2.3097354121583766	0.12772626573984888	11.980249970049375	13.393999866060001
688	11272192	10	5.0	5.0	10.0	0.0	10	8.0	4.0	10.0	0.0	-0.0034498183057969224	-2.32174908097242	0.09388577939042111	13.1929999670175	9.75399990246
692	11337728	10	7.0	4.58257569495584	10.0	0.0	10	6.0	4.898979485566356	10.0	0.0	-0.004174827592749819	-2.270077119034494	0.12133207167010993	11.436499971408749	9.380999906190002
696	11403264	10	6.0	4.898979485566356	10.0	0.0	10	8.0	4.0	10.0	0.0	-0.004953491406406705	-2.2403850180557154	0.12323569233487328	11.061749972345625	8.70499991295
700	11468800	10	8.0	4.0	10.0	0.0	10	7.0	4.58257569495584	10.0	0.0	-0.0032178545900916266	-2.2564253233506246	0.13891060206523453	12.784749968038124	12.955999870440001
704	11534336	10	8.0	4.0	10.0	0.0	10	8.0	4.0	10.0	0.0	-0.003870570630372968	-2.2856664680047136	0.12884569104660504	11.64249997089375	11.370999886290003
708	11599872	10	7.0	4.58257569495584	10.0	0.0	10	4.0	4.898979485566356	10.0	0.0	-0.0038793276661536077	-2.2799648615329744	0.15069625633751188	12.15749996960625	12.107999878920003
712	11665408	10	7.0	4.58257569495584	10.0	0.0	10	5.0	5.0	10.0	0.0	-0.0030176230135606458	-2.2781751277656515	0.181067696559629	11.128999972177501	14.540999854590003
716	11730944	10	8.0	4.0	10.0	0.0	10	8.0	4.0	10.0	0.0	-0.003686389053574314	-2.2434266331441797	0.19004892462747486	12.746249968134375	7.5759999242400005
720	11796480	10	5.0	5.0	10.0	0.0	10	8.0	4.0	10.0	0.0	-0.004212895521823902	-2.2461046598995513	0.1455858623224464	12.767749968080624	11.971999880280002
724	11862016	10	6.0	4.898979485566356	10.0	0.0	10	6.0	4.898979485566356	10.0	0.0	-0.004297682722767097	-2.307285422839784	0.0947631652717487	11.38549997153625	15.062999849370003
728	11927552	10	9.0	3.0	10.0	0.0	10	8.0	4.0	10.0	0.0	-0.0039839658658914895	-2.324443434433405	0.06869735380811585	11.531749971170626	14.211999857880002
732	11993088	10	8.0	4.0	10.0	0.0	10	8.0	4.0	10.0	0.0	-0.0026065275691218035	-2.2859832046034905	0.07589032686456275	12.913749967715626	6.317999936820001
736	12058624	10	8.0	4.0	10.0	0.0	10	9.0	3.0	10.0	0.0	-0.0022721413573948963	-2.2192398630254426	0.15473451269730915	13.351749966620627	12.907999870920001
740	12124160	10	6.0	4.898979485566356	10.0	0.0	10	6.0	4.898979485566356	10.0	0.0	-0.0031073435138545768	-2.2113482800802817	0.12518564008890173	11.969999970075001	4.224999957750001
744	12189696	10	5.0	5.0	10.0	0.0	10	8.0	4.0	10.0	0.0	-0.003700497317285686	-2.145435318127309	0.12396692948987198	12.017249969956875	4.71699995283
748	12255232	10	7.0	4.58257569495584	10.0	0.0	10	5.0	5.0	10.0	0.0	-0.004011703902088383	-2.1359866904974236	0.15264260107613528	12.838249967904376	8.75099991249
752	12320768	10	7.0	4.58257569495584	10.0	0.0	10	7.0	4.58257569495584	10.0	0.0	-0.0034371134748710924	-2.2228425540198065	0.253610535964029	11.603249970991877	18.166999818330005
756	12386304	10	5.0	5.0	10.0	0.0	10	7.0	4.58257569495584	10.0	0.0	-0.0034930307298054086	-2.230202875799086	0.23848228417957157	11.230249971924374	19.054999809450003
760	12451840	10	7.0	4.58257569495584	10.0	0.0	10	6.0	4.898979485566356	10.0	0.0	-0.003870198990222649	-2.28348412340935	0.1511752044158907	11.603749970990625	8.59699991403
764	12517376	10	4.0	4.898979485566356	10.0	0.0	10	9.0	3.0	10.0	0.0	-0.003411754288762716	-2.2523786944784927	0.18561733547061593	12.654749968363125	4.441999955580001
768	12582912	10	7.0	4.58257569495584	10.0	0.0	10	8.0	4.0	10.0	0.0	-0.004282872027193788	-2.293759020427348	0.15431307846392228	11.857249970356875	8.28899991711
772	12648448	10	8.0	4.0	10.0	0.0	10	6.0	4.898979485566356	10.0	0.0	-0.0041945114518841895	-2.261984911822094	0.17661155874863854	11.9609999700975	10.553999894460002
776	12713984	10	7.0	4.58257569495584	10.0	0.0	10	7.0	4.58257569495584	10.0	0.0	-0.003381497774425384	-2.2806918593852243	0.20113421989993208	12.901749967745625	9.107999908920002
780	12779520	10	6.0	4.898979485566356	10.0	0.0	10	7.0	4.58257569495584	10.0	0.0	-0.003912906858099794	-2.3247694668732386	0.15763423008133554	11.660249970849375	16.416999835830005
784	12845056	10	7.0	4.58257569495584	10.0	0.0	10	4.0	4.898979485566356	10.0	0.0	-0.0036999682993848486	-2.3080104338705416	0.18460525190086932	12.10649996973375	17.411999825880002
788	12910592	10	7.0	4.58257569495584	10.0	0.0	10	8.0	4.0	10.0	0.0	-0.0042857624644140205	-2.2591368379822496	0.16076478406974928	12.229249969426874	7.247999927520001
792	12976128	10	5.0	5.0	10.0	0.0	10	5.0	5.0	10.0	0.0	-0.00368555061102405	-2.2226433279781928	0.1375482664300273	12.232249969419376	6.927999930720001
796	13041664	10	6.0	4.898979485566356	10.0	0.0	10	8.0	4.0	10.0	0.0	-0.002361261450517206	-2.1602856315905625	0.1116400134711029	12.397749969005625	6.956999930430001
800	13107200	10	10.0	0.0	10.0	10.0	10	10.0	0.0	10.0	10.0	-0.002951846957326098	-2.1970981754557464	0.21915221953189146	11.163249972091874	8.41699991583
804	13172736	10	5.0	5.0	10.0	0.0	10	7.0	4.58257569495584	10.0	0.0	-0.003509993019419797	-2.1846132723201577	0.1275779290894099	12.814999967962498	6.242999937570001
808	13238272	10	7.0	4.58257569495584	10.0	0.0	10	6.0	4.898979485566356	10.0	0.0	-0.002820019289790267	-2.186890894940185	0.14692671770096433	12.560249968599376	5.592999944070001
812	13303808	10	7.0	4.58257569495584	10.0	0.0	10	9.0	3.0	10.0	0.0	-0.002842932619091145	-2.205646385519426	0.08713781656177758	12.945749967635626	5.915999940840002
816	13369344	10	7.0	4.58257569495584	10.0	0.0	10	4.0	4.898979485566356	10.0	0.0	-0.003012295887239507	-2.2112880471032157	0.09690663904339183	12.699249968251875	12.826999871730003
820	13434880	10	6.0	4.898979485566356	10.0	0.0	10	8.0	4.0	10.0	0.0	-0.004658945234162335	-2.201787744729842	0.183974709497848	12.3109999692225	13.212999867870002
824	13500416	10	9.0	3.0	10.0	0.0	10	6.0	4.898979485566356	10.0	0.0	-0.0046058062187565325	-2.21780532823746	0.15124055815371748	12.127749969680623	13.929999860700002
828	13565952	10	7.0	4.58257569495584	10.0	0.0	10	6.0	4.898979485566356	10.0	0.0	-0.0033934676778499162	-2.2141371615408167	0.18829447009657163	11.2989999717525	12.065999879340003
832	13631488	10	5.0	5.0	10.0	0.0	10	7.0	4.58257569495584	10.0	0.0	-0.004391425196594087	-2.214855924017981	0.16983280267039114	12.619749968450625	8.25699991743
836	13697024	10	7.0	4.58257569495584	10.0	0.0	10	4.0	4.898979485566356	10.0	0.0	-0.0038083358081747263	-2.2102576268397147	0.11994604866012706	11.267249971831873	10.927999890720002
840	13762560	10	9.0	3.0	10.0	0.0	10	8.0	4.0	10.0	0.0	-0.004533208035488739	-2.180905356776034	0.10887184803947454	12.305249969236874	10.051999899480002
844	13828096	10	8.0	4.0	10.0	0.0	10	9.0	3.0	10.0	0.0	-0.0026064231664060084	-2.187364662459133	0.08935965519088503	12.974999967562502	6.696999933030001
848	13893632	10	6.0	4.898979485566356	10.0	0.0	10	9.0	3.0	10.0	0.0	-0.004277409917307005	-2.247649252180573	0.08899196985337238	11.759749970600623	8.219999917800003
852	13959168	10	6.0	4.898979485566356	10.0	0.0	10	8.0	4.0	10.0	0.0	-0.0033401636194722497	-2.2521005096672475	0.12278139194125973	11.478749971303127	6.566999934330001
856	14024704	10	8.0	4.0	10.0	0.0	10	8.0	4.0	10.0	0.0	-0.003941518924768298	-2.238889398440952	0.09004549481356074	12.69599996826	8.179999918200002
860	14090240	10	6.0	4.898979485566356	10.0	0.0	10	8.0	4.0	10.0	0.0	-0.003230819956082359	-2.2487502617281687	0.11491289174849838	11.313999971715	14.474999855250003
864	14155776	10	6.0	4.898979485566356	10.0	0.0	10	4.0	4.898979485566356	10.0	0.0	-0.003889398019559428	-2.279892737429277	0.17062044910240584	12.8889999677775	10.944999890550003
868	14221312	10	7.0	4.58257569495584	10.0	0.0	10	8.0	4.0	10.0	0.0	-0.0046024406760560585	-2.2707602106152907	0.1580810424474244	11.871749970320625	9.331999906680002
872	14286848	10	8.0	4.0	10.0	0.0	10	4.0	4.898979485566356	10.0	0.0	-0.004220320221838819	-2.2402649295976667	0.11541896131782849	12.057749969855626	6.799999932000001
876	14352384	10	5.0	5.0	10.0	0.0	10	6.0	4.898979485566356	10.0	0.0	-0.004290848361211124	-2.2446922185665636	0.14354595245539953	12.094999969762501	12.083999879160002
880	14417920	10	7.0	4.58257569495584	10.0	0.0	10	9.0	3.0	10.0	0.0	-0.0031164347173911664	-2.1918492364587068	0.08915682962632548	11.51599997121	10.749999892500002
884	14483456	10	7.0	4.58257569495584	10.0	0.0	10	7.0	4.58257569495584	10.0	0.0	-0.003083966056068177	-2.212432441381623	0.08371698475191656	12.76549996808625	9.993999900060002
888	14548992	10	7.0	4.58257569495584	10.0	0.0	10	8.0	4.0	10.0	0.0	-0.004827766511377434	-2.2277415218615575	0.20446170817793471	13.097749967255625	6.147999938520001
892	14614528	10	6.0	4.898979485566356	10.0	0.0	10	6.0	4.898979485566356	10.0	0.0	-0.002233556372094292	-2.2548709087208505	0.12928996932277376	11.088999972277502	17.234999827650004
896	14680064	10	6.0	4.898979485566356	10.0	0.0	10	7.0	4.58257569495584	10.0	0.0	-0.004261609333763687	-2.237147765621958	0.14895015041499726	11.67049997082375	7.2299999277000015
900	14745600	10	9.0	3.0	10.0	0.0	10	7.0	4.58257569495584	10.0	0.0	-0.0037041907146362213	-2.2410422213524672	0.12586883588081393	12.438249968904376	11.549999884500002
904	14811136	10	8.0	4.0	10.0	0.0	10	6.0	4.898979485566356	10.0	0.0	-0.0038743631626459857	-2.2531435114778486	0.1144949435525207	12.808249967979375	13.095999869040002
908	14876672	10	7.0	4.58257569495584	10.0	0.0	10	6.0	4.898979485566356	10.0	0.0	-0.004010498756125041	-2.2407271685849057	0.09607146819052713	12.361749969095627	6.9019999309800015
912	14942208	10	5.0	5.0	10.0	0.0	10	9.0	3.0	10.0	0.0	-0.004071993511570591	-2.2233902139135804	0.10118626058017757	12.48749996878125	6.584999934150001
916	15007744	10	6.0	4.898979485566356	10.0	0.0	10	8.0	4.0	10.0	0.0	-0.004123938470785113	-2.196747680276289	0.13161777245682862	11.749749970625624	5.489999945100001
920	15073280	10	5.0	5.0	10.0	0.0	10	7.0	4.58257569495584	10.0	0.0	-0.003981332866603535	-2.170985653770323	0.12572640644939403	13.12349996719125	5.029999949700001
924	15138816	10	6.0	4.898979485566356	10.0	0.0	10	7.0	4.58257569495584	10.0	0.0	-0.0036068477804779516	-2.1525319191558068	0.08328082943243768	12.405999968985002	8.98199991018
928	15204352	10	6.0	4.898979485566356	10.0	0.0	10	5.0	5.0	10.0	0.0	-0.002961617899012828	-2.197117318480825	0.09015545133571104	11.2149999719625	7.014999929850001
932	15269888	10	6.0	4.898979485566356	10.0	0.0	10	8.0	4.0	10.0	0.0	-0.004493173713386009	-2.2844283404553534	0.166986314174399	12.993249967516876	8.536999914630002
936	15335424	10	6.0	4.898979485566356	10.0	0.0	10	7.0	4.58257569495584	10.0	0.0	-0.0029069340644131397	-2.3227275210186287	0.17097301597012546	11.979249970051875	15.141999848580001
940	15400960	10	7.0	4.58257569495584	10.0	0.0	10	4.0	4.898979485566356	10.0	0.0	-0.004319982491177647	-2.2853233414494656	0.13717912632784815	11.779499970551251	9.299999907000002
944	15466496	10	8.0	4.0	10.0	0.0	10	6.0	4.898979485566356	10.0	0.0	-0.003284298297898059	-2.270883311591427	0.13587848708791245	12.4399999689	13.964999860350002
948	15532032	10	7.0	4.58257569495584	10.0	0.0	10	5.0	5.0	10.0	0.0	-0.0030987731730829997	-2.232390329009212	0.13295783291272406	13.836249965409374	10.839999891600002
952	15597568	10	6.0	4.898979485566356	10.0	0.0	10	8.0	4.0	10.0	0.0	-0.00451528034513969	-2.2775342884274155	0.17142861109614313	12.0709999698225	8.809999911900002
956	15663104	10	8.0	4.0	10.0	0.0	10	8.0	4.0	10.0	0.0	-0.004011807305572666	-2.2524264452495335	0.13705864469645257	12.3269999691825	8.95299991047
960	15728640	10	7.0	4.58257569495584	10.0	0.0	10	7.0	4.58257569495584	10.0	0.0	-0.003965893168132524	-2.233986841902881	0.16072592758451565	11.397499971506251	5.3579999464200005
964	15794176	10	5.0	5.0	10.0	0.0	10	6.0	4.898979485566356	10.0	0.0	-0.0036198089385398643	-2.22071549769952	0.10457595762638688	12.877999967805	11.596999884030001
968	15859712	10	7.0	4.58257569495584	10.0	0.0	10	8.0	4.0	10.0	0.0	-0.0027623398949347473	-2.2118726370414774	0.10881021902927177	12.390749969023124	7.401999925980001
972	15925248	10	7.0	4.58257569495584	10.0	0.0	10	5.0	5.0	10.0	0.0	-0.0038524787810809047	-2.2340206451870457	0.17673936082770306	12.074999969812499	10.751999892480002
976	15990784	10	6.0	4.898979485566356	10.0	0.0	10	5.0	5.0	10.0	0.0	-0.003598388043963375	-2.2492301958443233	0.13805789823059472	11.910499970223752	9.873999901260001
980	16056320	10	9.0	3.0	10.0	0.0	10	7.0	4.58257569495584	10.0	0.0	-0.0032292912300940536	-2.237955706581804	0.15958757910301638	11.8329999704175	5.837999941620001
984	16121856	10	6.0	4.898979485566356	10.0	0.0	10	5.0	5.0	10.0	0.0	-0.0028401451172685886	-2.186451278399163	0.12319845642852952	11.40549997148625	15.234999847650002
988	16187392	10	8.0	4.0	10.0	0.0	10	4.0	4.898979485566356	10.0	0.0	-0.003497543443638961	-2.159680646929682	0.12815273652691364	12.286249969284373	7.201999927980001
992	16252928	10	9.0	3.0	10.0	0.0	10	8.0	4.0	10.0	0.0	-0.004343359665201701	-2.1709762958410943	0.12155644563312716	13.031749967420627	8.569999914300002
996	16318464	10	6.0	4.898979485566356	10.0	0.0	10	7.0	4.58257569495584	10.0	0.0	-0.003917443291555166	-2.1748389251748237	0.14815570459089153	12.053999969865	7.803999921960002
1000	16384000	10	7.0	4.58257569495584	10.0	0.0	10	6.0	4.898979485566356	10.0	0.0	-0.0038309146253243265	-2.2035088462322405	0.11776427023127825	12.985249967536873	11.974999880250001
1004	16449536	10	6.0	4.898979485566356	10.0	0.0	10	8.0	4.0	10.0	0.0	-0.0037377240656241238	-2.273336261274043	0.08562402548540674	12.611749968470626	10.376999896230002
1008	16515072	10	7.0	4.58257569495584	10.0	0.0	10	9.0	3.0	10.0	0.0	-0.004577032978712954	-2.346100506438805	0.09916230437554625	11.528249971179376	8.69899991301
1012	16580608	10	7.0	4.58257569495584	10.0	0.0	10	5.0	5.0	10.0	0.0	-0.004126159013013197	-2.305315218625734	0.1546226262807589	13.033249967416875	8.53299991467
1016	16646144	10	4.0	4.898979485566356	10.0	0.0	10	7.0	4.58257569495584	10.0	0.0	-0.004794443177268065	-2.2819399781631637	0.09049573828357882	13.157499967106252	15.045999849540001
1020	16711680	10	8.0	4.0	10.0	0.0	10	6.0	4.898979485566356	10.0	0.0	-0.0039354195998529875	-2.2786162195216315	0.0577153533074334	12.587499968531251	10.42099989579
1024	16777216	10	9.0	3.0	10.0	0.0	10	8.0	4.0	10.0	0.0	-0.003144430663244924	-2.295312242964227	0.04461712492068111	10.94349997264125	6.027999939720001
1028	16842752	10	7.0	4.58257569495584	10.0	0.0	10	8.0	4.0	10.0	0.0	-0.003466066782739007	-2.267966153484768	0.06383324714566305	13.071249967321876	11.726999882730002
1032	16908288	10	5.0	5.0	10.0	0.0	10	6.0	4.898979485566356	10.0	0.0	-0.004044677077099628	-2.2099016803187874	0.041242497299459856	12.64849996837875	5.541999944580001
1036	16973824	10	9.0	3.0	10.0	0.0	10	9.0	3.0	10.0	0.0	-0.00419258204739873	-2.177173708649185	0.05199409342159165	11.24849997187875	6.252999937470001
1040	17039360	10	5.0	5.0	10.0	0.0	10	9.0	3.0	10.0	0.0	-0.004717936617568111	-2.156637765242517	0.1324624939838899	12.761749968095625	5.38699994613
1044	17104896	10	9.0	3.0	10.0	0.0	10	6.0	4.898979485566356	10.0	0.0	-0.005138756680096878	-2.181651092838483	0.09315182678983343	12.231749969420624	11.288999887110002
1048	17170432	10	6.0	4.898979485566356	10.0	0.0	10	9.0	3.0	10.0	0.0	-0.0034263460956398422	-2.22592994795898	0.06859547060122191	12.01049996997375	5.4539999454600006
1052	17235968	10	6.0	4.898979485566356	10.0	0.0	10	8.0	4.0	10.0	0.0	-0.00341929957322316	-2.2063265117691455	0.09515988558975347	12.709999968225	5.202999947970001
1056	17301504	10	6.0	4.898979485566356	10.0	0.0	10	9.0	3.0	10.0	0.0	-0.002969558555372007	-2.164517953766419	0.12683125029083417	12.300999969247501	9.556999904430002
1060	17367040	10	4.0	4.898979485566356	10.0	0.0	10	6.0	4.898979485566356	10.0	0.0	-0.004675425000457694	-2.2000974985652197	0.07293013147832164	11.589749971025626	11.828999881710002
1064	17432576	10	8.0	4.0	10.0	0.0	10	7.0	4.58257569495584	10.0	0.0	-0.003985318684690553	-2.158840084844459	0.09496130265548088	11.357499971606252	7.736999922630002
1068	17498112	10	8.0	4.0	10.0	0.0	10	9.0	3.0	10.0	0.0	-0.004399736721852078	-2.193507442643239	0.0871118550524954	12.159999969600001	9.870999901290002
1072	17563648	10	8.0	4.0	10.0	0.0	10	10.0	0.0	10.0	10.0	-0.003909875673542828	-2.2221972368826326	0.14298051376889884	12.028749969928125	10.824999891750002
1076	17629184	10	7.0	4.58257569495584	10.0	0.0	10	9.0	3.0	10.0	0.0	-0.0031181029804819224	-2.2573842950297354	0.11271735227191147	11.481499971296248	6.68799993312
1080	17694720	10	8.0	4.0	10.0	0.0	10	6.0	4.898979485566356	10.0	0.0	-0.002382689286357258	-2.226584993070886	0.08087354258296182	12.963749967590624	4.862999951370001
1084	17760256	10	4.0	4.898979485566356	10.0	0.0	10	8.0	4.0	10.0	0.0	-0.0042026438382151	-2.210356399186678	0.09596966687211081	12.396999969007501	9.312999906870003
1088	17825792	10	8.0	4.0	10.0	0.0	10	7.0	4.58257569495584	10.0	0.0	-0.0029972927292480677	-2.211979525554237	0.04477144796225931	12.014999969962501	6.2459999375400015
1092	17891328	10	8.0	4.0	10.0	0.0	10	6.0	4.898979485566356	10.0	0.0	-0.003891408086523649	-2.1929469056626685	0.11810954336864532	11.85199997037	8.433999915660001
1096	17956864	10	7.0	4.58257569495584	10.0	0.0	10	7.0	4.58257569495584	10.0	0.0	-0.003754404222706094	-2.180069642535252	0.11879835435659247	12.573249968566877	9.162999908370002
1100	18022400	10	6.0	4.898979485566356	10.0	0.0	10	8.0	4.0	10.0	0.0	-0.003894382987910497	-2.199026062855537	0.11665898709662126	12.225999969435	9.35399990646
1104	18087936	10	8.0	4.0	10.0	0.0	10	5.0	5.0	10.0	0.0	-0.004962920430229967	-2.193514416386677	0.07384854144966867	11.948499970128749	8.925999910740002
1108	18153472	10	6.0	4.898979485566356	10.0	0.0	10	10.0	0.0	10.0	10.0	-0.004220991875187391	-2.131526929414762	0.06318510516160124	11.54849997112875	9.78199990218
1112	18219008	10	8.0	4.0	10.0	0.0	10	8.0	4.0	10.0	0.0	-0.004092049765129554	-2.137173495964111	0.0536554493342204	11.892999970267502	7.530999924690001
1116	18284544	10	8.0	4.0	10.0	0.0	10	8.0	4.0	10.0	0.0	-0.0046487153347706265	-2.139649177368126	0.036470807791516784	12.557999968605	7.646999923530002
1120	18350080	10	9.0	3.0	10.0	0.0	10	6.0	4.898979485566356	10.0	0.0	-0.0037507542482705957	-2.1756197559554074	0.08968660204396774	11.87649997030875	10.567999894320002
1124	18415616	10	7.0	4.58257569495584	10.0	0.0	10	8.0	4.0	10.0	0.0	-0.0033805043442766774	-2.169028463237048	0.05175859304964005	11.283999971790001	12.561999874380001
1128	18481152	10	6.0	4.898979485566356	10.0	0.0	10	8.0	4.0	10.0	0.0	-0.002636388082190067	-2.1759080089845653	0.056726809483282466	13.242249966894374	12.885999871140001
1132	18546688	10	5.0	5.0	10.0	0.0	10	8.0	4.0	10.0	0.0	-0.004080098015219267	-2.208641459314433	0.0391931546238791	12.916499967708749	11.823999881760002
1136	18612224	10	9.0	3.0	10.0	0.0	10	9.0	3.0	10.0	0.0	-0.003175686976619194	-2.264734444282974	0.03889943638042625	12.283249969291877	14.243999857560002
1140	18677760	10	6.0	4.898979485566356	10.0	0.0	10	8.0	4.0	10.0	0.0	-0.004360571563817975	-2.3327315000249893	0.04084155357667348	11.88949997027625	17.20499982795
1144	18743296	10	7.0	4.58257569495584	10.0	0.0	10	7.0	4.58257569495584	10.0	0.0	-0.0033986151486509832	-2.295027633268981	0.03666168748028914	12.240499969398751	8.630999913690001
1148	18808832	10	5.0	5.0	10.0	0.0	10	7.0	4.58257569495584	10.0	0.0	-0.0031562643619555924	-2.346064701431987	0.08817625931554565	12.24949996937625	13.929999860700002
1152	18874368	10	8.0	4.0	10.0	0.0	10	9.0	3.0	10.0	0.0	-0.0028864236928736716	-2.35129184996431	0.09109740229926779	11.759249970601877	8.90699991093
1156	18939904	10	10.0	0.0	10.0	10.0	10	7.0	4.58257569495584	10.0	0.0	-0.0037524605500677544	-2.3005357481626385	0.07153536759367266	12.20249996949375	16.83099983169
1160	19005440	10	7.0	4.58257569495584	10.0	0.0	10	4.0	4.898979485566356	10.0	0.0	-0.003357793133802343	-2.3575888074962186	0.03260948299818224	12.037999969905	21.18499978815
1164	19070976	10	6.0	4.898979485566356	10.0	0.0	10	7.0	4.58257569495584	10.0	0.0	-0.004304408622835585	-2.43348751191778	0.06618101048214775	11.90149997024625	19.814999801850004
1168	19136512	10	4.0	4.898979485566356	10.0	0.0	10	8.0	4.0	10.0	0.0	-0.00390126682961622	-2.4074955704287246	0.12651480703926604	12.338749969153124	13.795999862040002
1172	19202048	10	6.0	4.898979485566356	10.0	0.0	10	8.0	4.0	10.0	0.0	-0.0030827846903596348	-2.4248854118046483	0.07150209356751537	13.184999967037498	18.222999817770003
1176	19267584	10	7.0	4.58257569495584	10.0	0.0	10	6.0	4.898979485566356	10.0	0.0	-0.004231767010589457	-2.3988095569098657	0.1125175349374753	12.41199996897	16.831999831680005
1180	19333120	10	8.0	4.0	10.0	0.0	10	7.0	4.58257569495584	10.0	0.0	-0.0033776301785229876	-2.4129500312079823	0.08255771966761233	12.690499968273752	21.369999786300003
1184	19398656	10	5.0	5.0	10.0	0.0	10	7.0	4.58257569495584	10.0	0.0	-0.003288048214887335	-2.3797990950449903	0.059272589839757854	11.619749970950625	21.770999782290005
1188	19464192	10	9.0	3.0	10.0	0.0	10	7.0	4.58257569495584	10.0	0.0	-0.003066086230606288	-2.3388813433595006	0.043761175053369926	12.56449996858875	15.822999841770002
1192	19529728	10	8.0	4.0	10.0	0.0	10	9.0	3.0	10.0	0.0	-0.003336670943964396	-2.4124486890902483	0.045374726309215886	12.7129999682175	5.47499994525
1196	19595264	10	7.0	4.58257569495584	10.0	0.0	10	7.0	4.58257569495584	10.0	0.0	-0.003141262027360023	-2.364626385025234	0.0549643015320163	12.127999969680001	21.123999788760003
1200	19660800	10	7.0	4.58257569495584	10.0	0.0	10	9.0	3.0	10.0	0.0	-0.0036005285530830307	-2.34007179961068	0.07789300175658843	10.716249973209374	23.371999766280005
1204	19726336	10	6.0	4.898979485566356	10.0	0.0	10	7.0	4.58257569495584	10.0	0.0	-0.0035789346192572602	-2.367553340645377	0.05900974454917389	12.9999999675	13.730999862690002
1208	19791872	10	9.0	3.0	10.0	0.0	10	8.0	4.0	10.0	0.0	-0.003173737451685614	-2.302577520170368	0.15549318118263816	12.24249996939375	6.388999936110001
1212	19857408	10	7.0	4.58257569495584	10.0	0.0	10	8.0	4.0	10.0	0.0	-0.003036515457084127	-2.2919051992492636	0.16020180651956709	11.684749970788125	14.552999854470004
1216	19922944	10	8.0	4.0	10.0	0.0	10	5.0	5.0	10.0	0.0	-0.0036503487835173013	-2.258334169549938	0.1082434327384083	11.257249971856874	16.11199983888
1220	19988480	10	6.0	4.898979485566356	10.0	0.0	10	9.0	3.0	10.0	0.0	-0.003896310903249965	-2.2995749833771306	0.10161923453084572	12.66399996834	9.217999907820001
1224	20054016	10	5.0	5.0	10.0	0.0	10	6.0	4.898979485566356	10.0	0.0	-0.004844499923618496	-2.2658586648726535	0.1427910488027729	11.649749970875625	11.042999889570002
1228	20119552	10	6.0	4.898979485566356	10.0	0.0	10	9.0	3.0	10.0	0.0	-0.004960997466179656	-2.261914367241483	0.14658930104561546	12.213999969465	7.187999928120001
1232	20185088	10	8.0	4.0	10.0	0.0	10	5.0	5.0	10.0	0.0	-0.0030269964769589117	-2.3269291666706438	0.08252893633824086	12.593999968515	8.269999917300002
1236	20250624	10	7.0	4.58257569495584	10.0	0.0	10	8.0	4.0	10.0	0.0	-0.005229050508873513	-2.2617743435132858	0.08454594405185775	12.5769999685575	18.669999813300006
1240	20316160	10	5.0	5.0	10.0	0.0	10	9.0	3.0	10.0	0.0	-0.002876897177281688	-2.2787505385886186	0.06467905782537141	11.38749997153125	9.003999909960001
1244	20381696	10	4.0	4.898979485566356	10.0	0.0	10	6.0	4.898979485566356	10.0	0.0	-0.003915003112419925	-2.2282130840086487	0.07303880313426636	12.263749969340626	8.206999917930002
1248	20447232	10	9.0	3.0	10.0	0.0	10	9.0	3.0	10.0	0.0	-0.00399426908025743	-2.166618431382193	0.08172480192173666	11.685249970786876	3.0349999696500007
1252	20512768	10	7.0	4.58257569495584	10.0	0.0	10	6.0	4.898979485566356	10.0	0.0	-0.0024332120590054894	-2.158700225029035	0.07530219870572374	12.475249968811875	6.275999937240001
1256	20578304	10	9.0	3.0	10.0	0.0	10	10.0	0.0	10.0	10.0	-0.0039715863842609824	-2.1827409513504534	0.08350119289731968	12.4789999688025	8.405999915940003
1260	20643840	10	6.0	4.898979485566356	10.0	0.0	10	7.0	4.58257569495584	10.0	0.0	-0.0025752393021670145	-2.1910505938234444	0.07822984925742894	12.08949996977625	10.355999896440002
1264	20709376	10	6.0	4.898979485566356	10.0	0.0	10	5.0	5.0	10.0	0.0	-0.0041314971211796935	-2.1743611144741393	0.06255149678645693	11.6029999709925	12.806999871930003
1268	20774912	10	7.0	4.58257569495584	10.0	0.0	10	8.0	4.0	10.0	0.0	-0.003960551892499147	-2.1772540755785488	0.1463429468221017	11.483499971291252	7.419999925800001
1272	20840448	10	9.0	3.0	10.0	0.0	10	8.0	4.0	10.0	0.0	-0.004247565008742502	-2.159995364421117	0.06424168123155648	12.348249969129375	12.217999877820002
1276	20905984	10	4.0	4.898979485566356	10.0	0.0	10	8.0	4.0	10.0	0.0	-0.003836282518835973	-2.182939884335897	0.07399681222843807	11.774749970563127	9.178999908210002
1280	20971520	10	9.0	3.0	10.0	0.0	10	7.0	4.58257569495584	10.0	0.0	-0.004362462218978504	-2.211995956567978	0.12617258431317394	12.255499969361248	6.0219999397800015
1284	21037056	10	8.0	4.0	10.0	0.0	10	9.0	3.0	10.0	0.0	-0.004053112458558753	-2.175371207070247	0.05131672178151581	11.4969999712575	7.426999925730001
1288	21102592	10	8.0	4.0	10.0	0.0	10	4.0	4.898979485566356	10.0	0.0	-0.0006797396101824061	-2.1866850229806793	0.044518751931628825	10.7669999730825	9.504999904950003
1292	21168128	10	6.0	4.898979485566356	10.0	0.0	10	4.0	4.898979485566356	10.0	0.0	-0.003426214231034695	-2.1464450828978703	0.06939241365039589	11.038749972403126	11.173999888260001
1296	21233664	10	7.0	4.58257569495584	10.0	0.0	10	7.0	4.58257569495584	10.0	0.0	-0.0057223607976489834	-2.187463951379684	0.09284906532657178	10.965749972585623	4.8619999513800005
1300	21299200	10	5.0	5.0	10.0	0.0	10	7.0	4.58257569495584	10.0	0.0	-0.00400372810891723	-2.1944937256672885	0.09577933296262031	11.119749972200625	5.859999941400002
1304	21364736	10	7.0	4.58257569495584	10.0	0.0	10	6.0	4.898979485566356	10.0	0.0	-0.004874174982228471	-2.1530549449466028	0.08037576638295016	12.159249969601875	3.7469999625300003
1308	21430272	10	8.0	4.0	10.0	0.0	10	8.0	4.0	10.0	0.0	-0.003914598889318753	-2.0860640255423983	0.024791115523682745	10.550749973623125	8.8699999113
1312	21495808	10	5.0	5.0	10.0	0.0	10	5.0	5.0	10.0	0.0	-0.005179361745292039	-2.097214338461648	0.03542296841255203	11.053999972364998	5.132999948670001
1316	21561344	10	6.0	4.898979485566356	10.0	0.0	10	4.0	4.898979485566356	10.0	0.0	-0.0033310796906806136	-2.166811175418688	0.06906097389833753	11.26649997183375	8.695999913040001
1320	21626880	10	7.0	4.58257569495584	10.0	0.0	10	5.0	5.0	10.0	0.0	-0.004814179568816405	-2.1833389622678956	0.05241128607970544	10.939749972650626	7.839999921600001
1324	21692416	10	8.0	4.0	10.0	0.0	10	9.0	3.0	10.0	0.0	-0.003050498778051362	-2.2368795621051847	0.030608025167713142	11.613249970966876	10.688999893110001
1328	21757952	10	6.0	4.898979485566356	10.0	0.0	10	5.0	5.0	10.0	0.0	-0.004934946620264589	-2.276708163083861	0.016697249662157406	11.358499971603752	12.216999877830002
1332	21823488	10	6.0	4.898979485566356	10.0	0.0	10	6.0	4.898979485566356	10.0	0.0	-0.004038808061708634	-2.326943851764999	0.04795334940218507	11.18449997203875	14.427999855720003
1336	21889024	10	8.0	4.0	10.0	0.0	10	7.0	4.58257569495584	10.0	0.0	-0.0028121127928394237	-2.308509128548637	0.04852875195481394	11.618749970953127	13.238999867610003
1340	21954560	10	8.0	4.0	10.0	0.0	10	7.0	4.58257569495584	10.0	0.0	-0.004350906897193465	-2.265188616774954	0.058054609252107356	11.158249972104374	7.635999923640001
1344	22020096	10	7.0	4.58257569495584	10.0	0.0	10	10.0	0.0	10.0	10.0	-0.0051880677753971495	-2.2160989838516962	0.04661545628671564	10.860249972849376	13.543999864560003
1348	22085632	10	5.0	5.0	10.0	0.0	10	7.0	4.58257569495584	10.0	0.0	-0.002991196873751879	-2.227017059690237	0.09477126630355294	10.943249972641874	9.6899999031
1352	22151168	10	8.0	4.0	10.0	0.0	10	9.0	3.0	10.0	0.0	-0.0032594579166713503	-2.2243622712957447	0.060663996558758905	11.405999971485	5.3339999466600005
1356	22216704	10	8.0	4.0	10.0	0.0	10	9.0	3.0	10.0	0.0	-0.0030921693902617752	-2.2191990487449367	0.07482021906565083	11.652249970869375	8.389999916100003
1360	22282240	10	7.0	4.58257569495584	10.0	0.0	10	4.0	4.898979485566356	10.0	0.0	-0.004841695202029588	-2.186505598098763	0.1390603779291933	10.40549997398625	6.73299993267
1364	22347776	10	7.0	4.58257569495584	10.0	0.0	10	5.0	5.0	10.0	0.0	-0.00423446422020335	-2.19345229841272	0.08090459523500654	11.068249972329374	10.036999899630002
1368	22413312	10	8.0	4.0	10.0	0.0	10	8.0	4.0	10.0	0.0	-0.0043081432566758945	-2.2126378414710244	0.08067333076550641	10.775499973061251	9.80599990194
1372	22478848	10	8.0	4.0	10.0	0.0	10	7.0	4.58257569495584	10.0	0.0	-0.003187037783362315	-2.2375230488830593	0.0679088422259358	11.50149997124625	6.982999930170001
1376	22544384	10	6.0	4.898979485566356	10.0	0.0	10	5.0	5.0	10.0	0.0	-0.004102700071777484	-2.240502285227245	0.09108479044537898	11.301749971745625	5.438999945610001
1380	22609920	10	7.0	4.58257569495584	10.0	0.0	10	9.0	3.0	10.0	0.0	-0.004139481512107426	-2.183726144106209	0.0768924613480764	11.811749970470625	4.558999954410001
1384	22675456	10	9.0	3.0	10.0	0.0	10	6.0	4.898979485566356	10.0	0.0	-0.003327710415413884	-2.227700849142083	0.07696691451490986	11.566249971084375	18.224999817750003
1388	22740992	10	4.0	4.898979485566356	10.0	0.0	10	9.0	3.0	10.0	0.0	-0.004274907613620342	-2.225496013727426	0.0453228130598373	11.818749970453124	6.232999937670001
1392	22806528	10	5.0	5.0	10.0	0.0	10	7.0	4.58257569495584	10.0	0.0	-0.005261458002433506	-2.236837749446879	0.037423175908510374	11.986749970033124	10.495999895040002
1396	22872064	10	7.0	4.58257569495584	10.0	0.0	10	7.0	4.58257569495584	10.0	0.0	-0.003680198831333198	-2.2596100715429213	0.08151053832382882	10.865749972835625	9.416999905830002
1400	22937600	10	8.0	4.0	10.0	0.0	10	9.0	3.0	10.0	0.0	-0.0035172535968714873	-2.257488757136747	0.06454907968200771	10.784749973038124	10.857999891420002
1404	23003136	10	7.0	4.58257569495584	10.0	0.0	10	7.0	4.58257569495584	10.0	0.0	-0.00471560744165488	-2.329067157959719	0.049142017569803687	12.0389999699025	19.16799980832
1408	23068672	10	6.0	4.898979485566356	10.0	0.0	10	7.0	4.58257569495584	10.0	0.0	-0.0037933064664371547	-2.341687264297859	0.05074048081058987	11.982499970043753	16.687999833120003
1412	23134208	10	5.0	5.0	10.0	0.0	10	5.0	5.0	10.0	0.0	-0.0032122874178022254	-2.350985685739399	0.07998994456905943	11.149249972126874	18.200999817990002
1416	23199744	10	9.0	3.0	10.0	0.0	10	9.0	3.0	10.0	0.0	-0.0033107668710916274	-2.331123274818623	0.05901301576393455	11.228999971927502	5.119999948800001
1420	23265280	10	8.0	4.0	10.0	0.0	10	6.0	4.898979485566356	10.0	0.0	-0.0037659851049302285	-2.3731952928018094	0.030606038773077014	11.129749972175626	12.261999877380003
1424	23330816	10	8.0	4.0	10.0	0.0	10	7.0	4.58257569495584	10.0	0.0	-0.003653473559929709	-2.307357462503568	0.10613129644829725	10.77149997307125	9.582999904170002
1428	23396352	10	8.0	4.0	10.0	0.0	10	8.0	4.0	10.0	0.0	-0.004399661376885672	-2.303105612355969	0.14777375593173483	11.430499971423751	12.990999870090002
1432	23461888	10	6.0	4.898979485566356	10.0	0.0	10	8.0	4.0	10.0	0.0	-0.004562211319484181	-2.2886929534475136	0.08600892963854602	11.2129999719675	24.283999757160004
1436	23527424	10	5.0	5.0	10.0	0.0	10	7.0	4.58257569495584	10.0	0.0	-0.003376245474052342	-2.276241292319018	0.0736154292749858	10.38949997402625	9.510999904890001
1440	23592960	10	7.0	4.58257569495584	10.0	0.0	10	6.0	4.898979485566356	10.0	0.0	-0.003463257962360644	-2.308606738605027	0.06740406999380263	11.9709999700725	10.225999897740003
1444	23658496	10	5.0	5.0	10.0	0.0	10	6.0	4.898979485566356	10.0	0.0	-0.003573385753277214	-2.3014222803301396	0.1198183687201377	12.016499969958751	9.088999909110003
1448	23724032	10	5.0	5.0	10.0	0.0	10	7.0	4.58257569495584	10.0	0.0	-0.005065222733495103	-2.314845678465834	0.09362219406946425	9.977999975055003	13.799999862000004
1452	23789568	10	6.0	4.898979485566356	10.0	0.0	10	6.0	4.898979485566356	10.0	0.0	-0.003937476305705511	-2.2543185450271936	0.06542115174716595	11.634749970913125	8.707999912920002
1456	23855104	10	10.0	0.0	10.0	10.0	10	9.0	3.0	10.0	0.0	-0.002811687830833735	-2.274218996128967	0.05805695505237107	11.833249970416874	3.6829999631700003
1460	23920640	10	8.0	4.0	10.0	0.0	10	6.0	4.898979485566356	10.0	0.0	-0.0036491219212458023	-2.278771579028222	0.09588624192567104	10.493999973765	11.155999888440002
1464	23986176	10	7.0	4.58257569495584	10.0	0.0	10	9.0	3.0	10.0	0.0	-0.0037914630637706863	-2.276667795838191	0.105431622096686	11.125749972185625	9.585999904140001
1468	24051712	10	7.0	4.58257569495584	10.0	0.0	10	10.0	0.0	10.0	10.0	-0.004172091559838761	-2.23782871391907	0.0542458480089897	11.459999971350001	5.146999948530001
1472	24117248	10	7.0	4.58257569495584	10.0	0.0	10	6.0	4.898979485566356	10.0	0.0	-0.00460905620712351	-2.273845299841533	0.07623670540179023	11.5309999711725	17.285999827140003
1476	24182784	10	6.0	4.898979485566356	10.0	0.0	10	8.0	4.0	10.0	0.0	-0.0040752388736411856	-2.3203501003550424	0.10533539480208583	10.578749973553126	12.511999874880003
1480	24248320	10	8.0	4.0	10.0	0.0	10	7.0	4.58257569495584	10.0	0.0	-0.0031596482146034007	-2.2840185759072535	0.04045589558339375	10.951749972620624	13.175999868240002
1484	24313856	10	4.0	4.898979485566356	10.0	0.0	10	4.0	4.898979485566356	10.0	0.0	-0.003747915276323882	-2.2690031004568714	0.07527184829030277	11.57649997105875	9.063999909360001
1488	24379392	10	8.0	4.0	10.0	0.0	10	8.0	4.0	10.0	0.0	-0.003672988849678092	-2.308792414524064	0.049635449057843097	11.109499972226251	12.121999878780002
1492	24444928	10	3.0	4.58257569495584	10.0	0.0	10	8.0	4.0	10.0	0.0	-0.0026527809553616288	-2.3858149247863185	0.032237473806442506	10.5809999735475	14.303999856960003
1496	24510464	10	7.0	4.58257569495584	10.0	0.0	10	9.0	3.0	10.0	0.0	-0.004538688907644888	-2.369778528562695	0.0657506738429851	12.029999969925	10.319999896800002
1500	24576000	10	7.0	4.58257569495584	10.0	0.0	10	6.0	4.898979485566356	10.0	0.0	-0.0035308861548361153	-2.3767988207447273	0.056098505977304945	11.050749972373124	21.02499978975
1504	24641536	10	8.0	4.0	10.0	0.0	10	8.0	4.0	10.0	0.0	-0.003389939207055924	-2.406058810400671	0.07421237101956067	10.0869999747825	22.518999774810002
1508	24707072	10	7.0	4.58257569495584	10.0	0.0	10	10.0	0.0	10.0	10.0	-0.005548582023673443	-2.379977260778786	0.021438301584759106	10.894749972763126	14.055999859440002
1512	24772608	10	8.0	4.0	10.0	0.0	10	8.0	4.0	10.0	0.0	-0.004948111531818189	-2.4043174408355243	0.04959443997084826	12.014499969963753	9.234999907650002
1516	24838144	10	8.0	4.0	10.0	0.0	10	8.0	4.0	10.0	0.0	-0.005090796539737862	-2.37557239309043	0.014413032916929816	11.624749970938124	16.412999835870004
1520	24903680	10	9.0	3.0	10.0	0.0	10	6.0	4.898979485566356	10.0	0.0	-0.004951350084805116	-2.380553749452413	0.015804874711517636	10.179749974550624	14.682999853170003
1524	24969216	10	9.0	3.0	10.0	0.0	10	6.0	4.898979485566356	10.0	0.0	-0.005043831886198238	-2.4095950446996444	0.032186380785466956	10.739249973151873	11.688999883110002
