iter	frame	n_test	mean_returns	std_returns	max_returns	min_returns	n_test_train	mean_returns_train	std_returns_train	max_returns_train	min_returns_train	actor_loss	entropy_loss	value_loss	training_time	evaluation_time
0	0	10	1.1	2.3430749027719964	8.0	0.0	10	0.9	1.2206555615733703	4.0	0.0	0	0	0	0.0	11.161999888380002
4	65536	10	1.1	1.5132745950421556	5.0	0.0	10	1.0	1.0	3.0	0.0	0.02065601009020085	-2.313130306459914	0.1586562474092977	12.069499969826252	9.82799990172
8	131072	10	1.2	1.7776388834631178	6.0	0.0	10	1.1	1.5132745950421556	4.0	0.0	-0.0017407345025888352	-2.2831922320133344	0.03283051397154229	12.228249969429374	11.806999881930002
12	196608	10	0.5	0.806225774829855	2.0	0.0	10	0.5	0.5	1.0	0.0	-0.0032574600514880467	-2.322875082250862	0.03749908661700083	12.58749996853125	11.411999885880002
16	262144	10	1.4	1.3564659966250536	4.0	0.0	10	0.7	1.004987562112089	3.0	0.0	-0.005867025841017828	-2.4184894012872404	0.04108740373397039	11.199249972001875	13.02399986976
20	327680	10	1.1	1.1357816691600549	3.0	0.0	10	0.9	1.374772708486752	4.0	0.0	-0.007111416219400336	-2.422335522617896	0.045828195322808685	12.732249968169375	11.448999885510002
24	393216	10	0.8	1.5362291495737217	5.0	0.0	10	1.0	1.0	3.0	0.0	-0.008839223089114622	-2.382982214043663	0.046001651940421634	11.661749970845626	11.204999887950002
28	458752	10	0.3	0.6403124237432849	2.0	0.0	10	0.8	0.8717797887081348	3.0	0.0	-0.009519734149680227	-2.3985425330683534	0.04644964464145839	10.87749997280625	10.588999894110001
32	524288	10	0.4	0.9165151389911681	3.0	0.0	10	1.4	1.2806248474865698	4.0	0.0	-0.009919491110422824	-2.4191810262663465	0.04924730676644647	12.024249969939378	7.661999923380002
36	589824	10	0.9	0.8306623862918076	2.0	0.0	10	1.5	1.3601470508735443	4.0	0.0	-0.010665022602047589	-2.406506416447619	0.04648297539583186	11.445749971385625	11.862999881370001
40	655360	10	2.1	3.014962686336267	10.0	0.0	10	1.2	1.4	4.0	0.0	-0.012124174595808702	-2.458651073020887	0.03715053846439792	11.892249970269376	15.670999843290002
44	720896	10	1.8	2.6758176320519307	7.0	0.0	10	2.1	2.118962010041709	7.0	0.0	-0.012105795269793355	-2.472405607244123	0.0388075301266829	12.472749968818125	13.212999867870002
48	786432	10	1.0	1.2649110640673518	4.0	0.0	10	1.1	1.374772708486752	4.0	0.0	-0.013688768222375247	-2.456124099336521	0.038235125477168216	11.72049997069875	12.821999871780001
52	851968	10	1.0	1.2649110640673518	3.0	0.0	10	0.9	1.044030650891055	3.0	0.0	-0.01436987171566293	-2.4296674974215335	0.039056469138989476	11.426499971433751	7.408999925910001
56	917504	10	0.3	0.6403124237432849	2.0	0.0	10	1.4	1.42828568570857	5.0	0.0	-0.012779681687367256	-2.4247562907593903	0.03903205197596395	12.164999969587502	10.519999894800002
60	983040	10	0.9	1.2206555615733705	4.0	0.0	10	1.2	1.2489995996796797	4.0	0.0	-0.013574815581807259	-2.400719739246633	0.04038467269435809	10.922499972693752	14.921999850780002
64	1048576	10	0.6	1.0198039027185568	3.0	0.0	10	1.3	1.4866068747318506	4.0	0.0	-0.01455040689658457	-2.41350061172935	0.04224096020864518	11.5389999711525	9.72799990272
68	1114112	10	1.5	1.3601470508735443	4.0	0.0	10	1.5	1.3601470508735443	4.0	0.0	-0.01458036535131827	-2.3676909677701485	0.040311269225078876	11.973749970065624	16.09499983905
72	1179648	10	0.6	0.9165151389911681	3.0	0.0	10	0.8	0.4	1.0	0.0	-0.014344234003471791	-2.3621766564769624	0.044540494830985454	11.138999972152499	7.062999929370001
76	1245184	10	1.9	2.071231517720798	6.0	0.0	10	1.3	2.1	7.0	0.0	-0.01549185009046203	-2.376099193842061	0.03667531301816733	12.008749969978124	15.476999845230003
80	1310720	10	1.5	1.91049731745428	5.0	0.0	10	1.6	1.854723699099141	6.0	0.0	-0.015138142065188298	-2.4061727248109324	0.036283428330696275	11.665749970835625	12.599999874000002
84	1376256	10	0.8	1.0770329614269007	3.0	0.0	10	2.2	3.627671429443411	12.0	0.0	-0.015694284373423663	-2.4377248309496897	0.03814243936203467	11.221499971946251	24.583999754160004
88	1441792	10	1.5	1.746424919657298	6.0	0.0	10	0.8	1.077032961426901	3.0	0.0	-0.01415744684198081	-2.3800700428589496	0.04866297783133618	10.89749997275625	11.572999884270002
92	1507328	10	0.8	0.9797958971132713	3.0	0.0	10	2.5	2.6551836094703507	7.0	0.0	-0.01453786456689608	-2.3715809009982363	0.03950999975569007	11.33849997165375	17.53399982466
96	1572864	10	0.8	1.1661903789690602	3.0	0.0	10	1.6	1.3564659966250536	4.0	0.0	-0.01557594762642358	-2.3150272391808544	0.043906372540402985	10.386749974033126	16.964999830350003
100	1638400	10	0.9	1.8138357147217055	6.0	0.0	10	2.2	3.400000000000001	12.0	0.0	-0.014800603880732083	-2.301527616638608	0.04112186103941307	11.840749970398125	19.0599998094
104	1703936	10	0.7	1.1874342087037917	4.0	0.0	10	1.2	1.661324772583615	4.0	0.0	-0.015602385230716226	-2.3042136328999057	0.04018879052764266	11.683249970791877	8.683999913160001
108	1769472	10	1.0	1.0	3.0	0.0	10	1.4	1.8547236990991407	6.0	0.0	-0.015369399235690286	-2.317091777679359	0.03878408272269064	11.260249971849376	13.749999862500003
112	1835008	10	1.7	1.8466185312619388	6.0	0.0	10	3.5	4.695742752749559	16.0	0.0	-0.015663168473904737	-2.3267490613023663	0.03741496717555622	11.46149997134625	21.064999789350004
116	1900544	10	0.6	0.9165151389911681	3.0	0.0	10	1.4	1.2806248474865698	4.0	0.0	-0.016236475739915837	-2.335078815375913	0.0354276733280819	12.304749969238125	10.306999896930002
120	1966080	10	1.4	2.9051678092667896	10.0	0.0	10	2.0	1.4142135623730951	4.0	0.0	-0.015865288588292583	-2.3159673931769063	0.0354832441819502	10.925999972685	19.40399980596
124	2031616	10	1.0	1.1832159566199232	4.0	0.0	10	1.5	1.2041594578792296	4.0	0.0	-0.01653479574522216	-2.2842955810432377	0.038429811049595815	11.114499972213752	10.293999897060003
128	2097152	10	1.1	1.2206555615733703	3.0	0.0	10	2.0	1.8439088914585775	5.0	0.0	-0.016538512703336106	-2.2583394644292154	0.03721744906312845	11.578249971054376	13.689999863100002
132	2162688	10	1.1	1.374772708486752	4.0	0.0	10	1.5	1.857417562100671	6.0	0.0	-0.015290847321844346	-2.2230018300482643	0.041098244212322464	10.601249973496875	16.787999832120004
136	2228224	10	1.2	1.8867962264113207	6.0	0.0	10	1.5	1.746424919657298	5.0	0.0	-0.016653716315061143	-2.2185978067590426	0.04177463413169072	11.13199997217	14.195999858040002
140	2293760	10	0.5	0.5	1.0	0.0	10	1.6	1.4966629547095767	4.0	0.0	-0.01643152774412076	-2.205292470523475	0.03845979757982462	11.847999970380002	11.737999882620002
144	2359296	10	2.5	1.8027756377319946	6.0	0.0	10	2.2	1.6	5.0	0.0	-0.01575192149739077	-2.1822699852498095	0.04224128143732317	10.77949997305125	15.682999843170002
148	2424832	10	4.3	5.0803543183522155	17.0	0.0	10	2.4	2.2	7.0	0.0	-0.015466079060899541	-2.156260336214204	0.04345158060249564	11.965249970086875	24.261999757380003
152	2490368	10	1.4	1.7435595774162693	6.0	0.0	10	1.9	1.5132745950421556	5.0	0.0	-0.017399891845350016	-2.1852563667007874	0.03692880650830416	11.78399997054	9.910999900890001
156	2555904	10	1.0	1.61245154965971	5.0	0.0	10	3.0	2.8284271247461903	8.0	0.0	-0.015626806322758865	-2.220570956435955	0.03787031618018101	11.8109999704725	21.907999780920004
160	2621440	10	2.0	2.32379000772445	8.0	0.0	10	2.2	2.181742422927143	7.0	0.0	-0.014882564048362348	-2.1957714903054204	0.04668608974799971	11.176749972058126	14.944999850550003
164	2686976	10	3.5	3.4713109915419564	10.0	0.0	10	0.8	1.2489995996796797	4.0	0.0	-0.01658646848539651	-2.2265185512766563	0.037321109243195844	11.424999971437499	16.652999833470002
168	2752512	10	1.0	1.4142135623730951	4.0	0.0	10	5.5	5.643580423808985	17.0	0.0	-0.016010124923468223	-2.214286009239967	0.03736298245687133	11.106999972232499	25.040999749590004
172	2818048	10	2.4	4.029888335921977	14.0	0.0	10	0.7	1.1874342087037917	4.0	0.0	-0.015644951993522054	-2.191791501909667	0.043767599500813215	11.06549997233625	18.046999819530004
176	2883584	10	1.5	1.5652475842498528	4.0	0.0	10	2.3	3.2264531609803355	9.0	0.0	-0.015967820648109254	-2.171680015596035	0.04167308952846155	11.015999972460001	20.072999799270004
180	2949120	10	1.9	2.0223748416156684	6.0	0.0	10	2.1	3.6180105030251086	11.0	0.0	-0.01620023289749759	-2.2018473121217084	0.04161325135455681	11.672749970818126	25.335999746640002
184	3014656	10	1.5	1.8027756377319946	6.0	0.0	10	2.9	2.3853720883753127	8.0	0.0	-0.01614099924410584	-2.188500493536908	0.03712152223647388	11.7909999705225	9.499999905000001
188	3080192	10	2.1	1.374772708486752	5.0	0.0	10	4.8	4.995998398718719	15.0	0.0	-0.015717592123898148	-2.172038912546878	0.037755408494991365	11.321999971695	28.907999710920006
192	3145728	10	1.7	1.268857754044952	4.0	0.0	10	1.9	1.6401219466856725	6.0	0.0	-0.015650534527783297	-2.174073929361534	0.038871688841828705	11.293249971766876	12.437999875620003
196	3211264	10	1.6	3.5832945734337835	12.0	0.0	10	2.2	3.218695387886217	11.0	0.0	-0.016199878798468417	-2.177605283530217	0.03456144275094168	11.60049997099875	27.685999723140004
200	3276800	10	1.8	2.08806130178211	5.0	0.0	10	2.7	1.676305461424021	6.0	0.0	-0.015445153838510148	-2.1725292923770283	0.033900890825665476	10.875749972810626	15.696999843030001
204	3342336	10	2.1	2.507987240796891	7.0	0.0	10	1.0	1.5491933384829668	4.0	0.0	-0.01598569393005993	-2.1531334070108605	0.03468293711802684	10.3449999741375	12.593999874060001
208	3407872	10	0.7	0.7810249675906655	2.0	0.0	10	3.9	3.8845849199110063	13.0	0.0	-0.016017201575625382	-2.1908669717811255	0.03825748447551172	11.484249971289374	20.340999796590005
212	3473408	10	0.4	0.48989794855663565	1.0	0.0	10	2.7	4.605431575867782	16.0	0.0	-0.014579346232188548	-2.112138430057492	0.04337363315216769	10.668749973328124	11.771999882280003
216	3538944	10	1.2	2.08806130178211	7.0	0.0	10	2.8	3.1559467676119	11.0	0.0	-0.015821434667354514	-2.098002160370358	0.043596392337658586	11.1929999720175	20.525999794740002
220	3604480	10	1.4	2.33238075793812	8.0	0.0	10	3.6	3.7735924528226414	12.0	0.0	-0.01442609232952334	-2.1340420045219157	0.039365346364767344	11.048499972378751	16.869999831300003
224	3670016	10	1.3	1.1	3.0	0.0	10	4.0	4.219004621945797	15.0	0.0	-0.016565028624823844	-2.1053788014046697	0.03930327959414944	11.45249997136875	16.703999832960005
228	3735552	10	0.8	1.077032961426901	3.0	0.0	10	2.3	2.5317977802344327	9.0	0.0	-0.014930027889589255	-2.1198652260280806	0.042770423727932265	10.906999972732498	13.093999869060001
232	3801088	10	0.7	1.004987562112089	3.0	0.0	10	1.3	1.1	4.0	0.0	-0.016287213840891657	-2.1721441544813254	0.038798184809114004	11.122249972194377	9.484999905150001
236	3866624	10	1.8	3.218695387886216	11.0	0.0	10	3.6	4.054626986542659	14.0	0.0	-0.015194293660527448	-2.138297371343556	0.03606124441151813	12.830499967923751	19.784999802150004
240	3932160	10	1.6	2.1071307505705477	7.0	0.0	10	2.8	2.785677655436824	7.0	0.0	-0.015562018778125677	-2.1291880828904493	0.039950691275793676	11.795249970511875	12.920999870790002
244	3997696	10	1.9	3.112876483254676	11.0	0.0	10	2.7	3.407345007480165	11.0	0.0	-0.015230125258545427	-2.128124626752585	0.03710628186043637	10.65049997337375	16.511999834880005
248	4063232	10	1.2	1.5362291495737217	4.0	0.0	10	2.6	1.42828568570857	5.0	0.0	-0.015370565976724026	-2.1259782883297156	0.03904468643382774	12.096499969758751	11.241999887580002
252	4128768	10	2.9	2.947880594596735	9.0	0.0	10	3.2	2.181742422927143	7.0	0.0	-0.0162392984646492	-2.142462407326049	0.04483995578405577	11.78949997052625	21.550999784490003
256	4194304	10	2.1	3.080584360149872	11.0	0.0	10	3.2	3.1559467676119	11.0	0.0	-0.015955480306280072	-2.1399975093956836	0.038221732767508336	11.387249971531874	27.564999724350006
260	4259840	10	1.7	1.9519221295943134	6.0	0.0	10	2.0	2.0	6.0	0.0	-0.015634925711804158	-2.2011353023540914	0.03444659610618577	11.924249970189376	25.675999743240002
264	4325376	10	1.7	1.4177446878757824	5.0	0.0	10	1.8	2.5219040425836985	8.0	0.0	-0.01473339909805801	-2.1747790423750457	0.036027463052239014	11.270499971823751	15.737999842620003
268	4390912	10	3.1	4.548626166217664	16.0	0.0	10	2.5	3.263433774416144	11.0	0.0	-0.0160486827973381	-2.176997857562428	0.03120972549528124	10.652249973369374	22.35699977643
272	4456448	10	2.1	1.6401219466856725	4.0	0.0	10	4.4	4.317406628984581	15.0	0.0	-0.014953298250130222	-2.158289246036298	0.035213958060891726	10.829249972926876	16.344999836550002
276	4521984	10	1.2	1.6	5.0	0.0	10	2.9	1.8681541692269403	6.0	0.0	-0.014685600807738126	-2.2026317738185694	0.03347019164008686	10.3149999742125	9.4499999055
280	4587520	10	2.1	3.176476034853718	10.0	0.0	10	2.3	1.9519221295943134	5.0	0.0	-0.013454138981426146	-2.1698038923466996	0.04165745452388565	11.929249970176874	21.738999782610005
284	4653056	10	3.4	3.954743986657038	13.0	0.0	10	1.1	1.2206555615733703	3.0	0.0	-0.015237671896333987	-2.1683520448929388	0.041091476834444945	11.996499970008749	16.497999835020003
288	4718592	10	1.8	1.98997487421324	6.0	0.0	10	8.2	11.634431657799189	40.0	0.0	-0.015648858697696624	-2.143453297292434	0.042350474177949606	11.441999971395001	40.9399995906
292	4784128	10	2.1	2.4677925358506134	8.0	0.0	10	3.2	2.85657137141714	10.0	0.0	-0.015361925566055312	-2.1598225953912	0.0437632341202707	10.39849997400375	22.34499977655
296	4849664	10	2.4	3.2	11.0	0.0	10	6.9	11.13058848399311	40.0	1.0	-0.015635048071583342	-2.150301868492886	0.04281228497023215	11.229249971926874	34.85899965141001
300	4915200	10	3.2	3.762977544445356	12.0	0.0	10	5.1	5.957348403442592	20.0	0.0	-0.015275802721211	-2.167885397645514	0.04150809607191389	11.032999972417501	44.937999550620006
304	4980736	10	2.3	2.794637722496424	8.0	0.0	10	2.7	3.4655446902326914	12.0	0.0	-0.01578167736036068	-2.1446419331184208	0.04622508142593299	10.994249972514377	18.661999813380003
308	5046272	10	2.6	3.039736830714133	10.0	0.0	10	3.6	3.8781438859330635	12.0	0.0	-0.01566003814836199	-2.1593773809806236	0.0444722376950326	11.10049997224875	22.575999774240003
312	5111808	10	3.5	3.2939338184001206	11.0	1.0	10	3.2	2.2715633383201093	7.0	0.0	-0.01536721007466739	-2.180944382917197	0.040561995348393186	10.7389999731525	19.336999806630004
316	5177344	10	1.4	2.3748684174075834	8.0	0.0	10	7.4	11.421033228215387	40.0	0.0	-0.015010271804337665	-2.2060575855460542	0.04030533735996602	10.623249973441876	29.238999707610006
320	5242880	10	1.3	1.0049875621120892	3.0	0.0	10	2.5	1.6881943016134133	6.0	0.0	-0.015022770274553662	-2.183997260799995	0.03849549583379274	10.539499973651251	11.993999880060002
324	5308416	10	2.4	2.973213749463701	8.0	0.0	10	3.2	3.5156791662493894	12.0	0.0	-0.01565423433525249	-2.2251283971137585	0.03560144413124588	11.565249971086876	15.863999841360004
328	5373952	10	2.2	1.4696938456699067	5.0	0.0	10	3.0	3.5777087639996634	10.0	0.0	-0.013295061590249391	-2.2332126520731355	0.04057735485611002	10.383749974040626	18.073999819260006
332	5439488	10	2.8	2.5219040425836985	8.0	0.0	10	5.2	11.7285975291166	40.0	0.0	-0.015748871763992527	-2.2056543328053952	0.03863323925747127	10.507749973730625	37.29199962708001
336	5505024	10	1.8	2.08806130178211	7.0	0.0	10	2.2	2.039607805437114	6.0	0.0	-0.015643599157745755	-2.232823505765072	0.03726425479398922	10.675249973311875	16.477999835220004
340	5570560	10	1.6	1.3564659966250536	4.0	0.0	10	3.4	4.24735211631906	15.0	0.0	-0.0163967942966841	-2.232514440780782	0.03903954157509546	10.327999974179999	19.348999806510005
344	5636096	10	3.0	3.40587727318528	10.0	0.0	10	4.0	7.26636084983398	25.0	0.0	-0.015419269614449747	-2.2569841764999805	0.03743603233401308	11.0869999722825	25.835999741640002
348	5701632	10	2.5	3.442382895611701	12.0	0.0	10	3.0	3.22490309931942	11.0	0.0	-0.01573026863315897	-2.3004502502667705	0.03287663081473622	11.513249971216874	15.482999845170003
352	5767168	10	2.6	2.6153393661244038	7.0	0.0	10	7.7	11.322985472038724	40.0	0.0	-0.015345382885767127	-2.279112366101163	0.03274111189383203	11.508249971229375	34.761999652380005
356	5832704	10	2.9	5.243090691567332	16.0	0.0	10	5.1	4.011234224026316	12.0	0.0	-0.0147977848788637	-2.2656289634728743	0.03357365692150299	10.387249974031874	29.199999708000004
360	5898240	10	4.0	6.434283176858165	22.0	0.0	10	6.4	5.388877434122992	18.0	0.0	-0.013886759616443227	-2.29860497490463	0.031219663910109677	10.734249973164374	28.607999713920005
364	5963776	10	3.4	5.480875842417888	19.0	0.0	10	6.9	11.49304137293519	40.0	0.0	-0.01596978478801636	-2.250104933742741	0.03340500381349621	10.391749974020625	41.28199958718
368	6029312	10	2.8	2.9597297173897483	11.0	0.0	10	3.6	3.4985711369071804	10.0	0.0	-0.014475902962969519	-2.2704627412179357	0.03461367137912834	11.20249997199375	21.389999786100002
372	6094848	10	2.2	2.5612496949731396	8.0	0.0	10	2.8	3.4871191548325386	11.0	0.0	-0.015300948250036717	-2.2638001141574216	0.035080733356137095	11.199249972001876	13.860999861390003
376	6160384	10	1.4	1.3564659966250538	4.0	0.0	10	3.7	5.139066063011839	18.0	0.0	-0.015938957603346175	-2.2589347136647833	0.03444872233502595	11.60249997099375	18.299999817000003
380	6225920	10	2.5	2.4596747752497685	8.0	0.0	10	7.2	11.178550889985695	40.0	0.0	-0.014998571084666318	-2.2501229442795685	0.0352171433005119	10.758749973103125	40.877999591220004
384	6291456	10	1.5	1.6881943016134133	6.0	0.0	10	6.2	11.63443165779919	40.0	0.0	-0.014518456185218229	-2.2471316057089674	0.03881534621258444	11.240499971898751	32.40499967595001
388	6356992	10	7.2	12.302845199383759	40.0	0.0	10	4.6	7.0738956735309575	25.0	0.0	-0.015792321193831654	-2.2822174353010376	0.037520903216957446	11.385749971535626	36.02699963973001
392	6422528	10	7.2	11.82201336490532	40.0	0.0	10	2.7	2.282542442102666	7.0	0.0	-0.016196064198215957	-2.269814965389165	0.03576482119985524	11.304749971738124	36.633999633660004
396	6488064	10	2.3	3.195309061734091	8.0	0.0	10	8.9	11.175419455215094	40.0	0.0	-0.01544695125227386	-2.2382610636604836	0.0375442612333851	10.72249997319375	32.882999671170005
400	6553600	10	0.8	1.2489995996796797	4.0	0.0	10	11.6	14.458215657542253	40.0	1.0	-0.012785171103922962	-2.194510680705198	0.04253687899271864	10.72249997319375	31.678999683210005
404	6619136	10	1.9	2.6627053911388696	8.0	0.0	10	11.0	14.845874847916509	40.0	0.0	-0.014744636256768529	-2.1816236126137176	0.039265415627144494	11.024749972438125	29.000999709990005
408	6684672	10	3.8	7.166589146867566	25.0	0.0	10	7.0	12.425779653607254	40.0	0.0	-0.01418588950616618	-2.2309182532291323	0.03942684173018067	11.447249971381876	45.4799995452
412	6750208	10	5.5	11.723907198540937	40.0	0.0	10	10.5	14.881196188478935	40.0	0.0	-0.015359369762252316	-2.189952788025505	0.04256353507461586	11.692249970769376	34.15699965843
416	6815744	10	2.9	3.753664875824692	13.0	0.0	10	6.4	7.683749084919419	24.0	0.0	-0.0138523124585361	-2.2026598923097396	0.0391634247263766	11.965249970086877	30.509999694900007
420	6881280	10	2.1	3.207802986469088	11.0	0.0	10	5.1	4.742362280551751	15.0	1.0	-0.014322461726223638	-2.178095777602603	0.04160996281574108	12.067249969831877	32.244999677550005
424	6946816	10	3.7	3.034798181098704	8.0	0.0	10	4.2	3.059411708155671	11.0	0.0	-0.014387498455427852	-2.118589276848087	0.040130678482519576	12.076499969808749	16.17199983828
428	7012352	10	1.1	1.57797338380595	4.0	0.0	10	4.1	3.5902646142032486	11.0	0.0	-0.013866304504589174	-2.1226330248290557	0.04093916026914588	11.6129999709675	19.284999807150005
432	7077888	10	2.2	3.31058907144937	11.0	0.0	10	7.2	11.408768557561329	40.0	1.0	-0.016396894852843635	-2.2089735664609793	0.036396351037636214	10.796749973008124	37.39199962608001
436	7143424	10	2.4	2.009975124224178	6.0	0.0	10	7.1	6.0074953183502355	19.0	1.0	-0.014782917080362381	-2.1943711412647398	0.039854376398066396	10.117749974705626	29.787999702120004
440	7208960	10	4.8	4.770744176750625	13.0	0.0	10	8.0	12.84523257866513	40.0	0.0	-0.013964776971746607	-2.147117510214307	0.04060635513513497	10.76549997308625	43.16999956830001
444	7274496	10	0.6	0.6633249580710799	2.0	0.0	10	3.1	2.1656407827707715	7.0	0.0	-0.014997686289415418	-2.1233122694267377	0.03999279534105231	10.266749974333125	14.375999856240002
448	7340032	10	2.1	2.5865034312755126	8.0	0.0	10	5.7	11.550324670761423	40.0	0.0	-0.013287407689081035	-2.151383794620048	0.042344311732889335	11.89849997025375	21.06599978934
452	7405568	10	4.3	3.1638584039112754	9.0	0.0	10	5.3	5.848931526355903	18.0	0.0	-0.01344427293812277	-2.165944282981638	0.0372251043212629	11.469999971325	28.748999712510003
456	7471104	10	6.8	11.600000000000003	40.0	0.0	10	3.7	3.407345007480165	12.0	0.0	-0.013572496494009259	-2.122825227456694	0.03993435215254632	12.331749969170625	38.17999961820001
460	7536640	10	2.3	2.5317977802344322	8.0	0.0	10	15.0	16.55294535724685	40.0	0.0	-0.01576466422150385	-2.1602969962094987	0.039450838168233165	11.356249971609374	28.683999713160006
464	7602176	10	7.6	11.646458689232535	40.0	0.0	10	8.9	11.23788236279416	40.0	0.0	-0.014827558720724872	-2.2100947248620337	0.035647457442413606	11.403749971490626	50.48699949513001
468	7667712	10	4.5	5.004997502496879	17.0	0.0	10	12.6	14.56845908117945	41.0	1.0	-0.0142847379790485	-2.219231679804421	0.032051147482278886	9.862749975343124	51.59799948402001
472	7733248	10	1.8	3.627671429443411	12.0	0.0	10	10.5	14.861022845013057	40.0	0.0	-0.01495812420121499	-2.2257124754454862	0.032313505591718285	10.969249972576874	33.83699966163001
476	7798784	10	2.1	1.6401219466856725	4.0	0.0	10	3.3	3.0675723300355937	9.0	0.0	-0.01369230092777657	-2.218361454474318	0.030828438890059692	10.488999973777501	20.088999799110002
480	7864320	10	5.1	11.759676866308869	40.0	0.0	10	5.1	3.6180105030251086	14.0	3.0	-0.013701241015736828	-2.166917904985728	0.03424950900208446	10.402749973993126	38.149999618500004
484	7929856	10	2.4	3.0397368307141326	10.0	0.0	10	4.3	5.74543296888929	19.0	0.0	-0.013970483459221751	-2.140142547364622	0.04032460112713566	10.721249973196874	25.366999746330006
488	7995392	10	9.4	12.690153663372245	40.0	0.0	10	7.0	11.3754120804479	40.0	0.0	-0.013958117826163902	-2.109894869008423	0.04323567311838036	10.483499973791252	49.49899950501001
492	8060928	10	1.7	3.001666203960727	10.0	0.0	10	11.3	14.622243329940861	40.0	0.0	-0.014987088609768905	-2.1485663749523027	0.04484097674642809	9.838749975403125	35.79799964202001
496	8126464	10	2.8	1.98997487421324	7.0	0.0	10	7.4	11.508257904652641	40.0	0.0	-0.014431223029242109	-2.1833382395615777	0.04313159302824718	9.45249997636875	38.576999614230004
500	8192000	10	6.0	11.549891774384728	40.0	0.0	10	11.5	14.61677118928801	40.0	0.0	-0.014269145490318247	-2.119683312652245	0.046640935581906975	9.680999975797501	100.74299899257001
504	8257536	10	2.4	3.4409301068170506	12.0	0.0	10	7.3	4.859012245302536	17.0	0.0	-0.013695629404323643	-2.120404548722167	0.050805449131240604	11.140999972147501	27.104999728950006
508	8323072	10	9.7	12.665306944563168	40.0	0.0	10	10.8	9.239047569960876	25.0	0.0	-0.014566232211107817	-2.118418765344091	0.051481734955908603	10.986249972534377	137.76899862231002
512	8388608	10	3.5	3.6124783736376886	11.0	0.0	10	7.5	11.766477807738388	40.0	0.0	-0.014191760774678716	-2.134000338391695	0.0542336401550727	11.558999971102502	35.334999646650004
516	8454144	10	6.9	5.769748694700662	19.0	1.0	10	3.4	2.5377155080899043	8.0	0.0	-0.014116290620571112	-2.1410092609877376	0.04748313083827722	10.712749973218125	47.837999521620006
520	8519680	10	1.7	1.9000000000000001	6.0	0.0	10	6.7	11.515641536623136	40.0	0.0	-0.014851407187627378	-2.111981170652849	0.05131777926434471	10.599499973501251	33.63699966363001
524	8585216	10	3.8	5.075431016179808	17.0	0.0	10	8.0	11.567194992737004	40.0	0.0	-0.014847861613482356	-2.1355253480633833	0.04924999091571645	9.969999975075	30.031999699680004
528	8650752	10	4.6	5.295280917949491	17.0	0.0	10	5.6	11.689311356961966	40.0	0.0	-0.014178757144426894	-2.099433198352514	0.04405087309741072	9.93849997515375	28.697999713020003
532	8716288	10	7.7	11.933566105737212	40.0	0.0	10	4.5	4.153311931459037	16.0	0.0	-0.014334516617683734	-2.109886102158588	0.0476209676076413	10.803249972991873	102.31299897687002
536	8781824	10	6.6	11.646458689232533	40.0	0.0	10	8.2	11.702991070662234	40.0	0.0	-0.014334858245721557	-2.117235901234539	0.04456250062524257	11.409499971476249	39.12499960875001
540	8847360	10	3.5	4.5	14.0	0.0	10	3.6	2.90516780926679	8.0	0.0	-0.014341796809904491	-2.1285762287942593	0.05196230314751601	10.466749973833124	28.947999710520005
544	8912896	10	2.6	2.2	6.0	0.0	10	14.6	16.799999999999997	40.0	0.0	-0.014037601563412777	-2.143303669765848	0.05021286790201793	11.13549997216125	108.42699891573002
548	8978432	10	9.2	12.921300244170478	40.0	0.0	10	6.3	6.723838189605695	21.0	0.0	-0.015392630512212275	-2.1972727922296516	0.04257634834641396	11.231749971920625	52.804999471950005
552	9043968	10	1.0	0.8944271909999159	3.0	0.0	10	2.7	4.267317658670374	15.0	0.0	-0.014899381890815556	-2.2004724390996135	0.038602819701050416	10.619999973450001	13.993999860060002
556	9109504	10	7.5	11.723907198540937	40.0	0.0	10	5.4	3.2310988842807027	12.0	2.0	-0.014958332819897002	-2.19243938701362	0.04222187083162761	10.50749997373125	31.804999681950004
560	9175040	10	7.0	11.20714058089752	40.0	0.0	10	8.3	12.050311199301037	40.0	0.0	-0.01494458311537682	-2.1943531232773315	0.03905727708072543	10.693999973264999	52.56399947436001
564	9240576	10	5.1	6.394528911499267	19.0	0.0	10	9.0	12.806248474865697	40.0	0.0	-0.014579269747322116	-2.167624329301425	0.04291013701527123	9.883999975290001	41.29699958703
568	9306112	10	4.7	5.292447448959697	19.0	0.0	10	3.6	2.615339366124404	9.0	0.0	-0.014697156849842968	-2.1850411219108916	0.03604828051769615	9.4029999764925	33.761999662380006
572	9371648	10	3.7	6.165225056719341	20.0	0.0	10	10.9	11.50173899895142	40.0	0.0	-0.014005909400774908	-2.13313283997409	0.03461319062265435	10.285749974285626	64.88099935119001
576	9437184	10	3.6	3.693237062523878	12.0	0.0	10	3.8	2.6758176320519307	8.0	0.0	-0.013303004679203732	-2.1377156076588673	0.042514502532076864	11.1849999720375	36.58699963413001
580	9502720	10	2.6	2.3748684174075834	6.0	0.0	10	7.6	11.757550765359255	40.0	0.0	-0.014024472910381284	-2.1674233200875213	0.04025645755432924	10.123249974691875	29.675999703240002
584	9568256	10	5.4	6.740919818541086	21.0	0.0	10	9.0	11.349008767288886	40.0	0.0	-0.01443797440971416	-2.186046478421267	0.04135441288774949	11.222499971943751	27.790999722090003
588	9633792	10	3.3	5.478138369920935	14.0	0.0	10	4.0	2.792848008753788	7.0	0.0	-0.01464066982436922	-2.219595081872998	0.04287196462527369	11.640999970897502	16.205999837940002
592	9699328	10	3.7	4.8999999999999995	14.0	0.0	10	12.4	14.677874505527019	40.0	0.0	-0.014611498047385346	-2.2108032701096736	0.04300181006487179	11.188749972028125	30.230999697690006
596	9764864	10	8.2	11.779643458101779	40.0	0.0	10	4.4	6.468384651518493	22.0	0.0	-0.014884114210534443	-2.2099447223228914	0.03918067980537599	11.241999971895002	27.997999720020005
600	9830400	10	2.9	5.838664230798001	20.0	0.0	10	6.3	6.708949247087803	19.0	0.0	-0.0136086172264562	-2.190157460441535	0.043872198201802534	10.873749972815624	27.675999723240004
604	9895936	10	3.3	3.579106033634656	12.0	0.0	10	6.9	5.7	16.0	0.0	-0.014762822539501798	-2.2143463589427954	0.04307921884210315	10.692999973267499	34.04499965955001
608	9961472	10	3.5	6.037383539249433	19.0	0.0	10	9.4	12.001666550942	40.0	0.0	-0.015582077031360324	-2.2217432804574897	0.03723895626996478	10.201249974496875	39.50799960492001
612	10027008	10	7.6	11.324310133513652	40.0	0.0	10	4.6	6.311893535223799	22.0	0.0	-0.014081651125149794	-2.154053422087561	0.045444838232283555	9.96649997508375	30.044999699550008
616	10092544	10	5.7	11.55897919368315	40.0	0.0	10	3.1	4.346262762420147	15.0	0.0	-0.014661831337120089	-2.1558111382265355	0.0427047936589366	10.667749973330627	29.077999709220006
620	10158080	10	2.3	4.382921400162225	15.0	0.0	10	11.3	11.670903992407785	40.0	0.0	-0.014147980690158506	-2.103130906601221	0.045418895310647765	10.667249973331874	28.630999713690006
624	10223616	10	11.6	12.737346662472525	40.0	0.0	10	8.2	11.539497389401326	40.0	0.0	-0.014395591415769774	-2.077395960472195	0.04572075895954502	10.686249973284376	52.01699947983001
628	10289152	10	5.8	11.496086290559932	40.0	0.0	10	7.0	11.349008767288886	40.0	0.0	-0.013082086661447655	-2.1324841700756476	0.043269662376021686	9.681999975795	42.12599957874001
632	10354688	10	5.2	7.691553809211764	27.0	0.0	10	19.2	17.10438540258024	40.0	2.0	-0.01388585709574692	-2.112378140070539	0.04284784884211379	10.5009999737475	47.55199952448001
636	10420224	10	6.3	7.349149610669251	25.0	0.0	10	8.0	5.385164807134504	18.0	0.0	-0.015397181098617865	-2.138600190257779	0.03998787291319491	10.81199997297	42.336999576630014
640	10485760	10	9.8	11.522152576667262	40.0	0.0	10	13.7	13.813399291991816	40.0	0.0	-0.015173994676171863	-2.1253332294793355	0.040149220843342485	11.143249972141875	38.110999618890006
644	10551296	10	4.9	4.1340053217188775	13.0	1.0	10	13.4	14.079772725438433	40.0	0.0	-0.014436937374751477	-2.1074139597803567	0.03943714735773922	11.069249972326876	44.93499955065001
648	10616832	10	3.1	6.394528911499267	22.0	0.0	10	14.7	17.303467860518598	40.0	0.0	-0.013836932888578807	-2.1630965121320713	0.0422657952250658	10.433499973916248	42.39799957602001
652	10682368	10	7.5	11.377609590770813	40.0	0.0	10	7.5	12.290240030202828	41.0	0.0	-0.015152020550520258	-2.1827287547500176	0.03939041939231342	10.504249973739375	41.625999583740004
656	10747904	10	9.7	11.593532679903914	40.0	0.0	10	13.0	11.41052146047673	40.0	0.0	-0.015523741835042553	-2.1913892500303347	0.038565269376325	10.862249972844376	47.133999528660006
660	10813440	10	1.9	2.118962010041709	7.0	0.0	10	5.2	6.2577951388648065	16.0	0.0	-0.013145392783518301	-2.1992196363900054	0.03712794867267892	11.49849997125375	23.619999763800006
664	10878976	10	7.5	12.10991329448729	40.0	0.0	10	16.7	16.01280737409902	40.0	0.0	-0.014033012743062588	-2.1912428659898353	0.03637459943623428	10.67149997332125	51.86299948137001
668	10944512	10	7.6	11.594826432508595	40.0	0.0	10	7.2	7.318469785412796	26.0	0.0	-0.013708149381057686	-2.1964144778943946	0.03916139692669101	11.274749971813124	48.95999951040001
672	11010048	10	10.2	11.320777358467925	40.0	1.0	10	5.9	11.51911454930456	40.0	0.0	-0.014775481039554865	-2.226310275263145	0.03744988346780771	9.739999975649999	90.34299909657001
676	11075584	10	4.2	5.173006862551025	17.0	0.0	10	13.4	10.37496987947435	40.0	4.0	-0.014250998538986518	-2.2237384788859127	0.04082349559332613	11.994249970014376	35.871999641280006
680	11141120	10	7.6	11.77454882362802	40.0	0.0	10	8.0	11.392980294900891	40.0	0.0	-0.014888702778651433	-2.19396058447157	0.03933986308962719	11.8229999704425	33.31899966681001
684	11206656	10	10.5	14.948244044034068	40.0	0.0	10	6.9	5.9236812878479554	23.0	0.0	-0.014605327427786701	-2.1855105010378684	0.03977084590173485	11.385999971535	42.11099957889
688	11272192	10	4.2	4.975942121849892	17.0	1.0	10	9.3	11.515641536623134	40.0	0.0	-0.014356453183629478	-2.1868273365206465	0.041984881347638926	10.754749973113125	23.613999763860004
692	11337728	10	7.9	12.226610323388899	40.0	0.0	10	6.1	5.752390807307862	18.0	0.0	-0.014197525055085184	-2.2034067509263315	0.04302929605219567	11.4069999714825	47.72099952279
696	11403264	10	12.0	14.44299137990465	40.0	0.0	10	4.7	4.73392015141785	15.0	0.0	-0.014664456605703079	-2.204321709542334	0.04381960948162295	10.491499973771251	34.75399965246
700	11468800	10	9.7	11.269871339105872	40.0	1.0	10	5.8	11.702991070662236	40.0	0.0	-0.013663606483928626	-2.176210475237973	0.04038246846725229	10.255249974361876	47.43499952565001
704	11534336	10	3.8	4.044749683231337	12.0	0.0	10	9.4	12.531560158256434	40.0	0.0	-0.013642311977586521	-2.1715422245584897	0.04094212887925471	10.36799997408	38.389999616100006
708	11599872	10	10.4	11.689311356961968	40.0	1.0	10	10.6	14.880860190190619	40.0	0.0	-0.013167285063135373	-2.183123195937358	0.04453639464454603	10.743249973141877	46.13299953867001
712	11665408	10	9.0	12.457929201917949	40.0	0.0	10	7.6	11.655041827466771	40.0	0.0	-0.014663955910679911	-2.1726422928494036	0.04638753718368551	10.789999973025001	43.7299995627
716	11730944	10	2.2	1.8867962264113207	5.0	0.0	10	6.9	7.189575787207477	26.0	0.0	-0.014965072600067299	-2.1414061310643526	0.04081846938120933	10.980999972547501	26.30399973696
720	11796480	10	11.2	12.496399481450647	40.0	0.0	10	2.4	1.9078784028338915	6.0	0.0	-0.013590619652959593	-2.230945748355059	0.03760943064695235	10.671249973321876	28.193999718060002
724	11862016	10	1.6	2.107130750570548	7.0	0.0	10	7.8	6.569627082262737	25.0	1.0	-0.013897943626708698	-2.1806329138789016	0.04513510382108861	10.736249973159378	23.656999763430004
728	11927552	10	6.5	7.1867934435323795	25.0	0.0	10	16.7	13.784411485442531	40.0	0.0	-0.013911013123779476	-2.1902523560030613	0.048706140674544166	10.299499974251251	67.18299932817001
732	11993088	10	3.9	6.685057965343308	23.0	0.0	10	4.6	6.545227268781428	23.0	0.0	-0.013766137243774207	-2.2093609693331833	0.04325575167638739	12.280999969297499	21.823999781760005
736	12058624	10	5.9	11.484337159801607	40.0	0.0	10	17.5	15.5	40.0	1.0	-0.013798429515269434	-2.2019390213182666	0.04783692897264802	11.49049997127375	49.14299950857001
740	12124160	10	8.8	11.660188677718727	40.0	0.0	10	10.1	13.315029102484155	40.0	0.0	-0.013778510613600319	-2.2255684234367132	0.04806056183572658	10.963249972591875	47.305999526940006
744	12189696	10	8.5	11.766477807738388	40.0	0.0	10	13.8	12.416118556135006	40.0	0.0	-0.014703521729021275	-2.2386874206515714	0.039666311830651696	11.03749997240625	38.322999616770005
748	12255232	10	4.0	5.9833101206606365	20.0	0.0	10	12.7	10.119782606360673	40.0	4.0	-0.014626435039030909	-2.2323112634479254	0.03718986518992146	10.843749972890626	42.395999576040005
752	12320768	10	2.9	2.808914381037628	8.0	0.0	10	4.4	3.52703841770968	12.0	0.0	-0.013945484326301195	-2.2589856334161045	0.036026911204808505	11.7689999705775	24.527999754720003
756	12386304	10	4.3	6.664082832618454	22.0	0.0	10	10.7	11.602154972245458	40.0	0.0	-0.013021155285825432	-2.273118252318746	0.037181880728659474	11.4529999713675	35.741999642580005
760	12451840	10	9.3	15.408114745159446	40.0	0.0	10	11.7	11.437219941926447	40.0	0.0	-0.013280273117269623	-2.2348118471758194	0.03966922155401024	12.149999969625	45.424999545750005
764	12517376	10	11.5	14.908051515875574	40.0	0.0	10	9.9	12.061923561356208	40.0	0.0	-0.013832330699869163	-2.21445839332322	0.04041511832781103	12.110499969723751	64.44499935555001
768	12582912	10	6.8	11.513470371699405	40.0	0.0	10	15.4	16.41462762294655	40.0	0.0	-0.013570014579981148	-2.274564434847727	0.03225356204254475	10.2309999744225	48.604999513950006
772	12648448	10	7.5	11.289375536317321	40.0	0.0	10	10.0	11.108555261599053	40.0	0.0	-0.01391849938567176	-2.236214920645471	0.036910173246517464	10.116249974709374	46.80799953192001
776	12713984	10	7.7	11.287603820120548	40.0	0.0	10	10.9	12.856515857727553	40.0	1.0	-0.013880946681708198	-2.18825518317078	0.03945867687751224	10.827749972930626	131.34099868659004
780	12779520	10	5.3	6.827151675479314	18.0	0.0	10	9.7	9.3706990134141	27.0	0.0	-0.013835326711234367	-2.246116230651217	0.03505048570634145	10.360999974097501	35.09599964904
784	12845056	10	3.9	4.887739763939975	16.0	0.0	10	3.0	2.7202941017470885	10.0	0.0	-0.013434347409015265	-2.235416568582852	0.042729355467999476	10.926249972684374	28.433999715660004
788	12910592	10	8.1	11.51911454930456	40.0	0.0	10	12.1	10.558882516630252	40.0	1.0	-0.014227784916363019	-2.2386952611458852	0.04096525377400043	10.689999973275	93.02099906979002
792	12976128	10	5.9	5.185556864985669	17.0	0.0	10	11.3	10.227903010881555	40.0	0.0	-0.013105447727714211	-2.2635497448470687	0.04138942464056487	11.13049997217375	96.97399903026002
796	13041664	10	7.0	5.727128425310541	20.0	1.0	10	9.8	12.456323695216017	40.0	1.0	-0.014390866738739027	-2.230244067575675	0.040617674759549076	10.73649997315875	44.997999550020005
800	13107200	10	4.7	5.532630477449222	20.0	0.0	10	5.0	4.494441010848846	13.0	0.0	-0.012928240933602831	-2.260327661795405	0.04289919560483514	10.8089999729775	41.51799958482001
804	13172736	10	2.6	3.746998799039039	11.0	0.0	10	5.1	4.158124577258358	12.0	0.0	-0.012543710851996369	-2.26696735100179	0.03858783006421354	11.594249971014376	44.11499955885001
808	13238272	10	7.9	12.070211265756702	40.0	0.0	10	6.8	4.707440918375928	15.0	0.0	-0.014183549752223239	-2.2509814250111253	0.04031127655924415	10.829999972925002	37.14199962858001
812	13303808	10	3.3	4.220189569201838	13.0	0.0	10	9.8	12.064824905484539	40.0	0.0	-0.01336377698662795	-2.2449157409515017	0.0414113192387871	11.367999971579998	29.52499970475
816	13369344	10	13.0	14.463747785411636	40.0	0.0	10	7.8	11.54816002660164	40.0	0.0	-0.014275826808169119	-2.2561448164417603	0.03504866518413636	11.073249972316876	54.232999457670005
820	13434880	10	4.5	7.459892760623306	23.0	0.0	10	9.5	11.508692367076288	40.0	0.0	-0.01350554751945296	-2.220957316226875	0.039731338596644614	11.49549997126125	38.90899961091001
824	13500416	10	5.7	5.831809324729334	18.0	0.0	10	8.8	11.643023662262308	40.0	0.0	-0.013965272154019224	-2.2267862779562715	0.03811612961571985	11.82049997044875	30.750999692490005
828	13565952	10	12.9	14.969635934116768	40.0	0.0	10	7.2	6.368673331236264	19.0	0.0	-0.012888140656156994	-2.2561183246606875	0.044060269482500795	11.155249972111873	54.48799945512001
832	13631488	10	13.0	14.498275759551547	40.0	0.0	10	9.0	10.972693379476162	40.0	0.0	-0.013102666987681597	-2.252093024317275	0.04093042223210323	11.67249997081875	49.45199950548
836	13697024	10	8.8	7.586830695356262	21.0	0.0	10	12.4	15.094369811290568	40.0	0.0	-0.013267654331212199	-2.2281317460202805	0.0374343252585391	12.029999969924999	62.95499937045001
840	13762560	10	6.7	11.874763155532829	40.0	0.0	10	9.4	13.588230201170424	40.0	0.0	-0.013964551366128888	-2.2042841958690325	0.036869164338996244	10.180249974549376	47.45299952547001
844	13828096	10	7.8	11.08873302050329	40.0	0.0	10	7.3	11.515641536623134	40.0	0.0	-0.013991578337540136	-2.2349453963494788	0.03524555087032838	10.488249973779377	39.50599960494001
848	13893632	10	8.8	11.267652816802618	40.0	1.0	10	12.8	14.709180806557516	40.0	0.0	-0.013250583153254147	-2.180732195348872	0.03545454693200794	10.029249974926877	99.01499900985002
852	13959168	10	2.3	2.2825424421026654	7.0	0.0	10	15.6	16.26161123628283	40.0	0.0	-0.01379589916034085	-2.156446113957842	0.03597013700456372	9.164249977089375	36.43199963568001
856	14024704	10	8.2	12.432216214336043	40.0	0.0	10	17.4	15.615377036754508	40.0	0.0	-0.01413974016126959	-2.1400217709696316	0.03374755223085365	10.24449997438875	47.19099952809001
860	14090240	10	7.4	11.244554237496478	40.0	0.0	10	10.1	12.469562943423478	40.0	0.0	-0.013004068138353078	-2.146044348453453	0.03591489203598628	9.299999976750001	51.19199948808001
864	14155776	10	4.6	6.468384651518492	20.0	0.0	10	14.9	13.823530663329105	40.0	1.0	-0.012865872927425795	-2.17091846195098	0.03955848933716813	10.258749974353124	47.494999525050005
868	14221312	10	12.5	12.491997438360288	40.0	0.0	10	8.2	11.294246322796399	40.0	0.0	-0.012854223613607645	-2.1448267522206885	0.04048293840184068	10.37049997407375	47.67299952327001
872	14286848	10	14.1	17.654744404833504	40.0	0.0	10	7.7	11.36705766678431	40.0	0.0	-0.013951193224543629	-2.1662838431923075	0.03866228876077479	10.277999974305	88.94299911057001
876	14352384	10	8.3	11.027692415006868	40.0	1.0	10	13.5	14.41700384962146	40.0	0.0	-0.014348406115177544	-2.140607754166465	0.036490954823560906	11.197249972006876	40.323999596760004
880	14417920	10	3.2	2.4819347291981715	8.0	0.0	10	12.8	14.945233353815523	40.0	0.0	-0.01465238352798693	-2.160259740822991	0.036124044424040484	12.3209999691975	24.587999754120005
884	14483456	10	2.0	2.9664793948382653	9.0	0.0	10	12.2	10.934349546269317	40.0	0.0	-0.013063476894940753	-2.2040141967623357	0.04142291028552402	11.78399997054	34.675999653240005
888	14548992	10	3.3	3.001666203960727	10.0	0.0	10	4.2	6.615134163416491	20.0	0.0	-0.013544946108397194	-2.2521449027099663	0.04242531267949828	12.108249969729375	23.203999767960003
892	14614528	10	7.0	11.233877335986895	40.0	0.0	10	9.6	11.02905254316979	40.0	0.0	-0.013714923281831212	-2.2697178197522985	0.03846934901072079	11.455999971359999	42.591999574080006
896	14680064	10	15.8	14.3024473430249	40.0	1.0	10	7.1	11.484337159801607	40.0	0.0	-0.013970747072016725	-2.2239953252343305	0.034392451611645454	11.970249970074375	38.084999619150004
900	14745600	10	5.0	5.932958789676531	19.0	1.0	10	5.0	4.919349550499537	15.0	0.0	-0.013862552667959747	-2.237369445229962	0.03457428640713878	12.39599996901	20.52299979477
904	14811136	10	10.9	13.057181931795238	40.0	0.0	10	20.1	17.30577938146676	40.0	0.0	-0.013710550280935752	-2.22931278970464	0.0385898139753228	12.632499968418752	31.760999682390004
908	14876672	10	6.2	7.400000000000001	24.0	0.0	10	8.4	11.84229707446997	40.0	0.0	-0.013403056229252112	-2.212996360925784	0.04392977415436866	12.359499969101249	27.239999727600004
912	14942208	10	6.0	5.727128425310541	20.0	0.0	10	16.3	13.594484175576504	41.0	0.0	-0.01322960656987996	-2.2142527548152393	0.04581308282900219	11.819249970451876	36.39199963608001
916	15007744	10	11.2	12.106196760337244	40.0	0.0	10	8.8	12.607934009979589	40.0	0.0	-0.012983633929112589	-2.211675887076148	0.04223258059497584	11.7769999705575	31.276999687230006
920	15073280	10	7.2	11.496086290559932	40.0	0.0	10	15.7	16.870388258721256	40.0	0.0	-0.012750421780346789	-2.2448911416179	0.03812219469876597	12.225749969435627	37.109999628900006
924	15138816	10	12.3	14.866405079910876	40.0	0.0	10	9.9	9.585927185202275	27.0	0.0	-0.013151456132461192	-2.2366718746875405	0.037511880951906586	12.624749968438124	38.89299961107001
928	15204352	10	7.0	11.653325705565772	40.0	1.0	10	5.3	5.568662316930341	18.0	0.0	-0.01337513054125773	-2.2035785861501473	0.03672409206634308	11.026999972432497	36.90499963095001
932	15269888	10	5.0	5.932958789676531	19.0	0.0	10	3.9	4.0853396431631	13.0	0.0	-0.012704669426249501	-2.2200323316129174	0.040610339546536846	11.9209999701975	33.503999664960006
936	15335424	10	11.3	15.066851031320379	40.0	0.0	10	8.6	10.753604047016049	40.0	3.0	-0.01312866964492939	-2.2026071272979575	0.03945433235471488	11.221999971945	42.482999575170005
940	15400960	10	7.6	11.959933110180842	40.0	0.0	10	8.5	12.698425099200294	40.0	0.0	-0.012549926593446155	-2.2570544727279054	0.04070995215989028	11.263249971841875	35.92099964079001
944	15466496	10	9.1	7.408778576796583	21.0	0.0	10	9.1	10.87612063191651	40.0	0.0	-0.013931494992967652	-2.221640554335757	0.03797082992573551	11.414749971463126	35.721999642780006
948	15532032	10	17.0	15.956190021430555	40.0	0.0	10	8.9	11.682893477217021	40.0	0.0	-0.013884377130801222	-2.1763725824870574	0.037585064978304175	11.170249972074375	39.407999605920004
952	15597568	10	7.0	6.082762530298219	22.0	1.0	10	8.7	11.480853626799707	40.0	0.0	-0.013006063865617503	-2.163654664926851	0.04061939271985565	11.947249970131876	43.84399956156001
956	15663104	10	11.8	15.13803157613301	40.0	0.0	10	15.2	13.526270735128733	40.0	0.0	-0.013715317532019813	-2.181839681934533	0.04325004445404053	11.214749971963125	51.034999489650005
960	15728640	10	11.6	14.759403781996072	40.0	0.0	10	17.1	15.833192981834083	40.0	0.0	-0.013924358406322312	-2.18576935655952	0.05010880564283153	10.174999974562501	48.686999513130004
964	15794176	10	7.1	11.308846094982458	40.0	0.0	10	17.3	13.594484175576504	40.0	2.0	-0.013119965130648783	-2.1048799701325964	0.04633457403302586	9.633249975916875	45.50399954496
968	15859712	10	7.7	11.515641536623132	40.0	0.0	10	3.6	2.2891046284519194	8.0	0.0	-0.012674717216712754	-2.1449432892353197	0.0476336589343898	9.79749997550625	43.53999956460001
972	15925248	10	5.6	5.063595560468865	18.0	0.0	10	11.1	11.166467659918242	40.0	0.0	-0.013316129769441312	-2.1567453863957016	0.0531735854400812	9.957999975105	31.108999688910007
976	15990784	10	11.2	11.548160026601641	40.0	1.0	10	16.6	13.77824371971987	40.0	2.0	-0.013519123314034265	-2.157511574301887	0.051384309146167796	11.11449997221375	44.313999556860004
980	16056320	10	9.4	11.842297074469972	40.0	0.0	10	10.7	13.371985641631538	40.0	0.0	-0.012804431007559115	-2.1502729453390117	0.050808263510450584	11.1189999722025	42.51599957484
984	16121856	10	2.6	2.5377155080899043	7.0	0.0	10	19.2	17.45737666432159	40.0	0.0	-0.013130234625801823	-2.1752114169517283	0.04637726659713883	11.185499972036249	36.04899963951001
988	16187392	10	11.8	14.82430436816514	40.0	0.0	10	2.9	2.7367864366808017	10.0	0.0	-0.013593347833899727	-2.1818693675311547	0.0416527162456648	11.6489999708775	23.354999766450003
992	16252928	10	14.5	17.333493589002767	40.0	0.0	10	11.5	12.658988901172163	40.0	0.0	-0.013318713301918772	-2.1462910197923035	0.04587751308288613	12.36549996908625	46.98799953012001
996	16318464	10	9.4	12.084701072016635	40.0	1.0	10	16.2	16.4730082255792	40.0	0.0	-0.01391265212054339	-2.136704722817689	0.036586216259041085	12.261749969345624	34.545999654540005
1000	16384000	10	2.6	2.870540018881465	9.0	0.0	10	13.1	12.11981848048889	40.0	1.0	-0.012192238642398412	-2.1492274103310076	0.036375299577382225	11.401749971495626	27.596999724030006
1004	16449536	10	6.7	11.866338946785568	40.0	0.0	10	15.5	14.5	40.0	0.0	-0.012461909157148244	-2.1221416019176216	0.03948306317107494	12.130749969673124	42.32599957674001
1008	16515072	10	11.2	13.052202879207785	40.0	0.0	10	11.6	14.86741403203664	40.0	0.0	-0.012969997921131392	-2.130762080129557	0.04540960870520617	11.674749970813126	42.19799957802001
1012	16580608	10	5.4	4.1521078984053394	14.0	0.0	10	10.2	11.311940593903417	40.0	0.0	-0.013569506698737178	-2.1544785248975815	0.037180181103766086	10.5269999736825	43.11299956887001
1016	16646144	10	16.6	14.34015341619468	40.0	0.0	10	5.3	5.386093203798092	18.0	0.0	-0.014315212662974872	-2.158010797971205	0.040044048447647265	10.60549997348625	34.465999655340006
1020	16711680	10	6.6	12.051555916146263	40.0	0.0	10	11.8	10.998181667894016	40.0	1.0	-0.013019672374116898	-2.187528768947344	0.03571926891276445	10.580999973547499	45.11399954886001
1024	16777216	10	11.0	15.05323885414697	40.0	0.0	10	14.0	14.064138793399332	40.0	0.0	-0.012056704398327487	-2.180629774700944	0.04034265949125813	10.70249997324375	48.86499951135001
1028	16842752	10	6.6	11.706408501329518	40.0	0.0	10	16.8	13.658696863171098	40.0	0.0	-0.013761057196847023	-2.2067597828990264	0.04185333909651772	10.317249974206876	45.24299954757001
1032	16908288	10	8.1	11.631422956801115	40.0	0.0	10	10.8	15.051910177781425	40.0	0.0	-0.012975449135271648	-2.21848695950446	0.03836647993097279	9.851499975371249	40.947999590520006
1036	16973824	10	9.4	15.350570021989412	40.0	0.0	10	8.5	11.146748404803978	40.0	1.0	-0.01224830911687347	-2.247975637281222	0.037786558402336176	10.653249973366876	45.364999546350006
1040	17039360	10	6.6	11.482160075525858	40.0	0.0	10	6.7	5.568662316930342	19.0	0.0	-0.013466737049800595	-2.246255521738989	0.04454604221509546	10.6669999733325	34.056999659430005
1044	17104896	10	7.3	11.975391434103523	40.0	0.0	10	11.5	12.443873994861889	40.0	0.0	-0.01376867585448936	-2.2312487634679044	0.04624388676896788	9.839749975400625	60.644999393550016
1048	17170432	10	7.2	11.7285975291166	40.0	0.0	10	12.7	14.71767644704829	40.0	0.0	-0.013737055537082288	-2.2242193120387928	0.04599537633966856	9.422249976444375	47.08699952913001
1052	17235968	10	4.5	4.8218253804964775	18.0	0.0	10	5.5	5.463515351859094	18.0	0.0	-0.013640924818692841	-2.202483720848017	0.04124743347402651	9.47849997630375	38.322999616770005
1056	17301504	10	13.7	14.346079603849967	40.0	0.0	10	5.1	6.220128616033595	22.0	0.0	-0.012405804022436434	-2.2152706109163285	0.041339510387781	10.29549997426125	51.951999480480005
1060	17367040	10	5.0	11.74734012447073	40.0	0.0	10	19.4	17.217433025860736	40.0	0.0	-0.012755981470526444	-2.2412222199290897	0.038758241974902304	9.209499976976248	55.50499944495001
1064	17432576	10	9.0	9.16515138991168	27.0	0.0	10	11.4	10.509043724335722	40.0	2.0	-0.012809535259171957	-2.2219871826638853	0.03450988195865117	10.3089999742275	41.25299958747001
1068	17498112	10	3.8	4.166533331199931	15.0	0.0	10	14.1	13.772799279739758	40.0	0.0	-0.013076244464023765	-2.2035567087619903	0.03846560664617552	9.78649997553375	50.69699949303001
1072	17563648	10	8.9	12.332477447779906	40.0	0.0	10	10.0	12.083045973594572	40.0	0.0	-0.012949152518422337	-2.2255388446317466	0.03785944818900788	10.340249974149375	38.63899961361001
1076	17629184	10	8.6	11.637869220780924	40.0	0.0	10	19.0	17.72004514666935	40.0	0.0	-0.013269044057306258	-2.2157374295271066	0.038755870885835236	10.673249973316874	38.07199961928001
1080	17694720	10	9.8	15.23023309079674	40.0	0.0	10	11.7	15.060212481900779	40.0	0.0	-0.013790477269522436	-2.1489967353886974	0.04448180870310539	11.82949997042625	53.551999464480005
1084	17760256	10	6.5	11.560709320798617	40.0	0.0	10	18.2	12.929037087115189	40.0	0.0	-0.01367332055794331	-2.127355096019239	0.040535439965749334	11.340999971647502	67.11799932882
1088	17825792	10	10.4	11.288932633336069	40.0	0.0	10	7.4	7.002856560004639	19.0	0.0	-0.012745288866311587	-2.112883743920374	0.03921550409071813	9.592249976019374	49.76199950238001
1092	17891328	10	10.0	12.24744871391589	40.0	0.0	10	17.4	15.913516267626083	40.0	0.0	-0.01314688174276027	-2.1070246992300574	0.03631477439785835	10.209999974475	51.073999489260004
1096	17956864	10	9.5	11.603878661895772	40.0	0.0	10	8.6	11.62067123706716	40.0	0.0	-0.013132295106663689	-2.124792332229216	0.033179464474899945	10.183749974540625	49.24999950750001
1100	18022400	10	10.2	15.098344280085813	40.0	0.0	10	15.3	14.60171222836555	40.0	0.0	-0.011629009426543628	-2.1542423141738882	0.03550976394150558	10.208249974479374	51.75899948241001
1104	18087936	10	10.9	12.23478647136925	40.0	0.0	10	14.8	13.78259772321604	40.0	0.0	-0.013230067775855841	-2.1467758166540603	0.03790775439695153	11.07949997230125	41.19199958808001
1108	18153472	10	13.2	14.770240350109402	40.0	0.0	10	17.8	14.126570709128242	40.0	0.0	-0.012283267236179956	-2.1604249400630224	0.03317741304290403	11.299249971751875	42.10399957896001
1112	18219008	10	9.9	12.202049008260868	40.0	1.0	10	15.4	13.886684269471962	40.0	0.0	-0.012041710056371356	-2.1626618651283067	0.03201039845256107	11.450749971373126	49.66699950333001
1116	18284544	10	16.2	15.929846201391902	40.0	0.0	10	14.0	17.25108692227826	40.0	0.0	-0.013229270136875873	-2.1336114826562746	0.042439777128013334	12.952249967619375	40.688999593110005
1120	18350080	10	6.7	8.038034585643432	26.0	0.0	10	18.9	15.3	41.0	1.0	-0.013351692166728872	-2.14370966928722	0.04639950262209739	11.621749970945624	33.632999663670006
1124	18415616	10	11.9	15.971537183377187	40.0	0.0	10	4.8	7.6	26.0	0.0	-0.013195092863639183	-2.1107633906390966	0.046054052339415626	11.220249971949375	38.09499961905001
1128	18481152	10	11.7	15.408114745159448	40.0	0.0	10	15.4	13.857849761056007	40.0	0.0	-0.012909540113337035	-2.1309847134118773	0.0481559985150712	11.371999971570002	33.96499966035001
1132	18546688	10	14.7	17.146719802924405	40.0	0.0	10	17.4	16.212340978402842	40.0	0.0	-0.011259790309890123	-2.134227998332391	0.04354370175407241	11.375749971560625	38.99999961
1136	18612224	10	12.2	15.321879780235843	40.0	0.0	10	18.7	17.669465187152664	40.0	1.0	-0.01177000747337414	-2.140607473527929	0.03867287095233286	11.568999971077499	40.89499959105001
1140	18677760	10	11.4	10.05186549850325	26.0	0.0	10	7.0	7.0	20.0	0.0	-0.012754305313021679	-2.15100642519638	0.043863045784421885	11.159249972101875	30.911999690880005
1144	18743296	10	8.1	12.0702112657567	40.0	0.0	10	5.5	5.852349955359813	16.0	0.0	-0.01245651143948634	-2.0905184246905577	0.04622645528195083	11.412749971468124	30.980999690190007
1148	18808832	10	6.1	5.7870545184921145	19.0	0.0	10	18.8	15.315351775261318	40.0	0.0	-0.011917363412038327	-2.145970076099017	0.042538924953194425	11.33649997165875	30.942999690570005
1152	18874368	10	1.0	1.1832159566199232	4.0	0.0	10	21.0	16.14930339054908	40.0	0.0	-0.01256730915449889	-2.0969957880974945	0.04726630829092737	11.23849997190375	31.296999687030006
1156	18939904	10	12.4	15.27219696049	40.0	0.0	10	10.9	14.774640435557139	40.0	0.0	-0.012102669403199965	-2.094145692666782	0.04746133701691858	11.262749971843126	50.42599949574001
1160	19005440	10	6.4	7.172168430816444	24.0	0.0	10	17.8	15.269577597301113	41.0	2.0	-0.011906882586696406	-2.1124676587964015	0.04258259257323781	10.87199997282	42.377999576220006
1164	19070976	10	3.7	5.040833264451424	16.0	0.0	10	15.7	13.476275449841474	40.0	2.0	-0.011933730145119503	-2.086488241733328	0.04040712540703565	11.188749972028123	32.520999674790005
1168	19136512	10	7.7	7.550496672405068	19.0	0.0	10	16.5	16.329421300217593	40.0	0.0	-0.01284015090871379	-2.0827270446038346	0.043199689976717214	10.617999973455	34.524999654750005
1172	19202048	10	7.6	11.842297074469968	40.0	0.0	10	10.7	11.883181392203015	40.0	0.0	-0.012344343159614107	-2.1228518458976375	0.044859246346151994	11.14249997214375	49.11199950888001
1176	19267584	10	7.1	11.379367293483412	40.0	0.0	10	16.8	15.7403938959608	40.0	0.0	-0.01316751655742812	-2.0906882110047094	0.04253261885162704	10.849249972876875	41.37399958626001
1180	19333120	10	17.9	16.31839452887446	40.0	0.0	10	9.7	7.59012516365837	21.0	1.0	-0.01227432980394423	-2.101746476967748	0.046193560735788196	10.960999972597499	41.710999582890004
1184	19398656	10	12.0	15.079787796915447	40.0	0.0	10	6.2	4.261455150532504	18.0	2.0	-0.012885451060832744	-2.090686989109492	0.03569814129748744	10.482249973794376	39.85299960147001
1188	19464192	10	14.9	17.04963342714441	40.0	0.0	10	8.9	11.44071676076285	40.0	0.0	-0.011427960929745004	-2.0989870377182016	0.04670103576789601	9.840499975398751	54.280999457190006
1192	19529728	10	11.4	12.595237195067032	40.0	0.0	10	12.1	14.597602542883541	40.0	0.0	-0.012646397467704667	-2.1430523691329206	0.04366009899270724	12.308999969227502	33.78699966213001
1196	19595264	10	2.0	2.5298221281347035	8.0	0.0	10	26.4	15.37010084547268	42.0	3.0	-0.012576597143585092	-2.1333751552068185	0.03601303455665584	12.227749969430626	25.352999746470005
1200	19660800	10	8.5	12.395563722558164	40.0	0.0	10	15.9	16.537533068750008	40.0	0.0	-0.01205920570035732	-2.1539318037769632	0.035431480303130786	12.096249969759377	43.64399956356001
1204	19726336	10	9.0	12.798437404620925	40.0	0.0	10	23.4	17.344739836619055	40.0	0.0	-0.012908286241498215	-2.1587670418358216	0.03475636784789391	11.83749997040625	39.41699960583001
1208	19791872	10	8.7	11.153923076657827	40.0	0.0	10	10.6	14.833745312630928	40.0	0.0	-0.012724623754556236	-2.164920836461575	0.04316727556614685	11.395749971510625	38.21799961782001
1212	19857408	10	6.0	11.454256850621082	40.0	0.0	10	14.1	14.528936643815333	40.0	1.0	-0.01259323557183749	-2.22760528551183	0.05347219931646489	11.342749971643126	38.39799961602001
1216	19922944	10	17.8	18.36736235827017	40.0	0.0	10	21.2	15.721323099535866	40.0	3.0	-0.012267172400784156	-2.200776246457529	0.047396513318052	11.320249971699377	44.45099955549001
1220	19988480	10	12.3	14.135416513141733	40.0	2.0	10	11.9	14.989663104953358	40.0	0.0	-0.01246722778030025	-2.1959763017989546	0.04450707695914615	12.603749968490627	38.575999614240004
1224	20054016	10	7.8	8.1706792863262	22.0	0.0	10	7.8	11.025425161870176	40.0	0.0	-0.012702340331584462	-2.207358469335776	0.043606294198075976	11.723749970690625	35.104999648950006
1228	20119552	10	6.7	11.75627492022877	40.0	0.0	10	12.7	11.153923076657827	40.0	0.0	-0.014054603950829572	-2.208763857452466	0.03887498465660205	11.59949997100125	46.97099953029
1232	20185088	10	7.0	12.30447073221762	40.0	0.0	10	15.4	15.200000000000001	40.0	0.0	-0.01317498036571521	-2.174763997169295	0.03514873476643302	11.706999970732499	49.89499950105001
1236	20250624	10	2.2	3.124099870362662	10.0	0.0	10	19.5	14.698639392814561	40.0	0.0	-0.012838508614728416	-2.1665557446805837	0.03370037523212906	12.37449996906375	30.476999695230006
1240	20316160	10	13.2	14.441606558828557	40.0	0.0	10	17.7	15.421089455677246	40.0	2.0	-0.012315335667689845	-2.1908848159216534	0.029637946841168883	11.281249971796875	53.976999460230005
1244	20381696	10	13.3	15.066851031320379	40.0	0.0	10	7.0	6.340346993658944	20.0	0.0	-0.012988874811082815	-2.174403237573303	0.03127211044837622	10.5629999735925	42.185999578140006
1248	20447232	10	9.9	11.22898036332774	40.0	0.0	10	17.4	15.882065356873458	40.0	0.0	-0.012121918365008526	-2.2036726919501306	0.03503560569393262	11.237999971905	42.268999577310005
1252	20512768	10	26.3	14.23411395205195	41.0	10.0	10	22.8	16.02373239916344	40.0	0.0	-0.01302451304325126	-2.176920922867192	0.03141089658468969	10.889249972776875	59.975999400240006
1256	20578304	10	14.1	14.306991297963384	40.0	0.0	10	19.2	15.683111936092274	40.0	1.0	-0.01228781259844798	-2.1206274402912815	0.032949019588667944	10.175999974559998	42.02699957973001
1260	20643840	10	14.1	17.043767189210254	40.0	0.0	10	14.7	17.515992692394	40.0	0.0	-0.011040677687623263	-2.1160285694183094	0.03520638809638305	12.05149996987125	47.26499952735001
1264	20709376	10	14.9	16.819334112859522	40.0	0.0	10	20.6	16.566230711903057	40.0	0.0	-0.013430130884864241	-2.1165710312903534	0.03229992824735801	13.021999967445	45.50799954492001
1268	20774912	10	14.1	17.323105957073633	40.0	0.0	10	18.6	14.698299221338504	40.0	4.0	-0.012160090568256485	-2.099041347483694	0.03950793371357127	12.924749967688125	40.152999598470004
1272	20840448	10	6.4	6.069596362197408	18.0	1.0	10	22.3	17.78229456510042	40.0	2.0	-0.012689732350930426	-2.0923313968187602	0.03492724371244521	11.595249971011876	39.12999960870001
1276	20905984	10	14.0	14.0	40.0	0.0	10	13.6	14.312232530251876	40.0	0.0	-0.012369752666245338	-2.092096467594929	0.03494829550254261	10.412499973968751	44.45999955540001
1280	20971520	10	10.7	15.15288751360611	40.0	0.0	10	8.4	11.324310133513652	40.0	0.0	-0.013218595577035898	-2.076035315575512	0.03596120096446121	10.591999973519998	41.23899958761
1284	21037056	10	16.8	14.183088521193119	40.0	0.0	10	17.1	12.372954376380768	40.0	2.0	-0.011596692823033482	-2.058875200434636	0.04096217530663292	10.7869999730325	49.18999950810001
1288	21102592	10	16.2	14.112405889854502	41.0	1.0	10	18.3	15.633617623570048	40.0	2.0	-0.011709354879705853	-2.0460593959047944	0.036337831538886776	11.594749971013124	56.19199943808001
1292	21168128	10	21.9	18.533483212823217	40.0	0.0	10	8.3	5.080354318352215	19.0	0.0	-0.012427990825541737	-2.0584704302590624	0.040216203115106146	10.282249974294375	49.72899950271001
1296	21233664	10	16.8	16.054905792311583	40.0	1.0	10	20.9	16.51938255504727	40.0	2.0	-0.012898236132231794	-2.1105570095565835	0.03350164011392702	10.679499973301251	51.14199948858001
1300	21299200	10	10.2	11.133732527773423	40.0	3.0	10	13.4	15.100993344810137	40.0	0.0	-0.012146981514229485	-2.111670590717172	0.03260532543111576	11.378249971554377	43.74899956251001
1304	21364736	10	14.0	14.127986409959489	40.0	0.0	10	19.0	17.233687939614086	40.0	1.0	-0.010397331470336061	-2.119937211054274	0.03125195647264321	11.675749970810626	50.564999494350005
1308	21430272	10	15.5	17.31040149736568	40.0	0.0	10	16.1	16.428329190760696	41.0	1.0	-0.011369665241877073	-2.1147075715445047	0.03286593956142416	11.689499970776248	40.393999596060006
1312	21495808	10	12.0	14.690132742763083	41.0	0.0	10	23.5	16.66283289239858	40.0	1.0	-0.012649829847351777	-2.1852141318429146	0.033679653925727734	12.08349996979125	37.898999621010006
1316	21561344	10	17.5	15.4483008774428	40.0	1.0	10	19.7	17.95577901401106	41.0	0.0	-0.011510201769865527	-2.1608421030376546	0.03582194163866966	12.0949999697625	40.113999598860005
1320	21626880	10	16.5	13.749545447032059	40.0	1.0	10	21.9	18.338211472223783	41.0	1.0	-0.012275801412452608	-2.161183208002034	0.032376906675949724	11.421999971444999	49.54499950455001
1324	21692416	10	16.6	15.80632784678339	40.0	1.0	10	8.6	10.82774214691133	40.0	0.0	-0.012298595583395652	-2.1410363587493655	0.035372575721899335	10.168249974579375	49.863999501360006
1328	21757952	10	7.1	11.40570032922135	40.0	0.0	10	30.1	16.18919392681427	41.0	0.0	-0.012834705886413462	-2.11387586074903	0.03724067838241784	12.467249968831876	44.15499955845001
1332	21823488	10	21.0	16.186414056238647	40.0	2.0	10	24.4	16.304600577751057	40.0	0.0	-0.013463894961318704	-2.149903627509441	0.03706585066394966	12.355499969111252	38.38099961619
1336	21889024	10	14.7	16.763352886579703	40.0	1.0	10	23.1	17.535392781457734	40.0	0.0	-0.01180183535444937	-2.1678414988246413	0.04021256127519126	11.676749970808123	56.921999430780005
1340	21954560	10	10.1	10.921996154549772	40.0	1.0	10	15.9	13.758270240113763	40.0	1.0	-0.012206762474854194	-2.1435814125093113	0.03829671971799487	10.90399997274	39.152999608470004
1344	22020096	10	17.9	12.926329718833571	40.0	0.0	10	16.7	14.184851074297537	40.0	1.0	-0.01123222613997636	-2.165983117891232	0.03198191367998367	11.7869999705325	45.727999542720006
1348	22085632	10	12.9	15.300000000000002	40.0	0.0	10	14.0	14.696938456699069	40.0	0.0	-0.012002435443681556	-2.144191610093082	0.039868225222957146	11.0689999723275	48.564999514350006
1352	22151168	10	9.9	11.776671855834314	40.0	1.0	10	14.1	17.073078222745888	40.0	0.0	-0.012974075732788496	-2.1520212787134887	0.03842880892710308	12.249249969376873	39.55999960440001
1356	22216704	10	6.4	11.766052864066182	40.0	0.0	10	20.7	16.787197502859133	40.0	0.0	-0.012393394103049911	-2.159722457104461	0.036155734964139805	11.75749997060625	38.835999611640005
1360	22282240	10	5.1	5.3376024580330075	15.0	0.0	10	13.4	15.067846561469892	40.0	0.0	-0.0109330571880623	-2.137849164283107	0.04597139548186664	11.505999971235	37.67299962327001
1364	22347776	10	11.2	15.23023309079674	40.0	0.0	10	20.2	17.376996288196647	40.0	0.0	-0.012178915585480765	-2.1292573906746814	0.04339910406788118	11.110749972223127	42.36899957631001
1368	22413312	10	11.6	15.226293048539425	40.0	0.0	10	14.8	13.658696863171098	40.0	0.0	-0.011976083052979158	-2.1546686488132343	0.04509788491138184	10.521749973695625	45.88599954114001
1372	22478848	10	1.7	1.3453624047073711	4.0	0.0	10	21.1	16.33064603743526	40.0	1.0	-0.011809401375389012	-2.141931988075775	0.04772132242687896	9.722749975693125	36.86499963135001
1376	22544384	10	12.2	12.726350615946426	40.0	0.0	10	13.7	15.369124893760219	40.0	0.0	-0.01268839298052635	-2.1338540487252167	0.046259164805362	10.746249973134375	49.667999503320004
1380	22609920	10	16.3	15.937691175323984	40.0	1.0	10	17.5	16.43319810627256	40.0	0.0	-0.012652264981823074	-2.15526737001936	0.043005506697598145	10.9509999726225	44.420999555790004
1384	22675456	10	14.0	13.505554412907307	40.0	1.0	10	14.3	11.798728745080972	40.0	3.0	-0.012196079496731259	-2.1413171338791317	0.04631678980758372	11.2749999718125	54.687999453120014
1388	22740992	10	9.2	15.432433379088343	40.0	0.0	10	20.4	16.408534364774933	40.0	2.0	-0.012839426792072846	-2.134258803999629	0.04274589005257216	11.67149997082125	46.52799953472
1392	22806528	10	16.0	16.81071087134628	40.0	1.0	10	14.8	14.406942770761603	40.0	1.0	-0.012562960321909303	-2.127917686876527	0.03637724361624377	11.809249970476873	45.62499954375001
1396	22872064	10	13.3	15.185848675658534	40.0	0.0	10	19.6	17.04230031421815	40.0	2.0	-0.012245524877105243	-2.095529623111355	0.03730918472476959	11.895749970260624	37.72099962279
1400	22937600	10	18.9	15.977797094718657	40.0	0.0	10	15.4	14.192955999368138	40.0	1.0	-0.011562528034127396	-2.131819973167243	0.032574730397999824	11.291999971770002	46.92599953074001
1404	23003136	10	8.3	8.877499647986475	24.0	0.0	10	10.9	13.292479076530457	41.0	0.0	-0.013023090256418466	-2.148870736136709	0.032482068807694074	12.158249969604373	45.170999548290006
1408	23068672	10	17.1	16.10869330516911	40.0	1.0	10	8.1	11.7085438889727	40.0	0.0	-0.013499796734735205	-2.1343249924741183	0.03399580078388654	11.843499970391251	43.24899956751001
1412	23134208	10	20.8	16.726027621644057	41.0	0.0	10	16.2	16.234531098864544	40.0	1.0	-0.01282916737169578	-2.1495048823700427	0.03948575426645911	11.024249972439376	56.668999433310006
1416	23199744	10	14.6	11.629273408085304	40.0	1.0	10	8.8	11.677328461596	40.0	0.0	-0.012717170479430452	-2.1954337927399	0.030659838537596247	11.841999970395001	40.91399959086001
1420	23265280	10	4.5	5.6258332716140815	16.0	1.0	10	17.3	16.11241757155021	40.0	1.0	-0.012256947871049167	-2.20674807803691	0.03202262275984355	11.562999971092498	40.99799959002
1424	23330816	10	12.1	14.38367129769031	40.0	1.0	10	23.0	14.656056768449009	40.0	4.0	-0.011781231193390945	-2.1988538004651	0.031487910869200525	11.630749970923127	44.41599955584
1428	23396352	10	10.6	12.427389106324787	40.0	0.0	10	10.1	11.869709347747314	40.0	0.0	-0.012887780827311202	-2.2138085362989357	0.03139585685045933	11.503249971241877	52.92099947079001
1432	23461888	10	6.9	11.352973178863765	40.0	0.0	10	21.1	18.98657420389471	40.0	0.0	-0.011614772819790594	-2.1889124411051233	0.03146792569568415	10.618499973453751	54.44099945559001
1436	23527424	10	17.1	16.31839452887446	40.0	0.0	10	22.8	16.442627527253666	40.0	0.0	-0.01172976556577538	-2.228849028315433	0.03400194367117274	11.636249970909375	73.78099926219002
1440	23592960	10	6.7	6.435060217278468	19.0	0.0	10	11.3	12.141251994749142	40.0	1.0	-0.011369317960420185	-2.216498896248721	0.037160607865865954	11.468249971329376	34.75299965247
1444	23658496	10	8.3	12.09173271289107	40.0	0.0	10	19.3	15.09337603056387	41.0	1.0	-0.011621175418745827	-2.2050647013075966	0.039769175632905114	12.122749969693125	44.19299955807001
1448	23724032	10	15.9	16.183015788165072	40.0	0.0	10	26.3	15.133076356114774	40.0	1.0	-0.01108615779357655	-2.199325819581135	0.03904192787576457	11.873249970316875	52.868999471310005
1452	23789568	10	11.8	14.7770091696527	40.0	1.0	10	15.9	14.875819305167699	40.0	0.0	-0.011973517285964871	-2.175515070330978	0.040411588731668925	11.071249972321876	45.28499954715
1456	23855104	10	8.9	10.885311203635844	40.0	1.0	10	19.6	17.077470538695124	40.0	0.0	-0.012060924136026458	-2.191694795857056	0.03766288043305974	11.178749972053126	55.14599944854001
1460	23920640	10	17.3	15.8117045254457	40.0	0.0	10	12.3	14.213022197970425	40.0	0.0	-0.012212709454556334	-2.1919420384070856	0.03500202755700029	11.185499972036249	43.16899956831001
1464	23986176	10	11.3	11.532996141506334	40.0	1.0	10	8.1	11.3705760628035	40.0	0.0	-0.012120206933661249	-2.227691180771996	0.034432470115816335	11.781749970545624	37.319999626800005
1468	24051712	10	11.1	14.982990355733397	41.0	0.0	10	20.8	17.434448657758004	40.0	0.0	-0.010519799435734792	-2.253478824857578	0.040070834643069174	10.9769999725575	46.40499953595001
1472	24117248	10	5.9	6.949100661236676	21.0	0.0	10	13.2	14.048487463068756	40.0	0.0	-0.012825112919500595	-2.219977711406567	0.04427733512444514	11.0629999723425	40.27399959726001
1476	24182784	10	12.8	15.177615095923338	40.0	0.0	10	13.7	14.9	40.0	0.0	-0.011857633252149676	-2.2042329284239504	0.03830670522282099	11.627249970931876	49.60099950399001
1480	24248320	10	12.5	11.595257651298654	40.0	0.0	10	20.4	17.229045243425418	40.0	0.0	-0.011351773757905768	-2.2014690039248856	0.03449252202825193	10.794999973012501	47.624999523750006
1484	24313856	10	9.5	9.14603739331958	26.0	0.0	10	17.9	15.31306631605832	40.0	2.0	-0.011422923929808381	-2.181002080213333	0.03772538835953966	10.264749974338127	39.82499960175001
1488	24379392	10	6.6	7.578918128598566	19.0	0.0	10	10.9	11.708543888972702	40.0	0.0	-0.010886344184430671	-2.1833871178538153	0.04423820917654662	10.745999973135001	37.875999621240005
1492	24444928	10	9.6	12.776541002947551	40.0	0.0	10	15.8	15.91728620085723	40.0	3.0	-0.01235443225224876	-2.1710454223278655	0.04038845491174853	11.4509999713725	43.60299956397001
1496	24510464	10	9.3	11.739250401963492	40.0	0.0	10	13.1	14.801689092802889	40.0	0.0	-0.0110475508154814	-2.1992711422536666	0.04044813033703337	11.134249972164374	44.94699955053001
1500	24576000	10	12.8	14.715977711317723	40.0	0.0	10	11.5	11.884864324004713	40.0	0.0	-0.012082479954748272	-2.2085066733443948	0.03779425254318812	11.213749971965626	55.024999449750005
1504	24641536	10	10.7	15.03362896974646	40.0	0.0	10	12.5	14.0089257261219	40.0	1.0	-0.012362275369545494	-2.2274344362481795	0.03670963615495162	10.35049997412375	57.18299942817001
1508	24707072	10	9.3	11.153923076657827	40.0	0.0	10	19.0	17.623847480048163	40.0	0.0	-0.011966257274825216	-2.202185049423659	0.04049114017170339	10.77599997306	35.28299964717001
1512	24772608	10	9.3	13.689777207829206	40.0	0.0	10	12.9	15.597756248896827	40.0	0.0	-0.010926578704507136	-2.184648225477261	0.03909683052508821	10.476749973808124	51.674999483250005
1516	24838144	10	10.5	15.06154042586614	40.0	0.0	10	17.8	16.011246047700347	40.0	1.0	-0.012453277156273871	-2.1883163648551087	0.03292911798195007	11.083749972290626	39.10299960897001
1520	24903680	10	8.4	12.001666550942	40.0	0.0	10	7.4	11.341957503006261	40.0	0.0	-0.011075987144733008	-2.1846222676544644	0.04702101286476551	12.361749969095627	33.7299996627
1524	24969216	10	8.3	11.67946916601949	40.0	0.0	10	9.2	12.408061895396878	40.0	0.0	-0.011179661731196482	-2.182344195516074	0.040206470600176895	13.48799996628	26.665999733340005
