iter	frame	n_test	mean_returns	std_returns	max_returns	min_returns	n_test_train	mean_returns_train	std_returns_train	max_returns_train	min_returns_train	actor_loss	entropy_loss	value_loss	training_time	evaluation_time
0	0	10	1.1	1.1357816691600546	3.0	0.0	10	0.9	1.1357816691600546	3.0	0.0	0	0	0	0.0	2.4099999759000004
4	65536	10	0.8	1.5362291495737217	5.0	0.0	10	1.0	1.61245154965971	5.0	0.0	0.004809713274379766	-2.544549554321353	0.20353443619692857	3.05049999237375	2.7549999724500003
8	131072	10	1.3	1.846618531261939	6.0	0.0	10	1.2	1.32664991614216	4.0	0.0	-0.0049803600845094356	-2.550045681230831	0.04965115625204513	5.222749986943125	11.349999886500001
12	196608	10	0.9	1.2206555615733705	4.0	0.0	10	0.2	0.4000000000000001	1.0	0.0	-0.00737231262290967	-2.502288885153945	0.04984356109309795	11.19449997201375	10.429999895700002
16	262144	10	1.4	1.7435595774162693	6.0	0.0	10	1.3	1.3453624047073711	4.0	0.0	-0.008261675946766538	-2.4791313928763508	0.04624156164455038	12.377749969055625	11.458999885410002
20	327680	10	1.3	1.004987562112089	3.0	0.0	10	1.0	1.0	3.0	0.0	-0.009856541972298545	-2.508052418368073	0.046632710839420756	11.438749971403125	11.986999880130002
24	393216	10	1.2	1.3266499161421599	4.0	0.0	10	0.7	1.1874342087037917	4.0	0.0	-0.010397698401729145	-2.558355383308467	0.0437144278503122	11.470999971322499	12.295999877040002
28	458752	10	0.4	0.4898979485566356	1.0	0.0	10	0.6	0.66332495807108	2.0	0.0	-0.011392601963381679	-2.5501994289284866	0.0429896420443974	12.322249969194376	8.66099991339
32	524288	10	0.8	0.9797958971132713	3.0	0.0	10	0.5	0.5	1.0	0.0	-0.011490684867279872	-2.5528505491537987	0.04379980327726131	10.68349997329125	9.693999903060002
36	589824	10	0.8	1.4000000000000001	4.0	0.0	10	0.8	0.8717797887081348	2.0	0.0	-0.013120785419684802	-2.534838512275818	0.04536184823288864	11.792749970518125	10.508999894910001
40	655360	10	1.6	3.2310988842807027	11.0	0.0	10	1.4	1.9078784028338913	6.0	0.0	-0.01301214765272533	-2.536594090098161	0.0459860754927526	11.82149997044625	22.684999773150004
44	720896	10	0.1	0.30000000000000004	1.0	0.0	10	1.0	2.0976176963403033	7.0	0.0	-0.014463702215237786	-2.533676246538087	0.0429404621976712	11.325999971685	13.738999862610003
48	786432	10	1.1	1.2206555615733703	4.0	0.0	10	1.6	2.0591260281974	6.0	0.0	-0.01364411684435615	-2.5315716015642336	0.04943371994371612	11.917249970206875	15.622999843770002
52	851968	10	0.6	0.66332495807108	2.0	0.0	10	0.8	1.4696938456699071	5.0	0.0	-0.014246194100483093	-2.5106972925233184	0.04568829383069946	12.37149996907125	7.031999929680001
56	917504	10	0.8	0.8717797887081347	2.0	0.0	10	0.6	1.0198039027185568	3.0	0.0	-0.015312687695992462	-2.5017080006377665	0.038310167259271326	11.457499971356249	14.420999855790003
60	983040	10	1.2	1.7776388834631176	5.0	0.0	10	1.9	1.9209372712298547	6.0	0.0	-0.014417171983661409	-2.468792530140408	0.04313089201398432	11.51149997122125	16.97899983021
64	1048576	10	1.1	1.1357816691600546	4.0	0.0	10	1.2	1.4696938456699067	4.0	0.0	-0.01545056384768978	-2.436013772829935	0.03932163588448299	12.378999969052499	13.217999867820001
68	1114112	10	1.3	1.5524174696260025	4.0	0.0	10	1.6	1.2806248474865698	4.0	0.0	-0.015085331281569693	-2.401193241028206	0.038798689935195356	10.97999997255	10.121999898780002
72	1179648	10	1.2	1.0770329614269007	3.0	0.0	10	1.1	1.7000000000000004	6.0	0.0	-0.015912687683198007	-2.3902345918112653	0.03983359469151561	11.910749970223126	12.126999878730002
76	1245184	10	2.1	2.1189620100417095	7.0	0.0	10	1.4	2.6532998322843198	8.0	0.0	-0.014753440427415247	-2.3767283283181806	0.04120224026999586	11.953249970116874	20.172999798270002
80	1310720	10	0.9	1.445683229480096	4.0	0.0	10	1.2	1.2489995996796797	3.0	0.0	-0.016203306123750306	-2.393117079882883	0.03780274407078683	11.0109999724725	13.572999864270002
84	1376256	10	1.4	0.9165151389911681	3.0	0.0	10	2.0	2.6076809620810595	8.0	0.0	-0.016217725977921153	-2.394294579574406	0.038741220716076774	10.904999972737498	16.697999833020003
88	1441792	10	0.8	1.7776388834631178	6.0	0.0	10	1.4	1.7435595774162693	6.0	0.0	-0.016180240552312323	-2.3968636937426235	0.03621494205058499	12.40549996898625	17.62099982379
92	1507328	10	2.1	3.014962686336267	10.0	0.0	10	2.0	3.0983866769659336	11.0	0.0	-0.015418045048955536	-2.388254711776548	0.046510173585077676	11.348999971627501	22.933999770660005
96	1572864	10	1.0	2.4083189157584592	8.0	0.0	10	1.2	1.6	5.0	0.0	-0.016900971559211293	-2.3395613653010914	0.04459209242992021	11.147249972131876	15.200999847990003
100	1638400	10	1.0	1.7888543819998317	6.0	0.0	10	2.3	2.147091055358389	7.0	0.0	-0.01710068742314259	-2.321262771642802	0.03925050363932727	12.369499969076251	21.683999783160004
104	1703936	10	0.8	0.8717797887081347	2.0	0.0	10	1.9	2.118962010041709	7.0	0.0	-0.015733268563840008	-2.253555093967614	0.04493944187335695	11.441749971395627	9.6799999032
108	1769472	10	2.1	1.4456832294800963	5.0	0.0	10	0.4	0.66332495807108	2.0	0.0	-0.01586682798204741	-2.255831581615864	0.044424117615785984	10.63349997341625	16.227999837720006
112	1835008	10	0.5	0.6708203932499369	2.0	0.0	10	1.4	1.8547236990991407	6.0	0.0	-0.016364621195673303	-2.287467946370583	0.03875404692937815	11.572749971068124	10.165999898340003
116	1900544	10	2.5	3.1064449134018135	11.0	0.0	10	1.1	1.044030650891055	3.0	0.0	-0.016435920453160075	-2.256406279666621	0.03831707031920643	11.94749997013125	31.791999682080007
120	1966080	10	0.7	0.7810249675906655	2.0	0.0	10	3.1	2.4269322199023193	8.0	0.0	-0.01773318355902633	-2.2335085742332534	0.03564736070128118	10.445249973886876	12.267999877320003
124	2031616	10	0.5	0.6708203932499369	2.0	0.0	10	2.5	3.2015621187164243	11.0	0.0	-0.016584333675776986	-2.2208749649595463	0.03715246857222595	10.651749973370626	12.766999872330002
128	2097152	10	1.3	1.4177446878757827	4.0	0.0	10	2.2	1.7204650534085253	5.0	0.0	-0.016822149641854276	-2.2125783262332224	0.03951493198183706	12.26049996934875	13.553999864460003
132	2162688	10	0.6	1.0198039027185568	3.0	0.0	10	1.9	3.3301651610693423	11.0	0.0	-0.015893238599813266	-2.2163154232180142	0.03942491651179616	11.050749972373126	22.244999777550003
136	2228224	10	0.5	0.6708203932499369	2.0	0.0	10	1.3	1.3453624047073711	4.0	0.0	-0.016074112648759478	-2.251285448435878	0.038652638900724026	11.702999970742502	5.4779999452200006
140	2293760	10	1.8	2.3151673805580453	7.0	0.0	10	2.7	1.7916472867168918	6.0	0.0	-0.016029724358453745	-2.2689843125761344	0.036484364261154666	11.53749997115625	16.8299998317
144	2359296	10	3.0	3.4351128074635335	10.0	0.0	10	1.6	1.1135528725660044	3.0	0.0	-0.0159072889929831	-2.2132285657206436	0.03603346294270492	11.395499971511251	25.090999749090006
148	2424832	10	2.3	2.2825424421026654	7.0	0.0	10	3.1	2.5865034312755126	10.0	0.0	-0.01607766611489319	-2.216450604068824	0.03815517973843876	11.453999971365	19.852999801470006
152	2490368	10	2.0	2.32379000772445	8.0	0.0	10	1.8	1.7776388834631178	5.0	0.0	-0.016153283415542247	-2.235714944467513	0.04129278189848625	11.5549999711125	17.326999826730006
156	2555904	10	1.8	2.6	8.0	0.0	10	1.7	1.1	3.0	0.0	-0.0166839298369776	-2.249671364589636	0.03861005444763992	11.55149997112125	15.237999847620001
160	2621440	10	2.3	3.067572330035593	11.0	0.0	10	2.8	4.578209256903839	16.0	0.0	-0.016065679788419666	-2.248645980918618	0.03953096233284585	11.248249971879376	26.392999736070006
164	2686976	10	2.9	4.867237409455183	17.0	0.0	10	2.2	2.749545416973504	9.0	0.0	-0.01498847623796185	-2.2389750975024962	0.04254584852162872	11.890249970274374	25.778999742210004
168	2752512	10	1.7	2.193171219946131	7.0	0.0	10	2.7	3.132091952673165	10.0	0.0	-0.01581637535205589	-2.2518667799868926	0.039850186727049604	11.894749970263128	23.888999761110004
172	2818048	10	0.9	1.2206555615733703	4.0	0.0	10	2.2	1.8867962264113207	5.0	0.0	-0.016004338691497633	-2.211355266241354	0.0350497954410933	11.569249971076875	16.413999835860004
176	2883584	10	1.3	1.5524174696260025	4.0	0.0	10	2.5	3.170173496829472	11.0	0.0	-0.017213960183679267	-2.2058187671191525	0.03785137385511745	11.59599997101	19.45499980545
180	2949120	10	1.7	1.1	4.0	0.0	10	2.2	1.9390719429665317	5.0	0.0	-0.01479635744269399	-2.228109153376386	0.03900454449061063	11.203249971991875	11.244999887550001
184	3014656	10	0.6	0.9165151389911679	3.0	0.0	10	1.3	1.676305461424021	5.0	0.0	-0.016455227970662848	-2.2262028354074217	0.03205864854831959	11.91749997020625	12.277999877220003
188	3080192	10	1.5	1.857417562100671	5.0	0.0	10	3.1	3.753664875824692	13.0	0.0	-0.016382178126262904	-2.2197439370227285	0.02994544702891011	11.497249971256874	17.496999825030002
192	3145728	10	2.0	1.7888543819998317	6.0	0.0	10	1.6	1.2	4.0	0.0	-0.016281843981658797	-2.207996946839963	0.029830877685450764	10.930749972673125	16.51399983486
196	3211264	10	1.3	1.676305461424021	5.0	0.0	10	1.9	1.7	4.0	0.0	-0.01751667779231906	-2.1996799109074936	0.029577768152447833	10.429749973925626	15.865999841340003
200	3276800	10	0.9	1.3	4.0	0.0	10	2.1	2.507987240796891	9.0	0.0	-0.016981886023788036	-2.1883863133892723	0.033340994595026166	11.0829999722925	13.739999862600003
204	3342336	10	3.5	3.2326459750489227	11.0	0.0	10	3.5	3.5	11.0	0.0	-0.016177353766410153	-2.1706806319677705	0.03191421262121801	10.48449997378875	26.251999737480002
208	3407872	10	2.0	1.8439088914585775	6.0	0.0	10	1.5	1.6278820596099706	5.0	0.0	-0.015848249835639636	-2.1594796004628756	0.03513528772962297	10.7749999730625	16.288999837110005
212	3473408	10	1.5	1.91049731745428	5.0	0.0	10	1.4	1.6852299546352718	5.0	0.0	-0.016567935158887635	-2.2062027154054866	0.029925389095817597	12.102749969743126	14.119999858800002
216	3538944	10	1.7	1.7916472867168916	5.0	0.0	10	1.1	1.1357816691600546	3.0	0.0	-0.015474556485267075	-2.2377673608713873	0.029481012797947913	10.556749973608126	16.06599983934
220	3604480	10	0.2	0.4000000000000001	1.0	0.0	10	4.8	3.4	13.0	2.0	-0.01593889671085691	-2.250867900514582	0.026916788674725908	10.95649997260875	21.587999784120004
224	3670016	10	0.7	0.9000000000000001	2.0	0.0	10	2.6	2.870540018881465	10.0	0.0	-0.01557434190503915	-2.2385636267714397	0.02909914927719656	11.260499971848748	12.757999872420001
228	3735552	10	0.8	1.4000000000000001	4.0	0.0	10	3.0	4.427188724235731	16.0	0.0	-0.01691904809382524	-2.228942468530216	0.030067466351486438	11.431499971421252	24.472999755270003
232	3801088	10	1.6	1.7435595774162693	5.0	0.0	10	2.7	2.4515301344262523	8.0	0.0	-0.01587818000872609	-2.209678994882403	0.029645528621832718	10.530249973674374	12.592999874070003
236	3866624	10	1.8	1.7204650534085255	5.0	0.0	10	2.1	2.071231517720798	6.0	0.0	-0.017224276264363587	-2.1958681615886553	0.02803623295717953	12.1149999697125	19.27599980724
240	3932160	10	6.4	8.027452896155792	28.0	0.0	10	3.0	3.687817782917155	13.0	0.0	-0.016696847871651394	-2.215651196507287	0.030488262512494445	12.907999967730001	18.965999810340005
244	3997696	10	0.7	0.7810249675906655	2.0	0.0	10	3.7	2.968164415931166	9.0	0.0	-0.016066924878177645	-2.2194992450547897	0.03392923987738019	11.435499971411252	22.812999771870004
248	4063232	10	0.7	0.9	2.0	0.0	10	3.0	2.792848008753788	10.0	0.0	-0.016992567216876035	-2.2003255707713754	0.03139236718477261	10.51349997371625	10.9499998905
252	4128768	10	1.2	1.6	5.0	0.0	10	4.6	2.764054992217051	9.0	0.0	-0.01569073040039824	-2.156515784336997	0.0354787903257631	11.911999970220002	13.40199986598
256	4194304	10	2.8	2.785677655436824	8.0	0.0	10	2.9	2.5865034312755126	9.0	0.0	-0.01605594159945613	-2.142601179356706	0.03641265531389724	12.08849996977875	15.756999842430002
260	4259840	10	2.3	2.2825424421026654	7.0	0.0	10	3.7	3.034798181098704	10.0	0.0	-0.01556754872176529	-2.1551829425235716	0.033438420851025705	10.718749973203126	27.249999727500004
264	4325376	10	1.1	1.2206555615733703	4.0	0.0	10	0.9	1.3	4.0	0.0	-0.01659361354853247	-2.1476975677160395	0.032065604092162275	11.0489999723775	15.020999849790003
268	4390912	10	1.8	1.469693845669907	4.0	0.0	10	2.5	1.746424919657298	5.0	0.0	-0.01595970379594785	-2.1350544192156424	0.032358032007590694	10.29449997426375	12.274999877250002
272	4456448	10	6.3	11.38463877336475	40.0	0.0	10	4.0	5.138093031466052	18.0	0.0	-0.017420820960376733	-2.128084035989497	0.032296250512718894	10.857249972856875	40.968999590310005
276	4521984	10	1.4	1.624807680927192	5.0	0.0	10	1.7	1.5524174696260025	4.0	0.0	-0.01538193796135444	-2.1406481661156183	0.031885597793323596	10.247249974381877	12.717999872820002
280	4587520	10	0.9	1.1357816691600549	3.0	0.0	10	2.2	2.039607805437114	6.0	0.0	-0.01591477353896205	-2.1327278686328404	0.031862733067419574	10.27199997432	14.404999855950003
284	4653056	10	1.4	1.7435595774162693	6.0	0.0	10	3.8	3.2186953878862163	9.0	0.0	-0.016144237205314882	-2.149845982367369	0.030562919600166622	11.949999970124999	15.441999845580003
288	4718592	10	1.2	1.5362291495737217	4.0	0.0	10	3.8	4.044749683231337	12.0	0.0	-0.016746269462069304	-2.1318275305394945	0.029680675804472468	11.424249971439377	22.886999771130004
292	4784128	10	1.7	2.8301943396169813	10.0	0.0	10	3.0	4.774934554525329	17.0	0.0	-0.01607307333884738	-2.1125555085922105	0.031719418918359006	11.5129999712175	27.166999728330005
296	4849664	10	1.1	1.2206555615733703	3.0	0.0	10	3.6	3.006659275674582	11.0	0.0	-0.01638121550373139	-2.124888653335163	0.035832720067655206	11.08249997229375	19.154999808450004
300	4915200	10	2.1	1.972308292331602	6.0	0.0	10	2.2	1.661324772583615	5.0	0.0	-0.015722341518569567	-2.0976073516210416	0.03639441466278336	10.61049997347375	12.374999876250001
304	4980736	10	0.8	0.7483314773547883	2.0	0.0	10	2.6	2.5768197453450252	8.0	0.0	-0.015798982362130575	-2.1065530352583646	0.03401122752145172	11.154749972113127	15.663999843360003
308	5046272	10	3.3	3.287856444554719	11.0	0.0	10	1.3	1.4866068747318506	5.0	0.0	-0.014005120279515988	-2.125320337491377	0.035353797755867625	11.1929999720175	18.438999815610003
312	5111808	10	2.1	2.8442925306655784	8.0	0.0	10	4.8	5.075431016179808	17.0	0.0	-0.016350533763028578	-2.119000745095617	0.03372670253775492	10.74399997314	18.82799981172
316	5177344	10	2.9	2.913760456866693	9.0	0.0	10	2.1	1.6401219466856725	4.0	0.0	-0.0172506819514555	-2.127708839651836	0.03147797140663419	10.274749974313126	14.443999855560003
320	5242880	10	1.1	2.022374841615669	7.0	0.0	10	2.6	1.8000000000000003	6.0	0.0	-0.016258759264751014	-2.1559722694495616	0.030138404512898134	11.00649997248375	21.004999789950002
324	5308416	10	3.2	3.1874754901018454	10.0	0.0	10	3.1	4.459820624195552	15.0	0.0	-0.015990062532639012	-2.1602330205574463	0.03189036216797908	10.647749973380625	26.59199973408
328	5373952	10	4.3	11.908400396358868	40.0	0.0	10	6.2	11.504781614615723	40.0	0.0	-0.016716337203208333	-2.1580609478291977	0.036693653049160925	10.805749972985625	47.896999521030004
332	5439488	10	1.6	3.2	11.0	0.0	10	2.9	4.90815647672321	17.0	0.0	-0.015651512644466545	-2.1825924712132796	0.03501469701707084	12.037249969906876	25.203999747960005
336	5505024	10	4.9	7.502666192761078	24.0	0.0	10	4.8	11.796609682446903	40.0	0.0	-0.015901033500551554	-2.169766410959247	0.030863898744851286	11.360249971599377	40.628999593710006
340	5570560	10	2.9	3.6180105030251086	13.0	0.0	10	5.5	4.455333881989093	13.0	0.0	-0.015540542743917075	-2.15787421889477	0.03554349180794432	10.633249973416875	19.57499980425
344	5636096	10	1.9	2.1656407827707715	8.0	0.0	10	5.8	11.513470371699404	40.0	0.0	-0.014983482667003565	-2.1820305360070837	0.035317315076058564	12.01999996995	28.956999710430004
348	5701632	10	1.5	2.3769728648009427	7.0	0.0	10	3.9	4.657252408878007	15.0	0.0	-0.01547911651101501	-2.1756075469373375	0.034161938797073174	11.31649997170875	21.973999780260005
352	5767168	10	5.8	7.4404300950953095	25.0	0.0	10	3.2	5.6000000000000005	18.0	0.0	-0.01632423612390722	-2.154181842778243	0.03880269945350164	11.533249971166876	38.97699961023
356	5832704	10	5.5	11.595257651298654	40.0	0.0	10	5.5	4.863126566315131	16.0	0.0	-0.01577688864520166	-2.182426204056696	0.035159840768731604	11.337999971655	43.22199956778001
360	5898240	10	1.7	1.1	4.0	0.0	10	6.5	11.534730165894649	40.0	0.0	-0.015562865099325376	-2.1538294154148843	0.03500447309366565	10.884249972789375	36.107999638920006
364	5963776	10	3.3	3.7161808352124095	10.0	0.0	10	4.1	4.3	11.0	0.0	-0.015973875430824718	-2.1615599118405022	0.03249130999175761	11.046249972384375	22.319999776800003
368	6029312	10	2.9	3.4190641994557516	10.0	0.0	10	3.1	2.118962010041709	7.0	1.0	-0.015368554691036904	-2.171084858250961	0.03462057566142432	10.6049999734875	19.814999801850004
372	6094848	10	2.5	3.640054944640259	13.0	0.0	10	4.0	5.761944116355173	16.0	0.0	-0.016041523702517883	-2.163916920396782	0.03433413853666415	11.013249972466877	23.740999762590004
376	6160384	10	0.4	1.2000000000000002	4.0	0.0	10	4.5	5.554277630799526	17.0	0.0	-0.013823297600917415	-2.14103749620467	0.03793293064608295	11.4889999712775	23.21099976789
380	6225920	10	1.2	1.7204650534085253	6.0	0.0	10	6.3	11.480853626799709	40.0	0.0	-0.015791017585971907	-2.1440362257512224	0.03751722472561874	11.310249971724375	24.369999756300004
384	6291456	10	1.4	1.2806248474865698	4.0	0.0	10	3.3	2.6851443164195103	10.0	1.0	-0.015035006521682591	-2.1392473054684036	0.03718692339414176	10.603249973491874	18.958999810410003
388	6356992	10	2.2	2.1354156504062622	7.0	0.0	10	2.7	5.814636704042653	20.0	0.0	-0.016336197640577945	-2.159798778368561	0.03270007683166851	11.237999971905001	33.860999661390004
392	6422528	10	3.0	3.6606010435446255	12.0	0.0	10	4.8	6.43117407632541	19.0	0.0	-0.016669730105990408	-2.20459752506895	0.029449746785722146	10.953749972615627	20.884999791150005
396	6488064	10	4.0	4.669047011971501	16.0	0.0	10	7.2	4.833218389437829	18.0	0.0	-0.01596877756143936	-2.1913349601330574	0.0318696298409273	11.769249970576874	36.02899963971001
400	6553600	10	4.9	8.067837380611982	28.0	0.0	10	6.2	5.114684741017769	16.0	0.0	-0.015584835101934334	-2.163430735243507	0.02964301300314362	11.136749972158125	44.1599995584
404	6619136	10	2.7	2.9	10.0	0.0	10	3.0	4.538722287164087	15.0	0.0	-0.015726312157796345	-2.1665391348529077	0.030131972042498918	11.099749972250624	21.197999788020002
408	6684672	10	2.1	2.022374841615669	7.0	0.0	10	4.4	2.2891046284519194	10.0	1.0	-0.01425394656783658	-2.189920571715007	0.03513039747119949	11.786499970533749	32.326999676730004
412	6750208	10	2.8	4.237924020083418	15.0	0.0	10	2.9	3.3000000000000003	10.0	0.0	-0.013756945291265203	-2.192076166242504	0.03426703761828501	11.446249971384375	20.994999790050006
416	6815744	10	2.6	3.4117444218463966	12.0	0.0	10	2.1	2.071231517720798	5.0	0.0	-0.015514951925272757	-2.1771996565378746	0.03477834294731118	10.419249973951874	19.951999800480007
420	6881280	10	2.4	4.651881339845202	16.0	0.0	10	2.5	4.631414470763764	16.0	0.0	-0.015074560698491774	-2.1916951584519784	0.03485316582980417	11.041999972395002	30.035999699640005
424	6946816	10	2.0	2.3664319132398464	8.0	0.0	10	4.8	5.9464274989274015	17.0	0.0	-0.014471378705829213	-2.183781767657413	0.03445354460690149	10.984249972539375	19.970999800290002
428	7012352	10	2.0	1.5491933384829668	4.0	0.0	10	7.0	6.587867636800241	19.0	1.0	-0.015218203010217942	-2.1973470496829264	0.0375663920771004	12.04649996988375	20.020999799790005
432	7077888	10	1.6	1.9078784028338915	5.0	0.0	10	6.5	11.4564392373896	40.0	0.0	-0.015985451801955132	-2.197234208156271	0.035763480192360704	12.02649996993375	26.033999739660004
436	7143424	10	2.4	2.6153393661244038	7.0	0.0	10	3.8	2.925747767665559	10.0	0.0	-0.015424818846652994	-2.1937734854916395	0.03829338723239516	11.674499970813748	22.33699977663
440	7208960	10	0.5	1.02469507659596	3.0	0.0	10	2.9	2.947880594596735	11.0	0.0	-0.01486032862730827	-2.186222118408241	0.04050189242664408	10.979249972551875	16.964999830350003
444	7274496	10	2.9	2.6248809496813372	8.0	0.0	10	4.2	4.915282290977803	17.0	0.0	-0.01540425120605115	-2.2067726152823397	0.04156129207261972	9.760249975599374	28.146999718530004
448	7340032	10	3.9	4.548626166217664	15.0	0.0	10	7.3	11.722201158485552	40.0	0.0	-0.015697798702181374	-2.1952276624936	0.04067187567671537	11.282249971794377	31.260999687390004
452	7405568	10	2.1	2.3853720883753127	7.0	0.0	10	8.8	11.338430226446693	40.0	0.0	-0.016378252561593542	-2.195668329566486	0.03591422478216675	11.742749970643127	28.264999717350005
456	7471104	10	2.5	3.556683848755748	12.0	0.0	10	2.4	2.416609194718914	7.0	0.0	-0.014996516371213521	-2.1476512648411616	0.044122846908927836	12.240749969398124	14.766999852330002
460	7536640	10	1.9	1.445683229480096	4.0	0.0	10	4.0	3.40587727318528	9.0	0.0	-0.014816701980607533	-2.1747930867194696	0.04104158256629132	10.343999974139999	23.049999769500005
464	7602176	10	0.8	0.9797958971132712	3.0	0.0	10	5.5	11.621101496846158	40.0	0.0	-0.01464373654591583	-2.154020865533883	0.040697825020596406	10.003999974990002	35.85199964148
468	7667712	10	3.1	3.753664875824692	13.0	0.0	10	4.4	3.4409301068170506	9.0	0.0	-0.015420677878471145	-2.1600055245295233	0.04414951304134784	9.949749975125625	30.138999698610004
472	7733248	10	7.4	11.714947716485975	40.0	0.0	10	6.5	9.687620966986684	25.0	0.0	-0.014980691097920702	-2.1538354727369087	0.039684314354224794	9.753749975615625	46.39499953605001
476	7798784	10	1.5	1.3601470508735443	4.0	0.0	10	6.7	11.463420083029323	40.0	0.0	-0.015456112999857491	-2.151814383540914	0.034604910388864735	10.786999973032499	28.864999711350002
480	7864320	10	6.7	5.883026432033091	15.0	0.0	10	7.2	5.436910887627275	19.0	2.0	-0.015874065212163776	-2.1412345193579547	0.03567818223980826	10.523999973690001	34.060999659390006
484	7929856	10	6.2	11.391224692718515	40.0	0.0	10	6.7	11.287603820120548	40.0	0.0	-0.014569331771476455	-2.1696915226901483	0.03719777537820814	10.89949997275125	51.649999483500004
488	7995392	10	3.3	3.950949253027682	12.0	0.0	10	9.3	11.558979193683152	40.0	0.0	-0.014991683343047313	-2.1452164896081465	0.03780439274457437	10.8929999727675	32.88899967111001
492	8060928	10	2.1	2.7730849247724096	10.0	0.0	10	7.6	11.128342194594845	40.0	0.0	-0.015036885389791787	-2.1504453666751675	0.039352825683478074	10.9309999726725	25.842999741570004
496	8126464	10	1.5	1.8027756377319946	6.0	0.0	10	7.9	8.092589202474077	28.0	0.0	-0.014820808751788598	-2.1290354676810446	0.04023214879337087	11.5509999711225	29.661999703380005
500	8192000	10	2.7	3.0347981810987035	10.0	0.0	10	6.1	11.370576062803503	40.0	0.0	-0.01552161948428778	-2.142505156273983	0.03483243187293788	11.18849997202875	28.747999712520006
504	8257536	10	3.9	4.011234224026316	15.0	0.0	10	6.5	7.800640999302558	25.0	0.0	-0.01459784930041503	-2.1371483154852227	0.03459506050788854	12.288499969278751	29.971999700280005
508	8323072	10	6.2	11.469960767151733	40.0	0.0	10	4.3	3.2264531609803355	10.0	0.0	-0.014788219208918478	-2.098858922501324	0.03414119255839043	11.680999970797501	37.70999962290001
512	8388608	10	2.9	2.9816103031751147	11.0	0.0	10	5.2	4.445222154178573	13.0	0.0	-0.015482082954101131	-2.0920518733865343	0.04009685121679856	11.525499971186251	23.469999765300003
516	8454144	10	3.1	3.448187929913334	10.0	0.0	10	5.8	4.261455150532503	17.0	2.0	-0.015003728077270581	-2.1071371235241996	0.0391998585505556	10.175499974561252	32.35599967644001
520	8519680	10	4.8	4.728636167014756	16.0	0.0	10	7.8	10.897706180660222	40.0	1.0	-0.015877049322487645	-2.1165779752314693	0.036668961378806555	9.890749975273124	33.348999666510004
524	8585216	10	3.9	5.593746508378799	18.0	0.0	10	7.0	12.033287165193059	40.0	0.0	-0.015213231307150262	-2.0726063199665856	0.04057811541680999	9.797999975505	35.58699964413001
528	8650752	10	3.1	3.9610604640676716	14.0	0.0	10	3.8	4.044749683231337	13.0	0.0	-0.013523663448526744	-2.1032183441315704	0.0402570569186136	10.23149997442125	26.430999735690005
532	8716288	10	5.9	5.485435260760991	15.0	0.0	10	2.1	3.7269290307168443	13.0	0.0	-0.015827090681511693	-2.122137995836613	0.03902611791836253	11.3529999716175	27.201999727980006
536	8781824	10	2.6	2.90516780926679	9.0	0.0	10	13.0	14.331782861877304	40.0	2.0	-0.0145283312070533	-2.1112226965811076	0.04205390748440258	11.657499970856248	35.73299964267
540	8847360	10	2.1	2.981610303175115	10.0	0.0	10	8.1	8.859458222713169	25.0	0.0	-0.014848130426161702	-2.0781197893441647	0.03908334687565944	10.907249972731874	27.566999724330003
544	8912896	10	3.1	2.879236009777594	11.0	0.0	10	5.5	11.552056094046634	40.0	0.0	-0.015206038283327034	-2.1069721726368544	0.038437127888389745	10.759749973100623	38.29799961702001
548	8978432	10	4.1	4.158124577258358	11.0	0.0	10	7.7	11.515641536623132	40.0	0.0	-0.016217502111257304	-2.088508235693975	0.03421409276423344	10.84349997289125	36.296999637030005
552	9043968	10	3.7	4.960846701924985	16.0	0.0	10	6.3	8.136952746575343	27.0	0.0	-0.014237328732969547	-2.089973988414655	0.03574707222885305	10.408249973979375	31.263999687360005
556	9109504	10	3.4	3.693237062523878	13.0	0.0	10	6.8	12.229472596968359	40.0	0.0	-0.015427553866993285	-2.0791197516341886	0.03894369850926494	10.2189999744525	32.08299967917
560	9175040	10	3.6	3.2619012860600183	10.0	0.0	10	3.3	3.287856444554719	10.0	0.0	-0.015737230233023706	-2.0777933073859685	0.037300020277805684	11.18249997204375	17.732999822670003
564	9240576	10	6.8	11.872657663724665	40.0	0.0	10	11.7	15.13968295572929	40.0	0.0	-0.015222090755672291	-2.078075639687079	0.04242069692840364	11.097999972255	49.200999507990005
568	9306112	10	3.8	6.523802572120036	22.0	0.0	10	9.2	12.081390648431164	40.0	0.0	-0.015197480258326377	-2.089611572306244	0.03901475935302327	11.09849997225375	32.218999677810004
572	9371648	10	2.9	2.3000000000000003	7.0	0.0	10	2.4	2.727636339397171	10.0	0.0	-0.014933239810145998	-2.069610158386812	0.042129785400152074	9.425499976436251	16.18199983818
576	9437184	10	5.0	5.118593556827891	13.0	0.0	10	5.7	11.61077086157504	40.0	0.0	-0.015281780230831286	-2.0984405227303133	0.03861777293869667	10.3369999741575	32.46499967535001
580	9502720	10	7.9	11.605602095539895	40.0	0.0	10	13.5	14.47929556297543	40.0	0.0	-0.015242275040619398	-2.124153551734752	0.03741146518924795	10.510249973724376	51.081999489180006
584	9568256	10	7.2	11.232096865679177	40.0	0.0	10	5.9	4.060788100849391	13.0	1.0	-0.015028853355893601	-2.063008628570713	0.036501810494112476	10.426499973933751	40.29699959703
588	9633792	10	5.0	5.639148871948674	15.0	0.0	10	5.2	6.523802572120037	24.0	0.0	-0.013997864912862607	-2.0729907053536483	0.03547145511275087	10.519999973700001	26.906999730930004
592	9699328	10	5.1	4.253234063627348	14.0	0.0	10	6.5	6.5	20.0	0.0	-0.015372624231142861	-2.099739886601593	0.03578177249307236	11.653749970865626	25.81299974187
596	9764864	10	2.9	2.7367864366808017	8.0	0.0	10	3.3	3.1638584039112754	9.0	0.0	-0.014456267690254772	-2.0596721046010926	0.04040731714307068	11.085999972285	13.453999865460002
600	9830400	10	3.0	3.794733192202055	13.0	0.0	10	4.6	3.7469987990390385	11.0	0.0	-0.016250863029325727	-2.0712297606297487	0.03841853391677417	10.502249973744375	32.58099967419001
604	9895936	10	3.8	5.4552726787943415	17.0	0.0	10	5.5	6.438167441127949	18.0	0.0	-0.014807635063004797	-2.0940902752483077	0.03862320029860989	10.093999974765	35.46999964530001
608	9961472	10	7.1	11.536463929644992	40.0	0.0	10	3.2	4.975942121849892	15.0	0.0	-0.01391881736442202	-2.055404322628652	0.04437539962744653	9.872999975317502	43.16099956839001
612	10027008	10	3.7	5.514526271584895	19.0	0.0	10	3.0	3.4351128074635335	10.0	0.0	-0.014460932296979463	-2.0722507583923226	0.04386018121080565	10.120999974697499	29.374999706250005
616	10092544	10	2.4	2.615339366124404	9.0	0.0	10	3.4	3.9293765408777004	13.0	0.0	-0.014462309713365899	-2.041241752392014	0.045133833147851	11.118499972203749	17.107999828920004
620	10158080	10	2.3	2.968164415931166	10.0	0.0	10	7.1	7.803204469959761	26.0	1.0	-0.014990428645387304	-2.066499369624567	0.04359649175634342	10.775499973061251	31.985999680140004
624	10223616	10	3.3	2.193171219946131	7.0	1.0	10	6.4	11.324310133513652	40.0	1.0	-0.015724716655494384	-2.0991948716639315	0.037381293636267666	10.73649997315875	30.208999697910006
628	10289152	10	3.5	4.8218253804964775	16.0	0.0	10	4.6	6.575712889109438	18.0	0.0	-0.014528878194144125	-2.08778141665566	0.04122171818314998	10.699999973250002	30.739999692600005
632	10354688	10	3.4	2.2449944320643644	8.0	0.0	10	4.4	4.363484845854286	16.0	0.0	-0.014520764824741097	-2.0645508813694278	0.04454049785778382	11.104999972237499	19.067999809320003
636	10420224	10	2.0	1.61245154965971	5.0	0.0	10	6.5	11.560709320798617	40.0	0.0	-0.014724238798389945	-2.0835931621805024	0.04523209658523482	10.289999974275002	36.828999631710005
640	10485760	10	3.2	3.1874754901018454	9.0	0.0	10	4.5	5.181698563212646	19.0	0.0	-0.014161988225512678	-2.08095287261585	0.04570994391794077	10.049749974875624	29.675999703240002
644	10551296	10	4.5	7.978095010715277	25.0	0.0	10	13.4	14.374978260853128	40.0	1.0	-0.013580480897063589	-2.110769621808002	0.048276493631241556	10.41749997395625	44.75599955244001
648	10616832	10	1.3	1.4177446878757827	4.0	0.0	10	3.6	4.8207883172775805	17.0	0.0	-0.014530053076974433	-2.1037245241596385	0.04234153222006824	10.574249973564374	16.359999836400004
652	10682368	10	3.4	1.8547236990991405	6.0	0.0	10	4.7	4.817675788178362	16.0	0.0	-0.014335858983357028	-2.108891273318595	0.046416551219120986	10.875749972810626	22.430999775690005
656	10747904	10	3.2	2.891366458960192	9.0	0.0	10	4.8	5.528109984434101	16.0	0.0	-0.01550690775507727	-2.1121038444623648	0.041691686682095934	11.348249971629375	22.479999775200003
660	10813440	10	1.9	2.3430749027719964	8.0	0.0	10	15.9	16.615956186750132	40.0	0.0	-0.014151866087903864	-2.1261287354201666	0.04318219294787398	10.70949997322625	28.725999712740002
664	10878976	10	3.4	5.499090833947008	16.0	0.0	10	4.4	11.884443613396463	40.0	0.0	-0.014322806897652819	-2.1776772015011847	0.038764749998845376	10.752249973119376	38.20299961797001
668	10944512	10	4.8	4.237924020083418	13.0	0.0	10	5.3	4.960846701924985	16.0	0.0	-0.015863663904549952	-2.1640143888921406	0.03299873585779451	10.696499973258751	25.888999741110002
672	11010048	10	3.3	4.920365840057018	16.0	0.0	10	5.4	11.646458689232535	40.0	0.0	-0.015860200833700967	-2.128020097590348	0.03587268878487346	10.723249973191875	33.53599966464001
676	11075584	10	6.2	11.391224692718513	40.0	0.0	10	12.7	14.785465836421928	41.0	1.0	-0.014889855755998688	-2.1163758881669064	0.03164362998272049	11.13249997216875	54.111999458880014
680	11141120	10	7.1	11.255665240224587	40.0	0.0	10	2.7	1.7349351572897471	5.0	0.0	-0.01319004760064003	-2.11940134046253	0.03380084132501182	11.02149997244625	19.718999802810004
684	11206656	10	3.9	3.2388269481403293	10.0	0.0	10	3.7	4.627094120503711	15.0	0.0	-0.014449096341509274	-2.117469864366419	0.03327309411681425	9.877749975305626	28.466999715330005
688	11272192	10	3.7	6.419501538281614	22.0	0.0	10	2.7	2.685144316419511	9.0	0.0	-0.014764465909116238	-2.1536607094349187	0.03457852873668613	9.95549997511125	27.496999725030005
692	11337728	10	4.1	4.459820624195551	12.0	0.0	10	6.6	11.54296322440646	40.0	0.0	-0.013874900074743774	-2.1542689400654123	0.037971202978634266	11.063249972341875	33.76799966232001
696	11403264	10	8.1	11.648605066702192	40.0	1.0	10	8.9	13.322537295875737	40.0	0.0	-0.015165407595847138	-2.1813902033083283	0.033562457845154624	11.481499971296248	36.52199963478
700	11468800	10	3.3	5.933801479658718	20.0	0.0	10	7.2	7.782030583337488	27.0	0.0	-0.014531794819961126	-2.1369087395826267	0.037171586936658646	11.8009999704975	27.436999725630006
704	11534336	10	3.1	2.9137604568666933	8.0	0.0	10	15.7	14.980320423809365	40.0	0.0	-0.015122460276204935	-2.1312203976278754	0.03599613689209698	11.407249971481875	31.505999684940004
708	11599872	10	2.6	2.4576411454889016	8.0	0.0	10	3.7	4.243819034784589	14.0	0.0	-0.014320369146262103	-2.171295851242863	0.04032873030099022	11.50399997124	14.158999858410002
712	11665408	10	3.9	4.763402145525822	13.0	0.0	10	7.5	11.18257573191436	40.0	0.0	-0.014984375128688469	-2.1895716088716255	0.03613432824312875	10.71199997322	33.036999669630006
716	11730944	10	4.3	5.762811813689563	17.0	0.0	10	9.3	11.126994203287786	40.0	0.0	-0.01534495027066669	-2.173760093522136	0.03629475717132336	11.230249971924374	27.952999720470004
720	11796480	10	2.8	3.54400902933387	12.0	0.0	10	5.6	6.2960304954788775	19.0	0.0	-0.014786093752542466	-2.1958814186550626	0.02980026844966557	11.828499970428751	30.300999696990004
724	11862016	10	5.8	6.209669878504009	16.0	0.0	10	8.5	12.57179382586272	40.0	0.0	-0.01704127557548559	-2.2266146314804973	0.029726770470547597	11.549999971124999	34.75599965244
728	11927552	10	2.4	4.17612260356422	14.0	0.0	10	9.7	12.68897158953396	40.0	0.0	-0.014945150007062355	-2.212513151037694	0.027467619527840176	11.821749970445625	29.258999707410005
732	11993088	10	7.4	11.456002793295749	40.0	0.0	10	4.8	5.1536394906900505	16.0	0.0	-0.015399980568178035	-2.195519278218133	0.028898716183318195	11.0249999724375	36.529999634700005
736	12058624	10	3.4	3.7202150475476548	13.0	0.0	10	5.2	5.055689863905815	17.0	0.0	-0.015374686363647104	-2.1733365702352017	0.030433636252547355	11.640749970898124	37.05199962948001
740	12124160	10	5.8	7.884161337770808	26.0	0.0	10	7.9	11.50173899895142	40.0	0.0	-0.014759873687255865	-2.154045268668862	0.029755757846874377	10.312249974219375	43.76999956230001
744	12189696	10	5.7	6.1489836558572835	22.0	0.0	10	15.9	16.464810961562847	40.0	0.0	-0.015266625657736593	-2.125896172997438	0.03325174090804612	10.04149997489625	34.62699965373001
748	12255232	10	2.4	3.0724582991474434	10.0	0.0	10	8.0	7.576278769950324	26.0	0.0	-0.014705884564727085	-2.1298560373750015	0.03394859165453313	10.688499973278752	36.94899963051
752	12320768	10	2.7	4.243819034784589	15.0	0.0	10	9.3	11.49826073804208	40.0	0.0	-0.015332327011714324	-2.1269419762263433	0.03233156566326548	10.426999973932501	32.818999671810005
756	12386304	10	10.8	15.085091978506464	40.0	0.0	10	1.6	2.374868417407584	8.0	0.0	-0.015382014094549588	-2.142466562266495	0.035194698426466005	10.1429999746425	37.99699962003
760	12451840	10	1.8	1.9899748742132402	6.0	0.0	10	8.1	11.193301568348812	40.0	1.0	-0.014518560425437638	-2.1456547898799294	0.03787834367630697	10.314249974214375	24.296999757030004
764	12517376	10	4.0	4.898979485566356	15.0	0.0	10	3.2	3.124099870362662	10.0	0.0	-0.014251418393269962	-2.1233324331813574	0.03492055916406916	11.588749971028125	19.725999802740002
768	12582912	10	2.4	1.3564659966250538	5.0	0.0	10	12.8	11.240996397117117	40.0	2.0	-0.01447556287986003	-2.1641336950392267	0.03796344182136207	10.826249972934376	30.983999690160008
772	12648448	10	8.1	11.945291959596467	40.0	0.0	10	5.8	5.979966555090421	15.0	0.0	-0.015144730564860555	-2.1783334287718783	0.037931256923598666	11.50149997124625	30.456999695430007
776	12713984	10	2.9	3.2078029864690882	10.0	0.0	10	6.4	13.116401945655676	40.0	0.0	-0.014895915546998305	-2.1760604851164653	0.03490220351401988	11.484749971288124	35.23799964762001
780	12779520	10	1.0	1.0954451150103321	3.0	0.0	10	8.6	12.68227108999015	40.0	1.0	-0.014497618618715524	-2.1973459594146325	0.035947156814063005	11.865749970335628	25.688999743110003
784	12845056	10	4.8	5.2306787322488075	18.0	0.0	10	3.5	4.631414470763764	16.0	0.0	-0.014763325410036292	-2.1949966249563673	0.03485161255837286	11.506749971233125	28.086999719130006
788	12910592	10	6.2	11.60861748874516	40.0	0.0	10	9.0	12.984606270503546	40.0	0.0	-0.01419041116457696	-2.195208196610029	0.03602810192012258	10.26849997432875	40.42199959578
792	12976128	10	3.5	2.4596747752497685	8.0	0.0	10	14.1	14.996332885075603	40.0	0.0	-0.013548538189250623	-2.205197160212962	0.03258863715891573	9.941249975146876	37.42199962578
796	13041664	10	4.2	4.686149805543993	15.0	0.0	10	9.8	11.617228585166083	40.0	0.0	-0.014101448144827607	-2.19937566644885	0.029914973766220793	10.17749997455625	34.08799965912001
800	13107200	10	5.3	11.619380362136358	40.0	0.0	10	8.7	11.97539143410352	40.0	0.0	-0.01504098795789467	-2.2101148811660734	0.033487563134408066	9.961499975096249	55.49299944507001
804	13172736	10	2.6	2.9393876913398143	8.0	0.0	10	10.5	7.774959806970066	21.0	0.0	-0.015652028762094535	-2.184821021825974	0.03065402269975413	9.69949997575125	30.098999699010005
808	13238272	10	1.9	2.4269322199023193	8.0	0.0	10	7.3	5.984145720150872	19.0	2.0	-0.014058175051459221	-2.178968861472128	0.03422899085982226	9.549249976126877	31.700999682990005
812	13303808	10	2.8	2.821347195933177	9.0	0.0	10	3.6	3.0397368307141326	10.0	0.0	-0.015388002955876412	-2.1503245629613814	0.03315926020774791	10.700499973248748	16.089999839100003
816	13369344	10	6.3	6.0174745533321525	19.0	0.0	10	3.2	2.1354156504062622	8.0	0.0	-0.014778120002702741	-2.150954569155431	0.03623788310613501	11.653999970865	17.758999822410004
820	13434880	10	6.5	11.412712210513327	40.0	0.0	10	3.4	3.6660605559646715	13.0	0.0	-0.014540057111239266	-2.162920755419335	0.036949374262896004	10.683499973291251	35.95999964040001
824	13500416	10	8.8	11.214276615100948	40.0	0.0	10	10.2	15.098344280085813	40.0	0.0	-0.014591591297778105	-2.169893614721765	0.033760839118985995	10.706749973233125	44.532999554670006
828	13565952	10	3.2	4.1424630354415966	13.0	0.0	10	8.1	6.949100661236676	18.0	0.0	-0.014878253067729585	-2.156626534734032	0.03695242983525023	10.94799997263	26.851999731480003
832	13631488	10	5.9	5.127377497317708	14.0	0.0	10	17.2	15.315351775261318	40.0	0.0	-0.01450990688651607	-2.1545745231450364	0.03452038958619562	10.73349997316625	38.00899961991001
836	13697024	10	8.0	8.660254037844387	26.0	0.0	10	22.4	15.226293048539423	40.0	2.0	-0.015158189973223877	-2.1598468346134063	0.03784318522078355	9.519249976201875	46.01799953982001
840	13762560	10	3.2	4.57820925690384	16.0	0.0	10	8.8	12.319090875547595	40.0	0.0	-0.014385197727296229	-2.167410115175178	0.03633449965476622	10.40549997398625	31.543999684560006
844	13828096	10	5.4	11.714947716485977	40.0	0.0	10	4.5	2.3769728648009427	7.0	1.0	-0.014517316498620217	-2.16896404055016	0.03490972417663976	10.309749974225626	27.889999721100004
848	13893632	10	7.1	11.827510304370907	40.0	0.0	10	7.9	11.742657280190034	40.0	0.0	-0.013611318095876773	-2.159977825754394	0.03542597224799699	10.589249973526874	34.143999658560006
852	13959168	10	3.3	3.634556369077249	13.0	0.0	10	5.9	11.44071676076285	40.0	0.0	-0.015155257769581624	-2.1409251911198175	0.036204484578641685	10.613749973465625	23.749999762500003
856	14024704	10	13.4	14.561593319413918	40.0	0.0	10	11.3	11.118003417880388	40.0	0.0	-0.013529623425514501	-2.1254333627990207	0.03746780399618915	11.775499970561249	40.03699959963001
860	14090240	10	2.8	3.4	11.0	0.0	10	3.9	3.477067730142742	11.0	0.0	-0.013760746649274807	-2.1342590001982518	0.03812845322527184	10.74799997313	14.040999859590002
864	14155776	10	3.0	2.23606797749979	7.0	0.0	10	7.2	11.187493016757596	40.0	0.0	-0.014364486131873005	-2.170913020543618	0.04297352246104444	11.431249971421874	33.27799966722
868	14221312	10	9.3	11.349449325848369	40.0	0.0	10	11.9	14.597602542883541	40.0	0.0	-0.013761937320933136	-2.164719956391069	0.038353957018389846	10.641249973396874	50.52599949474001
872	14286848	10	1.9	1.7578395831246947	5.0	0.0	10	10.6	11.368377192897851	40.0	1.0	-0.015363955721938504	-2.169456196102019	0.034745813460195195	11.3309999716725	32.33999967660001
876	14352384	10	3.8	3.280243893371345	11.0	0.0	10	8.3	9.230926280715279	25.0	0.0	-0.015441592878140092	-2.152344201777687	0.035117250223245654	10.40799997398	29.217999707820006
880	14417920	10	3.7	4.450842616853578	12.0	0.0	10	6.9	6.549045732013176	19.0	0.0	-0.015131620135677565	-2.1598821950689153	0.033315112151150066	11.045999972385	24.450999755490006
884	14483456	10	5.6	6.651315659326356	23.0	0.0	10	12.9	14.862368586466964	40.0	0.0	-0.014634043368451415	-2.1219358615850394	0.042396188165922395	10.009749974975625	39.59499960405
888	14548992	10	2.3	2.1470910553583886	6.0	0.0	10	3.7	3.034798181098704	9.0	0.0	-0.014783738240087994	-2.1277713425724576	0.03381109992078036	9.395749976510626	24.004999759950003
892	14614528	10	7.6	11.235657524150511	40.0	0.0	10	9.3	12.025389806571761	40.0	0.0	-0.014255094043347218	-2.1041973255866355	0.037283062562343317	11.14049997214875	42.04599957954001
896	14680064	10	7.2	11.196428001822724	40.0	0.0	10	8.4	11.02905254316979	40.0	0.0	-0.013696684376947163	-2.1600479009484275	0.0380839687965255	10.968249972579375	53.39899946601001
900	14745600	10	4.1	4.459820624195551	13.0	0.0	10	5.5	4.387482193696061	16.0	0.0	-0.014745443871086384	-2.1587091086046324	0.03637580501390444	9.775499975561251	29.813999701860006
904	14811136	10	7.2	11.435033887138244	40.0	0.0	10	3.9	2.773084924772409	8.0	0.0	-0.013878110566787507	-2.121485188382413	0.039421630669935384	11.65249997086875	25.340999746590004
908	14876672	10	3.0	2.1447610589527217	7.0	0.0	10	6.8	11.93984924527944	40.0	0.0	-0.015355582822765385	-2.1294689970977196	0.040678681879102715	11.3829999715425	22.921999770780005
912	14942208	10	6.1	11.640017182117901	40.0	0.0	10	11.5	14.793579688500008	40.0	0.0	-0.014272627593859688	-2.0991641529201335	0.04175520389061088	10.815249972961876	34.10399965896001
916	15007744	10	6.7	11.30530848760882	40.0	0.0	10	14.1	15.05622794726488	40.0	0.0	-0.013308958066599211	-2.112957308469653	0.04390534597069267	11.362249971594377	50.82899949171001
920	15073280	10	3.4	4.521061822182926	16.0	0.0	10	8.4	12.362847568420474	40.0	0.0	-0.014778213202869131	-2.148823032552679	0.044121176329657244	11.455249971361875	32.071999679280005
924	15138816	10	7.6	6.988562083862459	23.0	0.0	10	8.4	5.660388679233963	18.0	2.0	-0.01386817773019324	-2.179323432119172	0.042712300623353606	12.041749969895626	29.209999707900007
928	15204352	10	6.8	11.93984924527944	40.0	0.0	10	7.6	11.42978564978364	40.0	0.0	-0.013549076437916353	-2.1913853136402532	0.039418448360100805	11.658749970853124	43.89199956108001
932	15269888	10	10.6	12.823416081528356	40.0	0.0	10	8.7	11.498260738042081	40.0	0.0	-0.014178347311562403	-2.209497011967815	0.040572964504480974	11.167749972080625	29.873999701260004
936	15335424	10	7.8	6.910861017268398	22.0	0.0	10	14.8	14.538225476308996	40.0	0.0	-0.013844775138823925	-2.1909751095078978	0.044480961238367686	11.472749971318125	37.45699962543001
940	15400960	10	2.4	3.4698703145794942	12.0	0.0	10	10.0	12.529964086141668	40.0	0.0	-0.013422918696168658	-2.1710743405146857	0.041295633491794104	11.009999972474999	36.98399963016001
944	15466496	10	6.3	11.532996141506336	40.0	0.0	10	7.9	11.157508682497184	40.0	0.0	-0.01404255477827216	-2.165518914434243	0.03865873704572154	10.542249973644376	38.34299961657001
948	15532032	10	3.9	3.7536648758246915	11.0	0.0	10	9.7	10.97314904665019	40.0	0.0	-0.014599354463214602	-2.161990100913543	0.04153177972139922	10.88399997279	39.84699960153001
952	15597568	10	3.4	4.651881339845202	13.0	0.0	10	3.1	3.5057096285916205	11.0	0.0	-0.01320732432803864	-2.137949233031094	0.037303862604307285	10.504499973738751	13.168999868310003
956	15663104	10	7.3	11.419719786404569	40.0	0.0	10	11.6	15.37660560722034	40.0	0.0	-0.013074722176045288	-2.167331933749456	0.04229329494939767	10.275499974311252	48.010999519890014
960	15728640	10	3.4	2.835489375751565	9.0	0.0	10	6.9	11.631422956801115	40.0	0.0	-0.01406014339080653	-2.172437039288087	0.043026081475914406	9.587749976030626	36.37499963625
964	15794176	10	6.1	12.161003248087717	40.0	0.0	10	12.1	11.894956914591999	40.0	0.0	-0.014595213638126587	-2.2048473902233487	0.03520647271091946	9.765249975586876	43.422999565770006
968	15859712	10	13.7	15.03362896974646	40.0	0.0	10	12.1	14.631814651641813	40.0	0.0	-0.013928535460828603	-2.1973709585960592	0.03666831659314414	9.639749975900624	56.904999430950014
972	15925248	10	5.0	4.404543109109048	14.0	0.0	10	8.7	11.506954418959	40.0	0.0	-0.014649801298512212	-2.1839098133355384	0.0412594083226769	9.365249976586874	36.18199963818001
976	15990784	10	3.3	3.716180835212409	13.0	0.0	10	11.2	14.871449156017043	40.0	0.0	-0.013486352793845108	-2.200792404283315	0.037107509382394696	9.305999976734999	46.80999953190001
980	16056320	10	9.0	7.0285133563222315	22.0	0.0	10	8.0	11.50651989091402	40.0	0.0	-0.014803265094971003	-2.1770836683826804	0.03232813441866775	9.156749977108124	48.90199951098001
984	16121856	10	16.2	16.557777628655362	40.0	1.0	10	12.1	12.597221915962265	40.0	0.0	-0.014557272199150295	-2.187814148535918	0.03526674214538387	9.383499976541252	52.08899947911001
988	16187392	10	4.8	6.539113089708726	21.0	0.0	10	6.9	6.518435395092905	17.0	0.0	-0.014090764728934557	-2.18173616356773	0.033131856273823354	10.04049997489875	40.15099959849001
992	16252928	10	4.8	4.308131845707603	14.0	0.0	10	9.0	11.081516141756055	40.0	0.0	-0.014504315364021856	-2.1666108491746727	0.03330111522656741	10.11249997471875	54.09499945905001
996	16318464	10	5.3	11.730728877610291	40.0	0.0	10	10.1	11.936917525056458	40.0	0.0	-0.014309968232762649	-2.1878326781298605	0.02791775050670292	12.546249968634374	38.880999611190006
1000	16384000	10	4.9	4.369210454990696	14.0	0.0	10	17.7	15.98780785473731	40.0	1.0	-0.013017586042990293	-2.1715165051542717	0.03674164268503945	12.037249969906874	29.312999706870002
1004	16449536	10	2.4	1.3564659966250538	5.0	0.0	10	7.3	6.723838189605695	22.0	1.0	-0.013688252793537912	-2.1577846281466284	0.03778020464809706	12.9609999675975	14.917999850820001
1008	16515072	10	6.0	11.549891774384728	40.0	0.0	10	4.6	7.10211236182588	25.0	0.0	-0.014087379695156296	-2.148887224271568	0.03763339427528664	10.74399997314	29.189999708100007
1012	16580608	10	14.4	14.684685900624501	40.0	0.0	10	11.1	10.774506949276148	40.0	3.0	-0.013695816032636428	-2.1462090609222186	0.03595276822660002	10.936249972659375	62.747999372520006
1016	16646144	10	8.4	11.447270417003347	40.0	1.0	10	4.3	5.25452186216786	19.0	0.0	-0.013577908804816817	-2.1601581149036595	0.03899814616870582	11.252749971868125	35.69699964303001
1020	16711680	10	16.3	16.24222891108237	40.0	0.0	10	8.7	10.854031509075325	40.0	0.0	-0.012677723289514678	-2.1375729787109883	0.04047875268894483	10.914249972714376	45.00699954993001
1024	16777216	10	8.8	12.33531515608742	40.0	0.0	10	8.0	12.033287165193059	41.0	0.0	-0.014476890669364903	-2.1304080384737354	0.040597043539204285	11.299999971750001	35.28099964719001
1028	16842752	10	10.1	15.05622794726488	40.0	0.0	10	16.6	16.7642476717567	40.0	0.0	-0.013902867792307311	-2.130098608410997	0.04282482588838487	10.88349997279125	45.295999547040005
1032	16908288	10	4.4	5.2	18.0	0.0	10	11.2	14.965293181224348	40.0	0.0	-0.0140855314394261	-2.1157699349305483	0.04653079027290979	12.284499969288749	28.039999719600004
1036	16973824	10	7.4	11.612062693595828	40.0	0.0	10	11.1	10.96767979109529	40.0	0.0	-0.013155604776778324	-2.1069121433089912	0.054734244742938074	11.615999970959999	34.89699965103
1040	17039360	10	4.6	4.5431266766402185	13.0	0.0	10	17.5	16.23730273167314	40.0	0.0	-0.014040819134963266	-2.104722683409158	0.054415312240751225	11.31599997171	30.859999691400006
1044	17104896	10	4.4	6.359245238233858	20.0	0.0	10	12.5	14.874474780643517	40.0	0.0	-0.013862823825922766	-2.1109566611832875	0.047869237910936814	11.1289999721775	39.37899960621
1048	17170432	10	11.2	15.190786681406594	40.0	0.0	10	12.2	11.178550889985697	40.0	2.0	-0.012602602726980505	-2.085884729803879	0.04466886763616515	10.800249972999378	42.26199957738001
1052	17235968	10	8.2	11.539497389401324	40.0	0.0	10	14.5	16.948451256678293	40.0	0.0	-0.01309197966096133	-2.1079716481556128	0.04127206959486982	10.541999973645	46.14099953859001
1056	17301504	10	13.6	15.988746042138514	40.0	0.0	10	15.7	13.319534526401439	40.0	0.0	-0.012360674892913842	-2.1115968200351625	0.04297485566871241	11.471499971321249	37.94999962050001
1060	17367040	10	6.0	7.252585745787498	21.0	0.0	10	18.4	15.357083056361972	40.0	0.0	-0.012791196974408187	-2.164398446453657	0.03759803383917988	11.706499970733748	31.031999689680006
1064	17432576	10	9.0	15.543487382180357	40.0	0.0	10	13.0	14.539601094940673	40.0	0.0	-0.013113641384884184	-2.1699330084249038	0.03761015356669827	10.668249973329376	42.36699957633
1068	17498112	10	8.4	12.134249049694013	40.0	0.0	10	11.9	14.446106741956466	40.0	0.0	-0.012976765898062759	-2.171158005567727	0.03352729630462518	10.0549999748625	51.06699948933001
1072	17563648	10	10.8	15.065191668213185	40.0	0.0	10	6.7	11.393419153177856	40.0	0.0	-0.012814447731094025	-2.159086972250147	0.034727089375054934	11.3869999715325	36.88099963119001
1076	17629184	10	5.3	6.4039050586341455	21.0	0.0	10	13.3	17.62980430974774	40.0	0.0	-0.01410874143134675	-2.156775615884707	0.03280633480023966	12.023749969940624	33.8599996614
1080	17694720	10	11.8	14.517575555167603	40.0	1.0	10	7.0	8.012490249604053	27.0	0.0	-0.012493283653902029	-2.1314137352272917	0.030894042765607956	11.437749971405625	40.36199959638001
1084	17760256	10	16.0	13.221195104830729	40.0	2.0	10	12.7	14.366976021418008	40.0	0.0	-0.013516799479886583	-2.1799658435299136	0.03182691508029297	12.011499969971252	43.079999569200005
1088	17825792	10	7.3	9.29569792968769	23.0	0.0	10	8.5	11.262770529492288	40.0	0.0	-0.01358256617802698	-2.185734259357859	0.032011021449155755	11.935999970160001	29.107999708920005
1092	17891328	10	7.5	11.83427226321923	40.0	0.0	10	11.8	14.91174034108695	40.0	0.0	-0.01291951868781352	-2.205569488077093	0.031764822310253196	11.039249972401876	40.44399959556001
1096	17956864	10	8.9	15.833192981834083	41.0	0.0	10	12.0	14.683323874382122	40.0	0.0	-0.013184366096378011	-2.215603135295388	0.030615220289437483	10.813749972965624	50.77299949227001
1100	18022400	10	2.7	2.7946377224964243	8.0	0.0	10	12.4	12.507597691003657	40.0	0.0	-0.012767273902261633	-2.2328794819770907	0.02856188090608648	10.85749997285625	33.08999966910001
1104	18087936	10	7.1	4.988987873306569	15.0	0.0	10	10.7	12.657408897558774	40.0	0.0	-0.013495124875093432	-2.2491953668635634	0.033859106398075434	10.48149997379625	38.516999614830006
1108	18153472	10	6.1	11.527792503337313	40.0	0.0	10	11.1	14.570175016107392	40.0	0.0	-0.013537778847527215	-2.236496930088089	0.03782496191555263	10.093749974765625	40.19399959806001
1112	18219008	10	6.8	11.931470990619724	40.0	0.0	10	8.6	11.33313725320575	40.0	0.0	-0.014083529818636007	-2.224026307231976	0.02819352086417371	10.14799997463	33.881999661180004
1116	18284544	10	4.9	5.503635162326805	16.0	0.0	10	8.0	8.18535277187245	28.0	0.0	-0.013613976781720421	-2.2344686411477115	0.03006397067100809	10.927249972681876	31.902999680970005
1120	18350080	10	2.6	1.4966629547095764	5.0	0.0	10	3.5	2.1095023109728985	8.0	1.0	-0.014264364647745362	-2.1841099210291897	0.030668146381219685	10.8569999728575	28.248999717510003
1124	18415616	10	5.6	5.642694391866353	18.0	0.0	10	16.4	16.026228502052504	40.0	0.0	-0.013987949322713203	-2.1780680937286347	0.03350955010818816	11.029999972425001	38.08399961916001
1128	18481152	10	5.3	6.3095166217389425	23.0	1.0	10	7.2	11.7881296226331	40.0	0.0	-0.013416671427994534	-2.157709950977313	0.03706288579853368	10.377999974055001	36.809999631900006
1132	18546688	10	5.0	5.966573556070519	21.0	1.0	10	11.5	12.298373876248844	40.0	0.0	-0.014315011385734093	-2.152176134064126	0.03553867723888258	10.165249974586876	35.94899964051
1136	18612224	10	5.1	4.988987873306569	15.0	1.0	10	9.8	11.329607230614839	40.0	0.0	-0.012676921737282174	-2.1774414849993375	0.03636082218736389	9.661249975846875	35.168999648310006
1140	18677760	10	8.4	12.059850745345068	40.0	0.0	10	5.2	4.5563142999578075	17.0	0.0	-0.014163335936589498	-2.1812731472365825	0.0328204242556006	10.193249974516876	33.22699966773
1144	18743296	10	4.7	4.220189569201838	12.0	0.0	10	8.0	12.157302332343306	40.0	0.0	-0.013366781862534847	-2.1706052296086105	0.03594864231237447	10.761749973095625	37.00899962991001
1148	18808832	10	6.5	7.8390050389064045	27.0	0.0	10	8.7	11.018620603324175	40.0	0.0	-0.013762782821162285	-2.1733947841049264	0.035218706195609815	10.674249973314376	43.38899956611001
1152	18874368	10	4.8	11.77115117564973	40.0	0.0	10	8.6	11.943198901466891	40.0	0.0	-0.01329999622352569	-2.1683614102727478	0.040284809652244874	10.33249997416875	35.28499964715
1156	18939904	10	5.5	11.73243367763057	40.0	0.0	10	9.5	7.85175139698144	22.0	0.0	-0.013438561992910927	-2.16057680028026	0.038822876557078584	11.277999971805	22.190999778090003
1160	19005440	10	8.3	12.712592182556634	40.0	0.0	10	11.6	11.655041827466771	40.0	0.0	-0.012606589636461166	-2.182910690477595	0.04148031054796698	12.045749969885625	26.865999731340004
1164	19070976	10	6.2	7.4	24.0	0.0	10	8.5	12.298373876248844	40.0	0.0	-0.013473036651512513	-2.1652993259558597	0.04252116736745842	11.6649999708375	31.334999686650004
1168	19136512	10	5.8	5.1536394906900505	15.0	0.0	10	17.0	16.516658257650064	40.0	0.0	-0.013456123535244996	-2.1623442990315573	0.039051940602373436	12.484749968788126	34.77399965226001
1172	19202048	10	7.6	11.456002793295749	40.0	0.0	10	15.1	13.299999999999999	40.0	3.0	-0.012877820288720981	-2.1731212161701237	0.03801730307742441	11.830749970423126	33.03799966962
1176	19267584	10	7.8	12.663332894621384	40.0	0.0	10	9.8	15.210522673465237	40.0	0.0	-0.012568599373383968	-2.1779040691968103	0.03672948211514566	11.554499971113751	38.813999611860005
1180	19333120	10	3.8	4.308131845707603	13.0	0.0	10	10.5	15.028306624500313	40.0	0.0	-0.014262632150075477	-2.1552838656048	0.03530458647700453	10.972249972569374	31.326999686730005
1184	19398656	10	11.0	10.936178491593852	40.0	2.0	10	18.7	17.686435480333508	40.0	0.0	-0.014611020521436539	-2.1611174491776928	0.03408220763118438	11.155749972110627	43.90399956096001
1188	19464192	10	5.4	11.655041827466773	40.0	0.0	10	19.2	17.75837830433849	40.0	1.0	-0.013715893004484694	-2.146068366641768	0.03371850453198761	10.65349997336625	51.18799948812001
1192	19529728	10	14.3	16.982638193166572	40.0	1.0	10	14.7	14.177799547179385	40.0	0.0	-0.013480483339471338	-2.1742649026433742	0.037335909414096466	11.737749970655624	36.12099963879001
1196	19595264	10	8.0	9.38083151964686	26.0	0.0	10	7.1	12.35677951571525	40.0	0.0	-0.012742806925604965	-2.175046279799868	0.040139083494131624	12.45549996886125	42.02099957979001
1200	19660800	10	6.1	11.396929411029973	40.0	0.0	10	6.8	11.400000000000002	40.0	1.0	-0.013041431356977832	-2.2034854737609106	0.04055920650294379	11.18849997202875	37.07299962927001
1204	19726336	10	4.2	5.2115256883181535	18.0	0.0	10	5.6	5.370288632839022	18.0	0.0	-0.013549992866605636	-2.1718124074461747	0.046571736840026176	11.460749971348124	25.206999747930006
1208	19791872	10	7.0	11.251666543228163	40.0	0.0	10	9.4	11.901260437449475	40.0	0.0	-0.014321682844662398	-2.1766108421204144	0.04550568607627439	12.825249967936875	28.756999712430005
1212	19857408	10	21.1	19.0181492264626	40.0	0.0	10	8.3	11.314150432091667	40.0	0.0	-0.0139820818595265	-2.175370355220532	0.046528720796539	11.76149997059625	43.88599956114001
1216	19922944	10	13.4	14.540976583434828	40.0	1.0	10	13.2	14.729562111617575	40.0	0.0	-0.01416198940785579	-2.173625988038459	0.03850212535652668	11.464249971339376	41.9399995806
1220	19988480	10	19.8	16.815469068687914	40.0	1.0	10	4.7	5.158488150611572	17.0	0.0	-0.012613276209978755	-2.212758394348597	0.034381832108976745	11.169749972075627	34.55999965440001
1224	20054016	10	3.7	3.9761790704142084	13.0	0.0	10	12.9	14.747542168103811	40.0	0.0	-0.012546662922640886	-2.195573461323755	0.03890828046697643	10.993999972515	33.64099966359
1228	20119552	10	9.9	12.525573839150045	40.0	0.0	10	14.3	13.77715500384604	40.0	2.0	-0.012658870178605394	-2.223895420399117	0.04080900240962914	11.462249971344374	37.18099962819
1232	20185088	10	7.3	11.99208072020865	40.0	0.0	10	11.9	11.953660527219267	40.0	2.0	-0.012662724196358225	-2.217064929274245	0.04243687619401158	11.014999972462501	39.328999606710006
1236	20250624	10	4.9	5.889821729050889	19.0	0.0	10	9.0	11.392980294900891	40.0	1.0	-0.014022822124140716	-2.2016166073770758	0.04328665032066262	11.70449997073875	26.568999734310005
1240	20316160	10	13.8	15.018655066283399	40.0	0.0	10	5.3	5.423098745182499	17.0	0.0	-0.012983385952350527	-2.1935525757769634	0.04011670257090251	11.339499971651252	41.58699958413001
1244	20381696	10	6.8	12.921300244170478	41.0	0.0	10	15.0	16.786899654194638	40.0	0.0	-0.01321471627533036	-2.159300386680743	0.04303926884834915	11.341999971644999	51.04699948953
1248	20447232	10	7.6	11.065260954898443	40.0	1.0	10	18.1	17.941293152947477	40.0	1.0	-0.011444323015914583	-2.202809907266516	0.037460288203610234	10.36749997408125	40.373999596260006
1252	20512768	10	6.4	11.79152237838694	40.0	0.0	10	9.1	11.861281549647154	40.0	0.0	-0.012547098377790113	-2.189387567113266	0.03423319762448881	10.38249997404375	47.261999527380006
1256	20578304	10	11.8	14.951922953252534	40.0	0.0	10	7.5	11.164676439557038	40.0	0.0	-0.012750573464660474	-2.167626557025023	0.032491573439630876	10.1789999745525	44.76699955233001
1260	20643840	10	12.9	17.756407294269867	40.0	0.0	10	7.5	5.572252686302013	18.0	0.0	-0.012650323776947024	-2.1642549060514185	0.031764200749447476	9.941999975145	40.62099959379001
1264	20709376	10	6.7	11.532996141506334	40.0	0.0	10	13.7	14.866405079910878	40.0	0.0	-0.013357702066487134	-2.153365875059568	0.03362713204734542	11.469249971326875	41.19299958807
1268	20774912	10	6.3	11.602154972245462	40.0	0.0	10	13.5	11.621101496846158	40.0	0.0	-0.012335531955541695	-2.164234101546867	0.030211028775623334	11.850249970374374	39.06199960938
1272	20840448	10	4.5	6.652067347825035	22.0	0.0	10	9.7	11.933566105737212	40.0	0.0	-0.0125644424271992	-2.163890145493646	0.032345851006807924	11.255749971860626	37.231999627680004
1276	20905984	10	6.5	11.723907198540937	41.0	0.0	10	15.7	14.886571129712845	40.0	0.0	-0.013013252817329787	-2.1879094464287965	0.03571396664111452	12.053249969866876	37.22099962779
1280	20971520	10	5.8	6.3843558798049465	18.0	0.0	10	9.1	12.283729075488436	40.0	0.0	-0.012732802994416197	-2.194723027219242	0.03519341508336087	11.839999970400001	30.568999694310005
1284	21037056	10	7.9	7.489325737341113	23.0	0.0	10	11.2	11.196428001822724	40.0	0.0	-0.013173191734032336	-2.2204754673115077	0.03175520397935209	11.877999970305	40.63299959367001
1288	21102592	10	10.3	15.34959282847594	41.0	0.0	10	9.6	9.436100889668358	27.0	0.0	-0.013064924909943912	-2.228074917958547	0.02966411475481663	11.364999971587501	53.11699946883001
1292	21168128	10	3.3	5.550675634551166	19.0	0.0	10	10.9	13.232157798333574	40.0	0.0	-0.012479614001892828	-2.221744015581442	0.02884977215522888	9.650249975874376	47.37599952624001
1296	21233664	10	4.1	5.7870545184921145	18.0	0.0	10	10.7	11.16288493177279	40.0	1.0	-0.01334253697720837	-2.244596898321943	0.03343071755216845	9.3549999766125	45.38999954610001
1300	21299200	10	20.2	16.98705389406886	40.0	0.0	10	6.4	4.454211490264018	15.0	0.0	-0.012436204520698978	-2.243112365171107	0.03497737888270478	10.603499973491251	39.12199960878001
1304	21364736	10	12.5	14.115594213493104	40.0	0.0	10	8.3	6.928924880528004	25.0	1.0	-0.012831948582240321	-2.23595553364907	0.04042184049773858	11.371249971571874	38.12399961876001
1308	21430272	10	8.2	5.723635208501674	21.0	1.0	10	6.8	4.578209256903839	14.0	0.0	-0.012181062505931737	-2.246013176703938	0.03497168176908836	11.930249970174374	27.989999720100002
1312	21495808	10	4.4	4.1521078984053394	13.0	0.0	10	14.8	14.19718281913704	40.0	0.0	-0.012981598099195118	-2.2251807548271345	0.0343168366975105	12.697249968256875	29.006999709930007
1316	21561344	10	13.5	14.486200329969208	40.0	1.0	10	17.1	16.446580191638624	40.0	0.0	-0.01332889829895073	-2.250030425453253	0.035268042756761736	12.920749967698125	39.39599960604001
1320	21626880	10	11.1	15.069505632236247	40.0	0.0	10	7.9	11.484337159801605	40.0	0.0	-0.013514902880268683	-2.2200137001943734	0.034045483001531485	12.311249969221874	32.53199967468
1324	21692416	10	3.1	3.935733730830886	12.0	0.0	10	14.8	16.809521111560557	40.0	0.0	-0.013920659901249532	-2.2077443721577534	0.03185380725246284	11.796499970508751	30.992999690070004
1328	21757952	10	4.8	6.584831053261731	21.0	0.0	10	17.2	16.01749044014074	40.0	0.0	-0.01358493197140956	-2.238161620761267	0.029843790298323482	12.049999969875001	34.85299965147001
1332	21823488	10	8.3	12.393950137062841	40.0	0.0	10	3.4	2.8	9.0	0.0	-0.012898650642324372	-2.227022895978371	0.03582645199509295	11.56399997109	21.772999782270002
1336	21889024	10	11.3	14.866405079910878	40.0	0.0	10	12.9	14.166509803053115	40.0	0.0	-0.013252488416112245	-2.2393285629800848	0.03563806200804867	11.146249972134376	52.71199947288001
1340	21954560	10	13.5	14.67140075112121	40.0	0.0	10	10.9	11.139569111954017	40.0	1.0	-0.012112571931792793	-2.236884963776117	0.032823037701965124	9.615749975960624	56.46799943532001
1344	22020096	10	16.6	15.781001235663089	40.0	0.0	10	22.1	17.96914021315433	40.0	1.0	-0.011670309214723635	-2.2124347709298227	0.03149914624772675	10.50349997374125	48.49199951508
1348	22085632	10	10.4	12.068139873236472	40.0	0.0	10	12.9	14.327944723511465	40.0	0.0	-0.01337646227918227	-2.1943111516733067	0.03552326412191005	10.521999973695001	42.53399957466001
1352	22151168	10	2.1	2.118962010041709	7.0	0.0	10	9.4	11.46472851837321	40.0	0.0	-0.012636553184365193	-2.206018566855472	0.03195423657750646	9.888499975278751	31.435999685640006
1356	22216704	10	8.4	12.076423311560422	40.0	0.0	10	9.3	11.16288493177279	40.0	0.0	-0.012397710741952377	-2.2323995950479465	0.033029935455079186	11.39599997151	43.89199956108001
1360	22282240	10	8.6	11.663618649458668	40.0	0.0	10	13.8	17.267310155319503	40.0	0.0	-0.013651048184725833	-2.2328986175515886	0.036368316714744026	10.85049997287375	29.425999705740004
1364	22347776	10	11.2	14.971973817770321	40.0	0.0	10	13.4	14.698299221338504	40.0	0.0	-0.011874791713707918	-2.2266803307001943	0.031417419917247585	12.93849996765375	33.353999666460005
1368	22413312	10	6.3	11.627983488120373	40.0	0.0	10	16.6	16.817847662528045	40.0	0.0	-0.013594210239816391	-2.2311563762685123	0.03716086438702757	11.61549997096125	42.39499957605001
1372	22478848	10	11.3	15.627219842313602	40.0	0.0	10	12.3	14.710880327159215	40.0	0.0	-0.013653369381338881	-2.2027964117815295	0.03997534198735732	10.674749973313126	39.84199960158001
1376	22544384	10	9.8	11.22319027727856	40.0	0.0	10	6.4	11.48216007552586	40.0	0.0	-0.013127662706965373	-2.222717977828712	0.035144846785722716	10.308249974229376	38.281999617180006
1380	22609920	10	7.7	11.419719786404569	40.0	0.0	10	12.6	14.256226709757387	40.0	1.0	-0.01267502569791301	-2.2216608025302906	0.03839975602835267	9.960249975099375	37.24499962755
1384	22675456	10	4.4	5.6780278266313555	20.0	0.0	10	15.0	16.44992401198255	40.0	1.0	-0.01359175695061819	-2.2187253184788918	0.03402113807421314	10.510249973724374	43.65399956346001
1388	22740992	10	17.3	15.582361823549085	40.0	0.0	10	10.4	11.612062693595828	41.0	0.0	-0.014161087149093959	-2.17728154338568	0.03698987934430696	10.95749997260625	42.120999578790006
1392	22806528	10	12.9	15.404220200970903	41.0	0.0	10	6.5	7.619055059520177	26.0	1.0	-0.013880815019617205	-2.1749898987729703	0.029882479785777967	11.486249971284375	44.88499955115
1396	22872064	10	10.8	15.078461459976612	40.0	0.0	10	10.6	15.278743403827422	40.0	0.0	-0.013092504225976107	-2.1908015705846524	0.03630539716308872	10.87949997280125	55.344999446550005
1400	22937600	10	4.5	5.2583267300539625	16.0	0.0	10	16.6	19.126944345608372	40.0	0.0	-0.012805318058356874	-2.206542777288583	0.03494811680502362	9.05599997736	47.36799952632001
1404	23003136	10	9.6	15.4220621189256	40.0	0.0	10	13.7	14.38784208976454	40.0	0.0	-0.013038832164214269	-2.2078284643774153	0.034062687789111847	9.48949997627625	37.97499962025001
1408	23068672	10	3.0	2.280350850198276	7.0	0.0	10	17.3	15.550241155686301	40.0	0.0	-0.012950208074335126	-2.227804037199813	0.029422074960739533	11.491249971271875	25.939999740600005
1412	23134208	10	10.0	11.454256850621082	40.0	0.0	10	10.7	15.297385397511563	40.0	0.0	-0.01335873879343428	-2.2619643631208097	0.03069337317400333	12.092249969769373	42.375999576240005
1416	23199744	10	7.1	11.640017182117901	40.0	0.0	10	11.6	14.66424222385869	40.0	0.0	-0.01287963539518829	-2.2452021983907353	0.03500103146870173	11.6169999709575	50.00199949998001
1420	23265280	10	14.2	17.388501948126528	40.0	0.0	10	15.0	13.899640283115243	41.0	1.0	-0.013634148874587887	-2.2239612934656945	0.0324614051074745	10.1329999746675	43.974999560250005
1424	23330816	10	9.6	15.285287043428397	40.0	0.0	10	11.6	14.492756811593852	40.0	0.0	-0.012697913144207337	-2.219423504935976	0.0347059709759909	11.378249971554377	35.417999645820004
1428	23396352	10	3.1	3.753664875824692	13.0	0.0	10	13.8	13.984276885130672	40.0	0.0	-0.012497674810737052	-2.209764174886832	0.04766403107096956	12.768249968079376	27.122999728770004
1432	23461888	10	8.5	6.960603422117942	24.0	0.0	10	12.8	14.019985734657507	40.0	2.0	-0.012562013033458462	-2.2241624939111664	0.03956925309782312	12.176499969558751	49.333999506660014
1436	23527424	10	5.5	11.689739090330459	40.0	0.0	10	9.4	11.81693699737796	40.0	0.0	-0.012552708238122831	-2.1987126069957497	0.035156525920053146	11.346249971634377	43.66099956339001
1440	23592960	10	16.3	16.229910659027052	40.0	0.0	10	16.0	16.198765385053267	41.0	2.0	-0.013221196349894923	-2.2224405008226236	0.03879999621211889	10.145249974636876	50.21499949785001
1444	23658496	10	9.1	11.536463929644993	40.0	0.0	10	10.2	11.452510641776326	40.0	2.0	-0.013426006399151707	-2.251459168656585	0.03413514109593696	12.044749969888127	39.06099960939001
1448	23724032	10	10.5	10.965856099730654	40.0	0.0	10	12.3	14.629080627298489	40.0	1.0	-0.013704152227028706	-2.219614450899021	0.03328337539416798	11.37449997156375	50.10299949897001
1452	23789568	10	7.9	12.589281155014373	40.0	0.0	10	16.4	14.643770006388381	40.0	0.0	-0.012764911015624119	-2.225758308933787	0.0353730275297633	10.5929999735175	48.07199951928001
1456	23855104	10	13.4	15.054567413247051	41.0	1.0	10	22.5	17.653611528522994	40.0	0.0	-0.012866715710084775	-2.217621966965462	0.035105445593198316	11.5109999712225	52.19099947809001
1460	23920640	10	13.5	17.50571335307419	40.0	0.0	10	21.6	16.782133356638543	40.0	2.0	-0.012479040369032563	-2.2152946837422345	0.03311376752530189	12.093249969766877	45.91699954083001
1464	23986176	10	11.9	14.604451376207187	40.0	0.0	10	6.7	5.532630477449222	18.0	0.0	-0.013487196564821665	-2.227216968701739	0.034031519429938525	10.933999972665001	31.054999689450003
1468	24051712	10	7.9	12.177438154226037	40.0	0.0	10	7.9	11.264546151532251	40.0	0.0	-0.013371930953449141	-2.209125992922342	0.03231431537669683	10.567499973581251	49.83799950162001
1472	24117248	10	12.0	14.635573101180562	40.0	0.0	10	11.2	14.831048513169932	41.0	0.0	-0.013026607883610295	-2.2293723496459257	0.03142782180087472	10.849999972875002	47.70699952293001
1476	24182784	10	7.4	7.927168473042566	24.0	0.0	10	10.4	12.8778880256042	41.0	0.0	-0.012112328825071694	-2.2138034723876574	0.03304825484175571	12.235749969410625	40.14899959851001
1480	24248320	10	13.1	15.13571934200684	40.0	0.0	10	15.9	13.345036530485784	40.0	3.0	-0.013077283514426706	-2.2365202032183444	0.03329182741816749	12.1369999696575	43.29899956701001
1484	24313856	10	5.6	11.680753400359071	40.0	0.0	10	19.9	16.979104805613282	40.0	0.0	-0.011663696193861562	-2.2704419516145453	0.041321077554373364	10.842249972894376	44.94699955053001
1488	24379392	10	21.9	16.476953601925327	40.0	0.0	10	14.7	17.041420128616043	40.0	0.0	-0.012282301134528046	-2.2778235249332117	0.034393410854494655	12.005749969985624	45.06799954932001
1492	24444928	10	6.1	5.664803615307419	18.0	0.0	10	15.7	16.06268968759591	40.0	2.0	-0.011749277091428357	-2.276991794269522	0.03836821151187201	12.69049996827375	33.66199966338
1496	24510464	10	7.2	6.749814812274482	18.0	0.0	10	16.6	15.666524822052912	40.0	1.0	-0.012245382079161123	-2.286317949255568	0.03506301802916291	11.884499970288749	52.69999947300001
1500	24576000	10	16.4	16.33523798418621	40.0	0.0	10	7.4	6.916646586316233	18.0	0.0	-0.012050167035297998	-2.2622350302962335	0.03265042874311542	11.87449997031375	32.34299967657001
1504	24641536	10	7.4	11.508257904652641	40.0	0.0	10	16.5	14.319567032560727	40.0	0.0	-0.012261749071751453	-2.2417865293869688	0.03456945255193872	12.329249969176875	37.35899962641001
1508	24707072	10	6.1	11.76817742898194	40.0	0.0	10	22.7	17.88882332631188	40.0	0.0	-0.01233921742209843	-2.2364663156524194	0.03157515998135169	11.619249970951877	40.60999959390001
1512	24772608	10	4.4	4.521061822182927	14.0	0.0	10	4.8	5.582114294781145	18.0	0.0	-0.01200003628397002	-2.2241574945715863	0.0348051289681101	11.327749971680625	26.370999736290003
1516	24838144	10	12.8	14.918444959177213	40.0	0.0	10	21.9	16.287725439729147	41.0	1.0	-0.012362003199011708	-2.212743391362803	0.030757055634067592	10.219249974451875	51.894999481050014
1520	24903680	10	5.1	7.2034713853808015	20.0	0.0	10	14.8	13.789851340750559	40.0	0.0	-0.012369941448241576	-2.218022048242314	0.03218068973757387	9.739249975651875	52.445999475540006
1524	24969216	10	17.4	16.36581803638303	40.0	0.0	10	13.4	14.340153416194683	40.0	2.0	-0.012250834128823844	-2.2634029088046796	0.03833723387980093	9.90799997523	45.03899954961001
