iter	frame	n_test	mean_returns	std_returns	max_returns	min_returns	n_test_train	mean_returns_train	std_returns_train	max_returns_train	min_returns_train	actor_loss	entropy_loss	value_loss	training_time	evaluation_time
0	0	10	2.1	4.548626166217663	15.0	0.0	10	0.9	1.5132745950421556	5.0	0.0	0	0	0	0.0	39.24599960754001
4	65536	10	0.7	0.7810249675906655	2.0	0.0	10	1.7	2.72213151776324	9.0	0.0	0.014122600111522087	-2.5628025280746525	0.11435552758991364	14.14349996464125	6.007999939920001
8	131072	10	1.7	1.268857754044952	4.0	0.0	10	0.5	0.806225774829855	2.0	0.0	-0.0022346611243944836	-2.6340435268718005	0.02342689295132931	13.972999965067501	24.065999759340002
12	196608	10	0.5	0.9219544457292888	3.0	0.0	10	0.7	1.004987562112089	3.0	0.0	-0.004165472457488781	-2.610053620960629	0.030456191779356632	13.449749966375625	7.717999922820002
16	262144	10	0.7	0.6403124237432849	2.0	0.0	10	1.1	2.0712315177207983	7.0	0.0	-0.005550591703799252	-2.59898501607525	0.025936226377200722	12.308749969228128	20.761999792380003
20	327680	10	1.6	1.42828568570857	5.0	0.0	10	0.9	1.044030650891055	3.0	0.0	-0.007822956394287773	-2.526501026983139	0.02597017549095857	12.560249968599376	20.133999798660003
24	393216	10	0.2	0.4000000000000001	1.0	0.0	10	0.6	0.7999999999999999	2.0	0.0	-0.008266194904584382	-2.455576821905885	0.02477624740503929	13.076999967307499	5.659999943400001
28	458752	10	0.6	1.0198039027185568	3.0	0.0	10	1.6	2.973213749463701	10.0	0.0	-0.009255461760045923	-2.427457230533622	0.02488990154944619	12.181249969546874	15.085999849140002
32	524288	10	0.8	2.08806130178211	7.0	0.0	10	1.6	1.685229954635272	5.0	0.0	-0.009099540762955384	-2.4121631530394816	0.028821933099636484	12.136249969659376	12.417999875820001
36	589824	10	1.3	1.2688577540449522	4.0	0.0	10	1.2	1.2489995996796797	4.0	0.0	-0.009693426488917297	-2.4258010583575924	0.03389076432248209	12.478249968804375	11.091999889080002
40	655360	10	0.7	1.1874342087037917	4.0	0.0	10	0.7	1.268857754044952	4.0	0.0	-0.010756651171293936	-2.4129980849693005	0.028415431556591562	12.093749969765625	7.283999927160001
44	720896	10	1.7	1.4177446878757827	5.0	0.0	10	0.6	0.9165151389911679	2.0	0.0	-0.01215701072573298	-2.4301347481659867	0.029345208387869526	12.5789999685525	10.054999899450001
48	786432	10	1.3	2.4103941586387903	7.0	0.0	10	0.8	0.8717797887081347	3.0	0.0	-0.013785460346378188	-2.481729536990098	0.027062247194014306	12.565749968585624	10.044999899550001
52	851968	10	0.6	1.0198039027185568	3.0	0.0	10	0.9	1.044030650891055	3.0	0.0	-0.011177578847661126	-2.49262150599423	0.027240375286855932	13.405749966485626	7.766999922330002
56	917504	10	0.2	0.4000000000000001	1.0	0.0	10	2.0	2.6457513110645907	6.0	0.0	-0.01243071163351149	-2.471104527255779	0.024070226313212068	13.396249966509375	15.345999846540003
60	983040	10	1.5	1.6278820596099706	5.0	0.0	10	0.5	0.6708203932499369	2.0	0.0	-0.012233085641672836	-2.4313109241376902	0.027283594727312878	12.577499968556252	11.275999887240001
64	1048576	10	0.6	0.8	2.0	0.0	10	2.2	4.3772137256478585	15.0	0.0	-0.013023978059065178	-2.3847291938959985	0.024015011593215754	12.605999968484998	27.888999721110004
68	1114112	10	1.6	1.2	3.0	0.0	10	1.6	3.826225293941799	13.0	0.0	-0.011978431336769742	-2.369814932099488	0.025681223368391022	12.433999968915	40.864999591350006
72	1179648	10	1.3	1.3453624047073711	4.0	0.0	10	2.9	3.83275357934736	13.0	0.0	-0.012380450654668829	-2.3705792424593635	0.02436265333612302	12.683749968290625	28.651999713480006
76	1245184	10	1.7	1.7349351572897471	5.0	0.0	10	1.7	2.325940669922601	7.0	0.0	-0.011841344400918795	-2.3741156977922278	0.024683537463569882	12.275249969311876	29.727999702720005
80	1310720	10	0.3	0.6403124237432849	2.0	0.0	10	3.7	4.583666654546336	12.0	0.0	-0.011597997447101976	-2.354170039050924	0.028495888145155697	11.44449997138875	31.143999688560005
84	1376256	10	1.1	1.7578395831246945	5.0	0.0	10	2.1	3.047950130825634	9.0	0.0	-0.013970094983718175	-2.325340571260621	0.02325676274631679	13.151499967121248	26.712999732870006
88	1441792	10	2.3	2.570992026436488	9.0	0.0	10	1.0	1.61245154965971	5.0	0.0	-0.014260854900415629	-2.338211714977841	0.020607184082994664	12.07949996980125	28.967999710320004
92	1507328	10	2.5	3.2015621187164243	8.0	0.0	10	1.7	2.6095976701399777	9.0	0.0	-0.013335377301524202	-2.377312011769136	0.02193414966812982	12.137999969655	41.59799958402001
96	1572864	10	2.6	5.885575587824864	20.0	0.0	10	0.9	1.374772708486752	4.0	0.0	-0.01336449760717126	-2.3664455734211804	0.021502643045281652	12.732999968167501	33.862999661370004
100	1638400	10	0.5	0.9219544457292888	3.0	0.0	10	1.9	2.947880594596735	9.0	0.0	-0.01438612227595421	-2.3318511617734905	0.02108602450630463	12.292249969269374	21.382999786170004
104	1703936	10	1.0	1.4832396974191326	5.0	0.0	10	4.9	5.664803615307418	15.0	0.0	-0.013612135840752946	-2.352267180634883	0.0189419076952289	11.5249999711875	50.74399949256001
108	1769472	10	2.1	3.505709628591621	9.0	0.0	10	0.9	1.044030650891055	3.0	0.0	-0.01410935741876894	-2.340619653219549	0.021595602542395925	11.807249970481875	20.558999794410003
112	1835008	10	1.9	3.1128764832546763	10.0	0.0	10	2.0	1.5491933384829668	4.0	0.0	-0.014804322799716607	-2.358100309722359	0.022202304232260255	12.083249969791876	14.903999850960002
116	1900544	10	0.7	0.8999999999999999	3.0	0.0	10	2.2	3.1874754901018454	8.0	0.0	-0.014597229398527641	-2.3484908836620475	0.026518370196720556	11.446749971383127	21.070999789290006
120	1966080	10	6.4	11.49956520917204	40.0	0.0	10	1.3	1.3453624047073711	5.0	0.0	-0.014643888838984638	-2.2928071441844917	0.024231109785030715	13.017249967456875	67.01099932989001
124	2031616	10	0.6	0.66332495807108	2.0	0.0	10	0.4	0.8000000000000002	2.0	0.0	-0.015006800265486678	-2.284948865334596	0.024968533308438318	13.082749967293124	3.4439999655600007
128	2097152	10	1.9	2.6999999999999997	8.0	0.0	10	1.4	1.2806248474865698	4.0	0.0	-0.015778682634414655	-2.322784537828404	0.02501815427222143	12.81249996796875	22.425999775740003
132	2162688	10	0.6	0.66332495807108	2.0	0.0	10	1.8	2.4413111231467406	7.0	0.0	-0.014144513810345712	-2.3240788179201908	0.026354360527252447	12.780249968049377	12.413999875860002
136	2228224	10	0.6	0.66332495807108	2.0	0.0	10	0.8	0.9797958971132713	3.0	0.0	-0.015732635199005716	-2.327175222094832	0.026473898670672385	12.620749968448127	9.354999906450002
140	2293760	10	0.5	0.5	1.0	0.0	10	2.1	2.5865034312755126	7.0	0.0	-0.014481692922655725	-2.3141800361447933	0.02516027400008018	12.177499969556253	12.275999877240002
144	2359296	10	0.8	1.5362291495737217	5.0	0.0	10	3.0	4.024922359499621	12.0	0.0	-0.014127631609622094	-2.3381365485537335	0.02694750371263608	12.293749969265624	35.78799964212
148	2424832	10	1.1	2.022374841615669	7.0	0.0	10	4.9	11.751170154499508	40.0	0.0	-0.015271804228405818	-2.3392240501987085	0.02731490542361967	11.468249971329376	52.165999478340005
152	2490368	10	0.4	0.66332495807108	2.0	0.0	10	1.4	1.3564659966250538	4.0	0.0	-0.014781188174590237	-2.324069472408596	0.031153064470131806	12.227249969431876	8.834999911650002
156	2555904	10	3.1	4.1340053217188775	14.0	0.0	10	1.5	2.9748949561287032	10.0	0.0	-0.01394941106846303	-2.3186776387263026	0.03289907846334728	12.05349996986625	47.51999952480001
160	2621440	10	0.8	1.1661903789690602	4.0	0.0	10	2.6	2.3748684174075834	7.0	0.0	-0.014932480105583706	-2.298200361191249	0.029702159689439338	13.222249966944375	19.085999809140002
164	2686976	10	1.0	1.8973665961010275	6.0	0.0	10	2.9	3.047950130825634	7.0	0.0	-0.014147343848629135	-2.254555796348644	0.028110321802263374	12.3189999692025	24.752999752470004
168	2752512	10	5.8	7.717512552629894	26.0	0.0	10	3.7	5.745432968889291	16.0	0.0	-0.013944166279303566	-2.2806710076936625	0.028143620600631015	12.031499969921251	127.19799872802001
172	2818048	10	7.4	13.402984742213206	40.0	0.0	10	3.1	3.672873534441392	11.0	0.0	-0.014105069197331593	-2.2768817789964393	0.02444294705965193	12.988749967528125	70.35499929645002
176	2883584	10	0.4	0.66332495807108	2.0	0.0	10	2.7	4.026164427839479	13.0	0.0	-0.014260046267463708	-2.2757773421817693	0.030803588138168064	11.9929999700175	21.913999780860006
180	2949120	10	7.1	12.731457104353765	40.0	0.0	10	1.8	1.886796226411321	5.0	0.0	-0.014137357273024596	-2.3101463712828987	0.026043540776012227	11.434249971414376	57.88099942119001
184	3014656	10	1.3	2.6095976701399777	9.0	0.0	10	1.6	1.624807680927192	5.0	0.0	-0.013299250090443337	-2.2794434028476305	0.031239852402985605	11.58849997102875	26.369999736300006
188	3080192	10	2.5	2.6172504656604803	7.0	0.0	10	4.0	4.427188724235731	15.0	0.0	-0.01303760645882003	-2.2922197354432376	0.03058117076746457	12.72049996819875	54.22299945777001
192	3145728	10	5.0	4.147288270665544	13.0	0.0	10	4.1	5.262128846769148	12.0	0.0	-0.01300222650131899	-2.3044076956891666	0.03288820172162247	11.62249997094375	45.4799995452
196	3211264	10	0.5	1.02469507659596	3.0	0.0	10	6.5	11.73243367763057	40.0	0.0	-0.012674904873360881	-2.3266593190590856	0.02963539521134024	12.25049996937375	67.38099932619001
200	3276800	10	6.4	11.892854997854805	40.0	0.0	10	2.1	3.753664875824692	13.0	0.0	-0.013085962623488647	-2.356380757940725	0.026278972390164385	12.075749969810625	57.11299942887001
204	3342336	10	6.8	11.469960767151735	40.0	0.0	10	3.9	4.7	14.0	0.0	-0.014337067890990455	-2.334058396275099	0.02963984743771283	13.32349996669125	77.82499922175002
208	3407872	10	3.6	3.1048349392520045	9.0	0.0	10	7.4	11.825396399275586	40.0	0.0	-0.012415841537020226	-2.3094259547768425	0.032916302575871074	11.575999971059998	68.83299931167001
212	3473408	10	6.1	5.974110812497538	18.0	0.0	10	3.9	5.467174773134658	14.0	0.0	-0.012178446235282995	-2.295611992239244	0.03562485307937683	11.663749970840623	51.339999486600014
216	3538944	10	1.5	1.8027756377319946	5.0	0.0	10	3.1	4.369210454990696	13.0	0.0	-0.01234783184547187	-2.2907694277761332	0.03362545110711119	13.783249965541875	16.817999831820003
220	3604480	10	3.2	3.4871191548325386	11.0	0.0	10	10.0	11.916375287812984	40.0	1.0	-0.012839938949154575	-2.331251819685648	0.028708124103449018	12.915749967710626	47.024999529750005
224	3670016	10	5.4	6.78527818147495	20.0	0.0	10	3.1	4.72122865364515	16.0	0.0	-0.01258654476371257	-2.330029611543495	0.02870758378113537	12.514749968713124	39.83699960163001
228	3735552	10	9.7	11.49826073804208	40.0	0.0	10	6.3	8.025584090893322	21.0	0.0	-0.013039782823858806	-2.340904464080471	0.028584676539497006	11.733249970666876	70.53999929460002
232	3801088	10	6.3	6.573431371817918	21.0	0.0	10	6.6	8.2	23.0	0.0	-0.011841870721864677	-2.306357410806577	0.030830119422840304	11.497749971255626	74.16799925832002
236	3866624	10	4.8	4.707440918375928	15.0	0.0	10	4.6	6.216108107168021	18.0	0.0	-0.011280820078089145	-2.3166065412333467	0.027056312496128616	12.19749996950625	69.41699930583002
240	3932160	10	7.6	12.507597691003657	40.0	0.0	10	5.1	7.091544260596559	19.0	0.0	-0.011544780178772042	-2.3656931219020874	0.02432193512736165	12.77999996805	83.99999916000002
244	3997696	10	7.1	11.449454135459908	40.0	0.0	10	3.8	4.331281565541543	13.0	0.0	-0.012627693039776554	-2.35755358115116	0.02521229777610555	12.585749968535627	46.05699953943001
248	4063232	10	3.3	5.197114584074512	17.0	0.0	10	3.5	2.3769728648009427	8.0	0.0	-0.013451371110137231	-2.3495592348313634	0.02879775237612956	11.9929999700175	28.387999716120007
252	4128768	10	3.8	3.7629775444453557	10.0	0.0	10	4.0	3.521363372331802	10.0	0.0	-0.012430797865735806	-2.306733029343805	0.03815658087444702	12.223249969441875	36.15899963841
256	4194304	10	9.1	11.84440796325422	40.0	0.0	10	10.0	13.023056476879765	40.0	0.0	-0.012499775571300265	-2.316646369553687	0.03377558135386146	13.010249967474374	62.10299937897001
260	4259840	10	11.1	11.78516016013359	40.0	0.0	10	10.5	10.818964830333815	40.0	0.0	-0.01145841773179288	-2.285056079189374	0.036539870659739786	12.988249967529374	54.751999452480014
264	4325376	10	12.8	14.3024473430249	40.0	0.0	10	8.1	11.370576062803503	40.0	0.0	-0.012801367873059608	-2.277836819252522	0.03306188335064993	11.567749971080625	81.67399918326002
268	4390912	10	2.0	2.6832815729997477	9.0	0.0	10	7.3	5.478138369920935	16.0	0.0	-0.012908852083020535	-2.2718418238180678	0.03186218349008784	12.96349996759125	53.64899946351001
272	4456448	10	5.1	5.048762224545736	14.0	0.0	10	6.0	11.489125293076057	40.0	0.0	-0.011684621481734573	-2.29150026267739	0.026660618388886927	12.519249968701875	59.09499940905001
276	4521984	10	3.7	3.0675723300355937	8.0	0.0	10	11.7	15.13968295572929	40.0	0.0	-0.012441278902080499	-2.287793750325945	0.025575276422754662	11.988999970027502	70.38199929618001
280	4587520	10	6.7	11.908400396358866	40.0	0.0	10	10.8	11.151681487560518	40.0	0.0	-0.011989371608518462	-2.299127538759429	0.02538254932468851	12.745999968135001	94.30199905698002
284	4653056	10	9.5	15.512897859523218	40.0	0.0	10	8.5	6.946221994724902	22.0	0.0	-0.012007376995180886	-2.3159752187700593	0.024897662396277526	11.192749972018126	105.28199894718001
288	4718592	10	13.2	17.831432920547915	40.0	0.0	10	3.3	4.360045871318328	14.0	0.0	-0.01218236252189374	-2.2603773149480246	0.031273476795605805	13.314749966713125	55.280999447190005
292	4784128	10	7.2	11.53082824431966	40.0	0.0	10	13.5	14.72582765076381	40.0	0.0	-0.013201666376051416	-2.256608123345551	0.02930630956626386	12.241499969396251	89.73899910261002
296	4849664	10	13.0	14.135062787267696	40.0	2.0	10	6.6	11.680753400359071	40.0	0.0	-0.012899370236957659	-2.2730416802184323	0.028152339487353226	12.2829999692925	63.52799936472001
300	4915200	10	11.1	15.049584711878264	40.0	0.0	10	5.9	11.657186624567696	40.0	0.0	-0.013285440207084064	-2.2844609516466226	0.02878121445431766	11.622999970942502	60.079999399200005
304	4980736	10	6.8	7.4806416837060175	19.0	0.0	10	10.9	15.971537183377187	40.0	0.0	-0.013719391624449918	-2.271371016663143	0.02653067502460063	12.139749969650625	57.43999942560001
308	5046272	10	17.4	18.596773913773326	40.0	0.0	10	6.6	11.909659944767524	40.0	0.0	-0.013804324185686973	-2.256037764016228	0.029406442536703256	11.679249970801875	74.88299925117
312	5111808	10	10.4	12.435433245367852	40.0	0.0	10	4.8	5.912698199637792	17.0	0.0	-0.013217244374712084	-2.2412779726236907	0.029176118431367637	13.207749966980625	51.82499948175001
316	5177344	10	10.2	15.184202316881846	40.0	0.0	10	9.9	10.994998863119541	40.0	0.0	-0.01251073765515725	-2.2262599242394763	0.03131425302770382	11.56549997108625	72.85199927148001
320	5242880	10	6.2	6.584831053261731	24.0	0.0	10	5.5	8.488227141164401	27.0	0.0	-0.012326406333087615	-2.2257147230372993	0.03238241133563663	12.864249967839376	52.39199947608001
324	5308416	10	10.6	9.2	27.0	0.0	10	11.6	14.691494137765567	40.0	0.0	-0.012324928052526104	-2.2616626071560852	0.031196900601353512	11.12399997219	57.01099942989001
328	5373952	10	3.2	3.8418745424597094	13.0	0.0	10	7.8	11.443775600735973	40.0	0.0	-0.01307744075757201	-2.268012607854785	0.039126061190035026	12.593749968515626	45.316999546830004
332	5439488	10	9.9	15.668120499919574	40.0	0.0	10	5.6	11.825396399275585	40.0	0.0	-0.013987860791286283	-2.238267920678159	0.04357020948404454	12.0449999698875	61.058999389410005
336	5505024	10	5.2	6.569627082262738	18.0	0.0	10	6.1	12.35677951571525	40.0	0.0	-0.012137368065495936	-2.261246852341186	0.04513642756031041	11.898749970253125	45.69599954304
340	5570560	10	10.3	15.543809056984713	40.0	0.0	10	3.8	7.386474125047755	20.0	0.0	-0.012864879714343157	-2.250302957757352	0.045678798376170525	11.855999970360001	49.5799995042
344	5636096	10	8.8	12.014990636700471	40.0	0.0	10	9.0	12.206555615733702	40.0	0.0	-0.011782560416259469	-2.3018603074139676	0.037012369717341134	11.956999970107502	51.03599948964001
348	5701632	10	8.0	12.553883861180172	40.0	0.0	10	8.7	12.393950137062841	40.0	0.0	-0.012713770970134519	-2.308804434794092	0.03681926089343475	12.59949996850125	62.391999376080015
352	5767168	10	5.3	6.723838189605695	20.0	0.0	10	9.3	11.314150432091663	40.0	0.0	-0.013096163562143735	-2.3212258391147866	0.03274820214960461	12.40249996899375	60.543999394560004
356	5832704	10	9.9	15.404220200970903	40.0	0.0	10	6.1	11.579723658188048	40.0	0.0	-0.012104622885041827	-2.2945630349312203	0.03193845133895776	11.4769999713075	69.31599930684001
360	5898240	10	13.9	17.43244102241565	40.0	0.0	10	8.8	11.998333217576514	40.0	0.0	-0.013361276281226643	-2.273663393916278	0.03526553371553832	12.39249996901875	80.23899919761001
364	5963776	10	6.7	6.481512169239521	20.0	0.0	10	12.7	14.205984654363105	40.0	1.0	-0.012272504919802545	-2.275155861935449	0.027885947140754208	12.808749967978125	45.662999543370006
368	6029312	10	3.0	3.7416573867739413	11.0	0.0	10	5.2	11.677328461595998	40.0	0.0	-0.011282874776990026	-2.295140127101875	0.03152859728687776	12.641249968396876	41.816999581830004
372	6094848	10	14.2	12.12270596855339	40.0	0.0	10	15.3	14.946906034360422	40.0	0.0	-0.01250643005056882	-2.311887231725038	0.0265904268959468	13.246749966883126	68.65299931347002
376	6160384	10	7.5	6.48459713474939	23.0	0.0	10	9.3	11.34063490286148	40.0	0.0	-0.011931322285787981	-2.3023395908460835	0.036601140761505405	13.19749996700625	41.84799958152001
380	6225920	10	12.8	15.098344280085815	40.0	0.0	10	18.1	14.611296999240006	40.0	4.0	-0.01200361378016641	-2.331416842595272	0.02702383415414402	11.173999972065	58.04599941954001
384	6291456	10	11.2	15.085091978506462	40.0	0.0	10	7.8	6.079473661428265	20.0	0.0	-0.013154772807405016	-2.3259046199481794	0.026252164871336033	11.137249972156877	64.6399993536
388	6356992	10	15.9	16.914195221765652	40.0	0.0	10	15.9	16.621973408714144	40.0	0.0	-0.012239414447865955	-2.310181123274326	0.03499335991242223	11.977499970056249	88.55999911440001
392	6422528	10	10.3	15.218738449687608	40.0	0.0	10	12.2	13.03687079018581	41.0	0.0	-0.01182626607985989	-2.3121593219613557	0.03179574765244223	11.512749971218126	53.41799946582001
396	6488064	10	5.2	11.964948808916818	40.0	0.0	10	15.2	16.922174801130026	40.0	0.0	-0.011174898525544853	-2.3242410021586073	0.03824053403600696	11.285249971786877	75.20699924793
400	6553600	10	11.5	14.589379698945393	40.0	0.0	10	7.3	11.22541758688736	40.0	0.0	-0.01242886195411892	-2.3067107744595643	0.03321841411179358	12.227249969431877	48.22599951774001
404	6619136	10	7.2	12.172099243762352	40.0	0.0	10	10.4	11.99333148045196	40.0	0.0	-0.01107560513270511	-2.280425702294588	0.04108579050864834	11.189499972026251	49.29899950701001
408	6684672	10	3.3	3.551056180912941	11.0	0.0	10	18.4	11.78303865732435	40.0	6.0	-0.012896811202629484	-2.2892392747203067	0.03355348352381379	12.48449996878875	47.55199952448001
412	6750208	10	6.0	8.683317338436964	26.0	0.0	10	4.9	5.3188344587888805	14.0	0.0	-0.011790487237385246	-2.2948288567457293	0.03597088854307624	10.605999973485	47.11999952880001
416	6815744	10	8.2	11.84736257569591	40.0	0.0	10	12.6	17.995555006723187	40.0	0.0	-0.01256915754847228	-2.3037781787499103	0.031367531819106016	11.025249972436876	62.640999373590006
420	6881280	10	10.2	15.210522673465237	40.0	0.0	10	14.3	10.24743870437877	40.0	0.0	-0.012396505920981809	-2.273510659497584	0.03837683571413248	12.68799996828	49.21699950783
424	6946816	10	4.0	5.272570530585627	16.0	0.0	10	2.1	2.5475478405713994	8.0	0.0	-0.01294394767184485	-2.28839395419761	0.03686100387717023	11.705249970736874	35.055999649440004
428	7012352	10	6.4	11.706408501329518	40.0	0.0	10	9.5	11.868024266911489	40.0	0.0	-0.01180393097091055	-2.276625064274945	0.0376470075337737	12.062249969844373	42.735999572640004
432	7077888	10	8.8	12.687001221722966	40.0	0.0	10	6.9	5.8728187440104085	19.0	0.0	-0.01272475458840072	-2.3277658619045374	0.03070734524391477	12.372999969067502	50.88899949111001
436	7143424	10	7.6	6.406246951218787	22.0	0.0	10	16.1	16.783622970026464	40.0	0.0	-0.012679739516789678	-2.306358853735686	0.03556305825495068	10.76849997307875	49.416999505830006
440	7208960	10	4.2	5.192301994298868	16.0	0.0	10	9.5	6.917369442208505	24.0	1.0	-0.012425116885342735	-2.354148228717992	0.035219933678763034	12.75449996811375	37.56399962436001
444	7274496	10	7.7	12.149485585818026	40.0	0.0	10	16.6	10.846197490365	40.0	0.0	-0.01223005476028077	-2.3421692820930535	0.030207124826611382	11.2649999718375	50.79799949202001
448	7340032	10	9.5	11.46516463030514	40.0	0.0	10	5.5	11.689739090330459	40.0	0.0	-0.012171746032684137	-2.3060939185402676	0.032745311052697554	12.673749968315626	39.643999603560005
452	7405568	10	5.4	6.7852781814749505	22.0	0.0	10	14.0	15.132745950421556	40.0	0.0	-0.01189234458552583	-2.2985143435587316	0.030655461758053466	11.35449997161375	50.80399949196001
456	7471104	10	15.4	16.32911510156016	40.0	0.0	10	24.2	16.86297719858507	41.0	0.0	-0.012288908618386376	-2.2766614802293725	0.032177642003851314	11.317749971705625	85.64999914350003
460	7536640	10	8.7	11.975391434103521	40.0	0.0	10	15.5	14.773286702694158	40.0	0.0	-0.011740887647940283	-2.289584390580574	0.02881766517812088	10.45049997387375	46.58799953412001
464	7602176	10	8.9	12.437443467208203	40.0	0.0	10	8.6	11.80847153530041	40.0	0.0	-0.012057170515574757	-2.289023443818071	0.026614056683943232	12.663749968340623	60.04499939955001
468	7667712	10	11.3	14.601712228365548	40.0	0.0	10	11.3	14.649573372627612	40.0	0.0	-0.012312972344494874	-2.2986016668468454	0.03297521695539211	12.36849996907875	55.882999441170014
472	7733248	10	11.4	12.134249049694011	40.0	1.0	10	10.7	14.986994361779148	40.0	0.0	-0.012337831349747754	-2.3309681115106544	0.03197247245559215	10.444749973888126	88.99099911009002
476	7798784	10	5.0	5.157518783291051	15.0	0.0	10	13.7	14.879852149803103	40.0	0.0	-0.011457592861328884	-2.305572266139828	0.03878395759562225	10.107249974731875	45.88199954118001
480	7864320	10	9.3	12.961867149450343	40.0	0.0	10	21.0	19.0840247327444	40.0	0.0	-0.012711412439370297	-2.3120367971634517	0.030935567625835457	11.546749971133126	91.68699908313002
484	7929856	10	6.9	8.607554821202129	26.0	0.0	10	16.8	13.811589336495636	40.0	1.0	-0.012169570464362721	-2.3131189219727633	0.030443305418138986	11.465249971336876	45.54099954459
488	7995392	10	21.2	14.147791347061917	40.0	0.0	10	17.2	17.127755252805315	40.0	0.0	-0.012173081977324836	-2.320661358293554	0.029713093474671843	11.72399997069	59.46999940530001
492	8060928	10	11.9	11.648605066702192	40.0	0.0	10	7.9	11.08557621416226	40.0	0.0	-0.011553056425336883	-2.3268046426336135	0.028953899820423585	10.283249974291875	30.675999693240005
496	8126464	10	2.6	3.3823069050575527	12.0	0.0	10	6.0	12.041594578792296	40.0	0.0	-0.011465425963269962	-2.329688846822296	0.031288646332919993	11.331999971670001	29.917999700820005
500	8192000	10	7.8	6.954135460285484	22.0	0.0	10	15.2	17.255723688098392	40.0	0.0	-0.011731384379032874	-2.3391264028894154	0.032715065401364936	11.277249971806876	47.10599952894001
504	8257536	10	8.1	5.3376024580330075	18.0	0.0	10	13.1	14.583895227270387	40.0	0.0	-0.012771067964911068	-2.3174203954706596	0.03828207459290035	10.739749973150627	40.89899959101001
508	8323072	10	13.4	14.62326912834473	40.0	0.0	10	14.1	14.842169652715873	40.0	0.0	-0.013143559033622267	-2.313922794915604	0.025216935956552188	12.829249967926875	71.66699928333001
512	8388608	10	8.8	12.671227249165726	40.0	0.0	10	9.4	11.680753400359071	40.0	0.0	-0.012429441721824112	-2.297340112188564	0.023594408361499827	10.791749973020625	78.98099921019
516	8454144	10	13.5	15.10132444522665	40.0	0.0	10	15.6	13.184839779079606	40.0	5.0	-0.012003584043327645	-2.282664345960463	0.027098705329593017	11.0709999723225	60.65099939349001
520	8519680	10	6.7	6.542935121182236	18.0	0.0	10	18.7	17.82722636867553	40.0	0.0	-0.012548547780075857	-2.2435903248834035	0.03056552231691899	11.636249970909374	52.15499947845001
524	8585216	10	11.5	11.621101496846158	40.0	0.0	10	16.8	16.737980762326142	40.0	0.0	-0.012593457022883413	-2.2451002322282236	0.03236535468655327	10.195249974511874	54.03099945969001
528	8650752	10	16.8	15.74674569553976	40.0	0.0	10	26.9	14.131171218267792	40.0	2.0	-0.012315498217433567	-2.245338447158097	0.03306046979700735	12.154249969614376	89.00299910997002
532	8716288	10	13.1	14.473769377739854	40.0	0.0	10	28.8	11.643023662262308	40.0	11.0	-0.012470328657617219	-2.2079127900486024	0.03299151583774322	11.204249971989373	69.91099930089001
536	8781824	10	12.0	11.730302638892145	40.0	2.0	10	18.7	14.98699436177915	40.0	0.0	-0.012500620799893664	-2.1954307976065004	0.034819581930313405	10.483249973791875	46.66099953339001
540	8847360	10	7.9	11.579723658188048	40.0	0.0	10	17.1	16.440498775888766	40.0	0.0	-0.01224610526569215	-2.2501939954996604	0.02834379249733233	11.9709999700725	58.58299941417001
544	8912896	10	13.1	15.546382215808281	40.0	0.0	10	17.0	16.049922118191105	40.0	0.0	-0.011880018904751237	-2.200861173142217	0.03578823596875228	11.623999970939998	69.53599930464001
548	8978432	10	10.4	11.99333148045196	40.0	0.0	10	20.1	14.473769377739858	40.0	0.0	-0.012476745678733102	-2.171446648510602	0.03661962186846649	11.841749970395625	52.36299947637001
552	9043968	10	6.1	11.605602095539895	40.0	0.0	10	7.8	11.504781614615723	40.0	0.0	-0.011776531429239068	-2.1969798031147616	0.03275893756312874	10.564749973588123	46.97499953025001
556	9109504	10	11.6	12.289833196589774	40.0	0.0	10	13.1	12.35677951571525	40.0	0.0	-0.012807634317020021	-2.224844793246893	0.031520796082734864	11.231249971921876	39.97799960022001
560	9175040	10	13.0	11.144505372604026	40.0	2.0	10	14.2	14.688771221582831	40.0	0.0	-0.011976246373974387	-2.218479434418058	0.02883057319258838	12.883999967789999	58.287999417120005
564	9240576	10	18.0	15.868207208125309	40.0	0.0	10	6.4	6.16765757804371	17.0	0.0	-0.012860061863824532	-2.193617013365013	0.03026479090403915	11.4109999714725	45.68999954310001
568	9306112	10	25.5	15.389931773727913	40.0	1.0	10	15.9	14.453027364535087	40.0	1.0	-0.012522730269270815	-2.194948610931479	0.040033381990798755	11.412499971468751	86.23499913765001
572	9371648	10	12.5	15.40941270782245	40.0	0.0	10	8.1	7.354590403278758	24.0	0.0	-0.012955332470649282	-2.1886359823450494	0.03152342697199511	12.348249969129375	59.57699940423001
576	9437184	10	9.8	11.694443124834974	40.0	0.0	10	14.1	14.508273501695506	40.0	0.0	-0.012472780703839326	-2.1970124937788906	0.03408454509562599	9.379749976550627	80.71799919282002
580	9502720	10	6.9	8.41961994391671	26.0	0.0	10	13.0	11.661903789690601	40.0	0.0	-0.01228058464396491	-2.2116825950822117	0.03211623796625795	9.873249975316874	52.421999475780005
584	9568256	10	14.0	14.906374475371265	40.0	0.0	10	16.7	16.4502279619463	40.0	0.0	-0.012479843107246159	-2.199309877822186	0.02964754237406947	10.112999974717502	83.04299916957002
588	9633792	10	18.4	15.428544973522293	40.0	0.0	10	7.2	12.245815611873306	40.0	0.0	-0.012784357518469226	-2.211494929858156	0.029410354110918788	10.244499974388749	65.08499934915001
592	9699328	10	13.3	14.798986451781081	40.0	0.0	10	18.1	16.729913329123974	40.0	0.0	-0.013131362741201911	-2.203074775406709	0.03063218563010343	10.795249973011876	46.84999953150001
596	9764864	10	16.8	14.918444959177215	40.0	0.0	10	9.2	11.923086848631105	40.0	0.0	-0.012686924922685285	-2.1890093061034537	0.03083340916461436	11.86949997032625	69.42799930572001
600	9830400	10	11.3	14.771932845772078	40.0	0.0	10	18.1	12.095040305844377	40.0	4.0	-0.012336299307135437	-2.1877470237718004	0.029518727811548594	10.255749974360626	58.12699941873001
604	9895936	10	9.8	15.315351775261318	40.0	0.0	10	7.1	11.202231920470135	40.0	0.0	-0.012643155616283621	-2.187665894399689	0.03080326883034288	11.69199997077	56.65899943341001
608	9961472	10	12.9	12.275585525749882	40.0	1.0	10	8.2	11.124747188138704	40.0	1.0	-0.011829723433018849	-2.1994222623798985	0.03386388031878731	11.851249970371876	37.27299962727001
612	10027008	10	10.9	14.902684321960255	40.0	1.0	10	13.0	14.859340496805368	40.0	0.0	-0.011915259391846103	-2.189027622114086	0.038320222322252226	12.30449996923875	44.17499955825001
616	10092544	10	9.5	15.337861650177967	40.0	0.0	10	6.0	4.538722287164087	13.0	0.0	-0.0118629961543544	-2.2281715246700835	0.03304383069087823	11.4969999712575	36.82499963175001
620	10158080	10	6.5	11.534730165894649	40.0	0.0	10	9.3	10.982258419833325	40.0	0.0	-0.012165622199918265	-2.2335865296580306	0.036631651626343666	12.395249969011875	66.95999933040001
624	10223616	10	15.8	12.998461447417537	40.0	3.0	10	7.8	12.432216214336044	40.0	0.0	-0.012026925315351515	-2.262769701344501	0.029505133489953886	10.261249974346875	47.835999521640005
628	10289152	10	9.4	10.938007131100255	40.0	0.0	10	9.2	11.872657663724663	40.0	0.0	-0.01083141563997389	-2.2539860107140264	0.031481661190259115	10.97549997256125	65.55899934441001
632	10354688	10	15.7	14.422551785311779	40.0	0.0	10	7.5	11.517378173872732	40.0	0.0	-0.011443320101555129	-2.2783802795023664	0.03708637903135763	11.624249970939376	31.392999686070006
636	10420224	10	9.4	12.026637102698325	40.0	0.0	10	5.5	4.224926034855522	14.0	0.0	-0.012224445302551038	-2.2892205712794835	0.02954560915709353	12.270249969324375	35.247999647520004
640	10485760	10	12.8	15.085091978506464	40.0	0.0	10	10.7	15.356106277308712	40.0	0.0	-0.012143094558822868	-2.2706901751576867	0.03048634804312465	11.587249971031877	39.093999609060006
644	10551296	10	9.1	12.644761761298628	40.0	0.0	10	11.9	11.211155159036913	40.0	0.0	-0.012554571647247418	-2.2548726049696994	0.032618353178741746	11.7669999705825	84.84899915151001
648	10616832	10	18.8	15.835403373454055	40.0	0.0	10	8.1	5.821511831131154	17.0	0.0	-0.01257173769762945	-2.216305479176445	0.03416551026392602	10.893249972766876	51.07199948928001
652	10682368	10	8.5	12.666885963013955	40.0	0.0	10	11.8	14.971973817770321	40.0	0.0	-0.01223792980326685	-2.265608916444017	0.03338004768633579	10.962499972593749	47.42299952577001
656	10747904	10	9.1	11.475626344561762	40.0	0.0	10	15.3	13.89280389266328	40.0	0.0	-0.011481495616576463	-2.2674211608988477	0.03689456561894473	12.13649996965875	67.61499932385
660	10813440	10	9.8	11.651609330903607	40.0	0.0	10	7.4	12.15894732285653	40.0	0.0	-0.012100117544178656	-2.2711904642600302	0.03059558500217082	9.730999975672502	38.27199961728
664	10878976	10	12.7	14.920120642943877	40.0	0.0	10	17.5	16.169415573854238	41.0	0.0	-0.01205478925835693	-2.206876424221786	0.02975617645696907	11.936749970158125	55.15399944846001
668	10944512	10	3.9	5.243090691567332	18.0	0.0	10	7.8	12.432216214336043	40.0	0.0	-0.012155814102341322	-2.212731693951267	0.029926404509059576	10.281249974296875	39.666999603330005
672	11010048	10	11.4	14.684685900624501	40.0	0.0	10	14.5	13.987494414654828	40.0	1.0	-0.01285275363976441	-2.173218967787545	0.037445567078713125	10.418249973954376	95.34799904652002
676	11075584	10	9.9	11.827510304370907	40.0	0.0	10	17.8	15.138031576133008	40.0	3.0	-0.012374923956106312	-2.142883757526976	0.03905994207967496	8.892999977767499	46.71799953282001
680	11141120	10	9.3	12.116517651536682	40.0	0.0	10	14.9	14.80168909280289	40.0	0.0	-0.012162430208209426	-2.150524727776151	0.04181066127834552	12.923249967691875	47.839999521600014
684	11206656	10	10.1	15.109268678529745	40.0	0.0	10	11.9	12.070211265756702	40.0	1.0	-0.012346794832337058	-2.165822932891942	0.03234526328405574	11.646999970882499	43.64799956352001
688	11272192	10	6.8	11.914696806885186	40.0	0.0	10	13.1	14.293005282305048	40.0	0.0	-0.010964520875929829	-2.1102401140120874	0.03963941721376007	10.298749974253125	39.303999606960005
692	11337728	10	13.0	15.006665185843255	40.0	0.0	10	17.8	15.005332385522154	40.0	1.0	-0.011908750618479395	-2.125374691960353	0.03445294741570313	11.323249971691874	51.37499948625001
696	11403264	10	12.3	15.316984037335809	40.0	0.0	10	10.2	15.091719583930788	40.0	0.0	-0.01095130016748261	-2.1926404285133727	0.0414674595187995	11.63249997091875	42.53299957467001
700	11468800	10	18.5	17.98471573308847	40.0	0.0	10	21.4	15.963708842245902	40.0	0.0	-0.011770805740511781	-2.209996630517905	0.041459377773133584	11.3849999715375	48.57499951425001
704	11534336	10	14.2	15.177615095923338	40.0	0.0	10	25.2	16.04244370412438	40.0	0.0	-0.01196842964293794	-2.2394143787673912	0.04252664829782223	11.94849997012875	62.45499937545001
708	11599872	10	13.1	10.6061303028013	40.0	1.0	10	22.4	15.647363995254922	40.0	2.0	-0.012159534543213647	-2.2590627270570596	0.035540353212063086	12.171749969570625	75.9899992401
712	11665408	10	16.2	16.76186147180557	40.0	0.0	10	15.1	14.362799170078233	41.0	0.0	-0.011269816187792372	-2.254974521461674	0.03340238685526947	10.532749973668125	48.968999510310006
716	11730944	10	17.9	15.06286825275983	40.0	1.0	10	21.9	18.310925700247928	40.0	0.0	-0.011403150687960049	-2.2356333904123074	0.030441888507854623	12.191749969520624	83.03999916960002
720	11796480	10	8.4	6.873136110975833	22.0	0.0	10	18.0	15.987495113369073	40.0	0.0	-0.01089987052432808	-2.240027626122153	0.026010230433125177	11.875249970311877	48.33899951661001
724	11862016	10	15.9	16.25699849295681	40.0	0.0	10	20.2	14.634206503941373	40.0	3.0	-0.012173549525510436	-2.2565801911188963	0.02633945849294524	10.996999972507501	60.94999939050001
728	11927552	10	12.5	12.018735374406077	40.0	1.0	10	17.7	15.543809056984713	40.0	0.0	-0.011450305296137747	-2.2462698119525726	0.024487942338232944	11.25749997185625	57.83099942169001
732	11993088	10	16.2	14.2464030548065	40.0	0.0	10	18.0	18.138357147217054	40.0	0.0	-0.011714943722222346	-2.244780356451489	0.02783063309908583	12.434749968913126	35.633999643660005
736	12058624	10	14.6	11.36837719289785	40.0	0.0	10	13.0	14.683323874382122	41.0	0.0	-0.011723201177413992	-2.2673143667601097	0.030470679918389684	13.342749966643126	38.302999616970006
740	12124160	10	2.8	5.3065996645686395	18.0	0.0	10	13.1	10.064293318460068	40.0	4.0	-0.010967765436432426	-2.280998701612969	0.0251445569615075	11.9709999700725	26.745999732540003
744	12189696	10	27.1	16.38566446623389	40.0	0.0	10	13.1	14.6181394164921	40.0	0.0	-0.009686038211133534	-2.2652039749050896	0.023479697815956397	11.946749970133123	61.674999383250004
748	12255232	10	12.9	14.828688411319458	40.0	0.0	10	14.1	13.888484438555562	40.0	0.0	-0.011591969221631804	-2.24870574202558	0.024382512868403327	11.90449997023875	90.07599909924001
752	12320768	10	10.9	15.096025967121282	40.0	0.0	10	17.1	18.954946583939506	41.0	0.0	-0.01167404944013737	-2.227056324249979	0.026555248999064644	12.905249967736875	49.05999950940001
756	12386304	10	9.5	15.454772725601629	40.0	0.0	10	12.6	12.117755567760888	40.0	0.0	-0.010322892884521654	-2.1908435620568922	0.02594354216825676	10.490749973773125	59.92499940075
760	12451840	10	18.2	17.98777362543792	40.0	0.0	10	16.8	16.886681142249355	40.0	0.0	-0.010485317404162824	-2.1856324049540556	0.02773079621161492	10.980499972548749	64.01699935983001
764	12517376	10	10.1	12.453513560437472	40.0	0.0	10	11.2	14.837789592793126	40.0	0.0	-0.010865229624646942	-2.2045003247944925	0.03263444342543361	11.421749971445626	38.05999961940001
768	12582912	10	14.3	16.964963896218585	40.0	0.0	10	28.4	14.779715829473853	40.0	0.0	-0.01032356903926267	-2.2388780512067044	0.03426841370559652	12.780999968047501	42.00199957998001
772	12648448	10	9.0	8.378544026261364	22.0	0.0	10	15.4	13.741906709041508	40.0	0.0	-0.010078626176902923	-2.2681500959020524	0.03301550480581256	11.910499970223752	40.25699959743
776	12713984	10	9.4	7.255342858886822	23.0	0.0	10	14.5	17.304623659588785	40.0	0.0	-0.010850693651043223	-2.2657218101247367	0.03239062057548249	10.825999972935001	34.862999651370004
780	12779520	10	13.2	13.89100428334827	40.0	1.0	10	12.4	14.684685900624501	40.0	0.0	-0.011440896735945272	-2.26450901703293	0.02863408415280034	11.433999971415002	50.70299949297001
784	12845056	10	12.7	9.9	40.0	3.0	10	25.7	15.244999180059013	40.0	0.0	-0.011701338770453564	-2.2530612322327985	0.027600356956862797	10.862749972843124	75.34699924653
788	12910592	10	24.6	15.78100123566309	40.0	4.0	10	2.5	2.3769728648009427	7.0	0.0	-0.011244214912384302	-2.2479471040410655	0.02682195176711928	10.69049997327375	54.11999945880001
792	12976128	10	11.3	12.601983970788092	40.0	0.0	10	17.9	16.096272860510286	40.0	0.0	-0.011850409223045737	-2.252048032744582	0.02942990769403209	10.649749973375625	45.534999544650006
796	13041664	10	17.3	16.858528998699736	40.0	0.0	10	6.4	7.310266752998827	26.0	0.0	-0.01121287123416165	-2.235894858604222	0.029348256432032944	11.650249970874375	40.37599959624001
800	13107200	10	15.1	13.612126946219682	40.0	1.0	10	16.2	15.230233090796741	41.0	0.0	-0.011563588504949554	-2.1754905206679136	0.03111076375999207	11.546249971134374	37.79899962201001
804	13172736	10	11.9	13.186735759845952	40.0	0.0	10	8.4	11.101351269102336	40.0	0.0	-0.010726226856396804	-2.1808145615173626	0.03567996360766012	10.092749974768124	47.793999522060005
808	13238272	10	10.8	13.555810562264433	40.0	0.0	10	14.3	13.491108182799515	40.0	1.0	-0.011783011462573203	-2.194679086178413	0.0378830485239279	10.49249997376875	51.28199948718
812	13303808	10	20.2	14.925146565444509	40.0	0.0	10	14.0	14.099645385611653	40.0	1.0	-0.011714264817169353	-2.207430387306744	0.03693537729950824	11.784249970539376	40.77099959229001
816	13369344	10	11.4	12.15072014326723	40.0	0.0	10	22.4	15.88836051957533	40.0	1.0	-0.011271187862235592	-2.192807403475113	0.036638857851179325	11.561499971096248	42.0499995795
820	13434880	10	14.3	17.355402617052707	41.0	0.0	10	25.4	15.147276983009188	40.0	4.0	-0.01111250849625678	-2.191986279954665	0.02954344412314608	12.5309999686725	53.99899946001001
824	13500416	10	9.6	11.499565209172042	40.0	0.0	10	11.6	15.100993344810137	40.0	0.0	-0.011570433286889488	-2.1881805482214216	0.031165753468573868	11.139499972151249	47.45299952547001
828	13565952	10	19.2	16.56381598545456	40.0	0.0	10	13.3	14.859676981684359	40.0	0.0	-0.011360060320565848	-2.168782710803138	0.031238301382250512	11.17599997206	42.88099957119001
832	13631488	10	13.2	14.891608375189026	40.0	0.0	10	12.3	14.408677940741129	40.0	0.0	-0.011660387452136855	-2.1696536265537096	0.03368151049787748	11.01749997245625	89.42699910573002
836	13697024	10	7.0	7.496665925596525	23.0	0.0	10	13.1	14.38367129769031	40.0	0.0	-0.011345043563809628	-2.1629215228291363	0.03684802492696663	11.176249972059377	33.311999666880006
840	13762560	10	12.2	15.058552387264854	40.0	0.0	10	17.5	12.322743201089601	40.0	4.0	-0.010807474312449685	-2.1548228385786716	0.034975003622088684	12.540749968648127	27.705999722940003
844	13828096	10	14.6	14.766177569025778	40.0	0.0	10	22.3	16.174362429474616	40.0	0.0	-0.011295796591523804	-2.131127478953734	0.04044906295957899	12.505749968735627	52.35099947649001
848	13893632	10	16.7	16.118622769951532	40.0	0.0	10	12.0	15.198684153570664	40.0	0.0	-0.01023426252397971	-2.127031648930872	0.035492759058435325	10.972999972567504	45.13299954867001
852	13959168	10	10.7	14.906709898565813	40.0	0.0	10	11.0	11.15347479487895	40.0	1.0	-0.011506612503595035	-2.1432565547776847	0.0379504443223172	10.963749972590625	48.37699951623001
856	14024704	10	14.9	16.80743882928033	40.0	0.0	10	10.6	14.907716122867377	40.0	0.0	-0.011063731416227568	-2.159129748516876	0.03756433757950101	11.356249971609374	47.22899952771001
860	14090240	10	18.1	18.3	40.0	0.0	10	16.9	16.170652429633133	40.0	3.0	-0.010909712265933028	-2.1694951427703217	0.030676218406206233	10.4709999738225	47.320999526790004
864	14155776	10	7.1	11.605602095539895	40.0	0.0	10	18.0	13.475904422338413	41.0	0.0	-0.011874190671102665	-2.157482899500699	0.0299970501381701	10.572749973568124	50.91699949083001
868	14221312	10	14.5	14.305593311708536	40.0	0.0	10	15.4	16.44506004853737	40.0	0.0	-0.011342652055980182	-2.195024815469816	0.029455475758331635	10.607749973480624	55.74899944251001
872	14286848	10	19.1	16.10248428038357	41.0	0.0	10	26.2	14.871449156017043	41.0	1.0	-0.011244253837544875	-2.200387398172689	0.028029412920771442	10.96799997258	41.53699958463
876	14352384	10	12.8	11.897898974188678	40.0	0.0	10	24.3	16.143419712068443	40.0	1.0	-0.011082878222378576	-2.197027673095092	0.025555251823249296	10.433249973916876	51.521999484780004
880	14417920	10	12.2	14.434680460612906	40.0	0.0	10	17.8	15.471263684650975	40.0	0.0	-0.011016312893302656	-2.1724073437573574	0.03140251499195988	10.097749974755626	48.921999510780005
884	14483456	10	21.0	16.0	40.0	2.0	10	22.2	15.979987484350543	40.0	0.0	-0.011535876206240058	-2.1553490929543924	0.03605278004749451	11.082749972293126	40.02099959979001
888	14548992	10	18.4	15.963708842245902	40.0	0.0	10	16.5	15.67322557739791	40.0	2.0	-0.011433539071753167	-2.1617926555606917	0.03229130788680316	13.302999966742501	50.094999499050004
892	14614528	10	17.2	16.252999723128035	40.0	0.0	10	20.5	14.115594213493104	40.0	0.0	-0.011850341925288452	-2.1576578242319355	0.03428577805977799	10.156249974609375	49.50599950494001
896	14680064	10	10.9	11.605602095539895	40.0	0.0	10	22.0	13.66747965061591	40.0	2.0	-0.010495514195522072	-2.1875047731107706	0.030607286546450695	12.202749969493127	37.20399962796001
900	14745600	10	17.0	14.191546779685433	40.0	0.0	10	15.2	16.4	40.0	0.0	-0.011682367564688916	-2.211057429282023	0.028185557008423685	11.644499970888749	34.68399965316
904	14811136	10	16.6	16.853486286225767	40.0	0.0	10	19.4	17.089177862027185	40.0	3.0	-0.011231155722920145	-2.222848725584067	0.03640829996447495	11.508749971228124	36.321999636780006
908	14876672	10	9.7	12.522379965485793	40.0	0.0	10	15.2	13.414917070187203	40.0	1.0	-0.011319443237914027	-2.2554460836087658	0.0308842456789802	11.52949997117625	44.56299955437001
912	14942208	10	17.6	12.713772060250255	40.0	3.0	10	13.7	10.714942836991712	40.0	0.0	-0.01142856693697867	-2.2468182566408355	0.03211866871817744	12.56749996858125	52.253999477460006
916	15007744	10	8.1	11.878131166138887	40.0	0.0	10	11.7	14.670037491431302	40.0	0.0	-0.01121548391169999	-2.207614625263725	0.03269699151519956	10.087749974780625	38.814999611850006
920	15073280	10	17.1	15.889933920567449	40.0	0.0	10	20.4	17.275416058665563	40.0	0.0	-0.011277111321192088	-2.1903512103064107	0.029460516755194305	10.993499972516249	55.768999442310005
924	15138816	10	20.5	15.187165634179408	40.0	2.0	10	13.4	11.508257904652641	40.0	0.0	-0.010983254046315833	-2.166792380087371	0.030710215250246028	11.7729999705675	42.84999957150001
928	15204352	10	16.9	16.158279611394278	40.0	1.0	10	14.9	13.345036530485784	40.0	3.0	-0.011902488560708763	-2.1890638120675683	0.029772041459415775	10.312999974217501	37.03199962968
932	15269888	10	7.4	11.324310133513652	40.0	0.0	10	16.1	16.68202625582396	40.0	1.0	-0.011829972789787537	-2.1890960730815494	0.03105904982334571	11.269499971826251	36.25199963748001
936	15335424	10	5.1	6.949100661236676	20.0	0.0	10	12.0	14.839137441239636	41.0	0.0	-0.01089078350082914	-2.1721144142471127	0.033219734436165944	11.061249972346875	35.56599964434001
940	15400960	10	5.2	5.015974481593782	17.0	0.0	10	9.8	15.334927453366058	40.0	0.0	-0.011830702946685959	-2.1897186013762067	0.033670734125562624	11.214249971964374	40.96099959039
944	15466496	10	5.4	6.82934843158555	23.0	0.0	10	8.2	11.59137610467368	40.0	0.0	-0.01170113555295742	-2.177379848829592	0.03460929848979756	10.00249997499375	44.802999551970004
948	15532032	10	15.0	14.498275759551547	40.0	0.0	10	15.6	16.469365500832147	40.0	0.0	-0.011659204454188488	-2.19354103482762	0.035228160594335256	10.2929999742675	42.226999577730005
952	15597568	10	4.9	4.948737212663449	14.0	0.0	10	19.2	15.399999999999999	41.0	1.0	-0.012091986678522888	-2.2146866567609442	0.03194800762049234	12.508999968727501	67.1599993284
956	15663104	10	10.9	12.364869590901476	40.0	0.0	10	23.7	14.785465836421928	40.0	0.0	-0.011145875373334488	-2.2003169355484644	0.03474261132095081	9.75049997562375	50.83099949169001
960	15728640	10	13.7	11.189727431890377	40.0	0.0	10	21.2	18.86690223645631	40.0	0.0	-0.01221680067701598	-2.235022941992323	0.03498582795751613	11.572749971068124	39.471999605280004
964	15794176	10	21.5	15.901257811883939	40.0	1.0	10	23.8	17.057549648176316	40.0	0.0	-0.012165224932632572	-2.2745789237434595	0.028085385291084678	13.05349996736625	39.754999602450006
968	15859712	10	12.4	14.853955702101715	40.0	0.0	10	13.9	14.515164484083535	40.0	0.0	-0.011879298743805914	-2.259380407396045	0.03229391904366636	11.006749972483126	45.73999954260001
972	15925248	10	4.0	4.09878030638384	12.0	0.0	10	25.6	17.709884245810304	40.0	1.0	-0.011206611771482565	-2.277898440521106	0.037824551415725355	10.3189999742025	51.719999482800006
976	15990784	10	24.0	16.88786546606764	40.0	0.0	10	13.1	14.679577650600168	41.0	1.0	-0.011774904593025643	-2.2827333731061596	0.03482524497304564	10.922249972694376	80.57499919425001
980	16056320	10	17.9	18.20686683644388	40.0	0.0	10	15.9	13.217034463146414	40.0	2.0	-0.011603689326879552	-2.257792037986967	0.0316612021770565	11.444499971388751	42.310999576890005
984	16121856	10	15.9	16.36123467223669	40.0	0.0	10	7.9	10.985900054160334	40.0	1.0	-0.011914906954160587	-2.294056636352788	0.027543614538000864	10.84749997288125	55.64199944358001
988	16187392	10	22.9	15.443121446132578	40.0	0.0	10	19.1	15.33916555748715	40.0	1.0	-0.010969124464048654	-2.3001763793416905	0.025322256587757188	12.441249968896875	41.40399958596001
992	16252928	10	6.3	5.158488150611572	16.0	0.0	10	15.1	14.706801147768335	40.0	0.0	-0.012161323408939825	-2.2921061538255763	0.026007925642583887	9.41849997645375	49.36099950639
996	16318464	10	10.1	12.028715642162298	40.0	0.0	10	29.5	13.514806694880988	40.0	3.0	-0.010809948704350283	-2.262276641788863	0.027993233066318252	11.154249972114377	37.359999626400004
1000	16384000	10	12.7	11.367057666784312	40.0	0.0	10	17.6	15.62817967646904	40.0	0.0	-0.013533941287990507	-2.2568044560783673	0.024356346303233058	12.835249967911876	54.84399945156001
1004	16449536	10	19.0	15.251229458637097	40.0	0.0	10	25.6	17.86728854639114	40.0	0.0	-0.011672906367793747	-2.240183214113215	0.027058919966506625	9.909249975226876	38.95499961045
1008	16515072	10	10.8	11.382442620105756	40.0	0.0	10	20.4	16.560193235587562	40.0	1.0	-0.010854445813878082	-2.2410973506818253	0.026896366613909314	12.383749969040624	42.073999579260004
1012	16580608	10	6.8	6.193545026880809	19.0	0.0	10	12.3	14.248157775656471	40.0	1.0	-0.012423020133832166	-2.2525966115432956	0.025550627884277026	11.744749970638125	37.50099962499
1016	16646144	10	6.4	7.8	22.0	0.0	10	13.4	11.42978564978364	40.0	0.0	-0.012359935708977341	-2.2631484665102675	0.03403223134843653	10.735749973160624	40.499999595000006
1020	16711680	10	20.8	16.061133210331082	40.0	3.0	10	18.1	18.05242365999646	40.0	0.0	-0.011595393461907664	-2.2672521022580674	0.029420040253744853	9.87849997530375	46.343999536560005
1024	16777216	10	9.3	8.038034585643434	24.0	0.0	10	15.7	16.917742166140254	40.0	0.0	-0.010603733387553979	-2.29316656764303	0.026858274453471057	12.303749969240624	47.453999525460006
1028	16842752	10	8.6	7.045565981523415	23.0	0.0	10	21.9	18.27812900709479	40.0	0.0	-0.01131657997760814	-2.3186596182553676	0.022356836229639836	12.90849996772875	43.09299956907001
1032	16908288	10	11.8	15.522886329545805	40.0	0.0	10	18.9	18.08009955724802	40.0	0.0	-0.011282212883125933	-2.2887418069044827	0.02216955852308656	13.664249965839375	46.92299953077001
1036	16973824	10	17.5	15.415900881881669	40.0	0.0	10	14.7	14.142489172702236	40.0	0.0	-0.012620472774768021	-2.2604137482871396	0.030905647743378388	12.933999967664999	55.240999447590006
1040	17039360	10	24.9	14.031749712705112	41.0	5.0	10	13.9	12.389108119634761	40.0	0.0	-0.011113077037159374	-2.247257878148911	0.027594666711750364	10.136499974658753	44.06999955930001
1044	17104896	10	14.1	15.28037957643723	40.0	0.0	10	7.4	11.235657524150511	40.0	0.0	-0.010609836253435328	-2.248711036904857	0.027913826437242845	13.721749965695626	53.47599946524001
1048	17170432	10	10.7	10.75220907534819	40.0	0.0	10	13.5	17.396838793298052	40.0	0.0	-0.01113044304540854	-2.241659934088533	0.025239284264088637	13.942499965143751	40.581999594180004
1052	17235968	10	5.3	7.114070564732964	22.0	0.0	10	25.3	14.986994361779148	40.0	5.0	-0.011054291336586712	-2.270492493869783	0.02230640204662619	12.195999969510002	46.687999533120006
1056	17301504	10	13.0	12.922847983320086	40.0	0.0	10	17.4	15.14727698300919	40.0	2.0	-0.010956389345736598	-2.2462022004171893	0.026017937069221654	12.60399996849	81.15999918840001
1060	17367040	10	11.4	14.71189994528239	40.0	0.0	10	19.8	14.441606558828557	40.0	0.0	-0.01124609039474789	-2.253026467823737	0.027028722705142776	13.132499967168751	52.28599947714001
1064	17432576	10	7.3	11.602154972245458	40.0	0.0	10	23.0	17.093858546273278	40.0	3.0	-0.01179569550972611	-2.2407086365074362	0.03222383620502659	11.887749970280625	71.54699928453
1068	17498112	10	16.6	16.632498309033434	40.0	0.0	10	21.0	16.39512122553536	40.0	0.0	-0.012375518205392472	-2.244628483816617	0.03111530727537952	12.084249969789376	42.847999571520006
1072	17563648	10	17.0	16.26653005407115	41.0	0.0	10	20.9	15.744522857171633	40.0	4.0	-0.01185024864023589	-2.2582637491456703	0.02718608160608071	12.15199996962	49.64199950358001
1076	17629184	10	12.1	15.14892735476674	40.0	0.0	10	15.1	13.895682782792646	40.0	1.0	-0.011225728583710973	-2.2726343619442946	0.026145953682321702	12.22449996943875	42.06299957937001
1080	17694720	10	15.0	13.490737563232042	40.0	0.0	10	16.1	13.888484438555562	40.0	0.0	-0.011766204842071953	-2.247999131445368	0.029215457050656563	12.104499969738749	48.01599951984001
1084	17760256	10	11.4	10.919706955774958	40.0	1.0	10	14.4	12.403225386970924	40.0	0.0	-0.011681872729236946	-2.2305754569829572	0.0315543011496502	12.141999969645	40.942999590570004
1088	17825792	10	19.8	17.61135997020105	40.0	0.0	10	16.3	16.09378762131525	40.0	0.0	-0.011347099778535014	-2.2318956725457992	0.035109709226749566	11.19149997202125	46.63499953365
1092	17891328	10	9.7	12.141251994749142	40.0	0.0	10	12.5	14.31258187749506	40.0	0.0	-0.011377082527691183	-2.2541362789905435	0.028757232587582948	12.237999969405001	39.582999604170006
1096	17956864	10	17.1	13.284953895290718	40.0	0.0	10	13.4	14.547852075134665	40.0	0.0	-0.011198952028932905	-2.22551239507063	0.03160750136071017	11.625999970935	42.83799957162001
1100	18022400	10	19.1	12.87206277175496	40.0	0.0	10	13.9	14.215836239912162	40.0	0.0	-0.011123091653091896	-2.2166730486031025	0.033536266803662944	11.889999970275	40.627999593720006
1104	18087936	10	8.3	13.023440405668543	40.0	0.0	10	17.3	16.90591612424479	40.0	0.0	-0.01075821154891052	-2.223733184006636	0.03890428658712838	12.599749968500625	36.81699963183001
1108	18153472	10	18.9	15.423683088030563	40.0	0.0	10	19.4	17.63065512112355	41.0	0.0	-0.011362318193307127	-2.173375939103072	0.03993392888583876	12.04799996988	39.82599960174001
1112	18219008	10	10.8	12.464349160706307	40.0	0.0	10	21.2	16.79761887887685	40.0	1.0	-0.011267256730245995	-2.157127933972884	0.03842136230462787	12.057999969855	37.273999627260004
1116	18284544	10	6.5	5.80086200490927	17.0	0.0	10	22.0	18.335757415498275	40.0	0.0	-0.011530032234695169	-2.1605698215697684	0.032092230410542225	11.737749970655626	37.146999628530004
1120	18350080	10	18.3	17.950208912433304	40.0	0.0	10	19.4	15.291827882892221	40.0	0.0	-0.012236196966052276	-2.1266558391620753	0.04050501257069681	11.013249972466875	71.73599928264001
1124	18415616	10	22.0	18.226354544998845	40.0	0.0	10	21.9	15.795252451290546	40.0	2.0	-0.010426865212871948	-2.139391466752359	0.03464651902931883	12.627499968431252	50.08599949914001
1128	18481152	10	13.9	14.747542168103807	40.0	0.0	10	23.5	14.256577429383253	40.0	2.0	-0.011711856003474724	-2.162661979370543	0.03201565726249085	12.513999968715002	88.68399911316001
1132	18546688	10	11.3	12.337341690980274	40.0	0.0	10	22.5	16.602710622064098	40.0	0.0	-0.011481514109635396	-2.177404261898679	0.03466089537083784	12.4029999689925	57.518999424810005
1136	18612224	10	17.5	15.666843970627907	40.0	0.0	10	15.9	14.4183910336764	40.0	0.0	-0.010573665923210657	-2.1437321725241474	0.04010375833186737	12.816999967957498	46.07499953925001
1140	18677760	10	10.0	11.687600266949584	40.0	0.0	10	19.5	15.034959261667456	40.0	0.0	-0.010188316871941824	-2.1411220553273824	0.03866564668312233	10.752249973119376	36.23799963762001
1144	18743296	10	14.3	11.627983488120371	40.0	2.0	10	17.4	16.614451540752107	40.0	0.0	-0.010929268147036276	-2.148389555290068	0.039586738931392904	11.931749970170625	34.93799965062001
1148	18808832	10	16.7	16.309812997088592	40.0	1.0	10	16.8	13.585286158193357	40.0	0.0	-0.011060012302004847	-2.1515582325800184	0.03335118772657873	11.88549997028625	39.27699960723001
1152	18874368	10	14.2	17.14526173611823	40.0	0.0	10	12.3	11.144954015158609	40.0	0.0	-0.01120548279266884	-2.1000066869256875	0.033432430176772776	12.239999969400001	32.12199967878001
1156	18939904	10	23.7	14.47100549374507	40.0	2.0	10	15.5	17.159545448525144	40.0	0.0	-0.010158555787259667	-2.072258854689904	0.04710834663025819	11.4909999712725	44.017999559820005
1160	19005440	10	12.1	11.00409014866745	40.0	0.0	10	27.1	16.12110418054545	40.0	3.0	-0.010949737747747258	-2.0939718880061617	0.03841615584278779	11.548749971128126	49.473999505260004
1164	19070976	10	19.1	15.883639381451596	40.0	0.0	10	23.2	14.44852933692561	40.0	3.0	-0.010768964048808451	-2.095022924026172	0.029298369963705877	11.950249970124375	73.14899926851001
1168	19136512	10	15.4	13.8	40.0	0.0	10	19.0	14.798648586948742	40.0	0.0	-0.010986798308363166	-2.104468015113801	0.03481477488944248	12.235999969409999	48.61899951381001
1172	19202048	10	8.5	11.534730165894649	40.0	0.0	10	11.5	11.664047325006875	40.0	0.0	-0.011356172773987675	-2.0970386438370836	0.039011042172992616	11.366499971583751	37.75799962242001
1176	19267584	10	19.5	17.50571335307419	40.0	0.0	10	22.7	17.60142039722931	40.0	0.0	-0.011338692270056846	-2.110229866980241	0.040261123732660775	11.869999970324999	41.45599958544001
1180	19333120	10	19.2	11.981652640600128	40.0	0.0	10	15.4	14.150618361046984	40.0	0.0	-0.011528870135722387	-2.1278887165356424	0.04455527462920476	11.3269999716825	38.1599996184
1184	19398656	10	18.8	14.931845163944072	40.0	1.0	10	23.9	13.648809471891678	40.0	7.0	-0.011491393914199939	-2.130752446528846	0.05004717040440904	11.43049997142375	53.812999461870014
1188	19464192	10	9.9	11.26454615153225	40.0	0.0	10	23.5	14.813844875656015	40.0	0.0	-0.011153774439107289	-2.151084388071738	0.04108714352632358	11.787249970531876	38.86199961138001
1192	19529728	10	12.5	15.79398619728408	41.0	0.0	10	17.5	15.819292019556375	40.0	0.0	-0.010828433171591125	-2.1647639421353815	0.03428565009993676	13.2609999668475	45.22799954772001
1196	19595264	10	12.6	12.249081598226049	40.0	1.0	10	26.8	16.551737068960463	40.0	0.0	-0.011787730670509143	-2.1480318057286367	0.029400178402859384	11.402999971492498	60.13599939864001
1200	19660800	10	7.5	6.5306967469022785	18.0	0.0	10	17.9	16.342888361608544	40.0	0.0	-0.011408031138392661	-2.158654967718967	0.029070266839581117	11.754999970612499	31.295999687040005
1204	19726336	10	20.4	14.534097839219328	40.0	0.0	10	19.1	15.20164464786623	40.0	1.0	-0.010723195385652171	-2.1292874264485913	0.031037108290346237	11.573749971065626	77.34199922658001
1208	19791872	10	18.8	15.593588426016638	40.0	0.0	10	17.0	15.231546211727817	40.0	3.0	-0.01119201237335633	-2.1176107896148686	0.03135533646043356	10.10849997472875	46.14299953857001
1212	19857408	10	16.8	16.277591959500644	40.0	0.0	10	15.9	14.774640435557139	40.0	0.0	-0.010219928465475718	-2.0922600525424984	0.03721720870429401	13.405249966486876	47.856999521430005
1216	19922944	10	21.3	13.023440405668543	40.0	2.0	10	16.9	15.53351215919954	40.0	0.0	-0.01079778810656532	-2.108925481417639	0.03818303466532003	11.11349997221625	42.51999957480001
1220	19988480	10	11.2	14.681961721786363	40.0	0.0	10	19.4	14.752626884728022	40.0	3.0	-0.010149301140249228	-2.1320008558794292	0.037111234071213604	12.459999968850001	34.66099965339001
1224	20054016	10	9.5	11.447707194019246	40.0	0.0	10	8.4	7.851114570556208	20.0	0.0	-0.010920144609144053	-2.09963907031202	0.045852663417537506	11.63599997091	36.48099963519001
1228	20119552	10	18.5	14.698639392814561	40.0	0.0	10	23.2	14.558846108122717	40.0	1.0	-0.010419202630273499	-2.10506385791229	0.04269060105960053	10.798999973002502	44.612999553870004
1232	20185088	10	10.7	12.83004286820586	40.0	0.0	10	18.7	15.146286673637205	40.0	1.0	-0.011015418641732179	-2.196734227011259	0.036443424543139716	11.673249970816874	34.11599965884
1236	20250624	10	9.9	11.166467659918244	40.0	0.0	10	15.9	13.38992158304148	40.0	0.0	-0.010859895964515868	-2.21137174940916	0.034424056916326655	12.283999969289999	30.977999690220006
1240	20316160	10	17.3	11.054863183232978	40.0	0.0	10	22.3	15.199013125857878	40.0	1.0	-0.011430703506167277	-2.1902375467323627	0.034606208982377026	11.786749970533124	37.15799962842001
1244	20381696	10	12.6	14.575321608801637	40.0	0.0	10	9.0	12.288205727444508	40.0	0.0	-0.010703661225707718	-2.190212542583882	0.037193808041053454	11.90049997024875	49.461999505380014
1248	20447232	10	26.3	15.15288751360611	40.0	2.0	10	15.4	13.88668426947196	40.0	1.0	-0.01128320103578005	-2.201147871483557	0.035932321505137754	11.56249997109375	43.253999567460006
1252	20512768	10	10.0	6.957010852370434	24.0	0.0	10	22.3	15.7165517846632	40.0	0.0	-0.010864974949153238	-2.206595043111465	0.03123678489806089	11.427999971430001	38.24599961754001
1256	20578304	10	17.4	16.16292052817188	41.0	0.0	10	12.5	14.207392441964851	40.0	1.0	-0.010708481688295126	-2.182285733293663	0.03291405075430121	11.53599997116	35.83499964165001
1260	20643840	10	5.7	6.000833275471	18.0	0.0	10	15.7	14.825990692024597	40.0	0.0	-0.010487778659321953	-2.1763156600513027	0.03652778209272254	12.183999969540002	60.76899939231001
1264	20709376	10	10.1	9.565040512198577	23.0	0.0	10	15.4	13.763720427268204	40.0	0.0	-0.010939630867821558	-2.22029674030064	0.026842231393789634	12.303749969240625	32.348999676510005
1268	20774912	10	7.1	5.204805471869242	17.0	0.0	10	16.2	16.34502982560754	40.0	0.0	-0.011940004673881486	-2.2222614931732205	0.0293057851928493	12.908749967728127	29.686999703130006
1272	20840448	10	5.9	6.992138442565336	22.0	0.0	10	24.2	14.985326155943353	40.0	0.0	-0.010741202689529427	-2.205517376232877	0.03295349670851685	11.327249971681876	53.616999463830005
1276	20905984	10	16.4	13.88668426947196	40.0	0.0	10	18.5	15.46770829825802	40.0	0.0	-0.011183249201518102	-2.199532486269238	0.035062050287995215	12.018249969954375	33.99999966000001
1280	20971520	10	11.8	13.614697940094008	40.0	0.0	10	11.8	11.838918869558995	40.0	0.0	-0.010541692069448466	-2.2297508515578444	0.03180482426404582	10.8889999727775	34.06299965937001
1284	21037056	10	15.6	17.106723824274475	40.0	0.0	10	9.1	8.882004278314664	27.0	0.0	-0.011234049249997045	-2.2191363943291766	0.03390831073082432	10.846499972883748	41.5799995842
1288	21102592	10	14.6	13.979985693841034	40.0	1.0	10	18.7	11.506954418959	40.0	7.0	-0.010442741616744236	-2.2144344198383883	0.03733276204826099	11.583749971040627	43.078999569210005
1292	21168128	10	20.1	17.835077796297945	40.0	0.0	10	31.8	13.302631318652713	40.0	5.0	-0.011130480172194921	-2.2323751198906883	0.03144968426846813	10.977249972556875	43.74799956252001
1296	21233664	10	5.4	5.748043145279966	21.0	0.0	10	16.7	16.24222891108237	40.0	1.0	-0.009486323667788541	-2.2460484055325236	0.03417198330506489	10.834249972914376	40.928999590710006
1300	21299200	10	12.3	14.498620624045584	40.0	0.0	10	11.2	11.737120600896967	40.0	0.0	-0.011067521483163614	-2.193439329435429	0.041820476428750704	11.980249970049373	31.177999688220005
1304	21364736	10	20.9	16.902366698187564	40.0	0.0	10	14.7	14.353048456686823	40.0	1.0	-0.00967693954731507	-2.2047889851220557	0.03832209754025602	13.527749966180625	38.33399961666001
1308	21430272	10	20.6	16.894969665554303	40.0	0.0	10	15.0	15.093044755780724	40.0	0.0	-0.0112585744949476	-2.1809834736300577	0.03481621277388732	11.1829999720425	37.24799962752
1312	21495808	10	14.0	11.523888232710346	40.0	0.0	10	19.2	14.951922953252534	40.0	1.0	-0.010763453789059501	-2.1911531113289207	0.04661503765479307	10.743749973140625	44.07199955928001
1316	21561344	10	18.6	16.329115101560156	40.0	0.0	10	11.2	14.606847709208173	40.0	1.0	-0.011193127772807829	-2.2189071151289648	0.03257986757332087	11.662249970844375	39.19399960806001
1320	21626880	10	12.6	13.536617007214172	40.0	0.0	10	22.3	17.810390225932725	40.0	0.0	-0.011225008137790645	-2.226974206434175	0.028815363142742204	12.142249969644375	36.26299963737
1324	21692416	10	17.8	15.509996776273038	40.0	0.0	10	29.8	16.209873534361705	41.0	1.0	-0.009914247022180609	-2.2322543261110095	0.03387812520800543	10.821249972946877	39.49299960507001
1328	21757952	10	17.5	16.439282222773596	40.0	0.0	10	17.7	15.09337603056387	40.0	2.0	-0.010592062796410449	-2.2035739891419195	0.02965621054251648	11.662249970844375	41.432999585670004
1332	21823488	10	8.5	13.618002790424152	40.0	0.0	10	21.3	18.937000818503442	40.0	0.0	-0.010303225323532337	-2.188224526515154	0.044486150742375885	10.96449997258875	33.93599966064001
1336	21889024	10	24.8	16.259151269362125	40.0	0.0	10	22.1	15.352198539622917	40.0	3.0	-0.010824602724302983	-2.1781990227814507	0.03279085544294901	11.711749970720625	41.33999958660001
1340	21954560	10	17.0	18.80957203128237	40.0	0.0	10	20.2	17.08098357823694	41.0	0.0	-0.01132526601216907	-2.1809002779635946	0.030979441145778018	12.353499969116251	36.09899963901
1344	22020096	10	15.2	13.46699669562594	41.0	0.0	10	25.7	15.34959282847594	40.0	0.0	-0.011106990354220417	-2.1643108251423193	0.0328535726259699	12.188249969529375	35.86199964138001
1348	22085632	10	17.0	13.79130160644745	41.0	0.0	10	20.8	15.190786681406596	40.0	1.0	-0.010178519637369599	-2.189532158047369	0.032327865363456484	10.957999972605	80.84899919151002
1352	22151168	10	11.6	15.16047492659778	40.0	0.0	10	17.8	13.429817571359635	40.0	0.0	-0.009869690452314533	-2.195490891506062	0.033822157203266756	11.583249971041877	40.20499959795001
1356	22216704	10	11.0	12.767145334803704	40.0	0.0	10	12.2	15.619218930535547	40.0	0.0	-0.01149501726348121	-2.16460457421643	0.033800094404307056	13.697749965755625	36.96299963037001
1360	22282240	10	5.7	11.670903992407785	40.0	0.0	10	20.5	16.596686416269964	40.0	0.0	-0.011027519568176094	-2.180595968933252	0.02990810099367192	11.745249970636875	42.88899957111001
1364	22347776	10	23.4	17.636326148038883	40.0	0.0	10	12.5	12.371337841963577	40.0	0.0	-0.01000671416251914	-2.206292410461757	0.033039137853438004	10.473749973815623	38.815999611840006
1368	22413312	10	15.0	14.085453489327207	40.0	3.0	10	16.0	16.727223320085137	40.0	0.0	-0.010573438499816193	-2.1754766526538973	0.03016356745187776	12.36399996909	30.784999692150006
1372	22478848	10	9.1	11.510430052782562	40.0	0.0	10	6.0	5.865151319446072	20.0	0.0	-0.008427615167451916	-2.146001433109219	0.0419078922088376	12.951499967621249	30.114999698850003
1376	22544384	10	5.6	7.49933330370107	25.0	0.0	10	10.4	11.010903686800646	40.0	0.0	-0.010563801289017738	-2.1486711549507533	0.05067698455198221	11.758499970603753	33.267999667320005
1380	22609920	10	6.4	5.660388679233962	20.0	0.0	10	25.6	17.88966181905069	40.0	0.0	-0.010262396394098646	-2.105644980847048	0.053528878599417296	10.715499973211251	41.457999585420005
1384	22675456	10	12.3	14.191899097724729	40.0	3.0	10	12.6	12.240914998479484	40.0	0.0	-0.010659132018292909	-2.120383575337789	0.039200775651058305	10.771249973071875	35.19299964807001
1388	22740992	10	8.5	11.403946685248927	40.0	0.0	10	10.7	11.331813623599711	40.0	1.0	-0.010631710964040081	-2.124806046264567	0.04458596719895782	11.82149997044625	26.765999732340003
1392	22806528	10	15.1	13.003461077728497	40.0	0.0	10	16.6	13.610290224679266	40.0	0.0	-0.010117484306502974	-2.126949203289522	0.03618882718351888	11.064749972338126	34.47699965523
1396	22872064	10	13.9	15.501290268877622	40.0	0.0	10	28.0	15.709869509324385	40.0	1.0	-0.010327725257851677	-2.141792456085897	0.033535892256767556	11.889249970276875	37.745999622540005
1400	22937600	10	11.0	15.466091943344964	40.0	0.0	10	14.6	12.191800523302536	40.0	1.0	-0.010728802271330887	-2.1353749332587815	0.036170915463896794	10.23149997442125	41.886999581130006
1404	23003136	10	6.1	11.596982366115762	40.0	0.0	10	18.2	18.312837027615355	40.0	0.0	-0.010646860996937225	-2.140194671626473	0.041016921862412556	10.309999974225	35.45699964543001
1408	23068672	10	15.3	16.571360837299995	40.0	1.0	10	13.7	15.868522300453815	40.0	0.0	-0.01072177259396874	-2.118879318016588	0.02907557465066011	11.067749972330626	37.152999628470006
1412	23134208	10	16.4	15.957443404254956	40.0	1.0	10	28.5	14.678215150351217	40.0	0.0	-0.011723930344782179	-2.1544694898268455	0.031196786165092166	12.19849996950375	38.835999611640005
1416	23199744	10	6.6	6.019966777316965	15.0	0.0	10	28.3	15.485799947048264	40.0	2.0	-0.010599117544297213	-2.1602181988691136	0.02982172780980464	12.294249969264374	36.529999634700005
1420	23265280	10	15.2	16.515447314559783	40.0	1.0	10	26.1	15.227934856703321	41.0	4.0	-0.01090143911165017	-2.176180186144323	0.028354504841220193	11.721749970695626	36.13899963861001
1424	23330816	10	19.1	17.409480176042017	40.0	0.0	10	18.4	17.839282496782204	40.0	0.0	-0.01182567999419817	-2.2010249965083655	0.02649010808784868	12.856249967859377	62.296999377030005
1428	23396352	10	7.8	11.830469136936202	40.0	0.0	10	17.1	12.573384588089239	40.0	1.0	-0.010488550910060488	-2.221148950126862	0.02596503829623497	10.934749972663127	35.47299964527001
1432	23461888	10	20.3	17.035551062410633	40.0	0.0	10	12.8	10.628264204469138	40.0	3.0	-0.01033695833649843	-2.2254996645119185	0.03464914890964629	11.603249970991875	34.718999652810005
1436	23527424	10	16.5	13.793114224133722	40.0	0.0	10	21.7	16.08135566424672	40.0	1.0	-0.010013504714321662	-2.261988661947661	0.026734364099809723	10.979749972550625	38.38199961618
1440	23592960	10	26.7	16.73349933516597	40.0	0.0	10	19.2	17.463103962354456	41.0	0.0	-0.010057405599140808	-2.2911308355726376	0.024835118400450395	10.408749973978127	43.548999564510005
1444	23658496	10	20.7	16.697604618627185	40.0	1.0	10	18.9	17.455371666051686	40.0	0.0	-0.010223327193818868	-2.307097683109922	0.028769533360329315	12.982749967543125	32.04399967956
1448	23724032	10	11.8	14.844527611210808	40.0	0.0	10	11.1	15.082771628583389	40.0	0.0	-0.009508011028548048	-2.3180159774988276	0.025736266628020858	12.121749969695625	34.50199965498001
1452	23789568	10	19.2	14.837789592793126	40.0	0.0	10	19.3	14.415616532080756	40.0	0.0	-0.010262946846970612	-2.2873500458997027	0.03500665132134957	10.470249973824375	85.10899914891
1456	23855104	10	10.8	15.197368193210297	40.0	0.0	10	21.3	17.6411450875503	40.0	0.0	-0.010946779452521002	-2.268888977430353	0.03840055033009341	10.215999974459999	45.619999543800006
1460	23920640	10	16.4	12.839003076563227	40.0	1.0	10	19.3	14.717676447048289	40.0	2.0	-0.010961314841622794	-2.276838799080507	0.029368199210969625	10.441499973896251	34.572999654270006
1464	23986176	10	15.7	12.837834708392222	40.0	0.0	10	10.5	12.682665335015349	40.0	0.0	-0.00958454457234947	-2.2309973634939024	0.02902236904569023	12.084749969788126	31.017999689820005
1468	24051712	10	25.6	15.531902652283138	41.0	2.0	10	23.7	14.906709898565813	40.0	3.0	-0.010916341255096744	-2.2553077014918266	0.025205422228991508	12.673499968316252	42.55899957441
1472	24117248	10	11.9	15.049584711878268	40.0	1.0	10	18.6	15.460918472070151	40.0	0.0	-0.010963581045335541	-2.2738073465839763	0.022123103580694244	10.54549997363625	40.965999590340004
1476	24182784	10	12.8	13.555810562264433	40.0	0.0	10	24.7	16.64361739526597	40.0	0.0	-0.010539734625847685	-2.304202039796498	0.02458402003914458	11.322249971694376	86.44199913558
1480	24248320	10	12.0	14.463747785411636	40.0	0.0	10	22.7	15.459948253470966	40.0	0.0	-0.01082281207717985	-2.2894771245717314	0.024663435612797213	11.74649997063375	68.18399931816
1484	24313856	10	17.3	16.565325230734228	40.0	0.0	10	28.1	12.628935030318273	40.0	6.0	-0.0112084848479295	-2.2477659456573966	0.023568059489935594	11.6709999708225	42.21799957782001
1488	24379392	10	13.4	11.594826432508595	40.0	0.0	10	13.0	14.463747785411636	40.0	0.0	-0.01076322657545515	-2.2530437755224617	0.03356193203595109	10.692749973268125	32.76099967239001
1492	24444928	10	18.2	18.159295140505865	40.0	0.0	10	14.9	14.48758088847134	40.0	0.0	-0.010364793201139243	-2.265850893917092	0.026761133841866146	11.6249999709375	71.31399928686001
1496	24510464	10	12.2	11.142710621747296	40.0	0.0	10	19.3	15.258112596255147	40.0	1.0	-0.010361985428498775	-2.2038318139999222	0.03243255911755606	11.366499971583751	38.31599961684001
1500	24576000	10	16.1	16.464810961562847	40.0	0.0	10	29.7	16.062689687595913	40.0	1.0	-0.010394516593935643	-2.2066689032004416	0.032946687906187315	11.89549997026125	40.389999596100004
1504	24641536	10	7.5	11.447707194019246	40.0	0.0	10	10.8	12.6237870704476	40.0	0.0	-0.010249874456494026	-2.2165556299364337	0.03297812223556587	13.674749965813124	34.27899965721001
1508	24707072	10	22.1	15.889933920567449	41.0	0.0	10	23.9	17.102339021315185	40.0	2.0	-0.011209232074224484	-2.2129577619512424	0.03051692421695845	11.029749972425627	45.92199954078001
1512	24772608	10	3.9	3.753664875824692	11.0	0.0	10	24.6	16.710475756243447	40.0	0.0	-0.010940887204997349	-2.2237754312821427	0.02742724776137525	12.606499968483751	27.234999727650003
1516	24838144	10	21.4	18.805318396666408	40.0	0.0	10	16.6	13.001538370516005	40.0	1.0	-0.011267348164780004	-2.203832027583233	0.028684619500728644	12.89199996777	82.74399917256001
1520	24903680	10	17.6	13.893883546366725	40.0	0.0	10	18.6	17.833676009168723	40.0	1.0	-0.011387270398726395	-2.204112246402981	0.02907354394059148	12.196749969508126	37.19999962800001
1524	24969216	10	8.0	11.991663771137015	40.0	0.0	10	14.5	18.287974190707946	41.0	0.0	-0.00979729717456505	-2.2254291348324684	0.0303468944589661	13.019249967451877	40.27399959726001
