iter	frame	n_test	mean_returns	std_returns	max_returns	min_returns	n_test_train	mean_returns_train	std_returns_train	max_returns_train	min_returns_train	actor_loss	entropy_loss	value_loss	training_time	evaluation_time
0	0	10	2.8	4.66476151587624	13.0	0.0	10	1.7	3.1638584039112754	11.0	0.0	0	0	0	0.0	35.45599964544001
4	65536	10	2.8	4.1182520563948	11.0	0.0	10	2.8	4.377213725647858	12.0	0.0	0.0094206243583549	-2.5262671979617095	0.3143054352124956	12.188249969529375	34.83499965165001
8	131072	10	0.2	0.4000000000000001	1.0	0.0	10	2.8	4.3999999999999995	12.0	0.0	-0.002486670268246473	-2.541113085780089	0.160567750516696	11.918999970202501	37.08699962913001
12	196608	10	2.4	4.317406628984581	11.0	0.0	10	4.4	5.388877434122992	11.0	0.0	-0.0021391571169760907	-2.577166440317794	0.16079758703585878	11.271749971820626	37.918999620810006
16	262144	10	1.6	3.2	11.0	0.0	10	1.2	3.2802438933713454	11.0	0.0	-0.003255907409427066	-2.5871490436084246	0.12445926647501016	10.635749973410627	39.371999606280006
20	327680	10	2.6	4.476605857119878	12.0	0.0	10	3.5	5.142956348249516	12.0	0.0	-0.002997801802536427	-2.6257087709751468	0.0989666182328302	10.79349997301625	37.916999620830005
24	393216	10	0.7	0.7810249675906655	2.0	0.0	10	0.3	0.45825756949558394	1.0	0.0	-0.0030505798904268363	-2.624227414255172	0.11583569570945326	10.64049997339875	39.90699960093
28	458752	10	0.2	0.4000000000000001	1.0	0.0	10	3.5	5.142956348249516	12.0	0.0	-0.0030267117105298377	-2.6168492533024184	0.1067818080274295	10.47849997380375	39.472999605270005
32	524288	10	6.7	5.273518749374083	11.0	0.0	10	3.8	4.749736834815167	11.0	0.0	-0.002585356358732096	-2.631057041112695	0.15142363347088006	10.752749973118124	38.858999611410006
36	589824	10	1.4	3.261901286060018	11.0	0.0	10	2.9	4.3920382511995495	12.0	0.0	-0.0027013489316449896	-2.6219106562187995	0.15857458501023275	11.211499971971252	37.84699962153001
40	655360	10	3.7	5.040833264451424	12.0	0.0	10	0.4	0.48989794855663565	1.0	0.0	-0.0031592588496140057	-2.61212061815073	0.11927754925485609	10.987249972531874	37.03099962969001
44	720896	10	7.0	5.329165037789691	12.0	0.0	10	3.5	4.924428900898052	11.0	0.0	-0.004091526626202467	-2.611954043036815	0.13520958529308164	10.796249973009376	38.96699961033001
48	786432	10	2.5	4.295346318982906	11.0	0.0	10	5.0	5.347896782848375	12.0	0.0	-0.00341914326625107	-2.5965997275985546	0.14775727004757178	10.598249973504375	39.99699960003001
52	851968	10	4.1	5.243090691567332	13.0	0.0	10	5.0	5.761944116355173	13.0	0.0	-0.0032468042781706287	-2.58798325779898	0.1739648442999854	10.424999973937501	40.02899959971001
56	917504	10	0.7	0.7810249675906655	2.0	0.0	10	1.8	3.4583232931581165	12.0	0.0	-0.0027772671452857252	-2.6065444471703807	0.12750330092609455	10.412499973968748	41.27999958720001
60	983040	10	4.6	5.238320341483518	11.0	0.0	10	3.8	4.975942121849891	12.0	0.0	-0.0032394688844721185	-2.6265172260250544	0.11198425761344044	10.455749973860625	42.997999570020006
64	1048576	10	2.4	4.31740662898458	11.0	0.0	10	4.2	5.230678732248808	14.0	0.0	-0.00438030400452133	-2.6192676074557997	0.1659951946369997	10.061999974845	40.1099995989
68	1114112	10	2.5	4.522167621838006	12.0	0.0	10	5.2	5.035871324805669	12.0	0.0	-0.004379812186166451	-2.6317719317714756	0.15685942177579015	10.500999973747499	40.13599959864001
72	1179648	10	2.4	4.31740662898458	11.0	0.0	10	2.7	4.450842616853578	12.0	0.0	-0.003657416272818506	-2.633772492134401	0.1145201306476796	10.739749973150625	39.89499960105001
76	1245184	10	5.1	5.300000000000001	12.0	0.0	10	2.9	4.1340053217188775	11.0	0.0	-0.004241304452244458	-2.597210193403227	0.14140413987219105	10.820749972948125	38.84299961157001
80	1310720	10	3.0	4.171330722922842	11.0	0.0	10	0.6	0.66332495807108	2.0	0.0	-0.004451689594883164	-2.591934832163866	0.11658969714333581	10.860249972849376	38.598999614010005
84	1376256	10	2.9	4.657252408878007	13.0	0.0	10	2.7	4.428317965096906	12.0	0.0	-0.00406753311187228	-2.6130799474577096	0.13937439958199663	11.626999970932498	36.16099963839001
88	1441792	10	1.3	3.257299494980466	11.0	0.0	10	2.7	4.220189569201839	11.0	0.0	-0.004815791670003002	-2.6004575885607024	0.16422788599192295	12.084249969789376	36.26399963736001
92	1507328	10	5.7	5.3113086899558	11.0	0.0	10	2.5	4.272001872658765	11.0	0.0	-0.004028766575664645	-2.6204754881314667	0.13061171698886093	11.86849997032875	36.868999631310004
96	1572864	10	7.0	5.329165037789691	12.0	0.0	10	6.2	5.249761899362675	12.0	0.0	-0.004198530579305163	-2.5988986265932374	0.1837131983098748	11.638249970904374	34.549999654500006
100	1638400	10	3.5	4.944694126030447	11.0	0.0	10	4.7	5.568662316930341	12.0	0.0	-0.004497692519621403	-2.610222533073324	0.13636199476639568	11.8469999703825	35.101999648980005
104	1703936	10	3.4	4.983974317750844	11.0	0.0	10	3.9	5.127377497317708	12.0	0.0	-0.003684829466611791	-2.6225772845000055	0.09776035836888386	12.685499968286251	30.741999692580006
108	1769472	10	1.3	3.2572994949804657	11.0	0.0	10	2.0	3.4351128074635335	12.0	0.0	-0.004556975476114601	-2.6053278269636744	0.1221909877561652	12.69349996826625	30.911999690880005
112	1835008	10	1.3	3.257299494980466	11.0	0.0	10	2.8	4.166533331199932	11.0	0.0	-0.004543293184554367	-2.5999922426813553	0.17166492030719877	12.844749967888127	33.21699966783
116	1900544	10	3.6	4.882622246293481	11.0	0.0	10	3.1	4.036087214122113	11.0	0.0	-0.004248328217891044	-2.6123142165204674	0.18729462689942192	11.870249970324375	34.40899965591
120	1966080	10	2.9	4.657252408878007	13.0	0.0	10	4.1	5.223983154643591	12.0	0.0	-0.004258590985208611	-2.6127696382264602	0.12666591449563017	12.60849996847875	36.07499963925001
124	2031616	10	2.4	4.317406628984581	11.0	0.0	10	3.8	5.173006862551025	12.0	0.0	-0.004475638183813069	-2.6030057119598538	0.18239566332623305	12.106249969734376	35.06799964932
128	2097152	10	3.8	4.975942121849891	12.0	0.0	10	1.5	3.2015621187164243	11.0	0.0	-0.005017370225164402	-2.5948259529748685	0.107764348104857	11.576249971059374	35.34799964652
132	2162688	10	1.9	3.1764760348537178	11.0	0.0	10	4.9	5.223983154643591	12.0	0.0	-0.005100658781353385	-2.6024464266768232	0.14173205443733763	11.382499971543751	35.86199964138001
136	2228224	10	7.1	5.629387178015027	13.0	0.0	10	1.5	3.8535697735995385	13.0	0.0	-0.004224922282006545	-2.5929180828016127	0.13520931711098527	11.198749972003126	37.05799962942
140	2293760	10	2.4	4.31740662898458	11.0	0.0	10	3.1	4.988987873306569	13.0	0.0	-0.0049693904482084475	-2.592426858572328	0.1541093622639432	11.601249970996875	36.1199996388
144	2359296	10	4.8	5.30659966456864	12.0	0.0	10	2.6	4.2708313008125245	11.0	0.0	-0.00475270997848292	-2.603064742909917	0.17803978250680483	11.605499970986251	37.663999623360006
148	2424832	10	3.3	4.075536774462967	11.0	0.0	10	3.8	5.173006862551025	12.0	0.0	-0.005079821743570266	-2.6015364177298634	0.15169173112732068	11.294749971763126	36.896999631030006
152	2490368	10	3.7	4.859012245302537	11.0	0.0	10	3.6	5.295280917949491	12.0	0.0	-0.004546228718159887	-2.555065410566411	0.1519484442966104	11.77449997056375	36.42899963571001
156	2555904	10	3.7	5.040833264451424	12.0	0.0	10	5.2	5.2115256883181535	13.0	0.0	-0.0048210318753091706	-2.552629127832589	0.1345966092248251	12.266999969332499	35.34699964653001
160	2621440	10	3.0	4.58257569495584	12.0	0.0	10	1.6	3.3526109228480423	11.0	0.0	-0.004722235250900804	-2.552515494060863	0.14691721180786152	11.987749970030626	34.69099965309001
164	2686976	10	1.9	3.1128764832546763	11.0	0.0	10	2.5	4.272001872658765	11.0	0.0	-0.004498911435334528	-2.5617400405122654	0.1293873135641791	12.46849996882875	33.53299966467001
168	2752512	10	1.7	3.5227829907617076	12.0	0.0	10	3.2	4.166533331199932	11.0	0.0	-0.005922158216576511	-2.5211854475097204	0.1392577846855151	12.916499967708749	31.483999685160008
172	2818048	10	3.6	4.882622246293481	11.0	0.0	10	1.6	3.52703841770968	12.0	0.0	-0.005340934798418817	-2.554288975628379	0.13824571543485312	12.94799996763	30.739999692600005
176	2883584	10	3.7	5.020956084253277	12.0	0.0	10	4.1	5.008991914547277	12.0	0.0	-0.005348293304196686	-2.559315971763567	0.162168855994811	12.9669999675825	34.098999659010005
180	2949120	10	4.9	5.223983154643591	12.0	0.0	10	2.5	4.295346318982906	11.0	0.0	-0.004751409323449305	-2.5605173133129977	0.1526991779912147	11.910249970224372	35.168999648310006
184	3014656	10	4.0	4.878524367060187	12.0	0.0	10	3.9	5.127377497317708	12.0	0.0	-0.005007157881445756	-2.5667580189614054	0.15317882657939	12.02249996994375	33.59599966404
188	3080192	10	5.8	5.8275209137333865	13.0	0.0	10	1.9	3.4770677301427417	12.0	0.0	-0.00545228380061314	-2.5481197707184258	0.12366873362210382	12.033999969915	32.70799967292
192	3145728	10	2.8	4.3999999999999995	12.0	0.0	10	3.9	5.107837115648853	12.0	0.0	-0.006111796171020009	-2.5255818215361967	0.14364868703664574	12.69549996826125	31.523999684760007
196	3211264	10	4.8	5.528109984434102	13.0	0.0	10	2.7	4.69148164229596	13.0	0.0	-0.006626011156708445	-2.5049227150652205	0.15735443664317347	12.746749968133125	32.971999670280006
200	3276800	10	4.5	5.315072906367325	11.0	0.0	10	3.6	4.862098312457287	11.0	0.0	-0.005901571554196148	-2.5346515970768753	0.11578503226586585	12.736499968158752	33.416999665830005
204	3342336	10	2.9	4.346262762420146	12.0	0.0	10	4.1	5.243090691567332	12.0	0.0	-0.005886234580120043	-2.5552023323695536	0.12981884308204056	12.24449996938875	33.84899966151
208	3407872	10	3.5	5.142956348249516	12.0	0.0	10	2.5	4.272001872658765	11.0	0.0	-0.005308474947067838	-2.538613751266208	0.14889457773728892	11.997999970005	35.47899964521
212	3473408	10	3.7	5.040833264451424	12.0	0.0	10	6.4	5.9194594347794975	15.0	0.0	-0.005731436086240953	-2.5399691161847757	0.14422411904720167	11.940999970147502	36.24399963756001
216	3538944	10	3.0	4.795831523312719	13.0	0.0	10	3.1	4.253234063627348	12.0	0.0	-0.004963037838719996	-2.552456917596216	0.16265101372122248	11.74149997064625	34.436999655630004
220	3604480	10	2.6	4.223742416388576	11.0	0.0	10	2.8	4.422668877499196	12.0	0.0	-0.006342719720675528	-2.541765595211065	0.15248367747566194	12.040249969899376	34.04099965959
224	3670016	10	3.0	4.404543109109048	12.0	0.0	10	4.7	5.386093203798093	12.0	0.0	-0.005279136405135463	-2.5364837643842204	0.1389841306033745	12.217249969456873	34.25599965744001
228	3735552	10	4.8	5.509990925582365	13.0	0.0	10	3.8	4.749736834815167	11.0	0.0	-0.006545391731000266	-2.537166056269366	0.12261458345342965	12.006249969984374	34.85399965146001
232	3801088	10	2.8	4.166533331199932	11.0	0.0	10	2.5	4.522167621838006	12.0	0.0	-0.006713524038087674	-2.4994798672575853	0.16610391482843234	12.128999969677501	35.614999643850005
236	3866624	10	3.4	4.983974317750844	11.0	0.0	10	3.7	5.020956084253277	12.0	0.0	-0.005826471346153399	-2.539581092430855	0.16519965353874122	11.854249970364375	38.74099961259001
240	3932160	10	4.7	5.21632054229799	11.0	0.0	10	2.4	3.3226495451672298	12.0	0.0	-0.005588575300886617	-2.549261154962272	0.13577676807512865	11.162749972093124	42.46199957538001
244	3997696	10	3.7	4.859012245302537	11.0	0.0	10	1.8	3.789459064299283	13.0	0.0	-0.005881825694201634	-2.5298946174330723	0.11796217274709866	10.170499974573751	44.15599955844001
248	4063232	10	4.7	5.1778373863998475	11.0	0.0	10	6.6	5.885575587824865	14.0	0.0	-0.007083869337161862	-2.4837614742314402	0.1770352696970716	9.9989999750025	45.07499954925001
252	4128768	10	2.6	4.24735211631906	11.0	0.0	10	3.7	4.817675788178362	11.0	0.0	-0.006113482583987031	-2.525969957048826	0.11400789688705941	9.95649997510875	45.13399954866001
256	4194304	10	4.5	5.518151864528558	12.0	0.0	10	2.8	4.166533331199932	11.0	0.0	-0.005749416575789083	-2.4903488131750304	0.1455634476775791	10.037999974905	43.49299956507001
260	4259840	10	3.7	5.235456045083371	12.0	0.0	10	4.3	4.712748667179271	12.0	0.0	-0.008076039045052642	-2.506092212833183	0.15483653016017299	10.411749973970627	41.83699958163001
264	4325376	10	2.5	4.295346318982906	11.0	0.0	10	3.6	5.083306010855534	12.0	0.0	-0.0064242893621948285	-2.5120687407618663	0.09659457783915978	11.10749997223125	40.29499959705001
268	4390912	10	3.6	5.083306010855534	12.0	0.0	10	3.2	4.5563142999578075	13.0	0.0	-0.007216828062009977	-2.4684270915798012	0.1524929649348159	11.625999970935002	35.908999640910004
272	4456448	10	3.6	4.882622246293481	11.0	0.0	10	2.9	4.346262762420146	12.0	0.0	-0.006993554254100379	-2.487800694742933	0.16467148141461901	11.825999970435001	36.30499963695001
276	4521984	10	2.6	4.24735211631906	11.0	0.0	10	3.4	4.983974317750844	11.0	0.0	-0.007452873896739284	-2.5245639430833657	0.15402162903867628	12.294249969264374	34.229999657700006
280	4587520	10	1.6	3.1685959035509725	11.0	0.0	10	5.8	5.617828762075256	12.0	0.0	-0.006214581593020037	-2.5536470634065376	0.1366391389022741	12.434249968914374	32.81099967189
284	4653056	10	2.7	4.450842616853578	12.0	0.0	10	6.0	5.440588203494177	12.0	0.0	-0.007407571515751981	-2.5096206190554766	0.15336133150028078	12.79449996801375	34.23199965768001
288	4718592	10	1.6	3.2	11.0	0.0	10	1.6	3.2	11.0	0.0	-0.007573353475102162	-2.4682365305634204	0.15130365878940588	12.19749996950625	33.06499966935
292	4784128	10	5.0	4.9396356140913875	11.0	0.0	10	2.9	5.146843692983109	15.0	0.0	-0.006889676638102999	-2.503921178219164	0.1081625550562226	12.322249969194376	33.883999661160004
296	4849664	10	6.7	6.165225056719342	14.0	0.0	10	4.2	5.81033561853358	14.0	0.0	-0.00686028423831971	-2.4593938760381078	0.1654042873048843	11.703499970741252	35.96599964034001
300	4915200	10	1.7	3.163858403911275	11.0	0.0	10	5.0	4.9396356140913875	11.0	0.0	-0.0076658695583822385	-2.481387197712866	0.17399586230877062	11.996749970008127	35.40099964599001
304	4980736	10	0.6	0.8	2.0	0.0	10	2.0	3.40587727318528	12.0	0.0	-0.006988467230742505	-2.488326298434615	0.16078221951488728	11.710749970723125	34.83599965164
308	5046272	10	2.5	4.295346318982906	11.0	0.0	10	6.3	5.020956084253277	12.0	0.0	-0.007078536037190689	-2.5063551165036255	0.1434992102290968	12.325749969185624	35.19999964800001
312	5111808	10	6.0	5.215361924162119	12.0	0.0	10	5.6	5.0039984012787215	12.0	0.0	-0.00642940114806178	-2.529829221203653	0.13244440339212585	12.272249969319375	33.53699966463
316	5177344	10	1.3	3.2572994949804657	11.0	0.0	10	2.5	2.9748949561287032	11.0	0.0	-0.0068196188784764656	-2.5015806329624755	0.12673590835415896	12.728999968177499	32.818999671810005
320	5242880	10	5.2	4.770744176750625	11.0	0.0	10	4.2	5.035871324805669	12.0	0.0	-0.006095845882223476	-2.4926783489571247	0.14735850628172192	12.646499968383752	32.650999673490006
324	5308416	10	3.6	5.295280917949491	12.0	0.0	10	4.5	5.643580423808985	13.0	0.0	-0.007145884404824965	-2.4685595132322633	0.13245554965472323	12.739749968150624	36.74999963250001
328	5373952	10	6.0	5.813776741499453	12.0	0.0	10	6.3	5.74543296888929	13.0	0.0	-0.006158757013170503	-2.445370678845628	0.16669894729867113	11.474249971314373	30.868999691310005
332	5439488	10	2.5	4.272001872658765	11.0	0.0	10	3.9	5.127377497317708	12.0	0.0	-0.006879657666297185	-2.474021471779128	0.13384238093628545	12.300249969249375	35.51799964482001
336	5505024	10	3.0	4.0743097574926725	11.0	0.0	10	3.2	4.354308211415448	12.0	0.0	-0.007585862833788729	-2.4194042059245775	0.16906742742076217	11.7789999705525	35.60399964396
340	5570560	10	4.7	5.386093203798093	12.0	0.0	10	3.2	4.48998886412873	13.0	0.0	-0.0069958658998064	-2.4253081800994156	0.15234846767624227	11.646249970884375	38.83999961160001
344	5636096	10	4.7	5.586591089385369	13.0	0.0	10	8.4	5.314132102234569	13.0	0.0	-0.008041348440879729	-2.4078807257091155	0.12708859462519365	11.040749972398125	38.23199961768
348	5701632	10	5.3	4.980963762164908	12.0	0.0	10	3.8	4.791659420284375	11.0	0.0	-0.007162433065950307	-2.45558067633958	0.13400245953197162	11.001249972496874	40.58699959413001
352	5767168	10	1.2	3.2802438933713454	11.0	0.0	10	4.2	4.686149805543993	11.0	0.0	-0.006613044083292993	-2.484577879050844	0.11919949031745496	10.80849997297875	43.83699956163001
356	5832704	10	1.3	0.9	3.0	0.0	10	2.4	4.565084884205331	12.0	0.0	-0.007309782892810101	-2.449743243300046	0.17917373114882634	9.741999975645001	43.64399956356001
360	5898240	10	2.8	4.64327470649756	13.0	0.0	10	1.4	3.2310988842807022	11.0	0.0	-0.008103539475152393	-2.4629143424250133	0.14278400144604644	9.8329999754175	43.62899956371
364	5963776	10	2.6	4.2708313008125245	11.0	0.0	10	6.5	5.352569476429054	13.0	0.0	-0.006486009086611806	-2.4574962081932155	0.15315078135226265	10.33449997416375	42.21299957787001
368	6029312	10	2.4	4.317406628984581	11.0	0.0	10	6.3	5.586591089385369	13.0	0.0	-0.006833846740741108	-2.469302735965525	0.1212586777468871	10.339249974151874	41.39799958602001
372	6094848	10	2.6	4.476605857119878	12.0	0.0	10	4.9	5.629387178015028	13.0	0.0	-0.007703282403888555	-2.4494455429346926	0.12990349165052537	10.805749972985627	38.579999614200005
376	6160384	10	5.5	5.5	11.0	0.0	10	7.2	5.741080037762929	14.0	0.0	-0.0070337943317957995	-2.424225230759185	0.13943270654517353	10.87449997281375	38.666999613330006
380	6225920	10	3.4	5.2	12.0	0.0	10	7.3	5.1778373863998475	13.0	1.0	-0.007121582250436113	-2.454416545473174	0.15744639915947173	10.894249972764374	38.5099996149
384	6291456	10	5.5	5.200961449578338	12.0	0.0	10	5.2	5.635601121442148	13.0	0.0	-0.008457473893059926	-2.4042474873343074	0.15942229321118032	10.940249972649374	40.10199959898
388	6356992	10	5.0	5.347896782848375	12.0	0.0	10	5.0	5.585696017507576	12.0	0.0	-0.008162208955641436	-2.455759063107267	0.14228814590481917	11.10149997224625	38.09299961907001
392	6422528	10	2.4	4.565084884205331	12.0	0.0	10	3.8	4.749736834815167	11.0	0.0	-0.008180967880492074	-2.4312049967498277	0.14052271150761855	11.433999971415	37.60699962393001
396	6488064	10	2.6	4.24735211631906	11.0	0.0	10	3.0	4.8373546489791295	14.0	0.0	-0.0078055288581157095	-2.400267754741821	0.14007984007180885	11.365999971585	38.084999619150004
400	6553600	10	2.7	4.243819034784589	11.0	0.0	10	4.2	4.770744176750625	12.0	0.0	-0.007505773735653758	-2.408403893060943	0.12050066638724465	11.203999971990001	37.573999624260004
404	6619136	10	7.3	4.980963762164908	13.0	1.0	10	4.0	5.310367218940701	12.0	0.0	-0.008850108467401127	-2.415813676761273	0.1327356109257357	11.378749971553125	36.49799963502
408	6684672	10	2.9	4.482186966202994	12.0	0.0	10	5.3	5.3113086899558	13.0	0.0	-0.007522544376544608	-2.4680743239732617	0.11562867395461891	11.5289999711775	37.09599962904
412	6750208	10	2.8	4.190465367951393	11.0	0.0	10	3.8	5.3999999999999995	13.0	0.0	-0.008461433871796141	-2.481184536953597	0.11615369250408847	11.429999971425	39.3199996068
416	6815744	10	1.9	3.7536648758246915	13.0	0.0	10	5.1	5.300000000000001	13.0	0.0	-0.006715107182175629	-2.4916685295489724	0.15290122749243393	10.770749973073125	40.14899959851001
420	6881280	10	3.8	4.975942121849891	12.0	0.0	10	5.0	5.138093031466052	12.0	0.0	-0.00785563868621491	-2.460467504702013	0.1418091521916342	10.837999972905001	40.131999598680004
424	6946816	10	4.0	4.857983120596447	12.0	0.0	10	1.4	3.2310988842807022	11.0	0.0	-0.007665894243281102	-2.4517819655367847	0.14091805716439948	10.667499973331251	41.566999584330006
428	7012352	10	1.8	3.218695387886216	11.0	0.0	10	4.4	5.2573757712379665	14.0	0.0	-0.008253662443519733	-2.4308158777605597	0.12519897069098743	10.406249973984375	43.206999567930005
432	7077888	10	8.1	4.887739763939975	12.0	0.0	10	2.0	3.492849839314596	12.0	0.0	-0.008119635962190572	-2.4314293436656853	0.1354941346075807	9.883749975290627	44.98399955016001
436	7143424	10	3.8	4.955804677345546	12.0	0.0	10	7.3	5.367494760127857	12.0	0.0	-0.006990233425797418	-2.442870100084788	0.14532222488623048	9.927249975181875	35.634999643650005
440	7208960	10	6.4	5.122499389946279	12.0	0.0	10	5.5	5.220153254455275	12.0	0.0	-0.0076335557791563065	-2.4304390969327585	0.1408535513569717	10.491249973771875	42.41699957583001
444	7274496	10	3.0	4.09878030638384	11.0	0.0	10	4.7	5.158488150611572	11.0	0.0	-0.008207778966964976	-2.432043197001002	0.14740075076326123	10.759749973100625	41.990999580090005
448	7340032	10	3.8	4.791659420284375	11.0	0.0	10	8.1	5.107837115648853	12.0	0.0	-0.007523285539541581	-2.3882535345848135	0.1594906044802578	10.938249972654374	29.827999701720003
452	7405568	10	1.7	3.8223029707232783	13.0	0.0	10	6.1	5.593746508378799	14.0	0.0	-0.008340129118591708	-2.3913035961481466	0.1433800918211197	11.163249972091874	37.58699962413001
456	7471104	10	2.8	4.166533331199932	11.0	0.0	10	4.1	4.784349485562275	12.0	0.0	-0.008687580490918653	-2.450539757552785	0.14393621161632952	11.247749971880625	37.15899962841001
460	7536640	10	3.5	5.142956348249516	12.0	0.0	10	5.3	5.933801479658718	14.0	0.0	-0.009029955136580408	-2.4556151526595253	0.13654094971846306	11.473249971316875	36.77199963228001
464	7602176	10	1.3	3.2572994949804657	11.0	0.0	10	6.1	5.127377497317708	12.0	0.0	-0.007989920405711831	-2.3869208740688492	0.14755564522944656	11.855999970360001	36.07499963925001
468	7667712	10	5.0	5.796550698475776	14.0	0.0	10	5.8	5.617828762075256	12.0	0.0	-0.0085894300273287	-2.400760762143395	0.1409906858121018	11.692499970768749	35.92799964072
472	7733248	10	5.9	5.539855593785816	12.0	0.0	10	5.9	5.5578772926361015	13.0	0.0	-0.007602432305365505	-2.380548471957824	0.1666764744073378	11.994249970014375	38.37899961621
476	7798784	10	6.9	5.262128846769148	12.0	0.0	10	5.4	5.295280917949491	12.0	0.0	-0.008411132443479788	-2.380908280363027	0.13711961745408371	11.577999971055	37.34299962657001
480	7864320	10	6.6	5.388877434122992	11.0	0.0	10	4.6	5.71314274283428	16.0	0.0	-0.00928649994991222	-2.402667393036745	0.08847985924076011	11.46049997134875	23.275999767240002
484	7929856	10	2.4	4.565084884205331	12.0	0.0	10	6.4	5.868560300448484	13.0	0.0	-0.00831923326803054	-2.3945018075395805	0.12829489802847038	12.497499968756252	34.79799965202001
488	7995392	10	1.5	3.2015621187164243	11.0	0.0	10	3.8	5.3999999999999995	13.0	0.0	-0.008804637867486462	-2.387969456364317	0.12330469029912905	11.743999970640001	37.65299962347
492	8060928	10	2.7	4.495553358597805	12.0	0.0	10	3.5	4.201190307520001	12.0	0.0	-0.007872089830105677	-2.4124504548778494	0.13052033856703732	11.36449997158875	37.20399962796001
496	8126464	10	3.1	4.346262762420147	12.0	0.0	10	6.1	5.08822169328342	11.0	0.0	-0.008648312934695077	-2.4210625760218827	0.11355871826313932	11.499249971251876	36.49299963507001
500	8192000	10	6.2	5.055689863905815	12.0	0.0	10	4.2	4.791659420284375	12.0	0.0	-0.00831351368625701	-2.371474692971838	0.15520345480116776	11.29199997177	36.913999630860005
504	8257536	10	4.0	4.732863826479693	11.0	0.0	10	4.6	4.6946778377222005	12.0	0.0	-0.009076389682038211	-2.3282719500421116	0.1346489173064689	11.07149997232125	38.01499961985001
508	8323072	10	2.5	4.295346318982906	11.0	0.0	10	5.3	5.604462507680821	13.0	0.0	-0.008011901810959027	-2.3584326180345814	0.14852239841910828	11.05849997235375	38.60999961390001
512	8388608	10	3.1	4.805205510693585	13.0	0.0	10	5.1	5.068530358989675	12.0	0.0	-0.008503875968344222	-2.3695573829129675	0.14038405371919738	10.920499972698751	39.834999601650004
516	8454144	10	1.1	3.3	11.0	0.0	10	1.7	3.318132004607412	11.0	0.0	-0.009077215613579359	-2.3499906656678373	0.12164391917461624	10.897999972755	40.394999596050006
520	8519680	10	3.9	4.699999999999999	11.0	0.0	10	6.4	5.868560300448483	14.0	0.0	-0.008253613619418829	-2.3608523430947925	0.141784684329736	10.688249973279376	40.48999959510001
524	8585216	10	5.3	5.74543296888929	13.0	0.0	10	4.9	5.204805471869242	12.0	0.0	-0.008037421548348102	-2.4081377409373603	0.15493978659250177	10.2829999742925	41.58399958416001
528	8650752	10	7.8	5.114684741017769	12.0	0.0	10	5.5	6.00416522091123	14.0	0.0	-0.008378070734616301	-2.3917754811537306	0.11588082507908246	10.337749974155624	40.92299959077001
532	8716288	10	3.8	5.173006862551025	12.0	0.0	10	4.0	6.212889826803627	16.0	0.0	-0.009109033683025748	-2.3731696677716125	0.13386716490458747	10.240749974398128	41.06099958939001
536	8781824	10	5.1	4.825971404805461	11.0	1.0	10	7.7	5.568662316930341	14.0	0.0	-0.00782663954223935	-2.3133236962133945	0.14672453762055915	10.20649997448375	40.307999596920006
540	8847360	10	2.9	4.369210454990695	12.0	0.0	10	7.1	5.412023651093923	12.0	0.0	-0.007626434359244611	-2.3731279966743384	0.1568392291501703	10.397749974005626	42.91499957085001
544	8912896	10	7.1	5.467174773134658	14.0	0.0	10	7.3	4.960846701924985	12.0	1.0	-0.009784885615662745	-2.3575301441081313	0.1320410913184578	10.402249973994374	44.23699955763001
548	8978432	10	4.9	5.629387178015028	13.0	0.0	10	4.4	5.295280917949491	13.0	0.0	-0.008902207273101407	-2.33449670648099	0.12086860880859296	10.0549999748625	42.116999578830004
552	9043968	10	3.6	5.083306010855534	12.0	0.0	10	6.2	5.688585061331157	14.0	0.0	-0.008534682741527983	-2.385093266516829	0.12452949349402599	10.128999974677502	41.16599958834
556	9109504	10	4.7	5.367494760127856	12.0	0.0	10	6.7	5.367494760127857	13.0	0.0	-0.008851169420861806	-2.308706760166004	0.14743560605388406	10.429249973926876	40.088999599110004
560	9175040	10	7.1	5.48543526076099	14.0	0.0	10	5.8	5.758472019555188	14.0	0.0	-0.008518700277234224	-2.270391332369975	0.1555835742651779	10.593249973516874	41.21799958782001
564	9240576	10	6.3	6.000833275471	15.0	0.0	10	4.6	5.642694391866353	12.0	0.0	-0.008360761937221852	-2.3081735966185435	0.13125769381285868	9.861249975346878	40.95299959047001
568	9306112	10	3.9	5.127377497317708	12.0	0.0	10	7.5	5.643580423808985	14.0	0.0	-0.008955516441626636	-2.3104768691040363	0.13200524300513986	10.283499974291251	40.93699959063
572	9371648	10	3.7	5.23545604508337	12.0	0.0	10	5.4	5.868560300448484	14.0	0.0	-0.00833271103242226	-2.351518044624155	0.12391934138984094	10.281499974296251	41.04099958959
576	9437184	10	4.0	4.6475800154489	11.0	0.0	10	6.5	5.277309920783504	12.0	0.0	-0.008422510685433749	-2.345258158697766	0.12910132659806584	10.2369999744075	44.25799955742001
580	9502720	10	2.6	4.737087712930805	13.0	0.0	10	6.8	5.325410782277739	14.0	1.0	-0.008713855077380971	-2.37588171884504	0.11871744834667848	9.957249975106876	44.22199955778001
584	9568256	10	5.5	5.5901699437494745	13.0	0.0	10	5.3	5.404627646748664	13.0	0.0	-0.00902765244636555	-2.298676671841707	0.145059964061195	9.8209999754475	43.62299956377
588	9633792	10	3.9	5.3563046963368315	13.0	0.0	10	5.8	5.418486873657627	12.0	0.0	-0.008621683966653899	-2.295699407417852	0.1693896674374622	9.597249976006877	44.850999551490006
592	9699328	10	5.1	5.717516943569123	14.0	0.0	10	6.4	5.6780278266313555	14.0	0.0	-0.00894909821270179	-2.3568785908349983	0.13068994063453987	9.829249975426876	44.887999551120004
596	9764864	10	6.0	5.329165037789691	12.0	0.0	10	5.8	5.436910887627275	12.0	0.0	-0.0086459240243825	-2.328575456893276	0.17431089093955573	10.390249974024375	41.13099958869001
600	9830400	10	6.0	5.422176684690384	12.0	0.0	10	7.3	5.23545604508337	13.0	0.0	-0.009499040865416995	-2.3605681605661673	0.1504694924067429	10.419499973951252	42.56199957438
604	9895936	10	5.3	5.158488150611572	13.0	0.0	10	7.3	5.000999900019995	12.0	0.0	-0.008412795982048733	-2.36082052663212	0.12500067682566018	10.265249974336875	40.693999593060006
608	9961472	10	5.9	5.52177507691141	12.0	0.0	10	9.6	3.8262252939417984	12.0	2.0	-0.007363167821031321	-2.3444933864018935	0.15510488043786194	10.12549997468625	39.84699960153001
612	10027008	10	5.9	5.337602458033007	12.0	0.0	10	4.8	5.30659966456864	12.0	0.0	-0.008794984521039339	-2.360961588474547	0.1312754523493198	10.64949997337625	38.362999616370004
616	10092544	10	4.7	5.568662316930341	12.0	0.0	10	5.3	5.119570294468081	13.0	0.0	-0.008444331017956618	-2.365021161488701	0.12870092354926438	11.127749972180627	38.93299961067001
620	10158080	10	5.9	5.337602458033007	12.0	0.0	10	5.7	5.273518749374084	13.0	0.0	-0.009682222217535192	-2.3396433092700146	0.11633440532751525	10.778249973054375	40.432999595670005
624	10223616	10	2.5	3.3241540277189325	11.0	0.0	10	5.6	5.141984052872977	13.0	0.0	-0.009618742977392389	-2.2939713048532204	0.1536754391306499	10.669999973325	39.20999960790001
628	10289152	10	6.3	5.158488150611572	12.0	0.0	10	6.9	5.448853090330111	12.0	0.0	-0.008935497484626402	-2.310275124766181	0.1519841858182731	10.540749973648126	37.07699962923
632	10354688	10	1.2	3.2802438933713454	11.0	0.0	10	7.2	6.063002556489648	14.0	1.0	-0.008758141866865335	-2.361919559292331	0.15230170426235098	10.508749973728124	41.11199958888001
636	10420224	10	8.4	5.102940328869229	12.0	0.0	10	4.9	4.570557952810575	12.0	0.0	-0.0085651032025929	-2.3571971453754403	0.14446039178145648	10.452999973867499	41.732999582670004
640	10485760	10	4.0	4.8373546489791295	12.0	0.0	10	4.3	4.712748667179271	12.0	0.0	-0.007955716691645173	-2.3721587928645422	0.14699750873281178	10.33349997416625	41.46299958537001
644	10551296	10	7.3	4.980963762164908	12.0	0.0	10	2.0	3.1937438845342623	11.0	0.0	-0.008900183353926549	-2.3948507803170695	0.14037037282340833	10.53999997365	40.95999959040001
648	10616832	10	3.8	4.749736834815167	11.0	0.0	10	7.3	5.622277118748239	14.0	0.0	-0.009178219385177844	-2.327238604183963	0.14431700217586482	10.7199999732	42.17199957828
652	10682368	10	4.1	5.048762224545736	12.0	0.0	10	3.3	4.495553358597804	12.0	0.0	-0.008503204475066717	-2.3656569071133364	0.15007554699345274	10.296499974258753	43.00399956996
656	10747904	10	5.8	5.2115256883181535	11.0	0.0	10	6.0	5.310367218940701	14.0	0.0	-0.00835697703500305	-2.3473174867569067	0.1057052640134255	10.397249974006876	41.17899958821001
660	10813440	10	6.2	5.473572873361603	13.0	0.0	10	7.8	5.878775382679628	15.0	0.0	-0.008834578192959106	-2.3061036440314724	0.13613776030773908	10.5349999736625	40.72199959278001
664	10878976	10	5.2	4.995998398718719	12.0	0.0	10	6.8	5.861740355901138	13.0	0.0	-0.00917149883415086	-2.3452647623957006	0.1433149494547122	10.599249973501875	42.079999579200006
668	10944512	10	3.8	4.975942121849891	12.0	0.0	10	5.2	5.055689863905815	12.0	0.0	-0.007510526607020256	-2.3308156105434854	0.11802307810025849	11.871999970320001	32.51399967486001
672	11010048	10	3.9	5.166236541235795	12.0	0.0	10	6.6	6.437390775772433	14.0	0.0	-0.008879667401727591	-2.3385699860799143	0.1300305668905281	10.936749972658125	39.154999608450005
676	11075584	10	5.6	5.607138307550475	12.0	0.0	10	6.2	5.436910887627275	12.0	0.0	-0.008327066856248117	-2.3224922788704125	0.1624014101908564	11.043749972390625	28.296999717030005
680	11141120	10	7.6	5.180733538795447	13.0	0.0	10	5.7	5.441507144165116	14.0	0.0	-0.008244150094217223	-2.3185295584369543	0.15092397821115897	10.766499973083748	39.262999607370006
684	11206656	10	6.4	6.118823416311343	15.0	0.0	10	4.9	5.262128846769148	12.0	0.0	-0.008970133006162203	-2.3169087417493803	0.1387115226293157	10.7949999730125	40.493999595060004
688	11272192	10	2.7	4.691481642295961	13.0	0.0	10	8.4	5.3516352641038605	13.0	0.0	-0.008192706798940892	-2.3105415724294605	0.14525231185874013	11.562999971092498	36.529999634700005
692	11337728	10	5.3	4.94064773081425	12.0	0.0	10	7.9	4.968903299521937	14.0	0.0	-0.009169241903646092	-2.3202991259661303	0.14293879874424315	11.884499970288749	36.142999638570004
696	11403264	10	5.6	5.40740233383831	11.0	0.0	10	8.2	5.015974481593782	14.0	0.0	-0.008272058938369731	-2.2949376153542183	0.14821801620233377	11.92249997019375	36.14199963858001
700	11468800	10	7.9	4.968903299521938	12.0	0.0	10	6.1	5.5578772926361015	13.0	0.0	-0.009711802259414691	-2.300704394537959	0.13271496459080162	11.8109999704725	27.184999728150004
704	11534336	10	7.3	5.622277118748239	14.0	0.0	10	8.8	5.3814496188294845	14.0	0.0	-0.00850466189788307	-2.284692205250693	0.13688207439583724	10.45549997386125	39.347999606520005
708	11599872	10	5.9	5.3188344587888805	12.0	0.0	10	5.1	4.867237409455183	11.0	0.0	-0.008769994034381747	-2.3423837321543526	0.13189297032255184	10.829999972925	41.40199958598001
712	11665408	10	2.6	4.476605857119878	12.0	0.0	10	5.4	5.44426303552648	13.0	0.0	-0.009428516822408826	-2.3590383527205754	0.11173528517053395	10.984749972538127	40.65499959345001
716	11730944	10	1.7	3.4942810419312296	12.0	0.0	10	4.8	4.975942121849892	13.0	1.0	-0.008435924883421781	-2.275608834883953	0.14920130960330874	10.38449997403875	40.542999594570006
720	11796480	10	4.7	5.386093203798093	12.0	0.0	10	2.8	4.166533331199932	11.0	0.0	-0.00846026890124542	-2.308405170597579	0.13459284803980281	11.0509999723725	38.67899961321001
724	11862016	10	5.3	5.235456045083369	12.0	0.0	10	4.2	4.935585071701226	12.0	0.0	-0.00928475484300779	-2.3516894626154574	0.10100874924600964	11.27549997181125	39.70299960297001
728	11927552	10	4.7	5.1778373863998475	11.0	0.0	10	5.5	5.239274758971894	12.0	0.0	-0.007633427026235698	-2.310214273390925	0.17016958777261915	11.478499971303751	37.56599962434001
732	11993088	10	5.3	5.550675634551167	13.0	0.0	10	9.8	4.770744176750625	15.0	0.0	-0.009294647319865174	-2.2902835853495658	0.12326955894897305	12.243249969391876	36.22599963774
736	12058624	10	8.0	4.8373546489791295	12.0	0.0	10	7.1	5.61159513863928	12.0	0.0	-0.008759315418195402	-2.3126114529942523	0.13530155875242014	11.921249970196875	35.33699964663001
740	12124160	10	3.6	4.862098312457287	11.0	0.0	10	7.1	5.87281874401041	14.0	0.0	-0.008658911792440395	-2.3212176534102387	0.14989668998547612	11.886249970284375	35.37699964623001
744	12189696	10	6.0	5.639148871948674	13.0	0.0	10	4.1	5.485435260760991	14.0	0.0	-0.00915208002360043	-2.309383608160261	0.12336727055832893	12.270499969323751	36.03099963969
748	12255232	10	3.8	5.455272678794342	14.0	0.0	10	5.5	5.835237784358063	14.0	0.0	-0.00841346234092548	-2.3048717377169097	0.15015191008945844	11.789999970524999	36.43499963565001
752	12320768	10	3.8	5.8275209137333865	14.0	0.0	10	8.0	5.039841267341661	14.0	0.0	-0.007947604328749617	-2.3547114826769535	0.13015587083260433	11.708249970729375	37.75799962242001
756	12386304	10	7.4	5.083306010855534	12.0	0.0	10	5.5	5.5901699437494745	13.0	0.0	-0.009006006790182423	-2.3429481558544674	0.1346528353805399	10.96349997259125	40.201999597980006
760	12451840	10	3.2	3.994996871087636	11.0	0.0	10	6.3	5.586591089385369	13.0	0.0	-0.008698302537295992	-2.3302301985578313	0.16041768503566978	10.391999974019999	38.96899961031001
764	12517376	10	5.5	5.572252686302013	13.0	0.0	10	4.9	5.028916384272063	11.0	0.0	-0.008256073889898359	-2.3650505068421426	0.16980033055662624	11.016249972459375	39.62399960376001
768	12582912	10	5.2	5.8275209137333865	14.0	0.0	10	5.6	5.102940328869229	13.0	0.0	-0.008739656508319687	-2.329440672949692	0.14729750410981945	10.93599997266	38.52699961473001
772	12648448	10	2.7	4.495553358597805	12.0	0.0	10	5.3	5.56866231693034	14.0	0.0	-0.0085334933892433	-2.2982633682678237	0.12461722477903756	11.205499971986251	39.72199960278001
776	12713984	10	6.0	5.2345009313209605	12.0	0.0	10	6.0	5.656854249492381	13.0	0.0	-0.00894811305289157	-2.246735522910369	0.13002677780463368	10.539249973651874	41.04599958954
780	12779520	10	5.7	5.3113086899558	11.0	0.0	10	7.4	5.4808758424178885	13.0	0.0	-0.007071959547699132	-2.218161048757443	0.1449092520094714	11.392249971519377	39.00199960998001
784	12845056	10	8.5	5.5362442142665635	16.0	0.0	10	8.5	4.863126566315131	13.0	0.0	-0.009236755126289995	-2.2120485253811375	0.14230971750873103	11.543249971141876	36.84299963157001
788	12910592	10	2.7	4.450842616853578	12.0	0.0	10	9.4	4.737087712930805	13.0	0.0	-0.008526027386042332	-2.2705809819319964	0.1316770072889255	12.078249969804375	30.931999690680005
792	12976128	10	5.3	5.423098745182499	13.0	0.0	10	3.3	4.050925820105819	11.0	0.0	-0.008375584833363418	-2.2620240695901805	0.14761493842442477	12.56349996859125	33.19699966803001
796	13041664	10	3.8	5.418486873657626	13.0	0.0	10	7.0	5.727128425310541	12.0	0.0	-0.008189635009689803	-2.2494584592820477	0.16234238257803238	12.146749969633124	23.630999763690003
800	13107200	10	5.0	5.157518783291051	12.0	0.0	10	7.6	5.180733538795447	14.0	0.0	-0.007918140255933197	-2.248183270061275	0.1474006316315819	11.622749970943126	37.27099962729001
804	13172736	10	6.3	4.879549159502341	11.0	0.0	10	4.4	5.141984052872977	14.0	0.0	-0.008387588194066375	-2.2676465806983113	0.1511763106718888	11.36449997158875	37.91199962088
808	13238272	10	5.5	5.024937810560445	13.0	0.0	10	3.9	4.90815647672321	12.0	0.0	-0.008665929239524124	-2.320469011621357	0.12630235868121806	11.830749970423124	36.76099963239001
812	13303808	10	5.4	5.7306195127577615	15.0	0.0	10	6.9	5.39351462406472	13.0	0.0	-0.008919406960235486	-2.324815392252033	0.12824592784573877	12.089999969775	35.90399964096001
816	13369344	10	4.8	5.509990925582365	12.0	0.0	10	3.5	5.142956348249516	12.0	0.0	-0.00787235856760013	-2.2920045254227177	0.1450608788527938	12.141999969645	33.41199966588
820	13434880	10	8.2	4.995998398718719	13.0	0.0	10	6.4	5.851495535331117	13.0	0.0	-0.008640864768504198	-2.3245652241073564	0.1206404095545162	12.195249969511877	35.59299964407001
824	13500416	10	6.2	5.473572873361603	13.0	0.0	10	7.4	5.517245689653488	14.0	0.0	-0.009186291367721306	-2.298135625579976	0.14746832465769033	11.881249970296874	36.18499963815001
828	13565952	10	6.8	5.362835071116769	12.0	0.0	10	5.6	5.425863986500215	14.0	0.0	-0.009349486348215438	-2.2792056175679045	0.14745220191172112	11.536249971159377	37.88699962113001
832	13631488	10	8.9	5.356304696336832	16.0	1.0	10	7.4	5.238320341483518	13.0	0.0	-0.009899548684370086	-2.2888818877537975	0.1172780818959847	11.5549999711125	37.534999624650006
836	13697024	10	7.7	4.73392015141785	12.0	1.0	10	7.7	5.348831648126533	13.0	0.0	-0.007830715770163013	-2.267031686765238	0.14188771367457706	11.989749970025626	36.00899963991001
840	13762560	10	5.6	5.607138307550475	12.0	0.0	10	9.1	4.0853396431631	12.0	0.0	-0.009530051818948625	-2.3132012359871896	0.12839287906168603	12.435749968910626	20.347999796520003
844	13828096	10	4.0	4.69041575982343	11.0	0.0	10	6.1	5.752390807307862	14.0	0.0	-0.008138764107935622	-2.3240543402794054	0.12373659137589263	12.258749969353124	36.28099963719001
848	13893632	10	3.8	4.749736834815167	11.0	0.0	10	7.1	5.448853090330111	14.0	0.0	-0.009080330830596122	-2.346017300838234	0.1324634529357008	11.578749971053124	36.32599963674001
852	13959168	10	4.1	5.448853090330111	13.0	0.0	10	7.6	4.862098312457287	12.0	0.0	-0.009360523396263715	-2.3339955158583945	0.11867084477102403	11.80399997049	36.56599963434001
856	14024704	10	7.8	5.035871324805668	13.0	0.0	10	6.0	5.2345009313209605	12.0	0.0	-0.009422042483724183	-2.324100191152394	0.12159062035977869	11.6949999707625	38.512999614870004
860	14090240	10	5.5	6.053924347066125	15.0	0.0	10	7.3	5.197114584074513	13.0	0.0	-0.00826135491332674	-2.3260614199003524	0.15024208369031147	11.43149997142125	41.34599958654
864	14155776	10	3.8	5.015974481593781	12.0	0.0	10	5.5	4.904079934095692	12.0	0.0	-0.00953324535316048	-2.3218390144472694	0.14314207254659678	10.427999973930001	41.74399958256001
868	14221312	10	7.6	5.817215828899595	13.0	0.0	10	7.7	5.020956084253277	13.0	0.0	-0.010027480781159157	-2.2872913527092935	0.13541222501998246	10.70749997323125	31.478999685210006
872	14286848	10	6.3	5.586591089385369	13.0	0.0	10	3.4	4.386342439892261	12.0	0.0	-0.00891720621346275	-2.3283530198095783	0.14638504974260966	10.751749973120624	43.26299956737
876	14352384	10	3.2	4.749736834815167	13.0	0.0	10	6.5	5.004997502496879	12.0	0.0	-0.009156201181775016	-2.3023631694501434	0.11843471243364732	10.810499972973751	40.03399959966001
880	14417920	10	6.2	6.241794613730894	17.0	0.0	10	6.4	6.053098380168622	14.0	0.0	-0.009048232419715547	-2.288921601831902	0.1323687434058588	11.501999971244999	36.3699996363
884	14483456	10	6.2	5.436910887627275	12.0	0.0	10	7.8	6.029925372672534	17.0	0.0	-0.008798263599897514	-2.275878225526568	0.1366719030632763	11.30449997173875	35.96299964037001
888	14548992	10	7.9	5.18555686498567	12.0	0.0	10	5.9	5.734980383575867	13.0	0.0	-0.00887870097023227	-2.2785986883054887	0.1321219163033078	11.109249972226875	27.571999724280005
892	14614528	10	4.8	5.344155686354955	12.0	0.0	10	4.6	5.180733538795447	14.0	0.0	-0.009762095082698508	-2.3103559287962727	0.11956290499769193	11.644749970888125	37.061999629380004
896	14680064	10	2.6	4.498888751680798	12.0	0.0	10	6.9	6.410148204214938	16.0	0.0	-0.009272614490574885	-2.2963125579150656	0.11432989631209436	11.996249970009375	36.718999632810004
900	14745600	10	5.5	6.18465843842649	14.0	0.0	10	8.6	4.841487374764082	14.0	1.0	-0.009523906457836835	-2.270960904421282	0.11525105738122268	11.277249971806874	37.2299996277
904	14811136	10	4.6	5.44426303552648	12.0	0.0	10	3.0	3.1622776601683795	11.0	0.0	-0.008812374708508314	-2.2618560391295226	0.12531484072343485	11.84149997039625	37.76699962233001
908	14876672	10	7.0	5.531726674375733	12.0	0.0	10	6.1	5.664803615307418	16.0	0.0	-0.009311330931814351	-2.255842981004176	0.13917058720355918	10.952249972619375	20.368999796310003
912	14942208	10	5.0	4.959838707054898	11.0	0.0	10	10.4	3.583294573433784	14.0	0.0	-0.009436672241996222	-2.316896644490019	0.136305601166643	11.359249971601875	30.494999695050005
916	15007744	10	5.2	5.230678732248808	12.0	0.0	10	7.9	6.10655385630881	17.0	0.0	-0.009234477767321567	-2.316081690050305	0.10043236957592903	10.76399997309	39.01099960989001
920	15073280	10	4.2	5.861740355901138	15.0	0.0	10	7.7	5.550675634551166	14.0	0.0	-0.01026252244763898	-2.341320561622078	0.09941595240702279	10.826249972934376	38.67899961321001
924	15138816	10	4.9	5.204805471869242	12.0	0.0	10	11.1	2.77308492477241	13.0	3.0	-0.008455880955533023	-2.307662089425349	0.15179298094755247	11.254499971863751	31.85899968141001
928	15204352	10	3.3	4.69148164229596	13.0	0.0	10	6.3	5.550675634551166	13.0	0.0	-0.00860959588712581	-2.3379074680356706	0.11649329602125762	11.222499971943751	38.49899961501001
932	15269888	10	6.7	5.273518749374084	11.0	0.0	10	6.2	5.015974481593781	13.0	0.0	-0.007823616338195226	-2.3293953013973883	0.10508602204569273	10.808249972979377	39.838999601610006
936	15335424	10	7.6	5.332916650389354	15.0	0.0	10	7.3	5.23545604508337	13.0	0.0	-0.009272833472645858	-2.3123181261197088	0.11303745379735744	11.170749972073127	37.9099996209
940	15400960	10	6.2	5.249761899362675	12.0	0.0	10	4.8	5.287721626560915	12.0	0.0	-0.008960282543109396	-2.3113216010308664	0.11163827969771511	11.225749971935628	39.33499960665001
944	15466496	10	6.7	4.648655719667784	12.0	0.0	10	5.6	5.96992462263972	15.0	0.0	-0.008488470098225474	-2.2617332411436637	0.1333584098472112	11.148749972128124	39.301999606980004
948	15532032	10	2.7	4.6701177715342475	12.0	0.0	10	7.8	4.894895300208167	11.0	0.0	-0.009015226204580779	-2.200987902551104	0.1402199002380017	10.81999997295	38.367999616320006
952	15597568	10	7.2	5.114684741017769	12.0	0.0	10	7.0	5.366563145999495	13.0	0.0	-0.007646564412841647	-2.2974400766284226	0.13879927246316853	11.1609999720975	23.228999767710004
956	15663104	10	9.7	5.622277118748238	15.0	0.0	10	6.3	5.139066063011839	12.0	0.0	-0.009351928404547743	-2.288350785533636	0.1251058822445017	10.201999974495	43.45899956541001
960	15728640	10	4.6	5.44426303552648	12.0	0.0	10	5.8	5.455272678794342	14.0	0.0	-0.009570645606409486	-2.3271025565822776	0.11547737474281719	9.77049997557375	43.60199956398
964	15794176	10	2.6	4.715930449020639	12.0	0.0	10	5.9	4.968903299521937	13.0	0.0	-0.01000082019544417	-2.3038764494244464	0.12670419449219017	10.77149997307125	39.41499960585001
968	15859712	10	5.8	5.230678732248808	11.0	0.0	10	6.2	6.063002556489648	14.0	0.0	-0.00920882090966063	-2.253944977883157	0.11405899025243028	11.681249970796875	36.676999633230004
972	15925248	10	4.9	5.028916384272063	11.0	0.0	10	7.8	5.2115256883181535	13.0	0.0	-0.009027951848383363	-2.264367406331066	0.16982600393798694	12.05849996985375	21.746999782530004
976	15990784	10	2.9	4.158124577258358	11.0	0.0	10	8.6	4.841487374764082	13.0	0.0	-0.00798761220759706	-2.209626371431652	0.16471091027518492	12.444249968889375	32.29399967706
980	16056320	10	5.0	5.347896782848375	12.0	0.0	10	6.8	5.546169849544819	13.0	0.0	-0.008594633971687443	-2.3115554052170273	0.1269144288442453	12.62799996843	33.64399966356
984	16121856	10	4.0	5.118593556827891	13.0	0.0	10	8.8	5.8275209137333865	14.0	0.0	-0.008011242686809467	-2.2954155154618703	0.15181537289143204	11.996749970008128	29.591999704080003
988	16187392	10	5.3	6.573431371817918	16.0	0.0	10	8.3	4.796873982084582	12.0	1.0	-0.00867785827995804	-2.2316038606226436	0.13749387237984212	12.09849996975375	34.56099965439
992	16252928	10	4.1	5.127377497317708	13.0	0.0	10	7.4	5.6956123463592565	14.0	0.0	-0.008579838265799477	-2.2634627046810176	0.15142519902412782	12.236499969408749	33.052999669470005
996	16318464	10	2.9	4.459820624195552	12.0	0.0	10	10.6	3.7202150475476548	15.0	0.0	-0.009390786434709707	-2.2833413206145905	0.11031556656055903	12.662249968344376	32.36699967633
1000	16384000	10	6.3	5.916924876994806	13.0	0.0	10	6.3	5.367494760127857	13.0	0.0	-0.009819253458355926	-2.271378124517032	0.11035522813535323	12.585999968535	34.267999657320004
1004	16449536	10	4.9	5.6471231613982	13.0	0.0	10	10.1	4.182104733265297	14.0	1.0	-0.008437352996255547	-2.197333904375228	0.12633269581559106	12.098999969752498	32.33899967661
1008	16515072	10	4.0	5.272570530585627	13.0	0.0	10	7.7	5.710516614107693	13.0	0.0	-0.007577333251719043	-2.2768825538568214	0.12777912506744402	11.572999971067501	38.240999617590006
1012	16580608	10	8.5	5.181698563212646	13.0	0.0	10	9.0	5.059644256269407	13.0	1.0	-0.009193415653147642	-2.278870545090281	0.11434637059353034	11.039749972400625	40.78799959212
1016	16646144	10	3.2	4.578209256903839	13.0	0.0	10	9.2	6.11228271597445	15.0	0.0	-0.00926912560099031	-2.297961185136478	0.11551263989298305	10.316249974209375	40.814999591850004
1020	16711680	10	3.8	4.975942121849892	12.0	0.0	10	3.7	5.45985347788748	13.0	0.0	-0.0081949361086979	-2.263440268499316	0.1293982375123169	11.100749972248124	37.94599962054001
1024	16777216	10	6.0	5.621387729022079	12.0	0.0	10	5.0	5.5677643628300215	13.0	0.0	-0.00895333813269452	-2.2965370612931157	0.11814199992156219	10.996749972508123	38.858999611410006
1028	16842752	10	4.0	5.0990195135927845	12.0	0.0	10	2.8	4.4	12.0	0.0	-0.010137547304874643	-2.3092625113903047	0.08134583270416434	11.430249971424375	40.73899959261001
1032	16908288	10	5.4	5.40740233383831	13.0	0.0	10	8.1	5.374941860150676	13.0	0.0	-0.009253698293475115	-2.2984795195450256	0.12538104976463102	10.571499973571251	39.861999601380006
1036	16973824	10	6.4	5.257375771237966	12.0	0.0	10	5.3	4.960846701924985	12.0	0.0	-0.009341092581595883	-2.265656843545465	0.08880302037429146	10.835749972910625	40.77599959224001
1040	17039360	10	2.8	4.214261501141095	11.0	0.0	10	7.8	5.344155686354955	15.0	0.0	-0.009348132241571876	-2.273614068589205	0.09287856405719963	10.7969999730075	39.93099960069
1044	17104896	10	4.1	5.048762224545736	13.0	0.0	10	8.3	5.496362433464518	14.0	0.0	-0.00847714353739844	-2.245557471875882	0.15197058742214214	11.205999971985001	39.51199960488
1048	17170432	10	3.9	5.146843692983108	13.0	0.0	10	4.1	5.448853090330111	13.0	0.0	-0.008836391208801262	-2.284382593890493	0.14664792384356046	10.7869999730325	42.247999577520005
1052	17235968	10	4.7	5.568662316930341	12.0	0.0	10	8.1	4.846648326421054	14.0	0.0	-0.009311978920110786	-2.2618846890954414	0.11219312730628817	10.85249997286875	42.734999572650004
1056	17301504	10	4.2	5.473572873361603	15.0	0.0	10	6.6	5.868560300448484	14.0	0.0	-0.00944697374893744	-2.3213319403495296	0.10710314132399303	10.224999974437498	42.86499957135001
1060	17367040	10	4.4	4.841487374764082	12.0	0.0	10	7.7	5.728001396647874	14.0	0.0	-0.008459609122259674	-2.3038984584395275	0.125480577026151	10.79949997300125	40.84299959157001
1064	17432576	10	5.2	5.8275209137333865	14.0	0.0	10	8.7	5.74543296888929	17.0	0.0	-0.008626315288297827	-2.252147378786251	0.13643982857596698	10.881499972796249	27.081999729180005
1068	17498112	10	2.7	4.243819034784589	11.0	0.0	10	9.3	4.712748667179271	14.0	0.0	-0.008677391635203842	-2.2752263245596738	0.13116731221663067	10.517499973706249	44.09799955902
1072	17563648	10	7.5	5.142956348249516	12.0	0.0	10	10.0	4.33589667773576	14.0	1.0	-0.008571940022209887	-2.257711072527629	0.1144143657950091	10.279999974299999	43.21599956784001
1076	17629184	10	9.4	4.7791212581394085	14.0	0.0	10	7.6	5.851495535331118	14.0	0.0	-0.009071089476760242	-2.21983352032029	0.16004786126511072	10.991749972520624	42.12699957873001
1080	17694720	10	8.8	5.741080037762929	15.0	0.0	10	7.1	5.838664230798	16.0	1.0	-0.0093516290304211	-2.2181846497132445	0.09124307092880951	10.371749974070626	44.88299955117001
1084	17760256	10	4.9	5.430469592954186	12.0	0.0	10	5.0	5.385164807134504	13.0	0.0	-0.008404454906701555	-2.150918923094332	0.14956817021587654	10.929749972675623	39.598999604010004
1088	17825792	10	4.0	5.157518783291051	12.0	0.0	10	8.4	5.624944444170093	15.0	0.0	-0.008784315436357468	-2.235633512105124	0.1346260250095362	11.781749970545626	32.97799967022001
1092	17891328	10	3.9	5.356304696336831	13.0	0.0	10	7.9	4.763402145525822	13.0	1.0	-0.008477295646142987	-2.2538563035564283	0.10430883820789548	10.9229999726925	39.28699960713001
1096	17956864	10	2.7	4.220189569201839	11.0	0.0	10	5.7	5.060632371551998	13.0	0.0	-0.00806159378081249	-2.2304109630645557	0.12478219173169695	11.465749971335626	37.83099962169001
1100	18022400	10	4.1	5.008991914547277	12.0	0.0	10	6.8	5.706137047074843	14.0	0.0	-0.008061841619331357	-2.2336281212824454	0.12029117317393327	11.592749971018124	37.35399962646
1104	18087936	10	5.1	5.107837115648853	12.0	0.0	10	6.8	5.055689863905815	13.0	0.0	-0.0085577883889405	-2.2694997735440983	0.11034767378990024	12.337999969155002	37.277999627220005
1108	18153472	10	5.2	5.015974481593782	12.0	0.0	10	9.5	4.272001872658765	12.0	1.0	-0.009478475249956687	-2.2702170608063046	0.09543352111335154	12.015249969961875	19.13599980864
1112	18219008	10	8.1	4.678675026115834	12.0	0.0	10	9.0	4.560701700396552	15.0	1.0	-0.008567140417367636	-2.230950139230557	0.10288226746968876	12.769749968075626	33.19699966803001
1116	18284544	10	2.9	4.414748010928823	12.0	0.0	10	8.0	4.979959839195493	14.0	1.0	-0.008833517486880988	-2.234637771810771	0.10036365566505849	12.814249967964377	32.84899967151
1120	18350080	10	8.0	5.253570214625479	12.0	0.0	10	8.0	5.477225575051661	15.0	0.0	-0.008590383430009256	-2.2535049788789974	0.13643362014685462	12.83849996790375	25.839999741600003
1124	18415616	10	7.3	5.604462507680822	13.0	0.0	10	11.5	4.006245124802026	17.0	1.0	-0.008884139758249582	-2.2193332560532153	0.13350508678866024	12.4969999687575	24.301999756980003
1128	18481152	10	6.5	5.239274758971894	13.0	0.0	10	10.6	3.6110940170535577	13.0	0.0	-0.008339871430851551	-2.190174137324436	0.13549169811250533	11.772249970569375	33.881999661180004
1132	18546688	10	5.7	5.3113086899558	11.0	0.0	10	9.0	5.440588203494177	16.0	1.0	-0.008945595142275825	-2.2188304287864153	0.12718607763366258	11.652249970869375	22.70799977292
1136	18612224	10	4.3	4.473253849269008	11.0	0.0	10	7.8	5.3065996645686395	14.0	0.0	-0.007927434200390705	-2.221251877414271	0.14101982371343968	11.837749970405625	35.251999647480005
1140	18677760	10	6.2	5.473572873361603	13.0	0.0	10	11.2	3.6823905279043943	16.0	1.0	-0.008632941745428295	-2.2146116741178243	0.12741993669024512	11.949999970124999	24.825999751740003
1144	18743296	10	7.0	5.779273310719955	14.0	0.0	10	6.4	5.885575587824865	14.0	0.0	-0.009161955193379973	-2.280519736072292	0.11367242584217893	11.102499972243749	38.74099961259001
1148	18808832	10	5.9	5.337602458033007	12.0	0.0	10	8.7	5.814636704042652	15.0	0.0	-0.008831963274425822	-2.2884344853560528	0.13270740880955964	10.90049997274875	38.453999615460006
1152	18874368	10	6.2	5.230678732248808	12.0	0.0	10	10.1	4.825971404805461	16.0	0.0	-0.009588476965505051	-2.316428931809569	0.09649837113066902	11.293249971766876	23.874999761250002
1156	18939904	10	6.0	5.639148871948674	12.0	0.0	10	8.0	5.039841267341661	12.0	0.0	-0.009227126743653443	-2.2638629449035887	0.11002458545475013	11.441999971395001	37.62699962373001
1160	19005440	10	4.5	5.818075283115543	14.0	0.0	10	9.6	4.127953488110059	13.0	1.0	-0.009571545542928179	-2.2235938730506493	0.12350596253404961	11.779999970550001	28.218999717810007
1164	19070976	10	6.7	5.814636704042652	15.0	0.0	10	8.7	5.514526271584895	13.0	0.0	-0.009594957532409413	-2.2145413977581145	0.11868652886406064	11.515749971210626	26.213999737860004
1168	19136512	10	7.3	4.838388161361178	12.0	0.0	10	6.3	5.532630477449221	12.0	0.0	-0.009281606000152915	-2.2457897188906983	0.10359290683494259	10.353499974116248	42.563999574360004
1172	19202048	10	7.0	5.727128425310541	12.0	0.0	10	7.6	6.770524351924303	16.0	0.0	-0.008804822065629403	-2.291114665329217	0.11743768466344551	10.35649997410875	26.484999735150005
1176	19267584	10	5.0	5.549774770204643	13.0	0.0	10	7.3	5.7280013966478736	16.0	0.0	-0.009703957393462814	-2.3040210080727	0.09752545283557097	9.994249975014375	43.58399956416001
1180	19333120	10	3.6	4.862098312457287	11.0	0.0	10	5.3	5.177837386399847	12.0	0.0	-0.009259371360051623	-2.2610119330514626	0.12815594159594362	10.546249973634376	41.625999583740004
1184	19398656	10	4.2	5.015974481593781	12.0	0.0	10	6.8	4.915282290977803	12.0	0.0	-0.008618005087264123	-2.2172230032756994	0.10560753179855768	10.8949999727625	43.231999567680006
1188	19464192	10	7.0	4.959838707054898	12.0	0.0	10	8.1	5.127377497317708	13.0	0.0	-0.008986644421660521	-2.265777813655551	0.1150310537658017	10.451249973871874	40.67499959325001
1192	19529728	10	5.0	5.2345009313209605	12.0	0.0	10	8.2	5.3999999999999995	14.0	0.0	-0.00918884510272702	-2.2868084681632226	0.09906025249255228	11.01199997247	39.241999607580006
1196	19595264	10	1.3	3.2572994949804657	11.0	0.0	10	8.0	5.865151319446072	15.0	0.0	-0.009410034784125169	-2.2471297430638186	0.10553407644685005	11.111249972221875	38.71799961282001
1200	19660800	10	4.9	5.85576638878294	14.0	0.0	10	8.5	4.674398357008098	13.0	0.0	-0.00891149447274621	-2.261207200351253	0.11219300992083868	11.565749971085625	36.273999637260005
1204	19726336	10	4.9	5.223983154643591	12.0	0.0	10	8.3	5.020956084253277	12.0	0.0	-0.009893842327862178	-2.2684309058011944	0.11766090762817596	11.921749970195625	20.033999799660002
1208	19791872	10	7.0	5.329165037789691	12.0	0.0	10	7.8	5.844655678480984	14.0	0.0	-0.009067527577791655	-2.2278703622682796	0.11547698335450525	11.056249972359376	38.723999612760004
1212	19857408	10	8.9	5.4671747731346585	17.0	0.0	10	8.6	5.351635264103861	16.0	1.0	-0.009941727457948838	-2.176188945543577	0.10467821765997627	11.2869999717825	36.98899963011
1216	19922944	10	2.8	4.643274706497559	12.0	0.0	10	6.5	5.80086200490927	14.0	0.0	-0.008742956999108459	-2.2337451699036106	0.10982768950460724	11.094499972263751	40.29499959705001
1220	19988480	10	4.1	5.3188344587888805	13.0	0.0	10	5.2	4.6	12.0	0.0	-0.008785892461365071	-2.2095371060255298	0.1079279997584054	10.891749972770626	38.18899961811
1224	20054016	10	4.7	4.73392015141785	13.0	0.0	10	10.6	3.6660605559646715	14.0	0.0	-0.009245629952548438	-2.1930002841055862	0.10127899740388505	11.868249970329375	28.696999713030003
1228	20119552	10	5.9	5.52177507691141	12.0	0.0	10	10.6	4.8207883172775805	16.0	0.0	-0.007198230331149627	-2.228778828945056	0.1453004648059126	11.312749971718125	36.47799963522001
1232	20185088	10	5.0	5.347896782848375	12.0	0.0	10	9.7	4.754997371187496	15.0	0.0	-0.008909391667638905	-2.2243215737410016	0.14596479803665924	11.584249971039377	35.68799964312001
1236	20250624	10	7.7	4.980963762164909	13.0	0.0	10	8.7	5.780138406647371	14.0	0.0	-0.008083636010640015	-2.172215431702362	0.11146944837725319	12.225499969436251	29.116999708830004
1240	20316160	10	10.1	4.678675026115834	14.0	0.0	10	10.4	3.52703841770968	13.0	0.0	-0.008219376751238646	-2.232294335728811	0.14420584711917134	11.394749971513125	34.92099965079
1244	20381696	10	7.8	5.688585061331157	14.0	0.0	10	6.3	5.386093203798093	12.0	0.0	-0.00799936950026417	-2.156990639640712	0.1505018707673686	10.996749972508125	39.344999606550005
1248	20447232	10	6.7	6.2136945531623935	15.0	0.0	10	9.7	4.8999999999999995	14.0	0.0	-0.007537085096498012	-2.202398401766083	0.13549033628607074	11.478249971304376	26.073999739260007
1252	20512768	10	6.8	5.3999999999999995	14.0	0.0	10	5.0	5.761944116355173	13.0	0.0	-0.00772056457370346	-2.1923068933388787	0.12942476254936688	10.191249974521876	42.13399957866001
1256	20578304	10	3.8	4.707440918375927	14.0	0.0	10	6.1	5.734980383575867	12.0	0.0	-0.009070142261068977	-2.2161826985752744	0.11869958779159033	10.3369999741575	42.76599957234001
1260	20643840	10	3.6	5.10294032886923	12.0	0.0	10	9.0	5.329165037789691	17.0	0.0	-0.008139266127183076	-2.200970766215733	0.11722145053733977	10.724249973189375	40.08599959914
1264	20709376	10	6.1	6.187891401761993	14.0	0.0	10	6.8	5.706137047074843	14.0	0.0	-0.008410759220808688	-2.2026214249621217	0.0901461449590673	11.294499971763752	37.64599962354001
1268	20774912	10	4.1	4.988987873306569	13.0	0.0	10	9.0	4.732863826479693	15.0	1.0	-0.00975751873091435	-2.204699667561869	0.0989535199763243	11.933249970166877	30.104999698950007
1272	20840448	10	5.0	5.366563145999495	13.0	0.0	10	9.2	5.546169849544819	15.0	0.0	-0.00955433408572	-2.2014270273538066	0.12717843721848165	12.14149996964625	34.55899965441
1276	20905984	10	6.2	5.287721626560915	12.0	0.0	10	5.6	5.8	15.0	0.0	-0.009086820504574095	-2.235927380388524	0.109955792109825	12.959749967600626	32.6199996738
1280	20971520	10	4.0	4.898979485566356	12.0	0.0	10	11.8	1.16619037896906	14.0	11.0	-0.009410643716293793	-2.235509971544732	0.09062017200657256	12.77349996806625	24.287999757120005
1284	21037056	10	6.1	6.487680633323437	17.0	0.0	10	7.4	5.314132102234569	13.0	0.0	-0.009086608393432428	-2.180674952538152	0.10476318148115255	11.795749970510625	35.505999644940005
1288	21102592	10	9.1	4.887739763939974	13.0	1.0	10	7.8	5.287721626560914	14.0	0.0	-0.00908738745446729	-2.1628470046055406	0.15181873193912768	12.135249969661874	27.969999720300002
1292	21168128	10	7.8	5.455272678794342	14.0	0.0	10	8.8	4.791659420284375	14.0	0.0	-0.008182587736636828	-2.192721746633526	0.12899805999879893	11.633999970915001	35.909999640900004
1296	21233664	10	5.1	4.90815647672321	11.0	0.0	10	6.3	5.386093203798093	13.0	0.0	-0.009644952875740884	-2.236669373775987	0.10231623805304006	11.666749970833125	35.56899964431001
1300	21299200	10	5.4	5.868560300448483	14.0	0.0	10	9.3	4.450842616853577	13.0	0.0	-0.009156452028902357	-2.2011275711349594	0.13298009295804403	11.263749971840625	26.785999732140006
1304	21364736	10	7.2	5.509990925582364	16.0	0.0	10	9.8	4.812483766206386	15.0	0.0	-0.00860317083820336	-2.17146919893454	0.1318115591865565	11.196749972008124	39.112999608870005
1308	21430272	10	7.7	5.139066063011839	14.0	1.0	10	10.5	4.5	15.0	0.0	-0.008894494117746905	-2.1955244216022716	0.14707656257495572	11.23949997190125	38.517999614820006
1312	21495808	10	6.4	5.695612346359257	14.0	0.0	10	5.6	5.571355310873647	14.0	0.0	-0.008667077230415092	-2.221049745646224	0.1147043125894888	11.506249971234373	36.82399963176
1316	21561344	10	1.6	3.2	11.0	0.0	10	6.5	5.426785420486054	14.0	0.0	-0.008968794643478257	-2.173974076680384	0.13749204108921975	11.673999970815	37.33699962663001
1320	21626880	10	8.0	5.039841267341661	12.0	0.0	10	7.9	5.18555686498567	14.0	0.0	-0.009321590839680576	-2.193241509070021	0.15477603982763544	11.121499972196249	37.939999620600005
1324	21692416	10	5.8	5.617828762075256	12.0	0.0	10	7.2	5.344155686354955	12.0	0.0	-0.009158847114077629	-2.262084205709699	0.0897778333459284	12.181249969546876	35.15499964845001
1328	21757952	10	5.7	5.710516614107694	12.0	0.0	10	8.8	5.344155686354955	13.0	0.0	-0.00872534674181285	-2.2356468387102835	0.11168502821044521	11.8549999703625	36.14099963859
1332	21823488	10	5.3	5.367494760127857	13.0	0.0	10	7.2	5.706137047074843	13.0	0.0	-0.008744031679875834	-2.299620690205561	0.11880140470965977	11.8889999702775	34.72799965272001
1336	21889024	10	6.0	5.916079783099616	15.0	0.0	10	6.6	4.841487374764082	12.0	0.0	-0.008348506503392696	-2.240846042598317	0.10984528816402642	11.712749970718123	37.78099962219
1340	21954560	10	5.4	5.276362383309167	12.0	0.0	10	11.1	5.889821729050888	17.0	0.0	-0.010417627497014876	-2.2754726035012793	0.08888619795757492	11.150249972124374	35.96899964031001
1344	22020096	10	2.8	4.422668877499196	12.0	0.0	10	8.7	4.94064773081425	14.0	0.0	-0.009215567585013424	-2.259351586066772	0.10149637057630452	11.178749972053126	37.572999624270004
1348	22085632	10	5.2	5.635601121442148	14.0	0.0	10	6.3	5.158488150611572	12.0	0.0	-0.0089296019665598	-2.2233181841839036	0.13603533236445053	10.777999973055	38.46399961536
1352	22151168	10	5.3	5.1778373863998475	12.0	0.0	10	10.4	2.8354893757515653	12.0	2.0	-0.009034398592998757	-2.2445167027559334	0.08368381957893581	11.4469999713825	39.63099960369001
1356	22216704	10	5.6	6.437390775772433	17.0	0.0	10	7.2	5.114684741017769	13.0	0.0	-0.009021365555751582	-2.200356314350442	0.13285347705409606	11.082749972293126	40.71899959281001
1360	22282240	10	4.1	5.3	12.0	0.0	10	8.8	5.844655678480983	14.0	0.0	-0.008620669897038764	-2.2124744775573464	0.12120277728243764	10.472999973817501	42.078999579210006
1364	22347776	10	4.0	5.709640969448079	14.0	0.0	10	9.2	4.975942121849891	16.0	0.0	-0.008917615242333926	-2.2039174758085633	0.11074662405309564	10.442499973893751	37.49599962504001
1368	22413312	10	1.7	3.4942810419312296	12.0	0.0	10	8.5	5.5901699437494745	13.0	0.0	-0.009241756783262509	-2.2307207830410123	0.12547146341387763	9.54049997614875	45.78099954219
1372	22478848	10	5.8	5.418486873657627	12.0	0.0	10	7.7	6.116371473349212	17.0	0.0	-0.008757363982110288	-2.216104668644691	0.15033800564692507	9.659749975850627	44.695999553040004
1376	22544384	10	3.8	5.192301994298868	13.0	0.0	10	7.8	6.046486583132389	14.0	0.0	-0.00857600027576861	-2.272647678615347	0.0832992277098973	11.103749972240623	40.87999959120001
1380	22609920	10	6.1	4.763402145525822	13.0	1.0	10	5.0	5.019960159204453	15.0	0.0	-0.0093717838889703	-2.2682605880122932	0.10346353425497914	11.028499972428751	38.65199961348001
1384	22675456	10	7.3	5.441507144165116	14.0	0.0	10	4.0	4.857983120596447	12.0	0.0	-0.008987378315975838	-2.208936340876794	0.13557040232063275	11.10749997223125	37.73999962260001
1388	22740992	10	4.5	5.678908345800274	15.0	0.0	10	8.3	5.459853477887479	13.0	0.0	-0.009612122033012474	-2.170739183597149	0.10076346258980202	11.014999972462501	39.21099960789
1392	22806528	10	5.1	5.485435260760991	12.0	0.0	10	9.7	4.172529209005013	13.0	1.0	-0.00825051942385627	-2.216534500089863	0.12932083296484223	10.5649999735875	40.906999590930006
1396	22872064	10	8.2	4.749736834815167	12.0	0.0	10	9.8	4.48998886412873	13.0	0.0	-0.009010879445639112	-2.1788655989085925	0.09600760130919056	10.96949997257625	39.34199960658
1400	22937600	10	4.7	5.568662316930341	12.0	0.0	10	8.6	5.517245689653489	14.0	0.0	-0.008827521496328362	-2.2118432643692407	0.13182262748969334	11.614749970963125	36.98799963012001
1404	23003136	10	4.8	5.688585061331157	12.0	0.0	10	6.0	5.621387729022079	12.0	0.0	-0.009187665611790222	-2.1912445051175666	0.11063531967434936	11.95449997011375	28.947999710520005
1408	23068672	10	4.8	5.134199061197375	11.0	0.0	10	8.3	4.859012245302536	12.0	0.0	-0.00997721381177806	-2.1622280252707737	0.09083334180977237	12.76149996809625	33.36599966634
1412	23134208	10	7.5	5.5362442142665635	13.0	0.0	10	5.8	5.912698199637792	16.0	0.0	-0.008482039000556928	-2.143575988486637	0.10499328009000981	12.3249999691875	38.62899961371
1416	23199744	10	5.3	5.64003546088143	15.0	0.0	10	9.2	6.095900261651269	14.0	0.0	-0.009069474347562619	-2.204748910932556	0.12032945592565589	10.905749972735626	42.164999578350006
1420	23265280	10	6.6	5.517245689653488	15.0	1.0	10	9.0	5.310367218940701	14.0	0.0	-0.008422968762747856	-2.284385360539421	0.08792604008394507	10.257249974356874	39.87099960129001
1424	23330816	10	5.9	5.166236541235795	11.0	0.0	10	11.5	4.104875150354759	16.0	0.0	-0.009493391101307404	-2.244321023190683	0.09964328754897081	10.458249973854375	26.754999732450003
1428	23396352	10	4.3	5.386093203798092	13.0	0.0	10	10.0	4.58257569495584	14.0	1.0	-0.008951626843228418	-2.2383008646620284	0.1364014164092116	10.982999972542501	38.640999613590004
1432	23461888	10	6.7	6.1	16.0	0.0	10	6.5	6.2008063991709985	15.0	0.0	-0.008312170339542098	-2.230073580906947	0.08764528183440091	11.759999970600003	38.50299961497001
1436	23527424	10	6.9	6.007495318350236	14.0	0.0	10	5.3	5.330103188494571	13.0	0.0	-0.007921136463749255	-2.2450728712127477	0.09288962793655427	11.05649997235875	38.474999615250006
1440	23592960	10	6.7	5.478138369920935	12.0	0.0	10	3.0	4.09878030638384	11.0	0.0	-0.008587726570430967	-2.2576064738266393	0.08242251195396719	11.337249971656876	36.274999637250005
1444	23658496	10	4.7	5.568662316930341	12.0	0.0	10	8.5	4.8218253804964775	14.0	0.0	-0.007982533943279493	-2.2303041242223336	0.0928020157444169	11.304749971738126	41.65799958342001
1448	23724032	10	10.0	3.3466401061363023	12.0	0.0	10	5.0	5.2345009313209605	12.0	0.0	-0.0092391631541812	-2.195312840014502	0.10542073169556342	10.40399997399	25.773999742260006
1452	23789568	10	5.4	5.2573757712379665	13.0	0.0	10	10.1	4.7	15.0	1.0	-0.00816315526668864	-2.207546931771956	0.11649801650733678	11.134249972164376	25.927999740720004
1456	23855104	10	7.0	5.531726674375733	12.0	0.0	10	6.9	6.057227088363123	16.0	0.0	-0.008167745710790035	-2.1222576136663207	0.14119754753467376	10.890749972773126	36.95899963041001
1460	23920640	10	5.0	5.196152422706632	12.0	0.0	10	10.8	3.4000000000000004	14.0	1.0	-0.008445074542001836	-2.194472032060119	0.11752512242662567	11.137499972156249	41.375999586240006
1464	23986176	10	3.7	4.382921400162226	13.0	0.0	10	9.4	5.351635264103861	16.0	1.0	-0.008442766393606109	-2.1607279353076527	0.11201101777063537	10.598249973504375	44.09099955909001
1468	24051712	10	6.2	5.230678732248808	12.0	0.0	10	7.6	5.902541825349482	14.0	0.0	-0.007613774254842891	-2.1761817110298183	0.11341089210843841	10.757249973106877	43.52399956476001
1472	24117248	10	6.0	5.639148871948674	13.0	0.0	10	5.5	5.481788029466299	13.0	0.0	-0.008644836233552165	-2.2045603516388286	0.11345715361707225	11.27549997181125	45.043999549560006
1476	24182784	10	9.4	4.476605857119878	16.0	1.0	10	5.3	5.330103188494572	12.0	0.0	-0.008539531602177958	-2.233645359442418	0.10206953303135656	11.5599999711	44.657999553420005
1480	24248320	10	7.3	5.197114584074513	13.0	0.0	10	6.7	5.423098745182499	13.0	0.0	-0.007413848194559438	-2.2227297919660107	0.1143041947582258	11.497499971256248	45.52999954470001
1484	24313856	10	3.7	4.859012245302536	11.0	0.0	10	8.2	6.11228271597445	17.0	0.0	-0.008792806321246587	-2.213075334596576	0.11185249568660698	12.383249969041875	45.14099954859
1488	24379392	10	6.1	5.337602458033007	12.0	0.0	10	9.5	4.801041553663121	13.0	0.0	-0.008844333845433571	-2.2501497787873492	0.09082193757082187	12.330999969172499	45.90299954097001
1492	24444928	10	6.3	5.348831648126533	12.0	0.0	10	11.0	3.492849839314596	14.0	1.0	-0.008291250583822192	-2.2143982770719166	0.11024214446482834	12.625999968435	33.248999667510006
1496	24510464	10	6.0	6.016643582596529	13.0	0.0	10	6.2	6.161168720299746	16.0	0.0	-0.00835428527993205	-2.2248845420943733	0.12277268283342455	12.6249999684375	40.71599959284001
1500	24576000	10	7.9	5.204805471869242	13.0	0.0	10	9.8	4.48998886412873	14.0	0.0	-0.008438534009080146	-2.225632980234052	0.10357519758096768	12.267499969331253	31.022999689770003
1504	24641536	10	5.6	5.553377350765928	14.0	0.0	10	7.8	5.455272678794342	14.0	0.0	-0.008285394032146589	-2.2417645154048342	0.11228211052167054	11.267999971830001	45.762999542370004
1508	24707072	10	4.5	5.518151864528558	12.0	0.0	10	10.2	5.30659966456864	15.0	0.0	-0.008642464443567852	-2.2616656469929683	0.0959883094277207	11.607999970979998	45.58799954412001
1512	24772608	10	2.8	4.445222154178573	12.0	0.0	10	9.0	5.5677643628300215	14.0	0.0	-0.008564955156258021	-2.266646913947984	0.1310991253567271	11.443499971391251	45.22799954772001
1516	24838144	10	7.9	5.57584074378026	17.0	0.0	10	9.8	5.134199061197375	16.0	0.0	-0.009058699086043953	-2.2668009373171216	0.09992961421499313	11.415749971460626	37.54699962453
1520	24903680	10	6.1	5.337602458033007	12.0	0.0	10	10.4	4.24735211631906	16.0	1.0	-0.008765472722791615	-2.1751155006606604	0.115849210092527	13.072749967318124	39.49099960509
1524	24969216	10	5.8	6.2577951388648065	17.0	0.0	10	6.5	5.9707620954112715	14.0	0.0	-0.00936994000366531	-2.2435311101523525	0.10150823803182053	12.023749969940624	34.59499965405001
