iter	frame	n_test	mean_returns	std_returns	max_returns	min_returns	n_test_train	mean_returns_train	std_returns_train	max_returns_train	min_returns_train	actor_loss	entropy_loss	value_loss	training_time	evaluation_time
0	0	10	1.3	0.7810249675906655	2.0	0.0	10	1.1	1.1357816691600549	3.0	0.0	0	0	0	0.0	35.017999649820005
4	65536	10	0.7	0.7810249675906655	2.0	0.0	10	0.7	0.45825756949558394	1.0	0.0	0.004979520928915326	-2.4952471998714945	0.07387179307219346	13.145249967136875	27.271999727280004
8	131072	10	2.4	3.6660605559646724	13.0	0.0	10	2.0	3.794733192202055	13.0	0.0	-0.003390256564924468	-2.461762105168765	0.050295619172392905	12.56949996857625	30.282999697170006
12	196608	10	1.1	0.9433981132056604	3.0	0.0	10	1.0	0.7745966692414834	2.0	0.0	-0.0034186976089966093	-2.4522683518557358	0.07121468204651162	12.660999968347499	31.102999688970005
16	262144	10	1.5	0.5	2.0	1.0	10	1.7	2.9000000000000004	10.0	0.0	-0.004495979526368559	-2.517307316001297	0.05234786289354009	13.589249966026875	30.716999692830004
20	327680	10	2.4	3.6110940170535577	13.0	0.0	10	1.4	0.9165151389911681	3.0	0.0	-0.004490427446840567	-2.572654035916167	0.05275268066357794	12.305999969235002	30.434999695650003
24	393216	10	1.3	0.9	3.0	0.0	10	1.0	0.6324555320336759	2.0	0.0	-0.004723530098507583	-2.5610419260774604	0.08389296214929787	13.42949996642625	28.920999710790003
28	458752	10	3.5	4.8425200051213	13.0	0.0	10	3.6	4.800000000000001	13.0	0.0	-0.005502429846004021	-2.5337806862933574	0.06388844878833821	12.417999968955	33.40599966594
32	524288	10	1.6	1.2	3.0	0.0	10	2.4	3.6110940170535573	13.0	0.0	-0.004817889323732314	-2.5543322535675355	0.07577249098478349	13.779749965550625	28.116999718830005
36	589824	10	0.8	0.8717797887081347	3.0	0.0	10	2.5	3.5846896657869842	13.0	0.0	-0.004657175044606691	-2.576608968009375	0.049277025114578925	12.701999968245	31.832999681670003
40	655360	10	2.5	3.6124783736376886	13.0	0.0	10	1.6	1.0198039027185568	3.0	0.0	-0.006751225165523251	-2.545402680568988	0.04186301297692988	12.2469999693825	27.715999722840007
44	720896	10	1.5	0.9219544457292888	3.0	0.0	10	1.3	1.004987562112089	3.0	0.0	-0.006930196763768982	-2.5394637184676703	0.03260730961386077	12.760749968098125	32.668999673310005
48	786432	10	3.9	4.6141087980237305	13.0	0.0	10	2.4	3.6110940170535577	13.0	0.0	-0.005018755002394624	-2.5314582956180542	0.05113400794847939	12.62249996844375	30.362999696370004
52	851968	10	1.3	0.6403124237432849	2.0	0.0	10	1.2	0.6000000000000001	2.0	0.0	-0.004482967133438452	-2.555825650425754	0.06677352745011278	13.04799996738	29.788999702110008
56	917504	10	2.8	3.57211421989835	13.0	0.0	10	2.8	3.515679166249389	13.0	0.0	-0.004918759336551353	-2.5527962269706723	0.11131834181340651	13.272749966818123	29.345999706540006
60	983040	10	1.9	3.78021163428716	13.0	0.0	10	2.1	2.7367864366808017	10.0	0.0	-0.004752893606675849	-2.5685989506350584	0.09081771330505194	10.139749974650625	32.864999671350006
64	1048576	10	2.7	3.5791060336346563	13.0	0.0	10	0.8	0.8717797887081348	2.0	0.0	-0.004078141163396371	-2.5459182234933384	0.11912521396609277	11.31249997171875	31.416999685830007
68	1114112	10	1.5	1.2041594578792296	3.0	0.0	10	1.3	1.0999999999999999	3.0	0.0	-0.005365678695596933	-2.539332329962384	0.08213946818061749	11.304249971739376	33.036999669630006
72	1179648	10	1.5	1.2041594578792296	3.0	0.0	10	2.6	3.6386810797320503	13.0	0.0	-0.00521560619084628	-2.5202204209921115	0.0672355640687171	11.296749971758125	31.998999680010005
76	1245184	10	2.3	3.689173349139343	13.0	0.0	10	2.8	3.57211421989835	13.0	0.0	-0.0055062307917093595	-2.5173232627272997	0.0859426296769835	11.231249971921876	33.052999669470005
80	1310720	10	2.6	3.5552777669262356	13.0	0.0	10	1.5	1.118033988749895	3.0	0.0	-0.005100159793754937	-2.503038778640367	0.07479272207707903	11.204499971988751	32.602999673970004
84	1376256	10	3.2	4.955804677345547	13.0	0.0	10	3.9	4.592385001282013	13.0	1.0	-0.0058145226642719065	-2.5120337404177526	0.06678234870470798	11.131249972171876	29.496999705030003
88	1441792	10	2.2	3.6823905279043943	13.0	0.0	10	1.1	1.044030650891055	3.0	0.0	-0.004364728742833385	-2.515998601651369	0.10675260147985684	11.495249971261876	29.201999707980008
92	1507328	10	3.3	3.287856444554719	13.0	1.0	10	2.8	3.515679166249389	13.0	0.0	-0.004820993969995324	-2.51614059481637	0.11565177763267223	12.0289999699275	32.01399967986001
96	1572864	10	3.8	4.044749683231337	13.0	0.0	10	2.6	3.52703841770968	13.0	0.0	-0.0052645026099196095	-2.5017110404746496	0.08586276247979117	10.7609999730975	31.428999685710004
100	1638400	10	2.5	3.640054944640259	13.0	0.0	10	2.8	3.57211421989835	13.0	0.0	-0.005384540531592054	-2.505746274925523	0.0962462897195807	11.679249970801875	28.911999710880004
104	1703936	10	1.6	1.1135528725660042	3.0	0.0	10	3.1	4.27668095606862	13.0	0.0	-0.00429207285515842	-2.5009316476561207	0.18115396912185314	11.364249971589375	32.0799996792
108	1769472	10	5.2	5.134199061197375	13.0	1.0	10	1.7	1.1	3.0	0.0	-0.0043560514939912755	-2.5097604888050085	0.1405480391160709	11.733249970666877	29.771999702280002
112	1835008	10	1.3	1.0999999999999999	3.0	0.0	10	2.9	3.477067730142742	13.0	0.0	-0.004862109357518235	-2.5164540879290604	0.09826808464465871	11.42849997142875	31.334999686650004
116	1900544	10	1.1	0.7000000000000001	2.0	0.0	10	2.1	3.726929030716845	13.0	0.0	-0.004511968956179073	-2.540897451076475	0.12276926296842454	11.865499970336248	29.422999705770003
120	1966080	10	5.0	5.310367218940701	13.0	0.0	10	1.7	1.004987562112089	3.0	0.0	-0.004490788445902877	-2.5504162234391465	0.07455389965325092	11.907249970231877	31.610999683890007
124	2031616	10	3.6	4.800000000000001	13.0	0.0	10	2.8	3.4871191548325386	13.0	0.0	-0.005380501090910084	-2.5564435394922267	0.08864041147218309	11.348499971628748	28.188999718110004
128	2097152	10	2.1	3.6999999999999997	13.0	0.0	10	2.8	3.54400902933387	13.0	0.0	-0.004808222372457114	-2.566466403236872	0.1410964956980993	12.089749969775626	22.548999774510005
132	2162688	10	3.0	3.4641016151377544	13.0	0.0	10	4.1	3.806573262134856	13.0	1.0	-0.005655357572340057	-2.535961664948945	0.10814759615303068	11.700249970749375	26.671999733280003
136	2228224	10	1.5	1.02469507659596	3.0	0.0	10	2.5	3.5846896657869842	13.0	0.0	-0.005249163876274421	-2.495876426238108	0.08544989408578343	12.665999968335	27.973999720260004
140	2293760	10	3.6	4.800000000000001	13.0	0.0	10	1.6	0.9165151389911681	3.0	0.0	-0.0049392079352106825	-2.499165564515137	0.16106949954478506	12.116749969708126	29.121999708780006
144	2359296	10	3.9	4.635730794599704	13.0	0.0	10	1.0	0.7745966692414834	2.0	0.0	-0.005116702061738855	-2.5003724940000143	0.1146078869037777	12.569499968576253	22.836999771630005
148	2424832	10	1.9	0.9433981132056604	3.0	0.0	10	1.5	0.806225774829855	3.0	0.0	-0.004430182236464376	-2.5074625608693295	0.10864947896172704	12.050999969872498	28.014999719850007
152	2490368	10	1.7	1.1	3.0	0.0	10	3.7	4.050925820105819	13.0	0.0	-0.0048977025842508615	-2.4936221363529807	0.07365886117340506	12.46049996884875	24.399999756000003
156	2555904	10	2.9	3.4481879299133333	13.0	1.0	10	2.3	3.716180835212409	13.0	0.0	-0.004605526407254593	-2.4913994269954736	0.13066027560462481	12.613749968465624	27.209999727900005
160	2621440	10	5.1	5.204805471869242	13.0	1.0	10	1.3	0.7810249675906655	2.0	0.0	-0.006910481222689843	-2.5142221025987115	0.07337903467329158	12.47349996881625	24.868999751310003
164	2686976	10	2.5	3.5846896657869842	13.0	0.0	10	6.1	5.127377497317708	13.0	1.0	-0.004831092312797424	-2.525920053059993	0.19213965424508123	13.573999966065	25.872999741270004
168	2752512	10	1.6	1.019803902718557	3.0	0.0	10	2.4	2.6532998322843198	10.0	1.0	-0.005000837556593895	-2.5172409263611315	0.11926796295757104	12.234749969413125	28.059999719400004
172	2818048	10	6.0	5.744562646538029	13.0	0.0	10	2.8	3.4871191548325386	13.0	0.0	-0.005058668128871387	-2.519166307882315	0.10491651423579573	12.858749967853125	25.879999741200002
176	2883584	10	3.5	4.8218253804964775	13.0	0.0	10	2.6	3.5552777669262356	13.0	0.0	-0.004530425273952568	-2.5090184631316963	0.14490048644020515	12.841249967896873	25.357999746420006
180	2949120	10	4.4	4.34050688284214	13.0	1.0	10	4.2	5.211525688318153	13.0	0.0	-0.004863793704113296	-2.5119343422220193	0.1805282900077057	13.13349996716625	24.936999750630005
184	3014656	10	2.7	3.5227829907617076	13.0	0.0	10	1.8	1.16619037896906	3.0	0.0	-0.005270848746231104	-2.4881577836862183	0.11301405845041658	13.109999967224999	24.576999754230005
188	3080192	10	3.0	3.4641016151377544	13.0	0.0	10	3.1	3.3896902513356584	13.0	1.0	-0.004447487842138754	-2.509079438683295	0.0987926103304608	13.320249966699375	26.497999735020006
192	3145728	10	2.3	3.689173349139343	13.0	0.0	10	2.1	3.78021163428716	13.0	0.0	-0.005551111372094557	-2.497799930212981	0.13950460476434168	12.85849996785375	24.656999753430004
196	3211264	10	1.6	0.8	3.0	1.0	10	4.8	4.894895300208167	13.0	0.0	-0.005707773083498014	-2.522228024637227	0.1534659649706462	12.958499967603752	24.388999756110003
200	3276800	10	2.7	3.5791060336346563	13.0	0.0	10	3.4	4.903060268852505	13.0	0.0	-0.005142258009143653	-2.541526111198963	0.1070091355635765	12.6109999684725	26.465999735340006
204	3342336	10	5.1	5.223983154643591	13.0	0.0	10	4.1	3.83275357934736	13.0	1.0	-0.00542899185958189	-2.5209490207191894	0.08169594052134001	13.21949996695125	24.068999759310003
208	3407872	10	3.1	3.3896902513356584	13.0	1.0	10	3.8	4.686149805543993	13.0	0.0	-0.005620132603650119	-2.516231901681576	0.14700471488003725	12.864749967838126	25.550999744490003
212	3473408	10	3.7	4.69148164229596	13.0	0.0	10	1.9	0.7	3.0	1.0	-0.005654041548058644	-2.5135951312744917	0.0846450895487324	13.230499966923752	21.949999780500004
216	3538944	10	4.4	5.122499389946279	13.0	0.0	10	3.0	3.492849839314596	13.0	0.0	-0.003827041761628618	-2.5308144288605696	0.15489620100645515	13.249749966875628	26.777999732220003
220	3604480	10	3.0	3.4641016151377544	13.0	0.0	10	2.8	3.515679166249389	13.0	0.0	-0.004271236162983288	-2.5467122964391686	0.10264845594936263	12.513999968715	21.783999782160002
224	3670016	10	1.1	0.8306623862918074	2.0	0.0	10	6.3	5.496362433464518	13.0	1.0	-0.005071136677924359	-2.513846931096319	0.10847969317144411	13.150249967124376	27.817999721820005
228	3735552	10	3.3	3.287856444554719	13.0	1.0	10	2.3	2.72213151776324	10.0	0.0	-0.004883946775202241	-2.525055005883404	0.14513402717849272	12.53349996866625	24.719999752800003
232	3801088	10	2.8	3.4871191548325386	13.0	1.0	10	1.5	0.806225774829855	3.0	0.0	-0.005192386951183504	-2.512209221459007	0.11355517865527955	13.113999967215001	25.309999746900004
236	3866624	10	3.9	4.678675026115834	13.0	0.0	10	3.9	4.6141087980237305	13.0	0.0	-0.005144963411485818	-2.467720716934642	0.1721840311283322	12.324249969189376	27.502999724970003
240	3932160	10	2.9	3.5057096285916205	13.0	0.0	10	4.5	4.341658669218482	13.0	0.0	-0.004269390046384629	-2.418676465497795	0.2474771388548614	12.279249969301876	25.368999746310003
244	3997696	10	4.2	4.445222154178574	13.0	1.0	10	2.5	3.5846896657869842	13.0	0.0	-0.005748550394863078	-2.4666212024702188	0.20923442267185466	12.953249967616875	28.305999716940004
248	4063232	10	6.5	5.352569476429054	13.0	1.0	10	4.6	4.94368283772331	13.0	0.0	-0.005793199958743411	-2.4474493933154804	0.18423898213486486	11.934999970162501	26.341999736580004
252	4128768	10	4.5	5.024937810560445	13.0	0.0	10	4.2	4.48998886412873	13.0	0.0	-0.005758813494449376	-2.4389531013809216	0.15836481298222566	12.55949996860125	28.251999717480004
256	4194304	10	3.1	3.3896902513356584	13.0	1.0	10	3.9	4.635730794599704	13.0	0.0	-0.005817207567816156	-2.470964861155451	0.14691372726444896	12.572249968569373	25.891999741080003
260	4259840	10	5.5	4.984977432245807	13.0	0.0	10	5.6	4.923413450036469	13.0	0.0	-0.00564668967310348	-2.455151945096809	0.1954451817815563	12.779499968051251	27.548999724510004
264	4325376	10	5.0	4.69041575982343	13.0	1.0	10	4.1	3.8327535793473597	13.0	1.0	-0.006502766767809488	-2.407014012086	0.2632286809110626	12.360249969099376	26.064999739350004
268	4390912	10	2.2	3.6823905279043943	13.0	0.0	10	6.2	5.6000000000000005	13.0	0.0	-0.005724131863957519	-2.374124792467609	0.22176916180972833	12.373749969065624	24.130999758690002
272	4456448	10	6.5	5.333854141237834	13.0	1.0	10	4.1	4.52658811910251	13.0	0.0	-0.005345775453001262	-2.363418561470685	0.28353352531320786	13.171749967070625	26.574999734250003
276	4521984	10	3.9	4.592385001282013	13.0	1.0	10	4.9	5.356304696336832	13.0	0.0	-0.005041769703974951	-2.410687811421574	0.26417052386060325	12.677749968305625	20.481999795180002
280	4587520	10	8.7	5.292447448959697	13.0	1.0	10	4.2	4.445222154178573	13.0	1.0	-0.006416346332660808	-2.4241129455425474	0.25216888928642683	13.298249966754375	23.005999769940004
284	4653056	10	7.1	5.940538696111658	13.0	0.0	10	7.5	5.518151864528558	13.0	1.0	-0.004730892306535218	-2.358124563845726	0.32997663610592426	13.54149996614625	25.526999744730006
288	4718592	10	2.9	3.477067730142742	13.0	0.0	10	5.3	5.119570294468081	13.0	0.0	-0.006318574212803455	-2.3730183117103287	0.21760560166307527	12.909999967725	25.245999747540004
292	4784128	10	5.9	5.872818744010409	13.0	0.0	10	3.6	4.7791212581394085	13.0	0.0	-0.00587895882623343	-2.344679156694951	0.2174899587957258	12.851249967871876	25.655999743440002
296	4849664	10	3.9	4.592385001282013	13.0	1.0	10	7.6	5.4258639865002145	13.0	1.0	-0.006471161152687432	-2.3215725891357315	0.3027669782434926	13.312249966719376	25.347999746520003
300	4915200	10	6.0	5.727128425310541	13.0	1.0	10	6.6	5.257375771237966	13.0	1.0	-0.005735695790775095	-2.311923386909144	0.37508395589706256	12.753999968115002	25.681999743180004
304	4980736	10	6.6	5.295280917949491	13.0	0.0	10	5.3	4.473253849269009	13.0	2.0	-0.006324451573717831	-2.359417743735112	0.3389863716085302	12.875999967809998	24.50199975498
308	5046272	10	5.1	5.223983154643591	13.0	0.0	10	4.4	4.363484845854286	13.0	1.0	-0.00596322175683813	-2.3659010750571063	0.27271778350959563	13.233249966916873	23.99899976001
312	5111808	10	3.0	3.4351128074635335	13.0	1.0	10	7.6	5.44426303552648	13.0	1.0	-0.005281020947278938	-2.3405833341226696	0.24923227336765932	12.672249968319376	25.967999740320003
316	5177344	10	6.3	5.514526271584894	13.0	1.0	10	6.4	4.862098312457287	13.0	2.0	-0.006050054509590826	-2.328275737420581	0.22383361742052368	13.448249966379377	24.07499975925
320	5242880	10	3.0	3.3763886032268267	13.0	1.0	10	7.5	5.554277630799526	13.0	0.0	-0.006275710803142429	-2.3222178615694222	0.24336623506568986	13.283749966790625	24.054999759450002
324	5308416	10	7.4	5.642694391866354	13.0	0.0	10	4.1	4.4821869662029945	13.0	1.0	-0.005894196692065564	-2.2895839435457384	0.23730277221040624	13.537249966156876	25.762999742370006
328	5373952	10	6.3	5.532630477449221	13.0	0.0	10	8.6	5.44426303552648	13.0	0.0	-0.006020442579614425	-2.285647238056195	0.29429384317908786	13.020249967449375	24.633999753660003
332	5439488	10	5.9	5.855766388782941	13.0	0.0	10	6.5	5.371219600798314	13.0	0.0	-0.0063607431868799615	-2.3318050153608048	0.26592748687005585	13.615249965961874	26.892999731070006
336	5505024	10	4.7	4.9	13.0	0.0	10	5.3	5.0803543183522155	13.0	1.0	-0.005712856804783792	-2.345000741138169	0.2612143399232225	13.346749966633125	27.135999728640005
340	5570560	10	4.3	4.382921400162225	13.0	1.0	10	6.6	5.3516352641038605	13.0	0.0	-0.006618366555426578	-2.3533934824200755	0.20396573614377542	12.840749967898125	26.310999736890004
344	5636096	10	4.2	4.534313619501853	13.0	0.0	10	4.3	3.716180835212409	13.0	1.0	-0.006118352473367167	-2.273599376044269	0.24963182262649058	13.727749965680626	25.323999746760006
348	5701632	10	6.1	5.127377497317708	13.0	1.0	10	6.4	5.4626001134990645	13.0	0.0	-0.005533354387837714	-2.2091776378635077	0.28296013406324333	13.341249966646876	27.699999723000005
352	5767168	10	5.9	5.85576638878294	13.0	0.0	10	7.0	5.495452665613635	13.0	1.0	-0.005733388574914601	-2.1927025365532224	0.34691065701457235	12.661249968346876	27.229999727700005
356	5832704	10	5.8	5.418486873657627	13.0	0.0	10	6.5	5.333854141237834	13.0	1.0	-0.006472254074280545	-2.2160490128076376	0.3004807879214409	12.798999968002502	33.761999662380006
360	5898240	10	5.5	4.964876634922564	13.0	1.0	10	7.6	5.425863986500215	13.0	1.0	-0.004782578759464352	-2.179038355520875	0.2966527423201935	11.681249970796875	30.669999693300007
364	5963776	10	4.8	5.418486873657626	13.0	0.0	10	6.6	5.238320341483518	13.0	2.0	-0.0063129300875610144	-2.2534618251161844	0.20766625046739937	12.434999968912498	30.269999697300005
368	6029312	10	7.1	5.412023651093923	13.0	1.0	10	7.2	5.81033561853358	13.0	1.0	-0.006513636667708831	-2.2484468616686595	0.2578602603678518	11.850999970372499	31.999999680000005
372	6094848	10	6.3	5.532630477449221	13.0	0.0	10	6.4	5.44426303552648	13.0	0.0	-0.005585655125614959	-2.18445436882073	0.2720996266878826	12.662249968344376	30.329999696700003
376	6160384	10	3.5	4.8218253804964775	13.0	0.0	10	4.1	4.548626166217664	13.0	0.0	-0.006408795716136092	-2.2253336606091825	0.2666188776215344	12.70399996824	28.092999719070004
380	6225920	10	8.2	5.912698199637793	13.0	0.0	10	6.2	5.582114294781145	13.0	1.0	-0.0060768223259438	-2.2027104196638154	0.26524299939194046	12.933249967666875	26.550999734490002
384	6291456	10	7.4	5.660388679233963	13.0	0.0	10	8.2	5.3814496188294845	13.0	0.0	-0.005376298737899171	-2.176912707360321	0.29427341663628137	11.737749970655626	22.230999777690005
388	6356992	10	7.5	5.518151864528558	13.0	1.0	10	7.4	5.102940328869229	13.0	1.0	-0.004721536754119277	-2.113101807513262	0.3128782946600937	11.715249970711875	30.315999696840002
392	6422528	10	9.4	5.499090833947008	13.0	1.0	10	7.1	5.957348403442592	13.0	0.0	-0.005120227888934915	-2.1195981525160312	0.3650667258778909	13.541749966145623	23.908999760910003
396	6488064	10	9.7	5.040833264451424	13.0	2.0	10	8.0	5.0	13.0	3.0	-0.0043324717694338604	-2.1837137587577313	0.2538235887310253	12.081499969796251	29.310999706890005
400	6553600	10	9.4	4.923413450036469	13.0	2.0	10	7.5	5.518151864528558	13.0	1.0	-0.005083195217064539	-2.164260374777576	0.2829509068296159	13.287749966780625	25.76899974231
404	6619136	10	8.3	5.273518749374083	13.0	0.0	10	8.1	4.928488612140643	13.0	1.0	-0.005506490072884233	-2.1382842856405024	0.2600674157070417	12.290749969273124	28.772999712270003
408	6684672	10	8.7	5.292447448959697	13.0	1.0	10	8.5	5.5362442142665635	13.0	1.0	-0.0056453174202216305	-2.1241625694208	0.2592394017965265	12.56849996857875	27.450999725490004
412	6750208	10	7.0	5.495452665613635	13.0	0.0	10	8.7	5.273518749374084	13.0	2.0	-0.006451260453038947	-2.1296250718600476	0.26818929920283785	12.550749968623126	30.230999697690006
416	6815744	10	6.6	5.2573757712379665	13.0	1.0	10	7.0	4.919349550499537	13.0	2.0	-0.006389315925784906	-2.1339992804092502	0.2500016945153826	12.9809999675475	28.621999713780003
420	6881280	10	6.1	5.127377497317708	13.0	1.0	10	11.9	3.3000000000000003	13.0	2.0	-0.005812311590489997	-2.149402412051577	0.2674375075257889	12.90149996774625	27.405999725940003
424	6946816	10	5.3	5.060632371551998	13.0	1.0	10	10.4	4.5431266766402185	13.0	1.0	-0.005853427750477075	-2.133796954926108	0.27842989669695944	12.38349996904125	18.30099981699
428	7012352	10	7.3	5.728001396647874	13.0	1.0	10	4.1	3.8587562763149474	13.0	0.0	-0.005422276073094484	-2.0349129423862933	0.30748985859777267	13.338749966653124	28.012999719870006
432	7077888	10	5.2	5.15363949069005	13.0	1.0	10	5.6	4.882622246293481	13.0	1.0	-0.004498439372417229	-2.1145224593860665	0.26873827567629094	12.46049996884875	25.589999744100005
436	7143424	10	7.3	5.728001396647874	13.0	1.0	10	8.3	5.254521862167861	13.0	1.0	-0.005770224111989399	-2.1356007106861132	0.25852847500184306	13.43149996642125	27.109999728900004
440	7208960	10	3.8	3.994996871087636	13.0	0.0	10	12.0	3.0	13.0	3.0	-0.005899504079926356	-2.1706929229422274	0.31386633757336807	12.312249969219376	16.249999837500003
444	7274496	10	5.6	4.882622246293481	13.0	1.0	10	7.3	5.710516614107694	13.0	1.0	-0.007156227573899479	-2.201547165482393	0.2786159023041874	13.741249965646876	20.874999791250005
448	7340032	10	6.0	5.744562646538029	13.0	0.0	10	9.7	5.040833264451424	13.0	2.0	-0.006347324705778214	-2.216199032731468	0.26430004987596084	13.861249965346875	18.661999813380003
452	7405568	10	6.0	5.2345009313209605	13.0	0.0	10	5.4	5.043808085167396	13.0	0.0	-0.005353606045949623	-2.2473701385302802	0.23039978150361856	13.76449996558875	23.252999767470005
456	7471104	10	4.1	4.570557952810575	13.0	0.0	10	9.7	5.060632371551998	13.0	1.0	-0.005532618191894473	-2.2001366141133496	0.2915287470762243	13.851499965371252	23.951999760480007
460	7536640	10	6.2	5.617828762075256	13.0	0.0	10	6.1	5.699999999999999	13.0	0.0	-0.005270223064808052	-2.1586806473867552	0.3008541009696356	13.612249965969374	25.851999741480004
464	7602176	10	3.3	4.243819034784589	13.0	0.0	10	7.6	5.425863986500215	13.0	1.0	-0.005364358516743723	-2.1388436801987147	0.3944795798720278	13.912249965219376	23.740999762590004
468	7667712	10	7.7	5.3113086899558	13.0	2.0	10	8.6	5.40740233383831	13.0	1.0	-0.00565380933950939	-2.1516588725391843	0.28331405123228065	13.6469999658825	28.300999716990002
472	7733248	10	5.6	4.862098312457287	13.0	2.0	10	7.7	5.330103188494572	13.0	1.0	-0.006318938219261577	-2.1109772918409586	0.2227855746712677	12.703749968240624	26.248999737510005
476	7798784	10	5.2	5.192301994298868	13.0	0.0	10	7.6	5.425863986500215	13.0	1.0	-0.005386799519980168	-2.067295392138986	0.37691731529730294	12.96649996758375	29.330999706690005
480	7864320	10	3.3	3.3181320046074116	13.0	1.0	10	10.6	4.8	13.0	1.0	-0.004763010403731775	-2.091743985593979	0.2767330640638693	12.117999969704998	19.634999803650004
484	7929856	10	6.4	5.44426303552648	13.0	0.0	10	7.7	5.330103188494571	13.0	1.0	-0.005435862757359018	-2.1160866243423144	0.25953246184715234	12.929749967675624	13.783999862160004
488	7995392	10	5.8	4.728636167014756	13.0	2.0	10	6.7	5.1778373863998475	13.0	1.0	-0.005704621755903617	-2.0771391861460566	0.27655461008573684	14.026499964933748	24.376999756230003
492	8060928	10	5.5	4.924428900898052	13.0	2.0	10	5.5	4.964876634922564	13.0	1.0	-0.005389283849626207	-2.158244269364766	0.26561953869675375	13.483749966290626	22.792999772070004
496	8126464	10	4.9	5.3563046963368315	13.0	0.0	10	10.8	4.422668877499197	13.0	1.0	-0.006172614052617399	-2.1710454496466607	0.24052167013886516	14.389499964026252	22.889999771100005
500	8192000	10	4.4	4.340506882842141	13.0	1.0	10	6.4	5.388877434122992	13.0	2.0	-0.006154941869646541	-2.227702080971408	0.2612789550834426	12.9849999675375	25.296999747030004
504	8257536	10	6.3	5.496362433464518	13.0	1.0	10	9.4	5.517245689653489	13.0	0.0	-0.00630308943492439	-2.254617742959247	0.22928749185461048	13.193749967015625	11.146999888530003
508	8323072	10	7.6	5.4258639865002145	13.0	1.0	10	8.6	4.94368283772331	13.0	0.0	-0.005749755620861954	-2.1929287014107453	0.2726363457144916	12.496749968758126	30.368999696310006
512	8388608	10	7.3	5.74543296888929	13.0	0.0	10	7.4	5.083306010855534	13.0	2.0	-0.0066772152439642995	-2.222162688540408	0.23538564500120085	12.646749968383126	30.666999693330006
516	8454144	10	9.7	5.060632371551998	13.0	1.0	10	9.1	5.39351462406472	13.0	0.0	-0.0068670237153251054	-2.1515495476865705	0.2917286078141729	12.775249968061875	28.456999715430005
520	8519680	10	6.7	5.177837386399847	13.0	1.0	10	9.9	4.742362280551751	13.0	2.0	-0.005203128721469274	-2.0961969989341473	0.276798248106962	13.76549996558625	25.706999742930005
524	8585216	10	4.9	5.374941860150676	13.0	0.0	10	10.7	3.950949253027682	13.0	3.0	-0.0044862254066958315	-2.0154885647581624	0.2704411348977607	12.893249967766875	28.253999717460005
528	8650752	10	8.2	5.3814496188294845	13.0	0.0	10	8.6	5.40740233383831	13.0	1.0	-0.005982384274206945	-1.9925968359321962	0.24099482251925253	13.024749967438124	26.574999734250003
532	8716288	10	5.1	5.243090691567332	13.0	0.0	10	8.5	5.004997502496879	13.0	1.0	-0.005834759469506386	-1.9774659224278206	0.2752953342185747	12.857749967855627	26.118999738810004
536	8781824	10	6.6	5.2573757712379665	13.0	1.0	10	10.5	4.341658669218482	13.0	2.0	-0.00637921443006784	-2.0602007804155074	0.2528369396972041	13.29349996676625	30.591999694080005
540	8847360	10	10.5	4.364630568559039	13.0	1.0	10	7.5	5.5362442142665635	13.0	1.0	-0.006143360140986005	-2.1298657529320986	0.296632393542822	11.692749970768125	29.517999704820006
544	8912896	10	4.9	4.784349485562275	13.0	0.0	10	11.3	3.3181320046074116	13.0	2.0	-0.00675558362541742	-2.0721349565016434	0.2503493403134236	12.010249969974375	18.373999816260003
548	8978432	10	6.6	5.2573757712379665	13.0	1.0	10	10.6	4.152107898405339	13.0	2.0	-0.005288046050489065	-2.1103280035443266	0.2694004565817627	12.32949996917625	28.110999718890007
552	9043968	10	7.6	5.425863986500215	13.0	1.0	10	8.5	4.984977432245807	13.0	2.0	-0.006007062297290149	-2.2347581384238286	0.26819729732349756	12.498249968754376	28.827999711720004
556	9109504	10	5.4	5.023942674832188	13.0	1.0	10	10.8	4.422668877499197	13.0	1.0	-0.0067479517570613766	-2.285453309377385	0.22664756535054173	12.772749968068128	28.330999716690005
560	9175040	10	8.4	5.6780278266313555	13.0	0.0	10	9.8	4.915282290977803	13.0	1.0	-0.0063483797826904605	-2.24703377958574	0.3446100102378577	12.46349996884125	19.578999804210003
564	9240576	10	7.1	5.957348403442592	13.0	0.0	10	9.8	4.894895300208167	13.0	2.0	-0.005537554465899214	-2.232468885447491	0.2903388912176646	12.92249996769375	25.441999745580006
568	9306112	10	6.8	5.134199061197375	13.0	1.0	10	9.9	4.742362280551751	13.0	2.0	-0.006212811234904709	-2.2254269021418165	0.27528190873800173	13.564749966088124	23.232999767670005
572	9371648	10	5.5	4.944694126030447	13.0	1.0	10	10.3	4.754997371187496	13.0	0.0	-0.005730530644247666	-2.2097998656514144	0.2884692505943296	13.732249965669375	25.523999744760005
576	9437184	10	8.4	5.6780278266313555	13.0	0.0	10	8.6	5.44426303552648	13.0	0.0	-0.0063147777030069414	-2.1482506665336483	0.3098024807858118	13.465249966336877	22.849999771500006
580	9502720	10	7.3	5.710516614107694	13.0	1.0	10	8.2	5.3814496188294845	13.0	0.0	-0.006219065213937072	-2.1930177482665036	0.3060071933695801	13.83549996541125	23.700999762990005
584	9568256	10	7.4	5.607138307550474	13.0	1.0	10	9.3	4.495553358597805	13.0	2.0	-0.006838190371021002	-2.199371970960874	0.3119671318044641	13.673499965816251	23.685999763140003
588	9633792	10	6.3	5.532630477449221	13.0	0.0	10	8.9	5.028916384272063	13.0	2.0	-0.0059850646957613045	-2.1920853875777553	0.23886919019118222	13.358999966602502	24.960999750390002
592	9699328	10	8.8	5.173006862551025	13.0	1.0	10	6.5	4.780167361086848	13.0	2.0	-0.005388946778763169	-2.1538467479488776	0.3400828398720321	13.278249966804376	26.616999733830006
596	9764864	10	8.2	4.791659420284375	13.0	2.0	10	11.4	3.039736830714133	13.0	3.0	-0.006908968866393508	-2.1233267359707284	0.23031475749572092	13.308249966729374	15.077999849220001
600	9830400	10	9.7	5.040833264451424	13.0	2.0	10	10.7	4.605431575867782	13.0	1.0	-0.005688537372420928	-2.1482554001358536	0.28475669225195155	13.845999965385001	24.769999752300002
604	9895936	10	7.2	5.3065996645686395	13.0	1.0	10	10.5	4.341658669218482	13.0	2.0	-0.005413592552376911	-2.095360660086359	0.2843904200024202	13.514999966212502	10.13899989861
608	9961472	10	4.5	4.341658669218482	13.0	0.0	10	11.0	4.0	13.0	3.0	-0.00680998505342362	-2.163409222933799	0.19015898887260294	12.772249968069374	28.009999719900005
612	10027008	10	6.2	5.5641710972974225	13.0	1.0	10	8.4	5.660388679233963	13.0	0.0	-0.006702569249590855	-2.0794327790855918	0.2595544988019106	12.01199996997	29.538999704610006
616	10092544	10	8.4	5.6780278266313555	13.0	0.0	10	10.8	4.4	13.0	2.0	-0.005901023444182533	-2.146015941873167	0.3057199109337657	12.6189999684525	26.688999733110006
620	10158080	10	6.2	5.617828762075256	13.0	0.0	10	8.5	4.984977432245807	13.0	2.0	-0.006487002428236362	-2.00945739551315	0.3418339484325608	13.021749967445626	26.843999731560004
624	10223616	10	7.5	5.5	13.0	2.0	10	9.9	4.742362280551751	13.0	2.0	-0.005548141381979098	-2.0891269294231525	0.2786593944475357	13.034749967413124	23.724999762750006
628	10289152	10	8.8	5.1536394906900505	13.0	2.0	10	11.0	4.0	13.0	3.0	-0.005377293896087811	-2.012203730433191	0.33049775144367893	11.186999972032499	30.076999699230008
632	10354688	10	6.3	5.550675634551167	13.0	0.0	10	11.0	4.0	13.0	3.0	-0.004885560078134505	-2.020669178205845	0.34254727617684133	11.845749970385626	28.120999718790003
636	10420224	10	5.5	4.944694126030447	13.0	1.0	10	11.0	4.0	13.0	3.0	-0.006438718436216632	-2.1652902884015965	0.2510447317162415	11.0989999722525	18.767999812320003
640	10485760	10	12.0	3.0	13.0	3.0	10	9.6	5.238320341483518	13.0	0.0	-0.005268054970107765	-2.1108839012967127	0.32664231673205796	10.87649997280875	29.824999701750006
644	10551296	10	9.4	5.517245689653488	13.0	0.0	10	8.6	5.40740233383831	13.0	1.0	-0.006620256113130167	-2.1390501854575716	0.30043839380740794	10.728749973178127	28.971999710280006
648	10616832	10	9.8	4.915282290977803	13.0	1.0	10	8.5	4.984977432245807	13.0	2.0	-0.00616922751877921	-2.119989966131948	0.2585750643360232	11.504249971239375	26.224999737750007
652	10682368	10	6.1	5.107837115648853	13.0	1.0	10	9.5	4.780167361086848	13.0	2.0	-0.00505119940688759	-2.025007127262813	0.2801070923159556	11.648249970879377	25.884999741150004
656	10747904	10	8.4	5.6780278266313555	13.0	0.0	10	11.7	3.0347981810987035	13.0	3.0	-0.005595643619646989	-2.01492838168017	0.24784346139581173	11.818249970454374	25.804999741950002
660	10813440	10	6.7	5.177837386399847	13.0	1.0	10	7.8	5.211525688318153	13.0	2.0	-0.004978211205613206	-2.057142240091456	0.31721819964968884	11.953749970115625	25.539999744600003
664	10878976	10	9.8	4.894895300208167	13.0	2.0	10	9.4	4.94368283772331	13.0	1.0	-0.0059274632773435275	-2.0393473056814657	0.29616387030129127	11.914249970214374	17.366999826330005
668	10944512	10	10.9	4.205948168962618	13.0	2.0	10	11.1	3.014962686336267	13.0	3.0	-0.004323705593837799	-2.049388757382935	0.2668419213066693	11.983249970041875	24.641999753580002
672	11010048	10	6.4	5.425863986500215	13.0	1.0	10	8.3	4.670117771534247	13.0	2.0	-0.006087847827047344	-2.114393556891173	0.27156839423778056	12.1889999695275	22.918999770810004
676	11075584	10	9.6	5.219195340279955	13.0	1.0	10	10.8	4.422668877499197	13.0	1.0	-0.00660088461328146	-2.1288008613157063	0.22175161848639213	12.758249968104376	23.052999769470006
680	11141120	10	5.3	5.0803543183522155	13.0	1.0	10	10.8	4.422668877499197	13.0	1.0	-0.006477328582991324	-2.1400388005133473	0.24791156761870242	12.747499968131251	23.07199976928
684	11206656	10	5.5	4.944694126030447	13.0	1.0	10	8.2	5.89576118919347	13.0	0.0	-0.005562999893933183	-2.0016327088476356	0.24723489067735824	12.37549996906125	25.697999743020006
688	11272192	10	4.5	4.272001872658765	13.0	2.0	10	12.7	0.9	13.0	10.0	-0.00560720652540518	-1.912032133390018	0.2742814483456209	11.70949997072625	13.2799998672
692	11337728	10	7.7	5.330103188494571	13.0	1.0	10	11.5	3.6124783736376886	13.0	1.0	-0.005240862446407619	-2.0193573457879372	0.2824196354191861	12.301249969246875	23.993999760060003
696	11403264	10	9.8	4.915282290977803	13.0	1.0	10	8.8	5.173006862551025	13.0	1.0	-0.0049178747086474775	-2.0537049991733363	0.3201517697555866	12.07199996982	24.193999758060002
700	11468800	10	7.9	5.107837115648853	13.0	2.0	10	10.5	4.341658669218482	13.0	2.0	-0.005619191202661647	-2.075875619831014	0.2131120051656202	12.007249969981874	23.826999761730004
704	11534336	10	7.4	5.660388679233963	13.0	0.0	10	8.5	5.5362442142665635	13.0	1.0	-0.004660897116506181	-2.100551177839181	0.2293917954039539	12.116249969709376	23.533999764660003
708	11599872	10	10.9	4.2059481689626175	13.0	2.0	10	11.9	3.3000000000000003	13.0	2.0	-0.005281785701355812	-2.0292021456233886	0.31626983200941156	12.306749969233126	17.456999825430003
712	11665408	10	8.5	5.518151864528558	13.0	1.0	10	8.4	5.6780278266313555	13.0	0.0	-0.005076559012576189	-2.08103035865405	0.2650828723674804	12.342749969143126	23.33899976661
716	11730944	10	8.3	5.78013840664737	13.0	0.0	10	11.9	3.3	13.0	2.0	-0.006570953683495414	-2.1662973312267138	0.2218631073446184	12.31249996921875	13.763999862360002
720	11796480	10	6.0	5.196152422706632	13.0	1.0	10	11.7	3.034798181098703	13.0	3.0	-0.005241878713361955	-2.16281570968351	0.2857832599444026	12.128749969678125	18.433999815660005
724	11862016	10	11.1	3.014962686336267	13.0	3.0	10	10.7	3.950949253027682	13.0	3.0	-0.006543076104132771	-2.1235017997794694	0.19940507324508414	10.994249972514375	30.873999691260003
728	11927552	10	8.3	5.23545604508337	13.0	1.0	10	9.9	4.742362280551751	13.0	2.0	-0.0058253334445903205	-2.0534748159693454	0.23190842426760258	11.362749971593125	28.145999718540004
732	11993088	10	8.4	5.6780278266313555	13.0	0.0	10	11.0	4.0	13.0	3.0	-0.005805759336000591	-2.0998116096157022	0.2600264255617899	11.437499971406252	26.497999735020006
736	12058624	10	7.3	5.728001396647874	13.0	1.0	10	11.0	3.286335345030997	13.0	2.0	-0.006932856725330532	-2.143766102468182	0.2618641553484316	12.030499969923751	26.043999739560004
740	12124160	10	9.7	5.060632371551998	13.0	1.0	10	11.7	3.0347981810987035	13.0	3.0	-0.00653840088906188	-2.0924443650052855	0.21582597305612664	12.1849999695375	17.92899982071
744	12189696	10	8.7	5.273518749374084	13.0	2.0	10	10.9	4.205948168962618	13.0	2.0	-0.006437843532630108	-2.132643004036323	0.2362697446317477	10.75649997310875	32.04299967957
748	12255232	10	7.2	5.844655678480984	13.0	0.0	10	9.6	4.6303347611160905	13.0	2.0	-0.006839099009585001	-2.127837431705872	0.17684658195843922	11.098249972254376	30.961999690380004
752	12320768	10	7.5	5.554277630799526	13.0	0.0	10	11.9	3.3	13.0	2.0	-0.006879169716326437	-2.1830055239509494	0.24022346654888066	10.604749973488126	23.325999766740004
756	12386304	10	6.4	5.462600113499065	13.0	0.0	10	11.0	4.0	13.0	3.0	-0.006873372337588785	-2.1334458512825685	0.30151695568699005	15.732249960669376	28.231999717680004
760	12451840	10	9.8	4.915282290977803	13.0	1.0	10	8.4	4.5431266766402185	13.0	3.0	-0.00678859638891404	-2.106002884387145	0.2823363418086319	12.64949996837625	25.404999745950004
764	12517376	10	7.6	5.40740233383831	13.0	2.0	10	9.4	5.553377350765928	13.0	0.0	-0.0055865875856641834	-2.0927847000763373	0.28019221605297895	12.027249969931878	24.773999752260004
768	12582912	10	9.6	4.6303347611160905	13.0	2.0	10	8.4	5.122499389946279	13.0	1.0	-0.006305906477134857	-2.0899615682968014	0.21141906181321152	12.133249969666876	17.36599982634
772	12648448	10	9.5	5.352569476429054	13.0	1.0	10	10.5	4.364630568559039	13.0	1.0	-0.005848013868062673	-2.0460388596211443	0.2770840089945203	10.858249972854376	29.885999701140005
776	12713984	10	8.6	5.425863986500215	13.0	1.0	10	12.0	3.0	13.0	3.0	-0.00536802919612927	-2.0160700875407453	0.25990118285417296	11.93949997015125	25.788999742110004
780	12779520	10	5.6	4.862098312457287	13.0	2.0	10	7.2	5.844655678480984	13.0	0.0	-0.006315143877700433	-2.0809409243681007	0.20970098090036338	11.833749970415626	27.097999729020003
784	12845056	10	9.5	5.371219600798314	13.0	0.0	10	12.0	3.0	13.0	3.0	-0.005465758439981067	-2.148933442706533	0.22728082713787046	11.382499971543751	26.255999737440003
788	12910592	10	8.8	5.1536394906900505	13.0	2.0	10	10.9	4.205948168962618	13.0	2.0	-0.005907136153221873	-2.1706555930499136	0.24307246069064933	11.409749971475627	26.408999735910005
792	12976128	10	8.6	5.425863986500215	13.0	1.0	10	8.9	5.028916384272064	13.0	2.0	-0.006862078746551017	-2.1305244339273357	0.25758641940031457	11.41649997145875	29.243999707560004
796	13041664	10	6.7	5.158488150611572	13.0	2.0	10	12.4	1.2	13.0	10.0	-0.00613392255942393	-2.1598516178861487	0.20193977007711933	10.78799997303	20.993999790060002
800	13107200	10	7.8	5.230678732248808	13.0	1.0	10	12.0	3.0	13.0	3.0	-0.0061806539166586365	-2.117849195776311	0.2853807698017117	11.001249972496876	27.488999725110006
804	13172736	10	12.0	3.0	13.0	3.0	10	13.0	0.0	13.0	13.0	-0.006479084412231957	-2.1013148151632755	0.2308581302012431	11.046249972384375	17.426999825730004
808	13238272	10	9.8	4.894895300208167	13.0	2.0	10	8.7	4.73392015141785	13.0	3.0	-0.004643886955941335	-2.165271093222454	0.19220899819567344	12.487749968780625	13.585999864140003
812	13303808	10	4.9	5.3935146240647205	13.0	0.0	10	9.7	5.060632371551998	13.0	1.0	-0.005676766524644783	-2.073751076839915	0.27221952965751856	12.938499967653751	23.222999767770002
816	13369344	10	8.7	5.292447448959697	13.0	1.0	10	12.7	0.9	13.0	10.0	-0.007589351760965752	-2.1493741991863864	0.15246439785660598	13.242249966894375	13.474999865250002
820	13434880	10	7.6	5.40740233383831	13.0	2.0	10	13.0	0.0	13.0	13.0	-0.007438347896048133	-2.0869801340313394	0.2706790248736662	11.842249970394375	15.508999844910003
824	13500416	10	9.7	5.040833264451424	13.0	2.0	10	11.6	3.32264954516723	13.0	2.0	-0.005478192903597939	-2.037975610331995	0.20352109860992357	10.52849997367875	20.058999799410003
828	13565952	10	9.4	4.983974317750845	13.0	0.0	10	11.8	3.6	13.0	1.0	-0.005673087223249464	-2.003626982162301	0.24460962303539197	10.354249974114376	30.681999693180003
832	13631488	10	10.9	4.2059481689626175	13.0	2.0	10	13.0	0.0	13.0	13.0	-0.005843671971886012	-2.0998461231885504	0.28935954196779273	10.612999973467499	23.248999767510004
836	13697024	10	9.8	4.915282290977803	13.0	1.0	10	11.6	3.32264954516723	13.0	2.0	-0.006037276092055013	-2.160925395561666	0.24012641466515353	10.655999973359998	30.690999693090003
840	13762560	10	5.4	5.043808085167396	13.0	0.0	10	13.0	0.0	13.0	13.0	-0.005888209677619314	-2.1561914754648077	0.2565926263462447	10.5599999736	23.603999763960005
844	13828096	10	9.0	4.9396356140913875	13.0	1.0	10	11.9	3.3	13.0	2.0	-0.006958243986934019	-2.1513189484918294	0.23667007170014911	10.878749972803126	14.687999853120003
848	13893632	10	5.7	4.817675788178361	13.0	1.0	10	11.7	3.0347981810987035	13.0	3.0	-0.005965528868409898	-2.0539434872911655	0.20597371534471917	12.820499967948749	23.537999764620004
852	13959168	10	10.8	4.422668877499197	13.0	1.0	10	10.4	3.878143885933063	13.0	3.0	-0.0058947222999676	-2.0836370957707513	0.24600198691631833	12.423749968940625	23.056999769430004
856	14024704	10	10.9	4.2059481689626175	13.0	2.0	10	11.0	4.0	13.0	3.0	-0.005811953746767972	-2.117332425989689	0.16806246105693515	12.93349996766625	23.190999768090002
860	14090240	10	12.0	3.0	13.0	3.0	10	11.0	4.0	13.0	3.0	-0.006747600227657901	-2.088480056356397	0.21806517442900358	12.693749968265626	23.576999764230006
864	14155776	10	7.8	5.2115256883181535	13.0	2.0	10	11.7	3.0347981810987035	13.0	3.0	-0.006251645572123364	-2.0453628237401724	0.21743541099970562	12.68449996828875	23.20799976792
868	14221312	10	9.9	4.742362280551751	13.0	2.0	10	10.5	4.364630568559039	13.0	1.0	-0.0063390051696908915	-2.102539675712121	0.2543587699888433	12.41649996895875	23.197999768020004
872	14286848	10	7.8	5.211525688318153	13.0	2.0	10	13.0	0.0	13.0	13.0	-0.007266314386622771	-2.0563141105417206	0.20010295174483722	12.5549999686125	9.896999901030002
876	14352384	10	9.9	4.742362280551751	13.0	2.0	10	10.4	4.586937976471886	13.0	0.0	-0.005217689594612607	-2.161159778409586	0.20294085802569498	13.898999965252502	10.062999899370002
880	14417920	10	7.8	5.230678732248808	13.0	1.0	10	12.0	3.0	13.0	3.0	-0.005007045013153278	-2.1407417031879494	0.27743390230676424	12.467499968831252	20.568999794310002
884	14483456	10	7.6	5.425863986500215	13.0	1.0	10	11.0	4.0	13.0	3.0	-0.005014616508038364	-2.1174108756363124	0.2578787129724616	11.5069999712325	27.768999722310003
888	14548992	10	9.8	4.894895300208167	13.0	2.0	10	13.0	0.0	13.0	13.0	-0.005701417017929697	-2.0898616175163407	0.20766596757816735	11.179749972050626	17.506999824930006
892	14614528	10	4.1	4.570557952810575	13.0	0.0	10	9.5	4.801041553663121	13.0	1.0	-0.004624028961313402	-2.0511145974545926	0.28950913976966614	10.044999974887501	34.20299965797001
896	14680064	10	5.4	5.023942674832188	13.0	1.0	10	12.7	0.9	13.0	10.0	-0.004653461378863565	-2.1688303125625663	0.23176134297693574	10.454249973864375	20.67299979327
900	14745600	10	9.8	4.894895300208167	13.0	2.0	10	11.7	3.0347981810987035	13.0	3.0	-0.005430539084692427	-2.124261125700926	0.27692173061491315	10.137499974656249	26.677999733220005
904	14811136	10	9.2	5.230678732248808	13.0	1.0	10	10.8	4.4	13.0	2.0	-0.004253772706621146	-2.1001982413528144	0.2840300478366189	10.86349997284125	29.328999706710004
908	14876672	10	8.4	5.102940328869229	13.0	2.0	10	11.9	3.3	13.0	2.0	-0.005300732618761285	-2.1481491225707035	0.32382229215507186	10.702749973243126	30.090999699090005
912	14942208	10	7.7	5.330103188494571	13.0	1.0	10	11.0	4.0	13.0	3.0	-0.005083693154499771	-2.2740991510565514	0.30396662990811146	10.781999973045	31.023999689760007
916	15007744	10	7.7	5.330103188494572	13.0	1.0	10	8.5	5.5362442142665635	13.0	1.0	-0.004681907050444748	-2.2919300370014444	0.26775830422532904	10.304249974239374	31.142999688570004
920	15073280	10	9.7	5.040833264451424	13.0	2.0	10	12.7	0.9	13.0	10.0	-0.0057254535610605515	-2.2837288402125573	0.2321578173190668	10.391999974019999	28.373999716260002
924	15138816	10	10.6	4.82078831727758	13.0	0.0	10	12.0	3.0	13.0	3.0	-0.00611591957018954	-2.2861467647157907	0.27159448842172446	10.914999972712499	21.084999789150004
928	15204352	10	8.2	5.344155686354955	13.0	1.0	10	12.0	3.0	13.0	3.0	-0.004080890466441456	-2.2944213248882814	0.2947249935322462	11.881499970296248	12.702999872970002
932	15269888	10	9.6	4.6303347611160905	13.0	2.0	10	10.5	4.364630568559039	13.0	1.0	-0.005291480291568665	-2.2481142404320518	0.2867375019018187	13.294249966764374	10.127999898720002
936	15335424	10	4.3	4.405678154382137	13.0	1.0	10	11.7	3.0347981810987035	13.0	3.0	-0.005256310825096063	-2.213944755263975	0.32469819513803017	12.6769999683075	22.407999775920004
940	15400960	10	10.8	4.422668877499196	13.0	1.0	10	11.7	3.0347981810987035	13.0	3.0	-0.0047949985887051445	-2.2099975146534687	0.28003340910065805	13.1869999670325	20.711999792880004
944	15466496	10	11.0	4.0	13.0	3.0	10	11.9	3.3	13.0	2.0	-0.0057512715520787955	-2.2147749784268576	0.24095614391663064	12.887749967780627	17.507999824920002
948	15532032	10	8.8	5.173006862551025	13.0	1.0	10	12.7	0.9	13.0	10.0	-0.005500517309613629	-2.2698907228926664	0.25827172287222566	11.782999970542502	19.71199980288
952	15597568	10	8.3	5.23545604508337	13.0	1.0	10	10.9	4.205948168962618	13.0	2.0	-0.006043987927697435	-2.1971255687570714	0.2576037653608752	10.52549997368625	31.042999689570003
956	15663104	10	11.0	4.0	13.0	3.0	10	12.0	3.0	13.0	3.0	-0.006086213405648108	-2.172881652685162	0.19670592060126252	10.854999972862501	25.551999744480003
960	15728640	10	7.4	5.660388679233963	13.0	0.0	10	10.9	4.205948168962618	13.0	2.0	-0.005969873459116196	-2.1240575261685017	0.1785559083614767	10.7129999732175	30.812999691870004
964	15794176	10	7.3	5.745432968889291	13.0	0.0	10	10.7	3.950949253027682	13.0	3.0	-0.004087883938638519	-2.11789697138262	0.24897370267549473	10.84749997288125	31.629999683700003
968	15859712	10	8.7	5.292447448959696	13.0	1.0	10	11.8	3.6	13.0	1.0	-0.004704720165556097	-2.091117672404379	0.26788634035739806	11.1169999722075	29.291999707080006
972	15925248	10	9.7	5.060632371551998	13.0	1.0	10	9.6	4.6303347611160905	13.0	2.0	-0.005890439496693355	-2.168798515968109	0.1740508396773283	11.068749972328126	28.787999712120005
976	15990784	10	11.7	3.0347981810987035	13.0	3.0	10	11.8	3.6	13.0	1.0	-0.005864624200204747	-2.2467113259081195	0.23078209850085352	11.2789999718025	27.993999720060003
980	16056320	10	8.9	5.028916384272063	13.0	2.0	10	10.6	4.1521078984053394	13.0	2.0	-0.004132110433474802	-2.133826682742687	0.253047844989564	11.000249972499377	27.579999724200004
984	16121856	10	9.8	4.894895300208167	13.0	2.0	10	13.0	0.0	13.0	13.0	-0.006072544817141378	-2.1384167296447063	0.22101393712244927	11.229999971925	18.979999810200002
988	16187392	10	10.6	4.82078831727758	13.0	0.0	10	13.0	0.0	13.0	13.0	-0.005434772450260008	-2.209859919814546	0.24607342106520863	10.566749973583127	11.6199998838
992	16252928	10	11.0	4.0	13.0	3.0	10	11.9	3.3	13.0	2.0	-0.005591797270753484	-2.179668716859266	0.21651258953764735	11.092999972267501	16.47899983521
996	16318464	10	10.8	4.422668877499196	13.0	1.0	10	10.6	4.8207883172775805	13.0	0.0	-0.005099321525827655	-2.168925146035921	0.16863315185948463	12.50049996874875	22.939999770600004
1000	16384000	10	9.4	4.94368283772331	13.0	1.0	10	11.4	3.0397368307141326	13.0	3.0	-0.006257573042557825	-2.1684368374671763	0.19255401968191985	12.368749969078126	18.906999810930003
1004	16449536	10	6.8	5.075431016179809	13.0	2.0	10	12.7	0.9	13.0	10.0	-0.00602501192950204	-2.1677530331141694	0.21464145841014207	11.656249970859376	17.160999828390004
1008	16515072	10	9.7	5.060632371551998	13.0	1.0	10	10.8	4.4	13.0	2.0	-0.006078688948616333	-2.186733625601435	0.24258442686206416	10.653749973365626	29.088999709110002
1012	16580608	10	10.9	4.2059481689626175	13.0	2.0	10	9.7	5.1	13.0	0.0	-0.006831066369357014	-2.1718382733784773	0.2450677625734883	10.601249973496875	26.604999733950006
1016	16646144	10	8.8	5.1536394906900505	13.0	2.0	10	11.9	3.3	13.0	2.0	-0.005738441649866911	-2.096937224050482	0.23513447126097414	10.836749972908123	29.292999707070003
1020	16711680	10	8.6	5.4258639865002145	13.0	1.0	10	12.0	3.0	13.0	3.0	-0.005604750881222032	-2.083223143996356	0.1939237636001563	10.917749972705625	15.656999843430002
1024	16777216	10	6.5	5.371219600798314	13.0	0.0	10	12.7	0.9	13.0	10.0	-0.0051833502142529485	-2.17447527475356	0.21003539283745107	11.695749970760625	13.986999860130002
1028	16842752	10	11.4	3.0397368307141326	13.0	3.0	10	11.7	3.0347981810987035	13.0	3.0	-0.005130774367667702	-2.1251351582777134	0.23830260070042028	12.997749967505625	18.826999811730005
1032	16908288	10	10.7	4.648655719667783	13.0	0.0	10	12.7	0.9	13.0	10.0	-0.005543943865054678	-1.9946450452415607	0.21238078679229344	12.94549996763625	11.558999884410001
1036	16973824	10	9.6	4.6303347611160905	13.0	2.0	10	12.0	3.0	13.0	3.0	-0.005592644495384587	-2.016585108924454	0.25568750032354315	13.506499966233749	19.79899980201
1040	17039360	10	8.6	5.44426303552648	13.0	0.0	10	11.6	3.32264954516723	13.0	2.0	-0.006014176231454119	-2.0394340490660565	0.19862640476268778	13.383749966540625	22.781999772180004
1044	17104896	10	7.6	5.462600113499065	13.0	0.0	10	10.4	3.878143885933063	13.0	3.0	-0.005929651572527468	-2.0913138511585294	0.23625934781218708	12.46549996883625	23.115999768840002
1048	17170432	10	12.0	3.0	13.0	3.0	10	12.0	3.0	13.0	3.0	-0.006012955861762131	-2.065169979913484	0.22313831635599557	13.086749967283124	25.561999744380007
1052	17235968	10	10.8	4.422668877499196	13.0	1.0	10	13.0	0.0	13.0	13.0	-0.006243049190699489	-2.043885713851137	0.2116041580615557	12.05349996986625	10.927999890720002
1056	17301504	10	9.5	5.352569476429054	13.0	1.0	10	11.9	3.3	13.0	2.0	-0.0054314668905540995	-2.105790555257789	0.1722901395032148	13.275249966811876	20.513999794860002
1060	17367040	10	9.7	5.060632371551998	13.0	1.0	10	12.4	1.2	13.0	10.0	-0.005857402684944163	-2.0843768216981857	0.22737283854860385	13.901999965245002	9.399999906000001
1064	17432576	10	9.8	4.894895300208167	13.0	2.0	10	10.8	4.422668877499197	13.0	1.0	-0.004787117002207851	-2.115000123558666	0.25677740183157216	12.633749968415627	25.378999746210006
1068	17498112	10	10.6	4.1521078984053394	13.0	2.0	10	10.9	4.2059481689626175	13.0	2.0	-0.005258422223109307	-2.066047536614894	0.2832857356887761	11.751249970621874	18.467999815320002
1072	17563648	10	13.0	0.0	13.0	13.0	10	9.5	4.780167361086848	13.0	2.0	-0.005137920724711458	-2.0823340314444416	0.22373922104789737	11.09249997226875	12.899999871000002
1076	17629184	10	9.7	5.040833264451424	13.0	2.0	10	12.0	3.0	13.0	3.0	-0.005188960496591209	-2.147838306699974	0.23678235101841047	12.197249969506876	22.893999771060003
1080	17694720	10	11.0	4.0	13.0	3.0	10	11.7	3.034798181098703	13.0	3.0	-0.005360586847066502	-2.1726468501212013	0.1802784957114323	12.2769999693075	25.651999743480005
1084	17760256	10	8.7	5.292447448959697	13.0	1.0	10	10.5	4.341658669218482	13.0	2.0	-0.005167995423781967	-2.095491384248209	0.21535336061000182	11.811749970470625	25.73699974263
1088	17825792	10	13.0	0.0	13.0	13.0	10	13.0	0.0	13.0	13.0	-0.0062735253055641906	-2.1127904775524713	0.20069286380356133	12.220749969448125	6.927999930720001
1092	17891328	10	11.6	3.32264954516723	13.0	2.0	10	11.9	3.3000000000000003	13.0	2.0	-0.004038785751197272	-2.0597638758858223	0.1834629637308543	12.406749968983126	18.289999817100004
1096	17956864	10	8.3	5.780138406647371	13.0	0.0	10	13.0	0.0	13.0	13.0	-0.004515103051880524	-2.050992229118881	0.12109156238826872	13.916999965207502	12.190999878090002
1100	18022400	10	8.8	5.15363949069005	13.0	2.0	10	11.9	3.3	13.0	2.0	-0.004493459355355316	-2.1074622420261466	0.18824125707982625	13.616249965959376	20.39499979605
1104	18087936	10	9.8	4.915282290977803	13.0	1.0	10	12.0	3.0	13.0	3.0	-0.004833633196036673	-1.992096314620091	0.19110169228659224	13.321499966696251	17.522999824770004
1108	18153472	10	9.7	5.060632371551998	13.0	1.0	10	13.0	0.0	13.0	13.0	-0.006252846854553214	-2.0236970742919045	0.1831196810238545	12.49749996875625	15.011999849880002
1112	18219008	10	10.9	4.2059481689626175	13.0	2.0	10	12.7	0.9	13.0	10.0	-0.005777677408943056	-2.0716136170255894	0.1595390665489148	11.4869999712825	18.316999816830002
1116	18284544	10	8.7	5.273518749374084	13.0	2.0	10	11.6	3.32264954516723	13.0	2.0	-0.005468607785018018	-2.077168526532444	0.17139812231141088	10.166249974584375	33.802999661970006
1120	18350080	10	11.7	3.9	13.0	0.0	10	11.9	3.3	13.0	2.0	-0.004859907154341317	-2.009476465274186	0.292963643062145	10.088749974778127	18.182999818170003
1124	18415616	10	10.9	4.2059481689626175	13.0	2.0	10	9.8	4.894895300208167	13.0	2.0	-0.004740099914479686	-2.0523557027526644	0.1861018700486529	10.74849997312875	34.23399965766001
1128	18481152	10	12.0	3.0	13.0	3.0	10	11.5	3.6124783736376886	13.0	1.0	-0.005223254721145259	-2.1521731165789846	0.17656348348929082	10.032249974919376	19.965999800340004
1132	18546688	10	11.6	3.32264954516723	13.0	2.0	10	12.0	3.0	13.0	3.0	-0.005677918936892662	-2.0840827721173247	0.17472642347880066	11.31349997171625	28.518999714810004
1136	18612224	10	10.0	4.58257569495584	13.0	3.0	10	12.7	0.9	13.0	10.0	-0.005387891961360078	-2.0517155439007895	0.19220189096266643	11.11749997220625	14.726999852730003
1140	18677760	10	10.7	4.605431575867782	13.0	1.0	10	10.9	4.2059481689626175	13.0	2.0	-0.004840646241772376	-2.0567273632033034	0.1868137548638246	12.29749996925625	13.482999865170003
1144	18743296	10	10.9	4.2059481689626175	13.0	2.0	10	12.7	0.9	13.0	10.0	-0.005992866021170165	-2.0681732518306735	0.1709520852325602	12.933999967665	13.282999867170002
1148	18808832	10	10.8	4.422668877499197	13.0	1.0	10	13.0	0.0	13.0	13.0	-0.0054045240122356265	-2.063799517635102	0.1712802929314871	12.505249968736875	11.971999880280002
1152	18874368	10	8.7	5.292447448959697	13.0	1.0	10	12.7	0.9	13.0	10.0	-0.004454283615653524	-2.0165810247645237	0.23159202682546356	12.36149996909625	14.553999854460002
1156	18939904	10	9.4	5.553377350765928	13.0	0.0	10	9.6	4.6303347611160905	13.0	2.0	-0.004979052893240565	-2.1350138210019742	0.21319256293850156	10.65449997336375	30.188999698110006
1160	19005440	10	10.0	4.58257569495584	13.0	3.0	10	11.0	4.0	13.0	3.0	-0.005281958849744458	-2.1266647972434787	0.2927804879228768	10.740749973148125	29.604999703950003
1164	19070976	10	8.5	5.554277630799526	13.0	0.0	10	12.0	3.0	13.0	3.0	-0.004728384735055242	-2.0941077766621277	0.24334256239804988	11.555499971111251	16.88299983117
1168	19136512	10	6.4	5.40740233383831	13.0	1.0	10	13.0	0.0	13.0	13.0	-0.004661470820913361	-2.1225071994239477	0.26468394197249995	11.857749970355625	14.134999858650001
1172	19202048	10	13.0	0.0	13.0	13.0	10	13.0	0.0	13.0	13.0	-0.005763030976601487	-2.2336562720594646	0.17891124928989985	12.707999968229998	7.905999920940001
1176	19267584	10	10.8	4.422668877499197	13.0	1.0	10	12.7	0.9	13.0	10.0	-0.005733028970410834	-2.1510400124137075	0.2742677988819688	10.85049997287375	26.780999732190004
1180	19333120	10	6.9	6.122907805936653	13.0	0.0	10	12.0	3.0	13.0	3.0	-0.005477071256524169	-2.1466257569938003	0.19924279067452536	10.820749972948125	20.088999799110002
1184	19398656	10	11.9	3.3000000000000003	13.0	2.0	10	11.6	3.32264954516723	13.0	2.0	-0.005895605310183565	-2.0329429207114678	0.19238933329018604	10.29999997425	18.357999816420005
1188	19464192	10	10.9	4.2059481689626175	13.0	2.0	10	11.9	3.3	13.0	2.0	-0.005832214261922995	-2.091494212330074	0.18437610634544666	11.227999971930002	16.13599983864
1192	19529728	10	10.8	4.4	13.0	2.0	10	11.7	3.0347981810987035	13.0	3.0	-0.005376593798595609	-2.061627755347711	0.1886047980706874	12.440749968898125	25.947999740520004
1196	19595264	10	7.9	5.107837115648853	13.0	2.0	10	12.7	0.9	13.0	10.0	-0.004941950979719561	-2.0143071150171603	0.1669808368335076	12.131249969671876	11.248999887510003
1200	19660800	10	10.7	4.605431575867782	13.0	1.0	10	13.0	0.0	13.0	13.0	-0.00507030111907863	-1.945937443321897	0.1690814905468578	13.944749965138124	8.165999918340002
1204	19726336	10	10.9	4.2059481689626175	13.0	2.0	10	12.7	0.9	13.0	10.0	-0.004676363988253558	-2.0736389356678355	0.14563848670451957	12.91849996770375	18.466999815330002
1208	19791872	10	9.8	4.894895300208167	13.0	2.0	10	12.7	0.9	13.0	10.0	-0.004870223181668614	-2.0355763296649396	0.1896911709915071	11.81349997046625	16.497999835020003
1212	19857408	10	11.9	3.3	13.0	2.0	10	11.8	3.6	13.0	1.0	-0.005764732544175559	-1.9600822613085014	0.19282237446100126	10.241249974396874	33.65899966341001
1216	19922944	10	12.0	3.0	13.0	3.0	10	9.9	4.742362280551751	13.0	2.0	-0.005937084804815347	-2.0676271267565025	0.1626599936110962	10.272749974318124	21.566999784330005
1220	19988480	10	8.7	5.273518749374084	13.0	2.0	10	11.0	4.0	13.0	3.0	-0.004502099744196157	-2.0249021386481063	0.18310013209735407	10.493999973765	34.017999659820006
1224	20054016	10	9.2	5.230678732248808	13.0	1.0	10	12.0	3.0	13.0	3.0	-0.00479978897005846	-2.025878593114586	0.1897105644259427	10.781749973045626	16.840999831590004
1228	20119552	10	9.8	4.894895300208167	13.0	2.0	10	11.7	3.9	13.0	0.0	-0.0052803912737804755	-2.040483489420056	0.1940320523564063	11.104249972239376	31.853999681460003
1232	20185088	10	10.7	4.605431575867782	13.0	1.0	10	12.0	3.0	13.0	3.0	-0.005615177197514834	-2.015959318517259	0.15141331565851782	10.542749973643126	18.575999814240003
1236	20250624	10	8.8	5.1536394906900505	13.0	2.0	10	13.0	0.0	13.0	13.0	-0.00592747875815601	-1.9531099868766482	0.16252204680985044	11.986249970034375	12.349999876500002
1240	20316160	10	11.6	3.32264954516723	13.0	2.0	10	9.8	4.915282290977803	13.0	1.0	-0.0063641704806327	-2.0321076038349846	0.13472401442465498	14.076749964808126	11.030999889690003
1244	20381696	10	7.2	5.861740355901138	13.0	0.0	10	9.7	5.060632371551998	13.0	1.0	-0.006289904994700556	-2.0686990393033433	0.18541616502149175	13.001749967495627	22.693999773060003
1248	20447232	10	8.5	5.5362442142665635	13.0	1.0	10	11.0	4.0	13.0	3.0	-0.006671031397887372	-1.97263602643525	0.11536827119572982	12.867999967830002	25.171999748280005
1252	20512768	10	7.6	5.425863986500215	13.0	1.0	10	13.0	0.0	13.0	13.0	-0.005016272188573087	-1.8160070601200835	0.1696179133352779	11.875249970311875	13.905999860940003
1256	20578304	10	9.3	5.1000000000000005	13.0	1.0	10	11.0	4.0	13.0	3.0	-0.00489100937505993	-1.8852322993698905	0.1875466784887853	11.87449997031375	18.880999811190005
1260	20643840	10	11.9	3.3	13.0	2.0	10	11.9	3.3	13.0	2.0	-0.00599057914403652	-1.8910422795034545	0.18869162302361353	11.311999971719999	30.922999690770002
1264	20709376	10	8.3	5.780138406647371	13.0	0.0	10	12.0	3.0	13.0	3.0	-0.005773070231351808	-1.83230620479372	0.15833879462346132	10.76149997309625	31.995999680040004
1268	20774912	10	7.5	5.5362442142665635	13.0	1.0	10	13.0	0.0	13.0	13.0	-0.004875892270721625	-1.8791484048495262	0.13821254638136163	10.664749973338127	24.198999758010004
1272	20840448	10	11.9	3.3	13.0	2.0	10	13.0	0.0	13.0	13.0	-0.0040479826234662815	-1.9234039942903483	0.1639532013237434	11.222749971943127	15.751999842480004
1276	20905984	10	8.6	5.407402333838309	13.0	1.0	10	13.0	0.0	13.0	13.0	-0.005702511907669344	-1.987214013727134	0.1835499454176087	12.16549996958625	12.896999871030003
1280	20971520	10	8.5	5.554277630799526	13.0	0.0	10	11.9	3.3	13.0	2.0	-0.005161303352065742	-2.019201915500831	0.18894233537111477	13.174749967063127	12.710999872890003
1284	21037056	10	9.9	4.742362280551751	13.0	2.0	10	13.0	0.0	13.0	13.0	-0.004784238735239386	-1.9819091134192364	0.18973577416388168	13.492749966268125	10.85399989146
1288	21102592	10	11.0	4.0	13.0	3.0	10	13.0	0.0	13.0	13.0	-0.0050716595985727175	-1.987960484913535	0.14269596057388906	12.236749969408127	20.432999795670003
1292	21168128	10	8.7	5.273518749374084	13.0	2.0	10	10.5	4.364630568559039	13.0	1.0	-0.005818030616865429	-1.933576008724421	0.16621380576995134	11.538749971153125	26.93199973068
1296	21233664	10	12.0	3.0	13.0	3.0	10	11.7	3.9	13.0	0.0	-0.0051447423121111805	-1.9973753204351266	0.1483201942795366	12.643249968391876	27.282999727170004
1300	21299200	10	9.4	4.94368283772331	13.0	1.0	10	11.6	3.32264954516723	13.0	2.0	-0.005528362036814987	-1.9445728136063583	0.1630503083797449	11.528249971179376	26.338999736610003
1304	21364736	10	8.7	5.273518749374084	13.0	2.0	10	9.8	4.915282290977803	13.0	1.0	-0.005071442103222417	-1.913979566146239	0.1484496349624633	11.4829999712925	26.999999730000006
1308	21430272	10	8.9	5.028916384272063	13.0	2.0	10	10.9	4.2059481689626175	13.0	2.0	-0.006164710975366633	-1.9282325913983682	0.1725669755265415	11.0369999724075	27.834999721650004
1312	21495808	10	10.4	4.5431266766402185	13.0	1.0	10	12.0	3.0	13.0	3.0	-0.0061064377253393235	-1.9262619202812679	0.16911190280791852	11.0049999724875	28.108999718910006
1316	21561344	10	10.9	4.2059481689626175	13.0	2.0	10	11.9	3.3	13.0	2.0	-0.003819088550604577	-1.874014340145881	0.16185286274666932	10.965999972585	25.643999743560002
1320	21626880	10	9.6	5.2	13.0	1.0	10	13.0	0.0	13.0	13.0	-0.005627203494461509	-1.968407425824401	0.17540133478776399	10.662749973343127	16.34199983658
1324	21692416	10	9.6	5.238320341483519	13.0	0.0	10	11.8	3.6	13.0	1.0	-0.005655291028857044	-1.8959416509183207	0.1697456735630342	11.835249970411878	27.225999727740003
1328	21757952	10	9.6	5.238320341483519	13.0	0.0	10	12.7	0.9	13.0	10.0	-0.005334137412066776	-1.9998465091390418	0.12392680400002035	11.576749971058126	24.051999759480005
1332	21823488	10	9.8	4.915282290977803	13.0	1.0	10	13.0	0.0	13.0	13.0	-0.005973329167908735	-1.9332812339537149	0.1428305800700169	11.072499972318752	14.656999853430003
1336	21889024	10	9.5	5.371219600798314	13.0	0.0	10	13.0	0.0	13.0	13.0	-0.004194794520589821	-1.9401681545342588	0.18563936889410942	12.041749969895626	15.586999844130002
1340	21954560	10	8.6	5.407402333838309	13.0	1.0	10	11.7	3.0347981810987035	13.0	3.0	-0.005807134842448153	-1.9722945352824428	0.14994187736874068	12.861249967846874	11.052999889470003
1344	22020096	10	12.7	0.9	13.0	10.0	10	13.0	0.0	13.0	13.0	-0.004742822980421618	-1.9836486041963093	0.11831912016815775	13.13149996717125	9.265999907340001
1348	22085632	10	10.9	4.2059481689626175	13.0	2.0	10	12.0	3.0	13.0	3.0	-0.004869825121303541	-2.039701805547994	0.14454185417899854	11.043249972391875	18.389999816100005
1352	22151168	10	7.8	5.2115256883181535	13.0	2.0	10	11.7	3.9	13.0	0.0	-0.005197190936152236	-2.059661008203058	0.14568178835359627	11.057999972355	17.54799982452
1356	22216704	10	10.8	4.4	13.0	2.0	10	13.0	0.0	13.0	13.0	-0.005390970244403335	-2.0939458805128273	0.14512495881297444	11.639249970901876	19.276999807230006
1360	22282240	10	8.8	5.1536394906900505	13.0	2.0	10	10.9	4.2059481689626175	13.0	2.0	-0.005607320506919173	-2.105094540644948	0.2085992363840359	13.035249967411875	27.310999726890003
1364	22347776	10	9.9	4.742362280551751	13.0	2.0	10	13.0	0.0	13.0	13.0	-0.005968832395698314	-2.0279250440869294	0.1166932102714492	11.4709999713225	23.394999766050002
1368	22413312	10	9.7	5.1000000000000005	13.0	0.0	10	13.0	0.0	13.0	13.0	-0.005850200642571473	-1.9769597026633228	0.1539145592284559	12.314749969213125	14.298999857010001
1372	22478848	10	9.7	5.1000000000000005	13.0	0.0	10	13.0	0.0	13.0	13.0	-0.006052373449444355	-1.9371736271151627	0.14029753571466974	13.942749965143125	14.712999852870002
1376	22544384	10	9.5	5.371219600798314	13.0	0.0	10	13.0	0.0	13.0	13.0	-0.0042356074101749545	-1.959789424930514	0.08871667026006046	11.30149997174625	21.358999786410006
1380	22609920	10	9.9	4.742362280551751	13.0	2.0	10	11.9	3.3	13.0	2.0	-0.003983759636148895	-1.931652964202018	0.1267850307305213	11.05549997236125	31.098999689010004
1384	22675456	10	10.9	4.2059481689626175	13.0	2.0	10	11.5	3.6124783736376886	13.0	1.0	-0.005480907359656695	-2.0146006678926485	0.19804757672316897	10.428999973927498	30.912999690870006
1388	22740992	10	9.6	4.6303347611160905	13.0	2.0	10	13.0	0.0	13.0	13.0	-0.005450057282398536	-2.0567283404711247	0.17711938170733815	10.49949997375125	18.642999813570004
1392	22806528	10	12.0	3.0	13.0	3.0	10	11.9	3.3	13.0	2.0	-0.005415939587128104	-2.0254174394285873	0.17751212726671148	10.86399997284	30.872999691270007
1396	22872064	10	9.6	5.2	13.0	1.0	10	11.9	3.3	13.0	2.0	-0.006090904704223303	-2.0295586112014306	0.13050929319771887	11.221249971946877	29.634999703650006
1400	22937600	10	9.8	4.894895300208167	13.0	2.0	10	13.0	0.0	13.0	13.0	-0.005335258846925116	-1.9840599594433665	0.12584082381265077	12.481499968796252	5.3259999467400005
1404	23003136	10	9.5	5.352569476429054	13.0	1.0	10	13.0	0.0	13.0	13.0	-0.004268170583762023	-1.9036493485673147	0.09060196175926023	11.7649999705875	12.248999877510002
1408	23068672	10	9.9	4.742362280551751	13.0	2.0	10	11.8	3.6	13.0	1.0	-0.004824701004915746	-1.8383928957653348	0.07974508539718947	12.2249999694375	23.600999763990004
1412	23134208	10	7.2	5.844655678480984	13.0	0.0	10	13.0	0.0	13.0	13.0	-0.0042756684629332966	-1.8816430666076096	0.11057117172762082	12.081749969795625	18.555999814440003
1416	23199744	10	11.9	3.3	13.0	2.0	10	11.9	3.3	13.0	2.0	-0.004498390514361855	-1.8336308584190704	0.10967595835315648	11.1349999721625	28.119999718800006
1420	23265280	10	6.7	5.158488150611572	13.0	2.0	10	13.0	0.0	13.0	13.0	-0.005046281916980088	-1.7912919196607364	0.08604009122622812	11.854749970363127	16.781999832180002
1424	23330816	10	8.6	5.407402333838309	13.0	1.0	10	13.0	0.0	13.0	13.0	-0.0044086563061637805	-1.7807703624797588	0.1060389736168767	10.616499973458751	20.531999794680004
1428	23396352	10	8.6	5.44426303552648	13.0	0.0	10	11.6	3.32264954516723	13.0	2.0	-0.004151540378665698	-1.8004455167166487	0.0844434394878849	10.71649997320875	17.755999822440003
1432	23461888	10	9.8	4.894895300208167	13.0	2.0	10	12.0	3.0	13.0	3.0	-0.004980634344455716	-1.7122044822280231	0.12800563303972545	11.044999972387503	31.939999680600007
1436	23527424	10	11.7	3.034798181098703	13.0	3.0	10	13.0	0.0	13.0	13.0	-0.004484717510561514	-1.8144858415521554	0.10537277785739636	11.639749970900626	14.588999854110003
1440	23592960	10	10.7	4.605431575867782	13.0	1.0	10	12.7	0.9	13.0	10.0	-0.005419560711179005	-1.7685887414361536	0.10189886322192487	12.702499968243751	10.020999899790002
1444	23658496	10	10.9	4.2059481689626175	13.0	2.0	10	12.7	0.9	13.0	10.0	-0.005518095450832332	-1.7736332712710112	0.08763124171973387	12.55649996860875	14.893999851060002
1448	23724032	10	8.6	5.40740233383831	13.0	1.0	10	13.0	0.0	13.0	13.0	-0.004277749478972866	-1.7637992474586288	0.11732056258421196	12.66049996834875	14.568999854310004
1452	23789568	10	9.9	4.742362280551751	13.0	2.0	10	13.0	0.0	13.0	13.0	-0.004961986588961455	-1.6814460926489905	0.09633365827385204	11.841999970395	16.192999838070005
1456	23855104	10	9.7	5.060632371551998	13.0	1.0	10	13.0	0.0	13.0	13.0	-0.005224606019269182	-1.6562807086371643	0.06951547963402682	11.2349999719125	16.391999836080004
1460	23920640	10	11.0	4.0	13.0	3.0	10	13.0	0.0	13.0	13.0	-0.003077729357435146	-1.7421356313599385	0.14079453775279135	11.966749970083125	13.144999868550002
1464	23986176	10	7.4	5.660388679233963	13.0	0.0	10	13.0	0.0	13.0	13.0	-0.004006015018792684	-1.7289105850644018	0.1497769181577002	12.901999967744997	12.188999878110002
1468	24051712	10	10.8	4.4	13.0	2.0	10	13.0	0.0	13.0	13.0	-0.0045177039132636996	-1.7567603462097945	0.09713975729107399	12.70449996823875	15.164999848350002
1472	24117248	10	9.1	5.374941860150676	13.0	1.0	10	13.0	0.0	13.0	13.0	-0.0040173994028675315	-1.7392294082220678	0.09890273476231028	11.30849997172875	16.452999835470003
1476	24182784	10	10.5	4.364630568559039	13.0	1.0	10	13.0	0.0	13.0	13.0	-0.003914934718418359	-1.7100380148199095	0.08603138685261602	9.9569999751075	34.358999656410006
1480	24248320	10	9.6	5.2	13.0	1.0	10	12.0	3.0	13.0	3.0	-0.005786522685112312	-1.7340630166909796	0.09171439436628351	10.893999972764998	20.46699979533
1484	24313856	10	10.6	4.1521078984053394	13.0	2.0	10	13.0	0.0	13.0	13.0	-0.005340073994425488	-1.6787039598564057	0.06836513436929026	11.119249972201876	16.243999837560004
1488	24379392	10	9.7	5.060632371551998	13.0	1.0	10	13.0	0.0	13.0	13.0	-0.004079099436117888	-1.6179208989742881	0.09086230006286615	11.842749970393125	13.798999862010001
1492	24444928	10	8.8	5.1536394906900505	13.0	2.0	10	10.7	4.605431575867782	13.0	1.0	-0.004411043972287606	-1.637462510246336	0.0955271768517005	12.461499968846251	27.992999720070003
1496	24510464	10	13.0	0.0	13.0	13.0	10	11.7	3.0347981810987035	13.0	3.0	-0.004273423701467637	-1.8024353482435156	0.10413182486937043	12.638249968404377	8.60699991393
1500	24576000	10	11.0	4.0	13.0	3.0	10	12.0	3.0	13.0	3.0	-0.006790732173511884	-1.6966745131433911	0.07315015831859933	10.5999999735	32.52799967472001
1504	24641536	10	9.6	5.2	13.0	1.0	10	13.0	0.0	13.0	13.0	-0.0043290059373589625	-1.742127697733367	0.0595244231455422	11.98149997004625	15.840999841590001
1508	24707072	10	11.0	4.0	13.0	3.0	10	13.0	0.0	13.0	13.0	-0.00367293678292541	-1.5776528466091264	0.07544175272720119	12.023499969941248	15.640999843590002
1512	24772608	10	9.6	5.2	13.0	1.0	10	13.0	0.0	13.0	13.0	-0.004097189261481076	-1.6996074776567847	0.060026213636888356	10.980249972549375	17.28099982719
1516	24838144	10	12.7	0.9	13.0	10.0	10	11.8	3.6	13.0	1.0	-0.006015352043181683	-1.7436629680962996	0.052467404325692864	11.725999970685	12.783999872160003
1520	24903680	10	11.9	3.3000000000000003	13.0	2.0	10	13.0	0.0	13.0	13.0	-0.004157029205868837	-1.6636625079567753	0.07144186282174292	12.853999967864999	12.069999879300003
1524	24969216	10	9.6	5.2	13.0	1.0	10	13.0	0.0	13.0	13.0	-0.002937480566891793	-1.6446001527980476	0.08348651281852479	12.605999968485	15.229999847700002
