iter	frame	n_test	mean_returns	std_returns	max_returns	min_returns	n_test_train	mean_returns_train	std_returns_train	max_returns_train	min_returns_train	actor_loss	entropy_loss	value_loss	training_time	evaluation_time
0	0	10	1.0	0.6324555320336759	2.0	0.0	10	0.6	0.7999999999999999	2.0	0.0	0	0	0	0.0	27.103999728960005
4	65536	10	0.8	0.7483314773547883	2.0	0.0	10	1.8	2.8213471959331766	10.0	0.0	0.0022076877137325464	-2.59596190574546	0.10192556107752007	11.393999971515003	39.22699960773
8	131072	10	0.7	0.7810249675906655	2.0	0.0	10	0.8	0.7483314773547882	2.0	0.0	-0.0034926004466493852	-2.5549387929162335	0.055701593552191314	11.100999972247502	43.61799956382001
12	196608	10	0.8	0.8717797887081347	2.0	0.0	10	0.3	0.45825756949558405	1.0	0.0	-0.003715575405513948	-2.508635063704799	0.056740309299889054	11.210249971974374	45.426999545730006
16	262144	10	0.7	0.7810249675906655	2.0	0.0	10	1.1	0.5385164807134505	2.0	0.0	-0.004183033649364224	-2.515573943392657	0.09247752774785263	11.0629999723425	48.67799951322001
20	327680	10	1.8	3.8418745424597094	13.0	0.0	10	0.5	0.806225774829855	2.0	0.0	-0.005100445324159561	-2.527207848663134	0.08561081574182763	11.05149997237125	46.69299953307001
24	393216	10	0.8	1.077032961426901	3.0	0.0	10	2.0	3.714835124201342	13.0	0.0	-0.005517151557828377	-2.528884152307935	0.07958212655062373	10.535999973660001	46.95599953044001
28	458752	10	1.8	2.85657137141714	10.0	0.0	10	1.4	0.9165151389911681	3.0	0.0	-0.00534420751202674	-2.5281086760112728	0.07687818605505674	11.82249997044375	47.882999521170014
32	524288	10	2.2	2.749545416973504	10.0	0.0	10	2.7	3.551056180912941	13.0	0.0	-0.00504391212182082	-2.5465951633780897	0.0783788896627415	10.807749972980625	48.390999516090005
36	589824	10	1.1	1.044030650891055	3.0	0.0	10	2.6	3.5552777669262356	13.0	0.0	-0.005537681084538922	-2.5516489294493594	0.0862912428281411	11.358749971603126	47.55299952447
40	655360	10	3.5	4.8218253804964775	13.0	0.0	10	2.6	3.583294573433784	13.0	0.0	-0.005460424657371371	-2.517158989842789	0.10650007895171161	11.057499972356249	36.95299963047001
44	720896	10	4.8	5.3999999999999995	13.0	0.0	10	3.6	4.800000000000001	13.0	0.0	-0.0045849035736636136	-2.5121682656174698	0.16243817674942773	11.341749971645624	48.18399951816001
48	786432	10	2.8	3.515679166249389	13.0	0.0	10	1.6	0.8	3.0	1.0	-0.004763832812496778	-2.516704181567931	0.11572082164888907	10.716249973209374	46.06299953937001
52	851968	10	1.5	1.02469507659596	3.0	0.0	10	1.1	1.044030650891055	3.0	0.0	-0.005107274943003829	-2.5139199815555378	0.09487655532799806	11.398249971504374	35.737999642620004
56	917504	10	1.2	0.8717797887081347	3.0	0.0	10	2.6	3.5552777669262356	13.0	0.0	-0.004463458755849802	-2.5353853004516615	0.11636708206061076	11.429999971425	46.54799953452001
60	983040	10	5.1	5.262128846769148	13.0	0.0	10	1.3	0.9000000000000001	3.0	0.0	-0.004531166093766873	-2.535309282177839	0.11580366900070965	11.31149997172125	45.20899954791001
64	1048576	10	3.7	4.73392015141785	13.0	0.0	10	1.2	0.8717797887081348	2.0	0.0	-0.004051847242289354	-2.5264257463167956	0.12582363726347082	11.53149997117125	43.12899956871001
68	1114112	10	3.0	3.40587727318528	13.0	1.0	10	1.5	1.02469507659596	3.0	0.0	-0.004513309622916264	-2.554145017993627	0.07861152356447725	11.540249971149375	42.570999574290006
72	1179648	10	2.8	3.458323293158116	13.0	0.0	10	1.5	0.6708203932499369	3.0	1.0	-0.0055514338110068335	-2.5337601301414923	0.06851244659885175	11.613999970965	46.09699953903001
76	1245184	10	2.1	2.7730849247724096	10.0	0.0	10	2.6	3.611094017053558	13.0	0.0	-0.004456874704212965	-2.513842011229599	0.08574569336952906	11.672749970818126	44.41599955584
80	1310720	10	1.4	1.2806248474865698	3.0	0.0	10	1.4	0.9165151389911681	3.0	0.0	-0.005446423815898204	-2.526653028761408	0.06695364835983579	11.007249972481874	48.133999518660005
84	1376256	10	5.2	5.134199061197375	13.0	1.0	10	3.5	4.801041553663121	13.0	0.0	-0.004630339467260464	-2.497721984722311	0.15310994392451047	11.123999972190001	45.65299954347
88	1441792	10	4.0	4.516635916254486	13.0	1.0	10	1.6	0.9165151389911681	3.0	0.0	-0.004834237393982211	-2.504198598104135	0.09846720422446102	10.589499973526252	47.57099952429
92	1507328	10	2.3	3.634556369077249	13.0	0.0	10	3.4	3.261901286060018	13.0	1.0	-0.0045333646989827526	-2.5248553303234273	0.09543583354849897	10.77199997307	46.35199953648
96	1572864	10	2.6	3.4985711369071804	13.0	1.0	10	1.6	1.2806248474865698	3.0	0.0	-0.004948228667459807	-2.5181426477789417	0.0994475364077001	11.500749971248123	42.98699957013001
100	1638400	10	0.9	0.8306623862918076	2.0	0.0	10	1.9	0.8306623862918074	3.0	1.0	-0.004290803255124559	-2.51275058312865	0.1029098591427223	11.31949997170125	45.72199954278001
104	1703936	10	2.0	1.0954451150103321	3.0	0.0	10	2.4	2.690724809414742	10.0	0.0	-0.0038264596025586912	-2.4926373111592013	0.08122361727997843	11.01149997247125	43.573999564260006
108	1769472	10	2.3	3.689173349139343	13.0	0.0	10	1.0	0.8944271909999159	2.0	0.0	-0.004686648251175235	-2.477695012827908	0.06437256886962184	11.112749972218126	44.42299955577001
112	1835008	10	2.3	2.685144316419511	10.0	0.0	10	2.6	3.52703841770968	13.0	1.0	-0.004653017427821164	-2.516472192839909	0.1491815023124041	11.3089999717275	45.18099954819
116	1900544	10	3.2	4.308131845707604	13.0	0.0	10	2.4	3.693237062523878	13.0	0.0	-0.004050198927449056	-2.4835612125591235	0.12388602922311386	10.113749974715624	45.48999954510001
120	1966080	10	2.1	1.044030650891055	3.0	0.0	10	3.9	4.592385001282013	13.0	1.0	-0.0044370665680845784	-2.4737151659931857	0.110923701536463	10.762249973094375	45.191999548080005
124	2031616	10	1.7	1.1	3.0	0.0	10	2.5	3.5846896657869842	13.0	0.0	-0.004506635847808117	-2.506805881596746	0.08119229777491228	11.11249997221875	46.76499953235001
128	2097152	10	6.1	5.6824290580701495	13.0	0.0	10	1.2	1.16619037896906	3.0	0.0	-0.0037581347262277977	-2.501553982235683	0.11513570124481086	10.532749973668125	44.13399955866001
132	2162688	10	2.0	1.0954451150103321	3.0	0.0	10	1.8	0.8717797887081347	3.0	0.0	-0.004305843365279398	-2.517448280986176	0.12448401743956844	10.761249973096875	44.482999555170004
136	2228224	10	1.7	1.004987562112089	3.0	0.0	10	3.0	2.5298221281347035	10.0	0.0	-0.004470284928315481	-2.5068195906650432	0.08563296911190771	10.892749972768124	43.66899956331
140	2293760	10	3.2	4.9959983987187195	13.0	0.0	10	2.8	3.57211421989835	13.0	0.0	-0.003908625043143124	-2.4917195536084216	0.09022549800799083	11.195249972011874	43.764999562350006
144	2359296	10	1.5	1.118033988749895	3.0	0.0	10	2.4	2.6532998322843193	10.0	0.0	-0.004505553471502906	-2.498282464581764	0.09553636966519781	10.852749972868125	41.47399958526
148	2424832	10	2.9	3.5057096285916205	13.0	0.0	10	1.6	1.019803902718557	3.0	0.0	-0.004429626224760793	-2.528624328210805	0.0827482342051759	11.151749972120625	41.81199958188
152	2490368	10	2.3	3.689173349139343	13.0	0.0	10	3.8	3.0919249667480613	13.0	2.0	-0.0053724016804317385	-2.5086366034914556	0.06167005204612915	11.640249970899376	34.58499965415
156	2555904	10	3.7	4.69148164229596	13.0	0.0	10	3.4	4.1521078984053394	13.0	0.0	-0.0034808952110336796	-2.521257954076555	0.09845954161275874	11.108249972229375	42.32699957673
160	2621440	10	2.7	3.551056180912941	13.0	0.0	10	2.6	2.615339366124404	10.0	0.0	-0.004768695676939838	-2.5340126402520036	0.10131888860790152	12.065249969836874	42.844999571550005
164	2686976	10	1.8	3.7894590642992827	13.0	0.0	10	2.5	3.556683848755748	13.0	0.0	-0.004551288933251935	-2.5251723351431057	0.11043539733329291	11.151749972120625	46.03699953963001
168	2752512	10	2.8	3.4871191548325386	13.0	0.0	10	2.4	3.6660605559646724	13.0	0.0	-0.004724598569245135	-2.525143362318694	0.0760071758819577	10.3089999742275	42.91399957086001
172	2818048	10	1.5	0.9219544457292888	3.0	0.0	10	1.1	1.044030650891055	3.0	0.0	-0.004077523012589449	-2.5130398767555637	0.12067396227410328	11.582999971042499	46.26399953736001
176	2883584	10	2.0	1.0	3.0	0.0	10	3.0	3.4351128074635335	13.0	0.0	-0.004585455897669346	-2.5012201962249754	0.12249856468100606	11.12049997219875	39.01599960984
180	2949120	10	2.0	0.6324555320336759	3.0	1.0	10	2.8	3.5999999999999996	13.0	0.0	-0.004420403963037691	-2.501935943700525	0.08552055919505781	10.226249974434376	43.76899956231001
184	3014656	10	1.9	1.044030650891055	3.0	0.0	10	2.3	0.7810249675906654	3.0	1.0	-0.005796904219098662	-2.5170531915983236	0.08201358719689486	10.923249972691874	44.34699955653001
188	3080192	10	1.5	1.02469507659596	3.0	0.0	10	1.9	0.9433981132056605	3.0	0.0	-0.005155103120532269	-2.4918537460155386	0.1380998613363012	10.321999974195002	42.51599957484
192	3145728	10	2.5	3.5846896657869842	13.0	0.0	10	0.9	1.044030650891055	3.0	0.0	-0.004951766427226353	-2.4888345174382396	0.08414941590644547	10.16849997457875	43.30999956690001
196	3211264	10	1.1	0.9433981132056604	3.0	0.0	10	2.3	2.794637722496424	10.0	0.0	-0.005156474117098771	-2.500996735928209	0.1178029624544928	10.873249972816875	47.921999520780005
200	3276800	10	2.8	3.4583232931581165	13.0	1.0	10	2.9	3.5057096285916205	13.0	0.0	-0.00445070582114287	-2.5060074947647513	0.06897772863409633	10.660249973349375	44.77699955223001
204	3342336	10	2.7	2.5317977802344322	10.0	1.0	10	2.6	3.5832945734337835	13.0	0.0	-0.005142339279164875	-2.5276021085530136	0.08716348884689397	10.578749973553125	42.25199957748001
208	3407872	10	1.9	0.8306623862918076	3.0	0.0	10	2.9	3.5341194094144583	13.0	0.0	-0.005526244324483194	-2.55024205121655	0.09040024087909196	10.56399997359	43.10599956894001
212	3473408	10	1.6	1.1135528725660044	3.0	0.0	10	4.2	4.48998886412873	13.0	0.0	-0.005255138288762084	-2.519757282968148	0.0910659139143748	11.116749972208126	41.119999588800006
216	3538944	10	4.3	4.405678154382137	13.0	1.0	10	2.9	3.477067730142742	13.0	0.0	-0.004873994236527417	-2.516080918149322	0.1051583314922839	10.528249973679376	42.329999576700004
220	3604480	10	2.8	3.627671429443411	13.0	0.0	10	2.5	3.5846896657869842	13.0	0.0	-0.0044496787833459474	-2.5181935898820043	0.13486893370817274	11.066749972333124	42.70499957295001
224	3670016	10	1.6	1.0198039027185568	3.0	0.0	10	2.3	0.6403124237432849	3.0	1.0	-0.005201108607620248	-2.492684950171533	0.10271756772899804	10.887249972781877	42.57199957428001
228	3735552	10	2.5	2.5787593916455256	10.0	1.0	10	3.8	3.9949968710876353	13.0	0.0	-0.005355239020645953	-2.476602988680511	0.1360793227653762	10.985749972535627	38.52799961472
232	3801088	10	1.8	1.0770329614269007	3.0	0.0	10	2.4	3.6386810797320503	13.0	0.0	-0.005526280430210191	-2.4528848426965832	0.14736992860385242	11.926499970183752	42.44499957555001
236	3866624	10	2.8	3.54400902933387	13.0	0.0	10	2.2	2.891366458960192	10.0	0.0	-0.00529869189454966	-2.445418578628281	0.1363504754703021	10.609249973476874	43.339999566600014
240	3932160	10	4.0	4.58257569495584	13.0	0.0	10	2.2	3.709447398198282	13.0	0.0	-0.005115305499882619	-2.4645923845386193	0.1313181600474246	10.04649997488375	46.92299953077001
244	3997696	10	3.1	3.4190641994557516	13.0	0.0	10	3.0	2.4899799195977463	10.0	0.0	-0.005686504241883731	-2.477779519796556	0.13091354683850975	10.118249974704375	43.934999560650006
248	4063232	10	3.7	4.712748667179271	13.0	0.0	10	8.3	5.797413216254298	13.0	0.0	-0.0056666196827345515	-2.4654400395765697	0.14248149405922464	11.436749971408124	37.07899962921001
252	4128768	10	2.4	3.6660605559646724	13.0	0.0	10	7.8	5.230678732248808	13.0	1.0	-0.004804182240559171	-2.4591020964008017	0.13272788979593164	11.360249971599377	40.87599959124
256	4194304	10	4.9	4.784349485562275	13.0	0.0	10	4.5	4.295346318982906	13.0	1.0	-0.004888158844041888	-2.4663550950501203	0.12048402702888233	10.528749973678126	44.874999551250006
260	4259840	10	3.1	3.3600595232822883	13.0	1.0	10	3.3	3.318132004607411	13.0	1.0	-0.006249957707602798	-2.4636117738899306	0.10890469370090329	10.688249973279376	42.098999579010005
264	4325376	10	3.4	3.2924155266308657	13.0	1.0	10	4.7	4.196427051671457	13.0	1.0	-0.005016202172032974	-2.4770774416528734	0.13405433509188977	10.250249974374377	43.418999565810005
268	4390912	10	6.6	5.276362383309167	13.0	1.0	10	2.7	3.5227829907617076	13.0	0.0	-0.004882823100561616	-2.459214719377093	0.14580280021797762	9.9649999750875	47.07799952922001
272	4456448	10	5.5	4.964876634922564	13.0	1.0	10	3.5	3.383784863137726	10.0	0.0	-0.005301851989672982	-2.4536670717027924	0.11901844179104518	10.424999973937501	43.614999563850006
276	4521984	10	5.4	5.0039984012787215	13.0	1.0	10	4.1	3.8587562763149474	13.0	0.0	-0.005210633098070696	-2.4378479070905574	0.14552392029084582	10.702249973244376	43.02799956972
280	4587520	10	5.1	4.592385001282013	13.0	2.0	10	2.5	0.5	3.0	2.0	-0.005965308862854221	-2.424742003029334	0.23952590485402334	10.081999974795	45.33199954668001
284	4653056	10	2.5	3.6124783736376886	13.0	0.0	10	6.2	5.582114294781145	13.0	1.0	-0.005163318974223601	-2.421493462965973	0.179028133920682	10.598249973504375	46.35899953641001
288	4718592	10	1.7	1.1	3.0	0.0	10	4.4	4.409081537009721	13.0	0.0	-0.005887804734198339	-2.3908251322798963	0.1964899720031361	10.50249997374375	43.3699995663
292	4784128	10	1.6	1.1135528725660044	3.0	0.0	10	4.0	4.58257569495584	13.0	0.0	-0.006970236130535657	-2.392523862172291	0.23252391409190304	9.721499975696249	43.04499956955001
296	4849664	10	5.5	4.964876634922564	13.0	1.0	10	3.2	3.4000000000000004	13.0	0.0	-0.006200439953278432	-2.4062475286401175	0.23136548617928182	10.805999972985001	40.603999593960005
300	4915200	10	6.0	5.761944116355173	13.0	0.0	10	5.9	5.281098370604357	13.0	1.0	-0.005957888914039627	-2.400521389890002	0.2824464204116497	11.2989999717525	39.93699960063
304	4980736	10	6.4	5.462600113499065	13.0	0.0	10	4.1	4.548626166217663	13.0	0.0	-0.006327461586450802	-2.329202033336724	0.23261195030744755	10.8769999728075	43.79699956203
308	5046272	10	4.0	4.604345773288535	13.0	0.0	10	6.0	5.796550698475776	13.0	0.0	-0.006333666028338414	-2.3024857811714874	0.24179096137138342	10.049999974875002	44.418999555810004
312	5111808	10	3.5	4.8425200051213	13.0	0.0	10	4.4	4.34050688284214	13.0	1.0	-0.006232931549632479	-2.3378793644456617	0.2071845586351058	10.725249973186877	41.44699958553001
316	5177344	10	5.5	4.984977432245807	13.0	0.0	10	4.0	4.538722287164087	13.0	1.0	-0.0051133084314166745	-2.389703916757724	0.19193465369306423	11.44049997139875	36.73899963261
320	5242880	10	3.3	3.318132004607411	13.0	1.0	10	5.0	5.291502622129181	13.0	0.0	-0.006960847128117248	-2.3461888281047187	0.20304090744873843	12.114249969714376	38.94799961052001
324	5308416	10	7.5	5.554277630799526	13.0	0.0	10	8.2	5.89576118919347	13.0	0.0	-0.005609970626535392	-2.330850715195728	0.2475652129441906	10.977999972555	39.22899960771001
328	5373952	10	4.1	4.548626166217664	13.0	0.0	10	4.6	4.983974317750845	13.0	0.0	-0.005329210832062895	-2.2630816646046426	0.33909412671694494	10.808499972978751	43.05199956948
332	5439488	10	7.1	5.412023651093923	13.0	0.0	10	7.0	4.959838707054898	13.0	1.0	-0.00630194617340587	-2.3084378860969768	0.23673724520348138	10.76399997309	39.83399960166001
336	5505024	10	6.7	5.158488150611572	13.0	2.0	10	5.5	4.964876634922564	13.0	1.0	-0.004892387915581818	-2.2914784821467804	0.2749940937408952	11.840249970399377	34.00099965999
340	5570560	10	4.7	4.94064773081425	13.0	0.0	10	6.8	5.075431016179809	13.0	2.0	-0.0054420494531860104	-2.3243920452955065	0.27835842219075757	11.913999970215002	36.75399963246
344	5636096	10	3.6	4.8207883172775805	13.0	0.0	10	7.0	6.0332412515993425	13.0	0.0	-0.0057015429550547085	-2.3278577896514596	0.2925471025214336	11.732249970669375	38.191999618080004
348	5701632	10	4.9	5.374941860150676	13.0	0.0	10	4.7	4.196427051671457	13.0	1.0	-0.00582349675399475	-2.3237205964886547	0.2576489241835808	11.340499971648748	42.631999573680005
352	5767168	10	7.6	5.4258639865002145	13.0	1.0	10	4.0	4.604345773288535	13.0	0.0	-0.0060829519491592725	-2.3062601012569375	0.30658691171467506	10.109749974725625	44.95899955041001
356	5832704	10	5.4	5.0039984012787215	13.0	1.0	10	8.6	5.40740233383831	13.0	1.0	-0.006921416579529195	-2.344775199645889	0.2168352165188771	10.491499973771251	40.27099959729001
360	5898240	10	8.4	5.6780278266313555	13.0	0.0	10	7.5	5.5362442142665635	13.0	1.0	-0.0065184174544993725	-2.3237432164513447	0.19550398967986296	11.465749971335626	40.223999597760006
364	5963776	10	4.0	4.58257569495584	13.0	0.0	10	7.3	5.21632054229799	13.0	1.0	-0.005790187770499113	-2.316533480840021	0.1960141657026573	10.65999997335	41.81899958181001
368	6029312	10	5.4	5.0635955604688645	13.0	0.0	10	7.6	5.4626001134990645	13.0	0.0	-0.006461475277859139	-2.240967194005864	0.24401038696310284	10.810749972973126	39.36199960638001
372	6094848	10	7.4	5.624944444170093	13.0	1.0	10	5.2	5.15363949069005	13.0	1.0	-0.0058659979737617374	-2.2100498773338986	0.22884117281785035	12.110249969724375	37.47499962525001
376	6160384	10	6.2	5.617828762075256	13.0	0.0	10	8.7	5.273518749374084	13.0	2.0	-0.004824765611781375	-2.183627262484064	0.2972589738667807	11.09599997226	23.990999760090002
380	6225920	10	7.4	5.102940328869229	13.0	1.0	10	9.5	4.780167361086848	13.0	2.0	-0.0071227885435754396	-2.20501833386102	0.2697956710772811	11.852499970368749	35.913999640860006
384	6291456	10	8.2	5.362835071116769	13.0	1.0	10	5.6	4.882622246293481	13.0	1.0	-0.006156954001770065	-2.2064652241951577	0.27351229386659476	11.516499971208749	38.07599961924001
388	6356992	10	4.0	4.58257569495584	13.0	0.0	10	7.5	5.518151864528558	13.0	1.0	-0.005856961105863945	-2.2898731105127825	0.2673727303154408	10.969249972576876	35.92299964077001
392	6422528	10	2.8	3.515679166249389	13.0	0.0	10	6.5	5.333854141237834	13.0	1.0	-0.005860388419019238	-2.254614516857849	0.24487851386822523	11.806749970483127	38.1199996188
396	6488064	10	2.2	0.7483314773547882	3.0	1.0	10	5.3	5.119570294468081	13.0	0.0	-0.007095764790562774	-2.2068343259578906	0.2208744889516032	11.590749971023126	36.704999632950006
400	6553600	10	5.2	5.173006862551025	13.0	0.0	10	10.9	4.2059481689626175	13.0	2.0	-0.005935939750985934	-2.2546463680898974	0.24683845420901188	11.188999972027501	36.39599963604001
404	6619136	10	2.7	3.5791060336346563	13.0	0.0	10	8.4	5.1613951602255765	13.0	0.0	-0.006797107450033621	-2.253892041508021	0.26372237881071536	11.681249970796875	38.195999618040005
408	6684672	10	6.5	5.333854141237834	13.0	1.0	10	9.4	4.94368283772331	13.0	1.0	-0.005483439426860636	-2.3032105264648703	0.23767202671004162	11.05649997235875	40.76499959235001
412	6750208	10	7.2	5.861740355901138	13.0	0.0	10	6.4	5.4626001134990645	13.0	0.0	-0.0056800402762893255	-2.248154816293978	0.28058405264151953	10.853249972866875	42.87599957124
416	6815744	10	5.2	5.173006862551025	13.0	0.0	10	5.1	5.204805471869242	13.0	1.0	-0.0059088842068891366	-2.2614576516179925	0.22977450006421046	9.771749975570627	44.12999955870001
420	6881280	10	8.7	5.273518749374084	13.0	2.0	10	6.9	5.028916384272063	13.0	1.0	-0.005653122563082919	-2.242302300795791	0.20825983868915574	10.025999974935	42.52599957474001
424	6946816	10	7.0	6.016643582596529	13.0	0.0	10	6.4	5.425863986500215	13.0	1.0	-0.00452660902327039	-2.1878086400733308	0.26007530478535007	9.744999975637501	43.57799956422001
428	7012352	10	7.5	5.5362442142665635	13.0	1.0	10	7.5	5.554277630799526	13.0	0.0	-0.0066958805781721555	-2.2153153069493245	0.24392956523788184	9.4549999763625	44.90099955099001
432	7077888	10	9.9	4.742362280551751	13.0	2.0	10	6.1	4.52658811910251	13.0	2.0	-0.005050578287489962	-2.2109342587671343	0.2044162191237662	10.87199997282	32.198999678010004
436	7143424	10	4.2	4.48998886412873	13.0	0.0	10	6.8	5.134199061197375	13.0	1.0	-0.005134987125298003	-2.2637888414289797	0.21583757966371156	10.40749997398125	44.402999555970005
440	7208960	10	3.2	3.3406586176980135	13.0	1.0	10	9.5	5.352569476429054	13.0	1.0	-0.006021665643836049	-2.228765802846647	0.21546056678136916	9.030999977422502	37.84899962151
444	7274496	10	6.3	5.496362433464518	13.0	1.0	10	6.3	4.960846701924985	13.0	1.0	-0.005452671087710307	-2.243875704471978	0.21300884124466715	10.001749974995624	43.890999561090005
448	7340032	10	6.4	5.425863986500215	13.0	1.0	10	6.9	5.008991914547277	13.0	2.0	-0.006308649159058515	-2.248490057651429	0.24543983401347075	10.61149997347125	20.9499997905
452	7405568	10	6.0	5.779273310719955	13.0	0.0	10	5.1	4.635730794599704	13.0	1.0	-0.006237183414322292	-2.1907916588289327	0.26492410491875873	11.375749971560623	33.5799996642
456	7471104	10	6.2	5.653317610041028	13.0	0.0	10	7.4	5.624944444170094	13.0	1.0	-0.004834671863239182	-2.198508093525439	0.30929507839686476	10.198999974502499	41.79799958202001
460	7536640	10	5.2	5.15363949069005	13.0	1.0	10	8.5	5.5362442142665635	13.0	1.0	-0.005826318235752021	-2.343115682159172	0.16039957321751205	11.047999972379998	38.488999615110004
464	7602176	10	7.6	5.44426303552648	13.0	1.0	10	6.5	5.463515351859094	13.0	0.0	-0.004877058426040777	-2.2401645975958324	0.2860924250458688	11.419749971450626	35.56099964439001
468	7667712	10	5.3	5.119570294468081	13.0	0.0	10	8.3	4.670117771534247	13.0	2.0	-0.005665692143657993	-2.249289631609266	0.255584982818067	11.749749970625624	38.259999617400005
472	7733248	10	7.4	5.660388679233963	13.0	0.0	10	5.1	5.223983154643591	13.0	0.0	-0.006475941643589031	-2.2170565573051815	0.22909793720988167	11.084499972288748	38.63299961367001
476	7798784	10	5.7	4.796873982084582	13.0	2.0	10	6.2	5.5641710972974225	13.0	1.0	-0.005405206592859875	-2.217072675394538	0.24575220589139163	11.544999971137498	38.90299961097001
480	7864320	10	5.3	5.060632371551998	13.0	1.0	10	7.7	5.330103188494571	13.0	1.0	-0.006029684328777335	-2.213254901039524	0.23572902767015697	11.24449997188875	42.04599957954001
484	7929856	10	8.3	5.780138406647369	13.0	0.0	10	6.8	5.075431016179809	13.0	2.0	-0.005994808541781882	-2.2187199366761745	0.24953253688795823	10.760499973098751	40.494999595050004
488	7995392	10	5.3	5.0803543183522155	13.0	1.0	10	7.4	5.083306010855534	13.0	2.0	-0.006385881537973493	-2.2314657914300895	0.30008266987257604	10.4069999739825	39.173999608260004
492	8060928	10	7.5	5.518151864528558	13.0	1.0	10	6.8	5.688585061331158	13.0	0.0	-0.0063192105947348365	-2.276233739913821	0.20407611820273205	11.344749971638125	39.307999606920006
496	8126464	10	5.5	4.964876634922564	13.0	1.0	10	8.8	5.15363949069005	13.0	2.0	-0.005859450534743612	-2.2887466920018267	0.20079120075722087	11.257749971855626	39.67299960327001
500	8192000	10	5.3	5.119570294468081	13.0	0.0	10	6.5	5.333854141237834	13.0	1.0	-0.005631506699520902	-2.3020104713823564	0.17883813410376256	11.68149997079625	24.367999756320003
504	8257536	10	6.6	5.2573757712379665	13.0	1.0	10	8.7	5.273518749374084	13.0	2.0	-0.005922244601595936	-2.243829416498261	0.2222718630375396	10.9409999726475	40.94699959053001
508	8323072	10	5.8	5.929586832149438	13.0	0.0	10	5.8	4.791659420284375	13.0	1.0	-0.005062856558124748	-2.2708825243134108	0.25199159170049107	11.063749972340625	42.36399957636
512	8388608	10	7.2	5.8275209137333865	13.0	0.0	10	8.4	5.102940328869229	13.0	2.0	-0.005248661766077497	-2.245138118430555	0.20178580910659452	10.80549997298625	41.14799958852001
516	8454144	10	5.3	5.1000000000000005	13.0	0.0	10	8.4	5.660388679233963	13.0	0.0	-0.004931499056906598	-2.285166558881981	0.2773722158456002	11.3589999716025	39.115999608840006
520	8519680	10	6.5	5.371219600798314	13.0	0.0	10	7.7	5.367494760127857	13.0	0.0	-0.006269224702872303	-2.311011331536047	0.25518349896941783	10.308249974229376	40.5499995945
524	8585216	10	5.3	5.119570294468081	13.0	0.0	10	10.4	4.586937976471886	13.0	0.0	-0.006527302976415508	-2.287088863313378	0.25327941803727716	10.110249974724375	42.96199957038001
528	8650752	10	7.7	5.330103188494571	13.0	1.0	10	7.6	4.882622246293481	13.0	2.0	-0.005997334953141438	-2.2307883225541163	0.2764608091386765	9.695999975759998	46.52799953472
532	8716288	10	4.2	4.445222154178574	13.0	1.0	10	6.7	5.1778373863998475	13.0	1.0	-0.006006281235366943	-2.2038271300682544	0.22216368580716792	9.68449997578875	43.77199956228001
536	8781824	10	8.5	5.5362442142665635	13.0	1.0	10	12.0	3.0	13.0	3.0	-0.005546401569546491	-2.1878663522706283	0.2532389290211806	9.57549997606125	27.361999726380002
540	8847360	10	5.8	4.728636167014756	13.0	2.0	10	5.0	4.711687595755898	13.0	1.0	-0.005862260391945935	-2.1527136835200302	0.2976305146081161	10.831999972919998	37.88899962111001
544	8912896	10	5.5	4.964876634922564	13.0	1.0	10	10.2	4.935585071701226	13.0	0.0	-0.0065201362006093696	-2.2390375085326233	0.16300671732217817	11.098499972253752	38.39399961606001
548	8978432	10	5.8	5.418486873657627	13.0	0.0	10	8.0	5.039841267341661	13.0	1.0	-0.0050905550203881825	-2.1998366065515382	0.22095346184629333	11.474249971314373	36.05699963943001
552	9043968	10	4.1	4.504442251822083	13.0	1.0	10	10.4	4.5431266766402185	13.0	1.0	-0.005404801992621567	-2.225982459651022	0.25731434709195655	11.67749997080625	34.379999656200006
556	9109504	10	4.0	4.560701700396552	13.0	0.0	10	8.8	5.15363949069005	13.0	2.0	-0.006455896365812129	-2.2178676945641036	0.25184816507482705	11.937999970155001	37.95599962044001
560	9175040	10	6.2	5.6	13.0	0.0	10	7.7	5.3113086899558	13.0	2.0	-0.0057820410772102164	-2.21040316648108	0.1942475040551341	11.462249971344376	37.850999621490004
564	9240576	10	2.9	3.5341194094144583	13.0	0.0	10	8.6	4.862098312457287	13.0	2.0	-0.005989301025068953	-2.1953641546465947	0.21027015279340402	10.937999972655	38.874999611250004
568	9306112	10	7.2	5.8275209137333865	13.0	0.0	10	8.3	5.273518749374084	13.0	0.0	-0.006440412598078513	-2.1710746757908126	0.2133172121608079	9.9769999750575	43.43799956562001
572	9371648	10	8.6	5.40740233383831	13.0	1.0	10	5.1	4.635730794599704	13.0	1.0	-0.005230538818129934	-2.1169786078512853	0.24478731643342194	9.191749977020626	46.727999532720006
576	9437184	10	7.5	5.5362442142665635	13.0	1.0	10	9.7	4.473253849269008	13.0	3.0	-0.005340356029945138	-2.1437213567646487	0.22970427135717247	9.872249975319374	45.594999544050005
580	9502720	10	7.9	5.107837115648854	13.0	2.0	10	8.2	5.89576118919347	13.0	0.0	-0.0061409927287028555	-2.20997194674439	0.27324736130992366	9.991249975021875	37.71199962288001
584	9568256	10	7.4	5.642694391866354	13.0	0.0	10	8.1	5.48543526076099	13.0	1.0	-0.005715296120505396	-2.250274906321408	0.2468949414842935	10.651999973370001	24.331999756680005
588	9633792	10	8.4	5.6780278266313555	13.0	0.0	10	8.7	5.273518749374084	13.0	2.0	-0.0060225395530417005	-2.151831266556545	0.2388613128320163	10.204249974489375	27.651999723480007
592	9699328	10	8.5	5.518151864528558	13.0	1.0	10	10.6	4.152107898405339	13.0	2.0	-0.004671039398816308	-2.1388162695127018	0.26017896145355524	10.767749973080626	23.923999760760005
596	9764864	10	8.7	5.273518749374084	13.0	2.0	10	6.0	5.761944116355173	13.0	0.0	-0.00450868679474019	-2.1768201686657904	0.2467299760062282	10.897999972755	38.560999614390006
600	9830400	10	4.2	4.467661580737736	13.0	1.0	10	9.2	5.2497618993626745	13.0	0.0	-0.005214731247241989	-2.090769630949464	0.25270212050999424	10.657999973355	40.608999593910006
604	9895936	10	6.5	5.371219600798314	13.0	0.0	10	8.6	4.862098312457287	13.0	2.0	-0.005788515437722732	-2.1602532861366677	0.2907812981563403	10.76649997308375	38.85099961149
608	9961472	10	8.6	5.407402333838309	13.0	1.0	10	9.5	4.801041553663121	13.0	1.0	-0.005300490653152872	-2.158535403285087	0.256801455720586	11.013749972465625	38.37899961621
612	10027008	10	5.3	5.0803543183522155	13.0	1.0	10	5.4	4.983974317750844	13.0	2.0	-0.006167484825067388	-2.2289564135335653	0.22172452064715373	10.755249973111875	39.42699960573
616	10092544	10	4.0	4.560701700396552	13.0	0.0	10	9.7	5.060632371551998	13.0	1.0	-0.006251415365675114	-2.2308840128442395	0.21691648822812204	11.442999971392501	40.76499959235001
620	10158080	10	8.2	5.878775382679628	13.0	1.0	10	9.4	4.94368283772331	13.0	1.0	-0.0047000902336200735	-2.2085497699860897	0.21012739509017916	11.326249971684373	40.13599959864001
624	10223616	10	7.6	5.4626001134990645	13.0	0.0	10	10.8	4.422668877499197	13.0	1.0	-0.006355190821164303	-2.2114615289053434	0.1806763364590006	11.366999971582501	39.642999603570004
628	10289152	10	10.9	4.2059481689626175	13.0	2.0	10	10.6	4.1521078984053394	13.0	2.0	-0.005834844662481422	-2.2014540754448975	0.23235619810783434	11.477999971305	35.92099964079001
632	10354688	10	7.6	5.40740233383831	13.0	2.0	10	11.7	3.0347981810987035	13.0	3.0	-0.004903974081363839	-2.125591851549462	0.29231175528898723	11.740499970648749	38.82799961172001
636	10420224	10	10.0	4.58257569495584	13.0	3.0	10	9.5	4.780167361086848	13.0	2.0	-0.006583788121054211	-2.1383075538037044	0.25156696114862587	11.954749970113125	39.57599960424001
640	10485760	10	5.2	5.114684741017769	13.0	1.0	10	10.2	4.935585071701227	13.0	0.0	-0.005833134726343435	-2.119973731316829	0.22047631191897527	10.384999974037502	38.27599961724001
644	10551296	10	7.5	5.572252686302013	13.0	0.0	10	7.9	4.570557952810575	13.0	2.0	-0.0062436092260076325	-2.074168078385301	0.2297502984053482	11.1269999721825	39.157999608420006
648	10616832	10	9.6	5.2	13.0	1.0	10	8.8	4.64327470649756	13.0	1.0	-0.004565824763761822	-2.1180988796332487	0.2582039623252306	10.919749972700625	37.61099962389
652	10682368	10	7.3	5.728001396647874	13.0	0.0	10	9.7	5.060632371551998	13.0	1.0	-0.005590480259367155	-2.1617787353926112	0.2032120893497682	11.464249971339376	37.17999962820001
656	10747904	10	6.5	4.801041553663121	13.0	1.0	10	8.4	5.660388679233963	13.0	0.0	-0.005393824840256364	-2.0448796560720393	0.2300495474049226	11.586999971032501	19.248999807510003
660	10813440	10	8.7	5.273518749374084	13.0	2.0	10	9.8	4.894895300208167	13.0	2.0	-0.004886592090261116	-2.0716760454404044	0.28713968005144713	11.387749971530624	39.797999602020006
664	10878976	10	8.5	4.984977432245807	13.0	2.0	10	6.2	5.6	13.0	0.0	-0.005911695600531177	-2.130948448952589	0.23946160510171513	11.06149997234625	39.87399960126001
668	10944512	10	9.5	4.780167361086848	13.0	2.0	10	7.1	5.906775770248943	13.0	1.0	-0.006809733484763817	-2.1151993731937857	0.25279542513973263	10.646499973383749	39.46499960535001
672	11010048	10	4.2	4.48998886412873	13.0	0.0	10	9.0	4.959838707054898	13.0	1.0	-0.005953164770579104	-2.137040729101414	0.2501068712572499	10.471499973821249	38.26399961736001
676	11075584	10	6.7	5.158488150611572	13.0	2.0	10	9.5	5.352569476429054	13.0	1.0	-0.005981346766307016	-2.2176274952962642	0.21415251072128064	11.377249971556875	40.81299959187001
680	11141120	10	9.7	5.060632371551998	13.0	1.0	10	10.7	4.605431575867782	13.0	1.0	-0.007032644912391819	-2.2520162535348125	0.20563995494538254	10.248749974378127	33.61699966383
684	11206656	10	8.5	5.004997502496879	13.0	1.0	10	7.2	5.81033561853358	13.0	1.0	-0.006218444875492228	-2.2177894734019516	0.17291496987205598	9.49549997626125	42.973999570260005
688	11272192	10	7.5	5.518151864528558	13.0	1.0	10	7.5	4.984977432245807	13.0	2.0	-0.005095288238180507	-2.1782212776656915	0.2095124741487513	10.40399997399	42.286999577130004
692	11337728	10	6.2	5.582114294781145	13.0	1.0	10	9.8	4.915282290977803	13.0	1.0	-0.0059310784605750375	-2.183831905097771	0.21608859407016778	10.45349997386625	43.467999565320014
696	11403264	10	7.3	5.780138406647371	13.0	0.0	10	7.7	5.330103188494571	13.0	1.0	-0.006444103283922177	-2.208729179966845	0.18672504118871733	9.6669999758325	41.02399958976001
700	11468800	10	9.8	4.894895300208167	13.0	2.0	10	10.8	4.422668877499196	13.0	1.0	-0.006514842611602191	-2.16353312857264	0.18492327325913743	9.759249975601875	43.12899956871001
704	11534336	10	5.2	5.173006862551025	13.0	0.0	10	10.8	4.4	13.0	2.0	-0.006556058908168584	-2.2350719916479145	0.21586592493192833	9.240249976899376	44.14199955858001
708	11599872	10	8.8	5.15363949069005	13.0	2.0	10	8.8	5.1536394906900505	13.0	2.0	-0.005755704910680637	-2.1803440051986516	0.24124757849892312	10.757999973105	41.325999586740004
712	11665408	10	7.8	5.2115256883181535	13.0	2.0	10	10.7	4.605431575867782	13.0	1.0	-0.007022509420975463	-2.2042347240138738	0.19325545366082159	10.62649997343375	41.567999584320006
716	11730944	10	9.9	4.742362280551751	13.0	2.0	10	10.9	4.205948168962618	13.0	2.0	-0.0066630939490128415	-2.1830615200311834	0.2645385491696607	10.475749973810627	41.6599995834
720	11796480	10	9.7	5.1000000000000005	13.0	0.0	10	13.0	0.0	13.0	13.0	-0.004264996255652949	-2.15182658014135	0.18969240285963743	10.06349997484125	27.170999728290003
724	11862016	10	11.5	3.6124783736376886	13.0	1.0	10	11.5	3.6124783736376886	13.0	1.0	-0.005366407118392124	-2.174332571299875	0.2323956476903275	10.700999973247502	37.853999621460005
728	11927552	10	3.1	3.3600595232822883	13.0	1.0	10	7.7	5.3113086899558	13.0	2.0	-0.0050464277950795985	-2.135378002897987	0.2322387216991663	10.358499974103749	42.59799957402001
732	11993088	10	9.7	5.1000000000000005	13.0	0.0	10	12.0	3.0	13.0	3.0	-0.006872665786322179	-2.1302692863112935	0.25156491340311515	9.74849997562875	45.54399954456
736	12058624	10	7.1	5.957348403442592	13.0	0.0	10	11.4	3.0397368307141326	13.0	3.0	-0.0058689836193126605	-2.1684003445234166	0.22918331837998665	9.785749975535625	32.70599967294001
740	12124160	10	7.7	5.330103188494571	13.0	1.0	10	10.8	4.422668877499197	13.0	1.0	-0.006760735226537092	-2.122634452857003	0.2843437958212538	10.132249974669374	45.19699954803001
744	12189696	10	7.2	5.287721626560915	13.0	1.0	10	10.4	4.5431266766402185	13.0	1.0	-0.006843031531282501	-2.141481098806311	0.32216617508229456	9.240499976898752	38.579999614200005
748	12255232	10	9.0	4.898979485566356	13.0	3.0	10	12.7	0.9	13.0	10.0	-0.006562261589274453	-2.1476629200327406	0.28337370694457104	10.9109999727225	29.673999703260005
752	12320768	10	4.0	4.604345773288535	13.0	0.0	10	9.9	4.742362280551751	13.0	2.0	-0.005792412076822602	-2.0824571075853093	0.3271361253814869	12.249749969375625	39.87399960126001
756	12386304	10	8.5	5.5362442142665635	13.0	1.0	10	11.5	3.6124783736376886	13.0	1.0	-0.005492254489615902	-2.0745725145265115	0.3312783903718123	10.181249974546875	32.074999679250006
760	12451840	10	6.3	5.550675634551166	13.0	0.0	10	8.5	5.518151864528558	13.0	1.0	-0.006245386771556422	-2.1252313850096396	0.22310765970036928	10.65249997336875	42.20999957790001
764	12517376	10	8.6	5.44426303552648	13.0	0.0	10	11.6	3.32264954516723	13.0	2.0	-0.005330869783140566	-2.0943284181559023	0.31980451456975545	10.035499974911248	28.047999719520003
768	12582912	10	6.5	5.333854141237834	13.0	1.0	10	10.8	4.422668877499197	13.0	1.0	-0.005378718206021066	-2.1341450857879902	0.2782086799562749	11.48549997128625	38.792999612070005
772	12648448	10	7.7	5.330103188494571	13.0	1.0	10	8.3	5.254521862167861	13.0	1.0	-0.006049411295535246	-2.173041340979079	0.28659085398658984	10.679249973301875	42.016999579830006
776	12713984	10	7.7	5.3113086899558	13.0	2.0	10	6.5	4.780167361086848	13.0	2.0	-0.006691955847812599	-2.1333006071809004	0.2499583408286571	10.7409999731475	39.152999608470004
780	12779520	10	6.9	4.988987873306568	13.0	2.0	10	8.5	5.5362442142665635	13.0	1.0	-0.004976313844445076	-2.1433810763311882	0.2682821908686246	10.360249974099375	40.36499959635001
784	12845056	10	10.9	4.2059481689626175	13.0	2.0	10	8.8	5.15363949069005	13.0	2.0	-0.00613138704341608	-2.0782342029433263	0.268448334935408	10.807499972981251	42.81899957181001
788	12910592	10	12.0	3.0	13.0	3.0	10	8.8	5.173006862551025	13.0	1.0	-0.006725265495845698	-2.0344827545550155	0.22856838440004273	10.170749974573125	41.02299958977001
792	12976128	10	7.5	5.554277630799526	13.0	0.0	10	12.0	3.0	13.0	3.0	-0.006577422305702692	-2.1120540944521973	0.22293822806489788	10.974999972562502	36.45699963543001
796	13041664	10	5.9	5.821511831131154	13.0	0.0	10	10.9	4.2059481689626175	13.0	2.0	-0.005949188015909953	-2.11550274965979	0.24092524139184468	10.515499973711252	38.535999614640005
800	13107200	10	9.6	5.219195340279955	13.0	1.0	10	8.8	5.173006862551025	13.0	1.0	-0.006160637404380159	-2.1296006066368967	0.2672484133424629	10.93599997266	36.83899963161
804	13172736	10	9.3	5.1000000000000005	13.0	1.0	10	10.9	4.2059481689626175	13.0	2.0	-0.006633551271601005	-2.1092031645564573	0.23644683926697246	12.02949996992625	34.55899965441
808	13238272	10	8.7	5.292447448959697	13.0	1.0	10	9.9	4.742362280551751	13.0	2.0	-0.005085262195356553	-2.147194215183308	0.2937500277849019	12.846249967884376	32.392999676070005
812	13303808	10	8.7	5.273518749374084	13.0	2.0	10	8.2	5.344155686354955	13.0	1.0	-0.006139066804550454	-2.1144228004200127	0.25950485620428015	11.834499970413752	35.79899964201
816	13369344	10	11.0	4.0	13.0	3.0	10	9.9	4.742362280551751	13.0	2.0	-0.00557936220080681	-2.1846036710052963	0.2458693484209167	12.390499969023752	21.619999783800004
820	13434880	10	9.6	5.2	13.0	1.0	10	9.2	5.230678732248808	13.0	1.0	-0.006532649533181453	-2.2479646675430573	0.19902119084982187	12.091749969770625	27.323999726760007
824	13500416	10	8.6	5.407402333838309	13.0	1.0	10	11.4	3.0397368307141326	13.0	3.0	-0.006085861687069735	-2.1713506005926106	0.29996779914925104	11.440749971398125	36.298999637010006
828	13565952	10	6.5	5.352569476429054	13.0	1.0	10	11.0	4.0	13.0	3.0	-0.006321573284921494	-2.1142980280302957	0.327731796816622	12.82399996794	30.696999693030005
832	13631488	10	3.3	3.287856444554719	13.0	1.0	10	10.5	4.364630568559039	13.0	1.0	-0.006685007314355076	-2.0905479662426214	0.2532280546659699	12.630749968423126	32.797999672020005
836	13697024	10	12.0	3.0	13.0	3.0	10	12.0	3.0	13.0	3.0	-0.00631361736966654	-2.101575302362078	0.2496743394422727	12.926749967683126	25.227999747720006
840	13762560	10	8.6	5.44426303552648	13.0	0.0	10	7.8	5.2115256883181535	13.0	2.0	-0.005993012748131397	-2.1264815278619746	0.30569433278013824	12.170249969574376	30.860999691390006
844	13828096	10	6.4	5.425863986500215	13.0	1.0	10	11.0	4.0	13.0	3.0	-0.0062996907150698585	-2.093984640916615	0.26248471746591373	12.63649996840875	32.219999677800004
848	13893632	10	10.8	4.422668877499197	13.0	1.0	10	13.0	0.0	13.0	13.0	-0.0062534161327528455	-2.119477865375833	0.21533216650217352	12.682999968292501	13.862999861370001
852	13959168	10	8.4	5.102940328869229	13.0	2.0	10	9.8	4.894895300208167	13.0	2.0	-0.005478926009684514	-2.1784334900692843	0.30712757566848925	9.964749975088123	24.902999750970004
856	14024704	10	9.6	5.2	13.0	1.0	10	9.9	4.158124577258358	13.0	2.0	-0.0061946227378550075	-2.1458595492194	0.23972493702532152	9.446749976383124	30.216999697830005
860	14090240	10	10.7	3.950949253027682	13.0	3.0	10	8.9	5.028916384272064	13.0	2.0	-0.006574167386661773	-2.16069636471414	0.24891677542790688	10.572249973569374	41.540999584590004
864	14155776	10	7.3	5.197114584074513	13.0	1.0	10	11.7	3.0347981810987035	13.0	3.0	-0.007144143032912109	-2.2047446020134447	0.18844382998433234	10.1989999745025	30.586999694130004
868	14221312	10	8.6	5.388877434122992	13.0	2.0	10	13.0	0.0	13.0	13.0	-0.005843205574514373	-2.0861326255214743	0.2530909880421673	11.019749972450626	34.17399965826001
872	14286848	10	8.6	5.40740233383831	13.0	1.0	10	10.5	4.364630568559039	13.0	1.0	-0.006598433597820014	-2.081711655886686	0.25968075013187575	11.530999971172498	36.27299963727001
876	14352384	10	8.5	5.554277630799526	13.0	0.0	10	10.5	4.364630568559039	13.0	1.0	-0.006062348898897044	-2.0089014133208507	0.2063595580963906	11.242249971894374	34.764999652350006
880	14417920	10	8.5	5.518151864528558	13.0	1.0	10	12.7	0.9	13.0	10.0	-0.006337390804468816	-1.9558329629847566	0.26349230495951653	12.778499968053751	17.550999824490003
884	14483456	10	9.4	5.517245689653488	13.0	0.0	10	10.9	4.205948168962618	13.0	2.0	-0.005523890785025895	-2.0403121347586888	0.26639925095892547	11.370749971573126	37.05199962948001
888	14548992	10	8.8	5.173006862551025	13.0	1.0	10	12.0	3.0	13.0	3.0	-0.005592609900631454	-2.017756754943155	0.24884710411742972	11.36349997159125	24.855999751440006
892	14614528	10	10.5	4.364630568559039	13.0	1.0	10	13.0	0.0	13.0	13.0	-0.006052184958486421	-2.1247973961404947	0.22081678886149889	10.80349997299125	25.018999749810003
896	14680064	10	10.6	4.152107898405339	13.0	2.0	10	11.7	3.9	13.0	0.0	-0.006391583648960133	-2.0809298726735497	0.2653383786203238	10.683249973291876	24.08299975917
900	14745600	10	11.9	3.3	13.0	2.0	10	9.8	4.894895300208167	13.0	2.0	-0.006524339312745194	-2.0676647099685566	0.3042267189665134	10.03049997492375	42.26099957739001
904	14811136	10	9.9	4.742362280551751	13.0	2.0	10	12.7	0.9	13.0	10.0	-0.006763744046013014	-2.148472947155154	0.2407495762591616	9.8749999753125	24.482999755170006
908	14876672	10	10.8	4.422668877499196	13.0	1.0	10	9.9	4.742362280551751	13.0	2.0	-0.00566375411958808	-2.1200317142185554	0.3271078830244146	11.272249971819376	37.47699962523
912	14942208	10	7.9	5.107837115648853	13.0	2.0	10	11.0	4.0	13.0	3.0	-0.004671506721447222	-2.126932533857201	0.254113194040561	11.350249971624374	38.24999961750001
916	15007744	10	9.9	4.742362280551751	13.0	2.0	10	10.6	4.8	13.0	1.0	-0.0048801419635380915	-2.1175894561190947	0.25758404095767967	11.475249971311877	35.87799964122001
920	15073280	10	9.8	4.894895300208167	13.0	2.0	10	9.7	5.060632371551998	13.0	1.0	-0.005463634476389024	-2.190346059471692	0.20699355912101283	11.54549997113625	33.82899966171001
924	15138816	10	10.5	4.364630568559039	13.0	1.0	10	10.9	4.2059481689626175	13.0	2.0	-0.005777382608968432	-2.20593363520373	0.1918832681252356	11.978249970054375	35.803999641960004
928	15204352	10	8.7	5.273518749374084	13.0	2.0	10	9.8	4.894895300208167	13.0	2.0	-0.006790851256684824	-2.214379191167956	0.20177629681064904	12.316999969207501	33.6199996638
932	15269888	10	6.4	5.407402333838309	13.0	1.0	10	12.0	3.0	13.0	3.0	-0.006229384658539129	-2.204582129685911	0.22187141916576533	12.550749968623126	33.76499966235001
936	15335424	10	5.1	5.204805471869242	13.0	1.0	10	12.0	3.0	13.0	3.0	-0.005653839343133269	-2.11188036678091	0.2546636080104078	12.46349996884125	33.96399966036
940	15400960	10	9.7	5.1000000000000005	13.0	0.0	10	12.0	3.0	13.0	3.0	-0.006311508363018032	-2.144607918734472	0.23801599471523582	11.627249970931876	38.59199961408
944	15466496	10	8.1	6.024118192731613	13.0	0.0	10	11.5	3.6124783736376886	13.0	1.0	-0.005926265239990774	-2.160597644521241	0.15036196539474864	11.710749970723125	37.69799962302
948	15532032	10	7.7	5.330103188494572	13.0	1.0	10	11.6	3.32264954516723	13.0	2.0	-0.0049522402957938	-2.1590936405197803	0.22965746774119006	11.601999970995001	39.95999960040001
952	15597568	10	8.9	5.028916384272064	13.0	2.0	10	9.9	4.742362280551751	13.0	2.0	-0.0051537279136116285	-2.167678894870184	0.3099251654607574	10.18399997454	39.01899960981
956	15663104	10	8.5	5.554277630799526	13.0	0.0	10	11.9	3.3	13.0	2.0	-0.005528013364437535	-2.2163328873789316	0.2172760493671814	10.551499973621251	39.837999601620005
960	15728640	10	5.4	5.043808085167396	13.0	0.0	10	10.7	4.605431575867782	13.0	1.0	-0.006494220197591434	-2.235794141655723	0.22506855224087818	10.277749974305625	40.387999596120004
964	15794176	10	6.1	5.6824290580701495	13.0	0.0	10	10.9	4.2059481689626175	13.0	2.0	-0.006343407720675538	-2.3025019588654887	0.22496737362801825	10.111249974721877	34.53199965468
968	15859712	10	6.7	5.158488150611572	13.0	2.0	10	11.7	3.0347981810987035	13.0	3.0	-0.005891617343263732	-2.2478758690399854	0.26184347020839027	11.172749972068125	39.901999600980005
972	15925248	10	8.5	4.984977432245807	13.0	2.0	10	13.0	0.0	13.0	13.0	-0.005823979199703564	-2.199283676613756	0.27021885179272837	10.439749973900625	20.715999792840005
976	15990784	10	6.4	5.44426303552648	13.0	0.0	10	10.8	4.4	13.0	2.0	-0.00507082302836888	-2.181147520513624	0.2490905178451349	11.57199997107	39.07899960921001
980	16056320	10	11.9	3.3	13.0	2.0	10	11.6	3.32264954516723	13.0	2.0	-0.0058724018108424255	-2.185505154004527	0.23733333650987723	10.997249972506877	26.439999735600004
984	16121856	10	8.2	5.3814496188294845	13.0	0.0	10	8.7	5.330103188494572	13.0	0.0	-0.007193821594388349	-2.1605375133687765	0.18906785149951755	9.511749976220624	32.42099967579001
988	16187392	10	9.8	4.894895300208167	13.0	2.0	10	10.5	4.341658669218482	13.0	2.0	-0.006006494133524691	-2.157026516669809	0.2591441098020243	10.03149997492125	42.33099957669001
992	16252928	10	8.4	5.660388679233963	13.0	0.0	10	13.0	0.0	13.0	13.0	-0.006941212119762293	-2.122533653952118	0.17267706088164794	10.26149997434625	22.753999772460006
996	16318464	10	6.8	5.075431016179809	13.0	2.0	10	11.7	3.034798181098703	13.0	3.0	-0.0063242040407891845	-2.10814170765772	0.28544789751501737	11.4429999713925	35.13599964864001
1000	16384000	10	9.5	5.389805191284746	13.0	0.0	10	11.4	3.0397368307141326	13.0	3.0	-0.006061011192261943	-2.0905460241246128	0.23953350211792496	11.391749971520625	37.54699962453
1004	16449536	10	11.9	3.3	13.0	2.0	10	7.4	5.624944444170094	13.0	1.0	-0.0060608074460462135	-2.2423784978835477	0.18794407817750436	11.580749971048125	37.65299962347
1008	16515072	10	8.5	5.554277630799526	13.0	0.0	10	11.6	3.32264954516723	13.0	2.0	-0.005941273107952109	-2.2799894509324687	0.2202322629516641	11.409999971475001	20.764999792350004
1012	16580608	10	10.6	4.1521078984053394	13.0	2.0	10	11.7	3.034798181098703	13.0	3.0	-0.005938245164834259	-2.2035621327846644	0.19893803499739848	11.62799997093	35.466999645330006
1016	16646144	10	6.5	5.315072906367325	13.0	2.0	10	12.0	3.0	13.0	3.0	-0.004889601218965237	-2.227068371838803	0.2703569414743791	11.98049997004875	37.341999626580005
1020	16711680	10	8.4	5.102940328869229	13.0	2.0	10	10.1	4.504442251822083	13.0	0.0	-0.00567294583684112	-2.3025945919340405	0.18109845127576135	11.927749970180624	37.01199962988001
1024	16777216	10	12.7	0.9	13.0	10.0	10	10.7	4.605431575867782	13.0	1.0	-0.005022918671564226	-2.1540915467084716	0.2540625498831119	11.4849999712875	22.306999776930002
1028	16842752	10	7.5	5.518151864528558	13.0	1.0	10	10.5	4.341658669218482	13.0	2.0	-0.005386812607002595	-2.171844894461101	0.22186800804161572	11.48049997129875	20.798999792010004
1032	16908288	10	8.7	5.330103188494571	13.0	0.0	10	12.0	3.0	13.0	3.0	-0.005838568668572977	-2.0751638137126	0.2568502430536521	12.075499969811252	37.37699962623001
1036	16973824	10	9.2	5.2497618993626745	13.0	0.0	10	11.7	3.034798181098703	13.0	3.0	-0.005390100037447451	-2.161891847623695	0.19944374556127864	11.50549997123625	37.84999962150001
1040	17039360	10	7.6	5.425863986500215	13.0	1.0	10	10.0	4.58257569495584	13.0	3.0	-0.004591358703820157	-2.230872762467539	0.24228868863815484	11.346999971632501	40.219999597800005
1044	17104896	10	8.8	5.15363949069005	13.0	2.0	10	12.0	3.0	13.0	3.0	-0.0057616191243203265	-2.1847223463365584	0.26293733884014586	11.279749971800625	36.6899996331
1048	17170432	10	11.0	4.0	13.0	3.0	10	11.7	3.0347981810987035	13.0	3.0	-0.0058785013043174215	-2.2015212573301333	0.21033053648950678	11.571999971070001	38.57099961429
1052	17235968	10	8.5	5.5362442142665635	13.0	1.0	10	10.4	5.2	13.0	0.0	-0.005339114074912229	-2.16213416533995	0.18380674617002551	11.308749971728126	39.239999607600005
1056	17301504	10	8.9	5.028916384272064	13.0	2.0	10	12.0	3.0	13.0	3.0	-0.005075741726085345	-2.2019599425485805	0.20956642046560878	10.966249972584375	40.305999596940005
1060	17367040	10	8.6	5.407402333838309	13.0	1.0	10	12.7	0.9	13.0	10.0	-0.0047754443871354454	-2.2376153193566886	0.19481435354011478	11.357249971606876	28.298999717010005
1064	17432576	10	8.8	5.15363949069005	13.0	2.0	10	10.4	4.5431266766402185	13.0	1.0	-0.006908662460053832	-2.177930012118446	0.1854067027065244	9.973999975065	46.30599953694001
1068	17498112	10	8.6	5.407402333838309	13.0	1.0	10	9.6	4.63033476111609	13.0	2.0	-0.00478782823676584	-2.1720942480089658	0.20553438999722218	9.959999975099999	43.58699956413001
1072	17563648	10	6.6	5.2573757712379665	13.0	1.0	10	9.7	5.060632371551998	13.0	1.0	-0.006260887575944791	-2.218867808349266	0.19498940120593097	10.064999974837502	41.70199958298001
1076	17629184	10	9.6	5.2	13.0	1.0	10	11.9	3.3	13.0	2.0	-0.005293617186962706	-2.1744519271174987	0.2571021717084357	10.468999973827499	41.29799958702001
1080	17694720	10	10.6	4.82078831727758	13.0	0.0	10	11.8	3.6	13.0	1.0	-0.005774553796683866	-2.202339189518559	0.229841982223366	10.430249973924376	18.114999818850002
1084	17760256	10	5.6	4.923413450036469	13.0	0.0	10	12.4	1.2	13.0	10.0	-0.0044256323934191225	-2.247064371669668	0.20471933326724528	10.792999973017501	28.248999717510003
1088	17825792	10	9.6	5.238320341483519	13.0	0.0	10	11.0	4.0	13.0	3.0	-0.005993370269285967	-2.120329004801976	0.22118448168839724	11.359249971601875	39.38099960619001
1092	17891328	10	9.7	5.060632371551998	13.0	1.0	10	12.7	0.9	13.0	10.0	-0.004601737876758262	-2.108233460315998	0.3074556363736698	10.997249972506877	27.827999721720005
1096	17956864	10	10.5	5.004997502496879	13.0	0.0	10	10.8	4.422668877499197	13.0	1.0	-0.004728324788440465	-2.1090332093624786	0.2625574854239512	11.369749971575626	41.94399958056001
1100	18022400	10	9.6	5.238320341483519	13.0	0.0	10	10.6	4.1521078984053394	13.0	2.0	-0.0054481494341501666	-2.1834488856504843	0.3143695755534231	10.218499974453751	45.52299954477001
1104	18087936	10	8.7	5.292447448959697	13.0	1.0	10	12.7	0.9	13.0	10.0	-0.005768102618584966	-2.1577352531490175	0.2781851901383004	9.946249975134375	24.701999752980004
1108	18153472	10	9.0	4.898979485566356	13.0	3.0	10	12.7	0.9	13.0	10.0	-0.004600063346642682	-2.1608277259006305	0.288010931543807	10.590249973524374	22.091999779080002
1112	18219008	10	11.0	4.0	13.0	3.0	10	12.7	0.9	13.0	10.0	-0.006447716063662356	-2.145417424316244	0.2423948004278869	11.284999971787501	22.04899977951
1116	18284544	10	6.3	5.496362433464518	13.0	1.0	10	11.7	3.0347981810987035	13.0	3.0	-0.005951411618890873	-2.1847984117973915	0.24054492060693802	11.20649997198375	26.913999730860006
1120	18350080	10	6.5	5.352569476429054	13.0	1.0	10	10.7	4.605431575867782	13.0	1.0	-0.005863438498025467	-2.1667499415802953	0.2534592298837233	10.64549997338625	43.70599956294001
1124	18415616	10	9.7	5.040833264451424	13.0	2.0	10	11.8	3.6	13.0	1.0	-0.006452023072834921	-2.1119185063029815	0.21035603323001917	9.888249975279376	26.653999733460005
1128	18481152	10	8.6	5.425863986500215	13.0	1.0	10	12.7	0.9	13.0	10.0	-0.005965633177750903	-2.1557767165441812	0.25317409569864746	10.74249997314375	37.110999628890006
1132	18546688	10	10.9	4.2059481689626175	13.0	2.0	10	13.0	0.0	13.0	13.0	-0.006414028837084865	-2.183868162106479	0.1833362532588599	11.494999971262502	27.171999728280007
1136	18612224	10	10.9	4.2059481689626175	13.0	2.0	10	11.7	3.0347981810987035	13.0	3.0	-0.006114277466591723	-2.190781158477346	0.2475702054540717	11.197749972005624	37.663999623360006
1140	18677760	10	10.8	4.422668877499196	13.0	1.0	10	13.0	0.0	13.0	13.0	-0.0056391161821806885	-2.1712080213152687	0.2751170379443982	11.27599997181	19.75199980248
1144	18743296	10	8.2	5.929586832149439	13.0	0.0	10	11.6	3.32264954516723	13.0	2.0	-0.005740763711106255	-2.16269173202239	0.26616144239613504	10.961999972595	38.622999613770006
1148	18808832	10	9.7	5.060632371551998	13.0	1.0	10	12.0	3.0	13.0	3.0	-0.005969514635565213	-2.169240308078665	0.18212951857562096	11.127749972180624	37.257999627420006
1152	18874368	10	9.6	5.238320341483519	13.0	0.0	10	12.7	0.9	13.0	10.0	-0.006137614450651239	-2.1374846421439133	0.24032087559481513	11.573249971066877	23.764999762350005
1156	18939904	10	7.4	5.660388679233963	13.0	0.0	10	12.0	3.0	13.0	3.0	-0.0060153825415706795	-2.145280306314479	0.20260680410452694	10.326749974183125	34.972999650270005
1160	19005440	10	10.6	4.1521078984053394	13.0	2.0	10	12.7	0.9	13.0	10.0	-0.0058410469276450475	-2.133105794366526	0.2336340391144173	9.685999975785	30.225999697740004
1164	19070976	10	8.7	5.292447448959697	13.0	1.0	10	13.0	0.0	13.0	13.0	-0.005736314072549253	-2.1170825434506013	0.2400709162216154	10.578749973553125	21.737999782620005
1168	19136512	10	7.4	5.660388679233963	13.0	0.0	10	12.0	3.0	13.0	3.0	-0.004933017373424878	-2.1535749507687303	0.22383732377392943	11.977749970055626	34.38499965615
1172	19202048	10	9.8	4.915282290977803	13.0	1.0	10	10.8	4.4	13.0	2.0	-0.005621963657803859	-2.1162413480660276	0.19708335366530647	12.479499968801248	21.157999788420003
1176	19267584	10	8.4	5.6780278266313555	13.0	0.0	10	10.7	3.9509492530276824	13.0	3.0	-0.005675431585298894	-2.0757597583356904	0.1957321734118968	11.618749970953123	39.59799960402
1180	19333120	10	6.4	5.462600113499065	13.0	0.0	10	11.9	3.3	13.0	2.0	-0.005996950362999227	-2.0742985541944643	0.14873580283798665	10.812749972968126	41.83199958168001
1184	19398656	10	12.0	3.0	13.0	3.0	10	11.6	3.32264954516723	13.0	2.0	-0.0050331453962130955	-2.043201585397874	0.23009327323262688	11.024749972438126	26.194999738050004
1188	19464192	10	8.5	5.518151864528558	13.0	1.0	10	12.0	3.0	13.0	3.0	-0.0056394660841949775	-2.099634947657423	0.2412698268639058	8.708749978228123	27.501999724980003
1192	19529728	10	13.0	0.0	13.0	13.0	10	12.0	3.0	13.0	3.0	-0.005075676863348541	-2.088574223002788	0.24949487792833502	10.656749973358124	13.635999863640002
1196	19595264	10	11.9	3.3	13.0	2.0	10	12.7	0.9	13.0	10.0	-0.004907948922456138	-2.152546154731799	0.2694699947907219	12.170249969574375	23.723999762760005
1200	19660800	10	12.0	3.0	13.0	3.0	10	12.0	3.0	13.0	3.0	-0.005819751162562275	-2.1537386574091157	0.18731102733473878	11.486999971282502	21.028999789710003
1204	19726336	10	10.9	4.2059481689626175	13.0	2.0	10	11.9	3.3	13.0	2.0	-0.00562328791846929	-2.110913835246021	0.2563414768980152	10.821749972945625	7.671999923280001
1208	19791872	10	12.7	0.9	13.0	10.0	10	11.0	4.0	13.0	3.0	-0.005229677536348723	-2.1226570032809406	0.2118171152903779	10.665749973335624	31.467999685320006
1212	19857408	10	7.5	5.518151864528558	13.0	1.0	10	13.0	0.0	13.0	13.0	-0.005852625032878693	-2.138258042212116	0.2314119102037049	10.7209999731975	23.625999763740005
1216	19922944	10	7.5	5.5362442142665635	13.0	1.0	10	13.0	0.0	13.0	13.0	-0.005880029936930937	-2.202379961579108	0.18990573075484427	10.241249974396874	22.30499977695
1220	19988480	10	10.3	4.754997371187496	13.0	0.0	10	9.9	4.742362280551751	13.0	2.0	-0.0035421307204714842	-2.106023358582623	0.20256895034326522	10.665999973335001	38.09599961904
1224	20054016	10	7.4	5.695612346359257	13.0	0.0	10	13.0	0.0	13.0	13.0	-0.005825444051272641	-2.107877899983498	0.18976252384369766	11.356499971608748	19.71199980288
1228	20119552	10	11.8	3.6	13.0	1.0	10	12.0	3.0	13.0	3.0	-0.005575198509809335	-2.143342556829506	0.2432249410135011	10.87649997280875	26.510999734890003
1232	20185088	10	10.6	4.8207883172775805	13.0	0.0	10	13.0	0.0	13.0	13.0	-0.005758453636499752	-2.0752662716134314	0.17583664109030087	9.271749976820624	25.431999745680002
1236	20250624	10	9.7	5.060632371551998	13.0	1.0	10	11.3	3.3181320046074116	13.0	2.0	-0.005146611317659831	-2.0786862048328256	0.24317956798660334	10.720249973199376	18.562999814370002
1240	20316160	10	9.9	4.742362280551751	13.0	2.0	10	12.7	0.9	13.0	10.0	-0.004792217167157834	-2.1384583485879167	0.22614933594568223	13.46849996632875	16.827999831720003
1244	20381696	10	9.8	4.915282290977803	13.0	1.0	10	9.8	4.894895300208167	13.0	2.0	-0.0061563858901489705	-2.0471327948424642	0.21353355513523953	10.529749973675626	42.18899957811001
1248	20447232	10	9.5	5.389805191284746	13.0	0.0	10	13.0	0.0	13.0	13.0	-0.004979653732119005	-2.0931095255221144	0.21444649200515314	10.455249973861875	26.035999739640005
1252	20512768	10	8.7	5.292447448959697	13.0	1.0	10	12.0	3.0	13.0	3.0	-0.004681574381536067	-2.047832349722851	0.20012116267123894	10.639249973401876	23.255999767440002
1256	20578304	10	10.5	5.004997502496879	13.0	0.0	10	12.7	0.9	13.0	10.0	-0.004096492808030978	-2.042713879084394	0.18355234283594105	11.82549997043625	18.525999814740004
1260	20643840	10	13.0	0.0	13.0	13.0	10	12.0	3.0	13.0	3.0	-0.005297670783020213	-2.041325660830688	0.2415992652280047	11.73749997065625	21.90899978091
1264	20709376	10	9.9	4.742362280551751	13.0	2.0	10	12.0	3.0	13.0	3.0	-0.0056202564489373176	-2.0231820653258303	0.1845352087598543	10.997999972505001	23.243999767560002
1268	20774912	10	6.6	5.238320341483518	13.0	2.0	10	13.0	0.0	13.0	13.0	-0.00506818434413271	-2.011823721020465	0.19071650332336815	10.420999973947499	24.11799975882
1272	20840448	10	8.7	5.292447448959697	13.0	1.0	10	13.0	0.0	13.0	13.0	-0.005642965124953083	-2.0483035107803538	0.19345571036608486	10.4269999739325	25.616999743830004
1276	20905984	10	11.8	3.6	13.0	1.0	10	13.0	0.0	13.0	13.0	-0.005028274205649206	-2.107833126961169	0.18080118638132175	10.440499973898751	5.7309999426900005
1280	20971520	10	7.5	5.5362442142665635	13.0	1.0	10	9.8	4.915282290977803	13.0	1.0	-0.0038579443870653206	-2.18315555132536	0.2875031746314	12.135999969660002	36.20499963795
1284	21037056	10	8.7	5.273518749374084	13.0	2.0	10	11.9	3.3	13.0	2.0	-0.005801487875944265	-2.23840619848697	0.2520882124594764	11.459249971351875	38.11599961884001
1288	21102592	10	8.7	5.292447448959697	13.0	1.0	10	11.9	3.3	13.0	2.0	-0.004889884567795236	-2.1900763608717457	0.2348649571405079	10.912749972718126	39.23199960768
1292	21168128	10	7.6	5.425863986500215	13.0	1.0	10	10.6	4.152107898405339	13.0	2.0	-0.005244633216291415	-2.1671038441586123	0.2571336691931263	11.82249997044375	34.375999656240005
1296	21233664	10	10.8	4.422668877499197	13.0	1.0	10	11.9	3.3	13.0	2.0	-0.005749435734598139	-2.232952529952782	0.16937866308514213	12.625749968435626	32.74499967255
1300	21299200	10	7.5	5.518151864528558	13.0	1.0	10	11.7	3.034798181098703	13.0	3.0	-0.006268894728493258	-2.199210211405551	0.17621467260670914	11.897749970255624	22.11199977888
1304	21364736	10	9.9	4.742362280551751	13.0	2.0	10	11.9	3.3	13.0	2.0	-0.006539160317137782	-2.160472730570493	0.1966791123645397	10.65999997335	23.579999764200004
1308	21430272	10	10.0	4.58257569495584	13.0	3.0	10	11.9	3.3	13.0	2.0	-0.006264172513161504	-2.115255067525505	0.22664818514571508	9.9569999751075	24.049999759500004
1312	21495808	10	9.6	5.2	13.0	1.0	10	13.0	0.0	13.0	13.0	-0.00653193846111985	-2.082125482242975	0.1851680423716294	11.664749970838125	19.302999806970004
1316	21561344	10	11.9	3.3	13.0	2.0	10	13.0	0.0	13.0	13.0	-0.006047498907089325	-1.9845567803004422	0.14943303996692678	11.381999971545	25.86499974135
1320	21626880	10	7.3	5.710516614107694	13.0	1.0	10	11.7	3.0347981810987035	13.0	3.0	-0.005261169260906255	-2.0496661623667447	0.15509345124722745	9.462249976344376	46.70599953294001
1324	21692416	10	11.7	3.034798181098703	13.0	3.0	10	11.4	3.9038442591886273	13.0	0.0	-0.004065590342665344	-2.0421007496971586	0.21806268640074575	9.508249976229376	24.688999753110004
1328	21757952	10	11.9	3.3	13.0	2.0	10	11.9	3.3	13.0	2.0	-0.005624808746405606	-2.0113016178598997	0.19957351860994912	10.440249973899373	33.47199966528001
1332	21823488	10	8.9	5.028916384272064	13.0	2.0	10	13.0	0.0	13.0	13.0	-0.005134472373124726	-2.0034749816257955	0.18204778004093558	10.739499973151252	32.69799967302001
1336	21889024	10	11.8	3.6	13.0	1.0	10	12.7	0.9	13.0	10.0	-0.00671605862034763	-1.9611375317418174	0.20774493535058333	12.578749968553126	17.372999826270004
1340	21954560	10	11.0	4.0	13.0	3.0	10	13.0	0.0	13.0	13.0	-0.004984775659458211	-2.0545676994170377	0.17537834287812087	11.260999971847502	22.644999773550005
1344	22020096	10	13.0	0.0	13.0	13.0	10	11.9	3.3	13.0	2.0	-0.004669773195441994	-2.082288287363108	0.2000604167682649	11.497999971255002	4.02299995977
1348	22085632	10	11.9	3.3	13.0	2.0	10	13.0	0.0	13.0	13.0	-0.005260029748931225	-2.042199020371695	0.17705486767322762	11.379749971550625	8.215999917840001
1352	22151168	10	10.8	4.4	13.0	2.0	10	13.0	0.0	13.0	13.0	-0.006413849256749689	-2.0457472823912775	0.15384122122339264	10.227249974431874	13.260999867390002
1356	22216704	10	7.4	5.642694391866353	13.0	0.0	10	13.0	0.0	13.0	13.0	-0.004753196174947884	-2.092023099244272	0.25292411816465754	11.862749970343126	16.711999832880004
1360	22282240	10	7.7	5.3113086899558	13.0	2.0	10	11.9	3.3000000000000003	13.0	2.0	-0.005956343214454868	-2.043777033473744	0.1565125007795428	12.034249969914374	36.99499963005
1364	22347776	10	9.4	4.94368283772331	13.0	1.0	10	12.7	0.9	13.0	10.0	-0.005763549115733033	-2.028047683127069	0.1511367643870683	11.500749971248124	26.718999732810005
1368	22413312	10	9.4	4.983974317750845	13.0	0.0	10	10.9	4.205948168962618	13.0	2.0	-0.006098165261059781	-2.0142600844689103	0.16436226128751075	10.808499972978751	44.22399955776
1372	22478848	10	10.9	4.2059481689626175	13.0	2.0	10	13.0	0.0	13.0	13.0	-0.005468684473611263	-1.9839342197199357	0.21364466773914567	9.79049997552375	33.7299996627
1376	22544384	10	12.0	3.0	13.0	3.0	10	11.9	3.3	13.0	2.0	-0.005971646576032119	-1.90554400761941	0.12870162095465226	10.438749973903127	7.374999926250001
1380	22609920	10	12.0	3.0	13.0	3.0	10	11.6	3.32264954516723	13.0	2.0	-0.005493442447342042	-1.8390675135524668	0.2058230007318585	12.877249967806874	34.185999658140005
1384	22675456	10	12.0	3.0	13.0	3.0	10	13.0	0.0	13.0	13.0	-0.004507118743413643	-1.9137523780756478	0.21042683074231955	11.924749970188126	23.671999763280006
1388	22740992	10	8.7	5.292447448959697	13.0	1.0	10	12.7	0.9	13.0	10.0	-0.00502630098049636	-1.9766975850291333	0.2078334714535197	11.111249972221875	24.946999750530004
1392	22806528	10	8.3	5.23545604508337	13.0	1.0	10	13.0	0.0	13.0	13.0	-0.005029094497110544	-2.0429775489228748	0.19829453968240052	9.889749975275624	24.77799975222
1396	22872064	10	8.6	5.40740233383831	13.0	1.0	10	13.0	0.0	13.0	13.0	-0.005666790005626325	-2.00485504894433	0.17218443066571668	11.382749971543126	17.808999821910003
1400	22937600	10	12.7	0.9	13.0	10.0	10	13.0	0.0	13.0	13.0	-0.0074439121397645944	-2.0309860530366852	0.15295815621461586	12.786499968033748	2.4919999750800006
1404	23003136	10	7.3	5.780138406647371	13.0	0.0	10	13.0	0.0	13.0	13.0	-0.005522225489313186	-1.930134590514114	0.15779291728109537	9.800749975498125	25.942999740570006
1408	23068672	10	13.0	0.0	13.0	13.0	10	10.9	4.2059481689626175	13.0	2.0	-0.005555297965381279	-1.8868034095090171	0.18026997573968997	10.729499973176251	21.879999781200002
1412	23134208	10	5.5	4.924428900898052	13.0	2.0	10	9.8	4.894895300208167	13.0	2.0	-0.003241505716046421	-1.8661667268021087	0.1234563205184958	12.194499969513751	35.53699964463001
1416	23199744	10	11.9	3.3	13.0	2.0	10	12.0	3.0	13.0	3.0	-0.004288416765280548	-1.953536255702532	0.11141682578021496	12.330249969174377	11.070999889290002
1420	23265280	10	10.9	4.2059481689626175	13.0	2.0	10	12.0	3.0	13.0	3.0	-0.005088935947621532	-1.9926760182192451	0.14043302941225422	9.188749977028124	49.06399950936001
1424	23330816	10	9.4	5.517245689653489	13.0	0.0	10	13.0	0.0	13.0	13.0	-0.005788621176789409	-1.979383446070002	0.1337699352158588	9.76799997558	29.429999705700006
1428	23396352	10	10.9	4.2059481689626175	13.0	2.0	10	11.9	3.3	13.0	2.0	-0.005158308858950361	-1.9936365259597222	0.17622345133090678	10.958249972604374	38.99299961007001
1432	23461888	10	13.0	0.0	13.0	13.0	10	13.0	0.0	13.0	13.0	-0.0057464950726551604	-1.980782287609875	0.1694716386475708	12.19849996950375	5.852999941470001
1436	23527424	10	8.6	5.40740233383831	13.0	1.0	10	13.0	0.0	13.0	13.0	-0.0051591693525028315	-2.027359343854006	0.13998012716665567	10.13949997465125	26.099999739000005
1440	23592960	10	13.0	0.0	13.0	13.0	10	11.9	3.3	13.0	2.0	-0.004866926840601001	-1.9611736049695372	0.15041223089196099	10.240749974398126	45.917999540820006
1444	23658496	10	8.8	5.15363949069005	13.0	2.0	10	12.0	3.0	13.0	3.0	-0.005972666670140159	-1.9521207894338222	0.15984871395905925	10.07949997480125	26.723999732760003
1448	23724032	10	10.7	4.648655719667784	13.0	0.0	10	13.0	0.0	13.0	13.0	-0.005790014013355347	-1.9718807225855521	0.13327755575853073	10.918749972703125	23.244999767550006
1452	23789568	10	11.6	3.32264954516723	13.0	2.0	10	13.0	0.0	13.0	13.0	-0.006075102667913782	-1.9371947842805288	0.1378649109054792	10.280999974297501	16.233999837660004
1456	23855104	10	7.6	5.4258639865002145	13.0	1.0	10	13.0	0.0	13.0	13.0	-0.005872955467561062	-1.907885357538803	0.14055527163136672	11.13199997217	19.384999806150006
1460	23920640	10	6.8	5.075431016179809	13.0	2.0	10	12.0	3.0	13.0	3.0	-0.00514243514718239	-1.9135597271714098	0.13502378023064804	12.02249996994375	37.96999962030001
1464	23986176	10	9.8	4.915282290977803	13.0	1.0	10	13.0	0.0	13.0	13.0	-0.005491945021310731	-1.8661890450162846	0.14858652874831813	11.40399997149	22.377999776220005
1468	24051712	10	8.5	5.554277630799526	13.0	0.0	10	13.0	0.0	13.0	13.0	-0.004454484458762166	-1.8975728189458698	0.1255176219725619	10.856249972859375	25.797999742020004
1472	24117248	10	13.0	0.0	13.0	13.0	10	11.7	3.0347981810987035	13.0	3.0	-0.005300711175301539	-1.9272932532408917	0.14114739278723756	11.251999971870001	8.095999919040002
1476	24182784	10	8.6	5.407402333838309	13.0	1.0	10	13.0	0.0	13.0	13.0	-0.0054455533603471	-1.9180901992309825	0.18279903915669235	11.61599997096	22.910999770890005
1480	24248320	10	10.7	4.605431575867782	13.0	1.0	10	13.0	0.0	13.0	13.0	-0.005643194167248115	-1.8936203952147954	0.1349064352160732	10.755249973111876	27.669999723300005
1484	24313856	10	10.9	4.2059481689626175	13.0	2.0	10	11.9	3.3	13.0	2.0	-0.005127344866874487	-1.8338888186292874	0.15132946519467427	10.92449997268875	36.017999639820005
1488	24379392	10	11.8	3.6	13.0	1.0	10	12.0	3.0	13.0	3.0	-0.004637278144220739	-1.8782152109375145	0.10976408857407335	12.238749969403125	38.84899961151
1492	24444928	10	10.8	4.4	13.0	2.0	10	13.0	0.0	13.0	13.0	-0.004774592901218499	-1.8598760997801798	0.17513038255002225	11.5669999710825	22.89099977109
1496	24510464	10	12.0	3.0	13.0	3.0	10	11.9	3.3	13.0	2.0	-0.005093368482827503	-1.9344545948477165	0.09673915150498962	11.4809999712975	7.648999923510002
1500	24576000	10	11.9	3.3	13.0	2.0	10	13.0	0.0	13.0	13.0	-0.0046104190327896115	-2.019571223396294	0.16010854150984327	10.5189999737025	26.477999735220006
1504	24641536	10	10.7	4.605431575867782	13.0	1.0	10	13.0	0.0	13.0	13.0	-0.004957025938073389	-1.9520986661765054	0.14008697295499176	10.375999974059999	21.836999781630002
1508	24707072	10	6.7	5.158488150611572	13.0	2.0	10	13.0	0.0	13.0	13.0	-0.005777304567047071	-1.9768600399719785	0.12894505540428472	11.54149997114625	20.632999793670002
1512	24772608	10	9.8	4.894895300208167	13.0	2.0	10	11.9	3.3	13.0	2.0	-0.004724782617018287	-1.870904516233823	0.1217455808334515	11.333749971665627	24.333999756660003
1516	24838144	10	9.6	5.238320341483519	13.0	0.0	10	11.9	3.3	13.0	2.0	-0.004861772741402548	-1.8191822057557552	0.11675555347024877	10.330749974173125	42.98499957015001
1520	24903680	10	9.5	5.352569476429054	13.0	1.0	10	10.7	4.648655719667783	13.0	0.0	-0.005165438957866829	-1.904764691790214	0.10225153012921104	11.58049997104875	41.08099958919001
1524	24969216	10	9.9	4.742362280551751	13.0	2.0	10	12.0	3.0	13.0	3.0	-0.004183452850024143	-1.8442591650353026	0.1118282103251283	9.57249997606875	44.21999955780001
