iter	frame	n_test	mean_returns	std_returns	max_returns	min_returns	n_test_train	mean_returns_train	std_returns_train	max_returns_train	min_returns_train	actor_loss	entropy_loss	value_loss	training_time	evaluation_time
0	0	10	2.0	4.0	10.0	0.0	10	4.0	4.898979485566356	10.0	0.0	0	0	0	0.0	15.108999848910003
4	65536	10	2.0	4.0	10.0	0.0	10	3.0	4.58257569495584	10.0	0.0	0.0035115574691473245	-2.5180133379856415	0.3604830645891036	14.339249964151875	10.226999897730002
8	131072	10	2.0	4.0	10.0	0.0	10	2.0	4.0	10.0	0.0	-0.00019639046511429743	-2.5449502117764378	0.6727820041199065	13.4309999664225	10.30899989691
12	196608	10	0.0	0.0	0.0	0.0	10	2.0	4.0	10.0	0.0	0.0004907963096021569	-2.5667896839289392	0.6497104077233601	12.910249967724374	7.490999925090001
16	262144	10	4.0	4.898979485566356	10.0	0.0	10	4.0	4.898979485566356	10.0	0.0	-0.0024429218608203935	-2.555736114315203	0.7639891417522131	12.855749967860625	1.5929999840700002
20	327680	10	2.0	4.0	10.0	0.0	10	2.0	4.0	10.0	0.0	-0.0025557650609461676	-2.525701679026247	0.5129959570330466	11.871249970321875	8.505999914940002
24	393216	10	4.0	4.898979485566356	10.0	0.0	10	4.0	4.898979485566356	10.0	0.0	-0.001931098277460017	-2.479843988756308	0.305082676822826	12.665249968336875	3.5199999648000007
28	458752	10	6.0	4.898979485566356	10.0	0.0	10	1.0	3.0	10.0	0.0	-0.00183425483536659	-2.4230625179866188	0.27900878306055443	13.327749966680626	3.5339999646600004
32	524288	10	4.0	4.898979485566356	10.0	0.0	10	3.0	4.58257569495584	10.0	0.0	-0.001680319316141518	-2.4690381112109647	0.23227414269064295	13.422749966443126	3.1209999687900005
36	589824	10	5.0	5.0	10.0	0.0	10	4.0	4.898979485566356	10.0	0.0	-0.00022432374920842838	-2.466919908663953	0.25898721671759406	12.455249968861875	4.49099995509
40	655360	10	3.0	4.58257569495584	10.0	0.0	10	4.0	4.898979485566356	10.0	0.0	-0.001621839929746402	-2.4278449810995877	0.3027699063992771	12.939749967650625	3.4159999658400007
44	720896	10	4.0	4.898979485566356	10.0	0.0	10	6.0	4.898979485566356	10.0	0.0	-0.002771422836621467	-2.331474942222761	0.24322187851443522	12.538249968654377	1.4829999851700004
48	786432	10	3.0	4.58257569495584	10.0	0.0	10	2.0	4.0	10.0	0.0	0.00012114176932857419	-2.4061454209165745	0.2602729097048028	12.786249968034376	6.289999937100001
52	851968	10	5.0	5.0	10.0	0.0	10	4.0	4.898979485566356	10.0	0.0	-0.001927429800264308	-2.454944727065742	0.21591739897540152	12.334499969163751	9.072999909270003
56	917504	10	4.0	4.898979485566356	10.0	0.0	10	2.0	4.0	10.0	0.0	-0.0030808523100075117	-2.4825846997297623	0.14304153123001356	12.345749969135627	7.8269999217300015
60	983040	10	4.0	4.898979485566356	10.0	0.0	10	4.0	4.898979485566356	10.0	0.0	-0.001844301480064527	-2.464152755579963	0.2258915334394212	12.485999968784999	6.147999938520001
64	1048576	10	3.0	4.58257569495584	10.0	0.0	10	1.0	3.0	10.0	0.0	-0.0028368998704006564	-2.5221507149294347	0.14982305093039067	13.042999967392502	7.115999928840001
68	1114112	10	2.0	4.0	10.0	0.0	10	3.0	4.58257569495584	10.0	0.0	-0.0029096471913969716	-2.4890673406312884	0.17324550525653748	12.489999968775003	5.307999946920001
72	1179648	10	1.0	3.0	10.0	0.0	10	3.0	4.58257569495584	10.0	0.0	-0.0028201630166316436	-2.5074828711520345	0.19263108452948546	12.563749968590626	10.081999899180003
76	1245184	10	3.0	4.58257569495584	10.0	0.0	10	3.0	4.58257569495584	10.0	0.0	-0.003110819161196296	-2.5328478413168702	0.13695382573767437	12.690749968273124	5.491999945080001
80	1310720	10	2.0	4.0	10.0	0.0	10	4.0	4.898979485566356	10.0	0.0	-0.004060677280178049	-2.526649464900356	0.14669634904736556	13.13999996715	4.90299995097
84	1376256	10	3.0	4.58257569495584	10.0	0.0	10	5.0	5.0	10.0	0.0	-0.0016848351756140784	-2.4984585218012505	0.1923355324924808	12.909999967725	4.348999956510001
88	1441792	10	5.0	5.0	10.0	0.0	10	3.0	4.58257569495584	10.0	0.0	-0.0032698841602045755	-2.4737248169785846	0.2220206033828054	13.06049996734875	6.7659999323400015
92	1507328	10	3.0	4.58257569495584	10.0	0.0	10	3.0	4.58257569495584	10.0	0.0	-0.004034616506218819	-2.5309721179153604	0.1549625171497474	12.884999967787499	5.580999944190001
96	1572864	10	6.0	4.898979485566356	10.0	0.0	10	7.0	4.58257569495584	10.0	0.0	-0.0030773237373501127	-2.4831431828336155	0.14728366100868204	12.291999969269998	2.7199999728000006
100	1638400	10	2.0	4.0	10.0	0.0	10	4.0	4.898979485566356	10.0	0.0	-0.0035854619911842877	-2.5334862989528424	0.1230761095132376	12.50399996874	8.63899991361
104	1703936	10	1.0	3.0	10.0	0.0	10	3.0	4.58257569495584	10.0	0.0	-0.0027774795195745247	-2.536370622350814	0.12577142937661398	13.065249967336873	8.57499991425
108	1769472	10	1.0	3.0	10.0	0.0	10	4.0	4.898979485566356	10.0	0.0	-0.0036335102106481933	-2.5423633975122506	0.10682975228073506	12.39549996901125	11.897999881020002
112	1835008	10	1.0	3.0	10.0	0.0	10	3.0	4.58257569495584	10.0	0.0	-0.0030527431375203633	-2.5730689811013083	0.12099143314311964	12.26399996934	5.280999947190001
116	1900544	10	6.0	4.898979485566356	10.0	0.0	10	3.0	4.58257569495584	10.0	0.0	-0.002507937053190071	-2.585586592285714	0.09832271074938537	13.089999967275	4.499999955000001
120	1966080	10	0.0	0.0	0.0	0.0	10	1.0	3.0	10.0	0.0	-0.00411703743599155	-2.5862813440251435	0.06698813416762976	13.38449996653875	3.2799999672
124	2031616	10	3.0	4.58257569495584	10.0	0.0	10	2.0	4.0	10.0	0.0	-0.0034157334639004335	-2.5638476483336694	0.08159673310121542	13.196249967009374	4.42699995573
128	2097152	10	4.0	4.898979485566356	10.0	0.0	10	3.0	4.58257569495584	10.0	0.0	-0.0035374823840006774	-2.55066030942653	0.07467594353946015	12.363999969089999	9.572999904270002
132	2162688	10	2.0	4.0	10.0	0.0	10	3.0	4.58257569495584	10.0	0.0	-0.0018455297611477605	-2.548856489094826	0.059689519358013914	12.519749968700625	6.0459999395400015
136	2228224	10	3.0	4.58257569495584	10.0	0.0	10	4.0	4.898979485566356	10.0	0.0	-0.002789951540471938	-2.535925527149527	0.11204558186773327	13.038499967403752	3.5329999646700005
140	2293760	10	1.0	3.0	10.0	0.0	10	2.0	4.0	10.0	0.0	-0.0030051380184181477	-2.515751284595533	0.07822703864231437	12.555999968610001	9.373999906260002
144	2359296	10	4.0	4.898979485566356	10.0	0.0	10	5.0	5.0	10.0	0.0	-0.0029774782885024086	-2.5244481064233106	0.052532389172468656	12.556249968609373	3.7129999628700006
148	2424832	10	3.0	4.58257569495584	10.0	0.0	10	5.0	5.0	10.0	0.0	-0.0028166054856629433	-2.5301307387497984	0.09154505485413675	12.482249968794376	2.6099999739000004
152	2490368	10	3.0	4.58257569495584	10.0	0.0	10	1.0	3.0	10.0	0.0	-0.004029520129617433	-2.508335783816359	0.12724013155708253	13.20799996698	3.4319999656800007
156	2555904	10	4.0	4.898979485566356	10.0	0.0	10	1.0	3.0	10.0	0.0	-0.004046113421466775	-2.4847896021996445	0.13838007602330524	12.8789999678025	4.7179999528200005
160	2621440	10	3.0	4.58257569495584	10.0	0.0	10	6.0	4.898979485566356	10.0	0.0	-0.004654151088713614	-2.50582392984355	0.16960451028405693	13.33599996666	2.0669999793300007
164	2686976	10	1.0	3.0	10.0	0.0	10	7.0	4.58257569495584	10.0	0.0	-0.0036132376040642765	-2.5070401949059145	0.12263094368665536	12.429249968926875	9.85599990144
168	2752512	10	2.0	4.0	10.0	0.0	10	4.0	4.898979485566356	10.0	0.0	-0.00402028299341165	-2.5089824793109434	0.10600906139842832	12.37749996905625	8.102999918970001
172	2818048	10	2.0	4.0	10.0	0.0	10	4.0	4.898979485566356	10.0	0.0	-0.004257603700818768	-2.523579090570791	0.1507467106603762	11.964499970088749	5.9339999406600015
176	2883584	10	3.0	4.58257569495584	10.0	0.0	10	4.0	4.898979485566356	10.0	0.0	-0.0050053767646144375	-2.5455645444324393	0.10395058392783625	12.921249967696875	2.985999970140001
180	2949120	10	4.0	4.898979485566356	10.0	0.0	10	3.0	4.58257569495584	10.0	0.0	-0.004748766164499204	-2.534969525768547	0.08106768316676163	13.37949996655125	4.2859999571400005
184	3014656	10	6.0	4.898979485566356	10.0	0.0	10	3.0	4.58257569495584	10.0	0.0	-0.004420265836258358	-2.5389539571938626	0.0837670171080444	12.72849996817875	9.640999903590002
188	3080192	10	2.0	4.0	10.0	0.0	10	3.0	4.58257569495584	10.0	0.0	-0.0029020105524380523	-2.5264590926320167	0.10920964219090694	13.268249966829373	6.592999934070001
192	3145728	10	2.0	4.0	10.0	0.0	10	3.0	4.58257569495584	10.0	0.0	-0.004507398142611318	-2.5470176609684283	0.07695981352952512	12.962249967594374	4.091999959080001
196	3211264	10	3.0	4.58257569495584	10.0	0.0	10	4.0	4.898979485566356	10.0	0.0	-0.003584767502242746	-2.528726075822953	0.06047418022208792	12.403999968990002	11.738999882610003
200	3276800	10	2.0	4.0	10.0	0.0	10	4.0	4.898979485566356	10.0	0.0	-0.0030543988320006718	-2.528381896252314	0.13103501598227518	13.073249967316874	7.9709999202900015
204	3342336	10	2.0	4.0	10.0	0.0	10	2.0	4.0	10.0	0.0	-0.004135086171596775	-2.5126135296985836	0.09783655345817763	13.0729999673175	6.196999938030001
208	3407872	10	0.0	0.0	0.0	0.0	10	4.0	4.898979485566356	10.0	0.0	-0.003883086697492454	-2.5401690997020836	0.12263529987038746	13.79349996551625	4.78699995213
212	3473408	10	2.0	4.0	10.0	0.0	10	2.0	4.0	10.0	0.0	-0.00428076298901613	-2.5198757471996265	0.11605140841133259	12.70149996824625	8.511999914880002
216	3538944	10	1.0	3.0	10.0	0.0	10	2.0	4.0	10.0	0.0	-0.005088041911904462	-2.533690474663499	0.1076574399179084	12.57949996855125	9.129999908700002
220	3604480	10	2.0	4.0	10.0	0.0	10	3.0	4.58257569495584	10.0	0.0	-0.003010341927609762	-2.544194842113278	0.1267527292816182	12.740749968148126	13.441999865580001
224	3670016	10	4.0	4.898979485566356	10.0	0.0	10	3.0	4.58257569495584	10.0	0.0	-0.004387345348881511	-2.5469202297259725	0.09905377774398869	12.787249968031876	12.513999874860001
228	3735552	10	5.0	5.0	10.0	0.0	10	3.0	4.58257569495584	10.0	0.0	-0.004718748371905849	-2.530650675033174	0.12051035027937448	12.976249967559376	6.437999935620001
232	3801088	10	3.0	4.58257569495584	10.0	0.0	10	1.0	3.0	10.0	0.0	-0.003511446513219039	-2.5129533233607786	0.12888104079190477	12.700749968248125	4.571999954280001
236	3866624	10	1.0	3.0	10.0	0.0	10	7.0	4.58257569495584	10.0	0.0	-0.0044021368735191685	-2.5173707105080627	0.194030888513629	13.07749996730625	9.444999905550002
240	3932160	10	5.0	5.0	10.0	0.0	10	2.0	4.0	10.0	0.0	-0.004746025928509964	-2.504188353555815	0.16072851402252553	12.548749968628126	11.541999884580001
244	3997696	10	4.0	4.898979485566356	10.0	0.0	10	3.0	4.58257569495584	10.0	0.0	-0.004427000896757482	-2.4590803655407294	0.2012108072894578	13.084749967288126	11.942999880570001
248	4063232	10	3.0	4.58257569495584	10.0	0.0	10	3.0	4.58257569495584	10.0	0.0	-0.00493616036640983	-2.4981237349292162	0.15904685247895392	12.569499968576253	9.298999907010002
252	4128768	10	6.0	4.898979485566356	10.0	0.0	10	4.0	4.898979485566356	10.0	0.0	-0.004664298169517787	-2.4658500549608835	0.16784623069492483	12.5569999686075	11.142999888570003
256	4194304	10	4.0	4.898979485566356	10.0	0.0	10	3.0	4.58257569495584	10.0	0.0	-0.004555603872005639	-2.4162171530193497	0.1973645926713246	12.652749968368127	10.685999893140002
260	4259840	10	2.0	4.0	10.0	0.0	10	3.0	4.58257569495584	10.0	0.0	-0.005242807889528978	-2.470636831960017	0.11048321843859055	12.065749969835627	10.241999897580003
264	4325376	10	6.0	4.898979485566356	10.0	0.0	10	4.0	4.898979485566356	10.0	0.0	-0.005009484924290746	-2.4429835326908376	0.1500166282677597	12.905499967736251	6.297999937020001
268	4390912	10	3.0	4.58257569495584	10.0	0.0	10	6.0	4.898979485566356	10.0	0.0	-0.0033236260566075876	-2.4038197668869703	0.17369274343106844	12.906749967733125	6.536999934630001
272	4456448	10	3.0	4.58257569495584	10.0	0.0	10	2.0	4.0	10.0	0.0	-0.004984881303937439	-2.3859429009256914	0.14000974043055764	12.6689999683275	11.514999884850003
276	4521984	10	5.0	5.0	10.0	0.0	10	3.0	4.58257569495584	10.0	0.0	-0.004600306463065058	-2.343932260825456	0.16801841850194532	13.204249966989375	6.160999938390001
280	4587520	10	4.0	4.898979485566356	10.0	0.0	10	4.0	4.898979485566356	10.0	0.0	-0.004054835082754158	-2.363588042311032	0.1740454920231054	12.353249969116874	7.512999924870001
284	4653056	10	2.0	4.0	10.0	0.0	10	3.0	4.58257569495584	10.0	0.0	-0.0037791415327172507	-2.3939698559532303	0.14272322756459005	12.36149996909625	10.336999896630001
288	4718592	10	2.0	4.0	10.0	0.0	10	3.0	4.58257569495584	10.0	0.0	-0.004104177781176324	-2.393343316762685	0.135619340004087	11.96049997009875	8.364999916350001
292	4784128	10	6.0	4.898979485566356	10.0	0.0	10	7.0	4.58257569495584	10.0	0.0	-0.005150386985475761	-2.4274086353634474	0.1605802033084501	12.38249996904375	10.575999894240002
296	4849664	10	5.0	5.0	10.0	0.0	10	5.0	5.0	10.0	0.0	-0.0043392343524553175	-2.405129134404464	0.10983645429777136	12.459749968850625	5.953999940460001
300	4915200	10	5.0	5.0	10.0	0.0	10	5.0	5.0	10.0	0.0	-0.004895131279020171	-2.436586228255933	0.10152509621218275	13.03549996741125	5.8349999416500005
304	4980736	10	3.0	4.58257569495584	10.0	0.0	10	7.0	4.58257569495584	10.0	0.0	-0.004154981426403646	-2.3708488690370304	0.15257566319741434	12.738249968154376	3.1369999686300005
308	5046272	10	7.0	4.58257569495584	10.0	0.0	10	5.0	5.0	10.0	0.0	-0.003952385027830426	-2.3883263689771947	0.1398682379561377	12.53449996866375	6.252999937470001
312	5111808	10	4.0	4.898979485566356	10.0	0.0	10	4.0	4.898979485566356	10.0	0.0	-0.003678520876666901	-2.455013577881031	0.10314320833900038	12.448749968878126	5.715999942840001
316	5177344	10	9.0	3.0	10.0	0.0	10	3.0	4.58257569495584	10.0	0.0	-0.0046341974249443415	-2.393284966298983	0.2601994426339528	12.877499967806251	10.422999895770001
320	5242880	10	4.0	4.898979485566356	10.0	0.0	10	5.0	5.0	10.0	0.0	-0.00433711464044784	-2.372799508026435	0.19324146306147144	12.344999969137499	9.17399990826
324	5308416	10	4.0	4.898979485566356	10.0	0.0	10	2.0	4.0	10.0	0.0	-0.003830556834959325	-2.424189691489741	0.14782686019716706	12.921499967696251	10.240999897590001
328	5373952	10	4.0	4.898979485566356	10.0	0.0	10	6.0	4.898979485566356	10.0	0.0	-0.005008818629684957	-2.4881220631193135	0.15002929343986587	12.938999967652501	5.7389999426100005
332	5439488	10	5.0	5.0	10.0	0.0	10	3.0	4.58257569495584	10.0	0.0	-0.0037937778648169922	-2.486717141905674	0.15804485715055494	12.386249969034376	6.57599993424
336	5505024	10	2.0	4.0	10.0	0.0	10	6.0	4.898979485566356	10.0	0.0	-0.004108484409573773	-2.440409883602564	0.16092720222535287	12.777749968055627	3.493999965060001
340	5570560	10	3.0	4.58257569495584	10.0	0.0	10	4.0	4.898979485566356	10.0	0.0	-0.004409381901036779	-2.4434018753407303	0.21317400897495156	13.159749967100625	4.699999953000001
344	5636096	10	5.0	5.0	10.0	0.0	10	5.0	5.0	10.0	0.0	-0.00446710815184667	-2.433906127755628	0.20179683542260532	12.825749967935627	3.4629999653700008
348	5701632	10	6.0	4.898979485566356	10.0	0.0	10	5.0	5.0	10.0	0.0	-0.004539060159744134	-2.4492865525118246	0.15549388991911736	12.64349996839125	8.236999917630001
352	5767168	10	4.0	4.898979485566356	10.0	0.0	10	6.0	4.898979485566356	10.0	0.0	-0.004025165616930269	-2.493579861758678	0.15447600168739956	12.558999968602501	9.574999904250001
356	5832704	10	5.0	5.0	10.0	0.0	10	4.0	4.898979485566356	10.0	0.0	-0.004724007575950006	-2.5091773939499196	0.13218543684906198	11.8629999703425	8.09099991909
360	5898240	10	5.0	5.0	10.0	0.0	10	3.0	4.58257569495584	10.0	0.0	-0.0041181784395378914	-2.4989517750719843	0.157285632316403	12.868499967828749	9.760999902390001
364	5963776	10	4.0	4.898979485566356	10.0	0.0	10	5.0	5.0	10.0	0.0	-0.00420627603021019	-2.4642139794842484	0.10837452888601631	12.399249969001875	9.722999902770002
368	6029312	10	4.0	4.898979485566356	10.0	0.0	10	6.0	4.898979485566356	10.0	0.0	-0.004237105387966385	-2.452902150395308	0.14103285941611268	12.333999969165	10.147999898520002
372	6094848	10	7.0	4.58257569495584	10.0	0.0	10	3.0	4.58257569495584	10.0	0.0	-0.003890176633122896	-2.447745355212028	0.1512327007791818	12.253499969366251	5.588999944110001
376	6160384	10	3.0	4.58257569495584	10.0	0.0	10	5.0	5.0	10.0	0.0	-0.0039734522356820075	-2.472002823890042	0.09476913904637742	12.706999968232502	7.724999922750001
380	6225920	10	5.0	5.0	10.0	0.0	10	7.0	4.58257569495584	10.0	0.0	-0.003853755393925245	-2.5038429694746465	0.1334128281893935	12.3409999691475	2.5449999745500005
384	6291456	10	3.0	4.58257569495584	10.0	0.0	10	3.0	4.58257569495584	10.0	0.0	-0.0036355344257119936	-2.49830404146317	0.08071939006072626	12.824999967937499	4.64299995357
388	6356992	10	2.0	4.0	10.0	0.0	10	6.0	4.898979485566356	10.0	0.0	-0.004018550047057711	-2.4783587055803586	0.108006327091331	13.268249966829375	3.886999961130001
392	6422528	10	4.0	4.898979485566356	10.0	0.0	10	3.0	4.58257569495584	10.0	0.0	-0.0045241655869314576	-2.4513487018574844	0.16268233964853387	13.323749966690626	3.0299999697000004
396	6488064	10	5.0	5.0	10.0	0.0	10	5.0	5.0	10.0	0.0	-0.004399366875225311	-2.4474107198351325	0.1387722593354793	13.467249966331876	4.213999957860001
400	6553600	10	2.0	4.0	10.0	0.0	10	3.0	4.58257569495584	10.0	0.0	-0.0038907964185949614	-2.5002988524614023	0.12601473964990317	13.10049996724875	5.75699994243
404	6619136	10	5.0	5.0	10.0	0.0	10	3.0	4.58257569495584	10.0	0.0	-0.004438008528109128	-2.499818260210628	0.15611277790666162	12.858999967852503	7.016999929830002
408	6684672	10	2.0	4.0	10.0	0.0	10	5.0	5.0	10.0	0.0	-0.00355315435650456	-2.5229886618608686	0.09273613313178311	12.869999967824999	8.69699991303
412	6750208	10	3.0	4.58257569495584	10.0	0.0	10	6.0	4.898979485566356	10.0	0.0	-0.0038085382289535104	-2.531297333274855	0.13309078043259745	12.431749968920625	4.0399999596
416	6815744	10	6.0	4.898979485566356	10.0	0.0	10	4.0	4.898979485566356	10.0	0.0	-0.003521893949191473	-2.531194907659873	0.10933786901127307	12.780749968048127	4.252999957470001
420	6881280	10	4.0	4.898979485566356	10.0	0.0	10	4.0	4.898979485566356	10.0	0.0	-0.0033615034501796484	-2.5173617151737564	0.09735679165610188	12.606249968484375	6.769999932300001
424	6946816	10	4.0	4.898979485566356	10.0	0.0	10	7.0	4.58257569495584	10.0	0.0	-0.004440431274049927	-2.531915224824855	0.1354615375801755	12.266999969332499	7.226999927730001
428	7012352	10	4.0	4.898979485566356	10.0	0.0	10	4.0	4.898979485566356	10.0	0.0	-0.004044580508164863	-2.5352800908030635	0.14757676677172427	13.139749967150625	5.560999944390001
432	7077888	10	2.0	4.0	10.0	0.0	10	4.0	4.898979485566356	10.0	0.0	-0.004093135603577929	-2.5100351867445343	0.1183872364415712	13.15149996712125	6.455999935440001
436	7143424	10	2.0	4.0	10.0	0.0	10	4.0	4.898979485566356	10.0	0.0	-0.004370109223751703	-2.5191723478196515	0.11275320114790346	13.053749967365624	9.090999909090002
440	7208960	10	5.0	5.0	10.0	0.0	10	2.0	4.0	10.0	0.0	-0.0029659993084899692	-2.521067604159958	0.07985201749293477	12.745749968135625	12.890999871090003
444	7274496	10	3.0	4.58257569495584	10.0	0.0	10	3.0	4.58257569495584	10.0	0.0	-0.0034181899969630706	-2.4914373057472243	0.09258314680973509	12.208999969477501	7.194999928050001
448	7340032	10	4.0	4.898979485566356	10.0	0.0	10	5.0	5.0	10.0	0.0	-0.0040307424322888275	-2.479899450878266	0.10302977064948185	12.644749968388126	7.081999929180001
452	7405568	10	7.0	4.58257569495584	10.0	0.0	10	6.0	4.898979485566356	10.0	0.0	-0.0034026109566278047	-2.473426803688846	0.10659391152493439	13.14349996714125	2.1879999781200006
456	7471104	10	3.0	4.58257569495584	10.0	0.0	10	5.0	5.0	10.0	0.0	-0.0034884373474297964	-2.4832466440793004	0.11687466549478574	13.4009999664975	6.082999939170001
460	7536640	10	5.0	5.0	10.0	0.0	10	3.0	4.58257569495584	10.0	0.0	-0.0034267717064184184	-2.5007490686950855	0.11509137405435918	13.417999966455001	9.080999909190002
464	7602176	10	4.0	4.898979485566356	10.0	0.0	10	3.0	4.58257569495584	10.0	0.0	-0.0033344147931997524	-2.5432464949620974	0.08879608706577524	13.469249966326874	9.973999900260003
468	7667712	10	4.0	4.898979485566356	10.0	0.0	10	2.0	4.0	10.0	0.0	-0.003644417944314466	-2.577727469036684	0.11820704518788999	12.861249967846875	10.334999896650002
472	7733248	10	3.0	4.58257569495584	10.0	0.0	10	5.0	5.0	10.0	0.0	-0.00431814344438447	-2.5509570213481907	0.05747020324035274	12.9809999675475	12.653999873460002
476	7798784	10	3.0	4.58257569495584	10.0	0.0	10	4.0	4.898979485566356	10.0	0.0	-0.0026741752829915516	-2.5599894893482977	0.04328403603513765	13.0389999674025	6.239999937600001
480	7864320	10	6.0	4.898979485566356	10.0	0.0	10	6.0	4.898979485566356	10.0	0.0	-0.0029316941142171577	-2.571429997414714	0.03754277597275492	14.098249964754375	10.165999898340003
484	7929856	10	6.0	4.898979485566356	10.0	0.0	10	3.0	4.58257569495584	10.0	0.0	-0.004278496128041879	-2.5318142322048742	0.06940208503757991	13.249249966876874	8.64499991355
488	7995392	10	4.0	4.898979485566356	10.0	0.0	10	6.0	4.898979485566356	10.0	0.0	-0.004049309465884006	-2.5245672312729357	0.11081406220725953	12.936249967659377	6.318999936810001
492	8060928	10	3.0	4.58257569495584	10.0	0.0	10	3.0	4.58257569495584	10.0	0.0	-0.0036777206547219804	-2.5317522582754752	0.1215200634779485	12.062499969843751	14.520999854790004
496	8126464	10	5.0	5.0	10.0	0.0	10	4.0	4.898979485566356	10.0	0.0	-0.003057666182015174	-2.507946873443348	0.12197491424439846	12.780249968049374	3.8759999612400007
500	8192000	10	3.0	4.58257569495584	10.0	0.0	10	4.0	4.898979485566356	10.0	0.0	-0.0035142824122863206	-2.5392037577765634	0.13651422557240767	13.024749967438126	5.403999945960001
504	8257536	10	5.0	5.0	10.0	0.0	10	6.0	4.898979485566356	10.0	0.0	-0.0037566529253154606	-2.524709045624003	0.1596656526117353	12.55049996862375	4.792999952070001
508	8323072	10	4.0	4.898979485566356	10.0	0.0	10	4.0	4.898979485566356	10.0	0.0	-0.0033283032919693757	-2.5540306888343793	0.11093746369014666	12.92949996767625	4.985999950140001
512	8388608	10	4.0	4.898979485566356	10.0	0.0	10	6.0	4.898979485566356	10.0	0.0	-0.0043727217412189755	-2.5536350232682943	0.16459915661090663	12.908999967727501	7.112999928870002
516	8454144	10	5.0	5.0	10.0	0.0	10	4.0	4.898979485566356	10.0	0.0	-0.003727892541888985	-2.504313180583123	0.13515882146068173	13.160749967098125	6.365999936340001
520	8519680	10	5.0	5.0	10.0	0.0	10	6.0	4.898979485566356	10.0	0.0	-0.0034013440814400706	-2.5006947738307543	0.1396551621777128	13.121999967195	7.827999921720002
524	8585216	10	4.0	4.898979485566356	10.0	0.0	10	5.0	5.0	10.0	0.0	-0.003982244381596111	-2.5139568942153376	0.09251587880626531	13.07849996730375	4.282999957170001
528	8650752	10	5.0	5.0	10.0	0.0	10	1.0	3.0	10.0	0.0	-0.0030490245574741988	-2.4978317690273952	0.10764520111691835	13.12649996718375	9.623999903760001
532	8716288	10	2.0	4.0	10.0	0.0	10	5.0	5.0	10.0	0.0	-0.004215368459745638	-2.5272186073015153	0.08249281810629802	13.318999966702501	3.4869999651300008
536	8781824	10	3.0	4.58257569495584	10.0	0.0	10	1.0	3.0	10.0	0.0	-0.002681986953599479	-2.4832169535156248	0.07380966961701511	13.894249965264377	11.382999886170001
540	8847360	10	6.0	4.898979485566356	10.0	0.0	10	3.0	4.58257569495584	10.0	0.0	-0.003237431068218219	-2.503483128783594	0.09835951673394566	12.197249969506876	3.29199996708
544	8912896	10	7.0	4.58257569495584	10.0	0.0	10	5.0	5.0	10.0	0.0	-0.0033183278558559415	-2.4893179260084786	0.04109772952563281	13.295249966761874	9.841999901580001
548	8978432	10	6.0	4.898979485566356	10.0	0.0	10	7.0	4.58257569495584	10.0	0.0	-0.0036672791510803204	-2.492943480351166	0.06281682524253371	13.025249967436874	7.694999923050002
552	9043968	10	3.0	4.58257569495584	10.0	0.0	10	3.0	4.58257569495584	10.0	0.0	-0.00310556885443564	-2.5037584848577397	0.05633600752136259	12.701999968245	8.459999915400003
556	9109504	10	5.0	5.0	10.0	0.0	10	5.0	5.0	10.0	0.0	-0.003873437783316178	-2.5524709495230056	0.03036965294133705	12.764749968088125	6.137999938620001
560	9175040	10	4.0	4.898979485566356	10.0	0.0	10	6.0	4.898979485566356	10.0	0.0	-0.003995325246137998	-2.5629838404369867	0.11537967997487789	13.157249967106875	7.274999927250001
564	9240576	10	6.0	4.898979485566356	10.0	0.0	10	3.0	4.58257569495584	10.0	0.0	-0.0028330562390773196	-2.5190411952494176	0.12226665158413788	13.3129999667175	7.290999927090001
568	9306112	10	6.0	4.898979485566356	10.0	0.0	10	5.0	5.0	10.0	0.0	-0.002699997884541604	-2.5322291575218006	0.10639696858180658	12.39449996901375	9.287999907120001
572	9371648	10	2.0	4.0	10.0	0.0	10	5.0	5.0	10.0	0.0	-0.004669325591868871	-2.4917778171486833	0.16991668146196298	12.397999969005	6.073999939260001
576	9437184	10	7.0	4.58257569495584	10.0	0.0	10	5.0	5.0	10.0	0.0	-0.0038674051631676074	-2.5009501548983217	0.13291694106080892	12.096749969758125	2.8209999717900005
580	9502720	10	2.0	4.0	10.0	0.0	10	5.0	5.0	10.0	0.0	-0.003603473324729401	-2.4634357365386585	0.10823563093278622	12.907999967730001	9.441999905580001
584	9568256	10	7.0	4.58257569495584	10.0	0.0	10	5.0	5.0	10.0	0.0	-0.003194753119078781	-2.4823274162806164	0.13458198354108933	12.72449996818875	5.745999942540001
588	9633792	10	4.0	4.898979485566356	10.0	0.0	10	6.0	4.898979485566356	10.0	0.0	-0.004535212685502517	-2.479048095385286	0.13282272831395023	12.5609999685975	6.622999933770001
592	9699328	10	1.0	3.0	10.0	0.0	10	5.0	5.0	10.0	0.0	-0.0034792747825135935	-2.4710032192278866	0.048602107596798436	12.466249968834374	7.7549999224500015
596	9764864	10	8.0	4.0	10.0	0.0	10	5.0	5.0	10.0	0.0	-0.003656950111915491	-2.5041172228628636	0.01743177087883259	12.789999968025	7.781999922180002
600	9830400	10	5.0	5.0	10.0	0.0	10	4.0	4.898979485566356	10.0	0.0	-0.0037484882749631737	-2.447313949210823	0.02884317374206438	12.633499968416253	7.038999929610001
604	9895936	10	4.0	4.898979485566356	10.0	0.0	10	6.0	4.898979485566356	10.0	0.0	-0.003501000396620252	-2.5044515776012233	0.025454887833879718	12.682999968292501	11.092999889070002
608	9961472	10	6.0	4.898979485566356	10.0	0.0	10	2.0	4.0	10.0	0.0	-0.0033121134907748047	-2.5157184598209534	0.012607898850446253	13.246749966883126	15.147999848520001
612	10027008	10	6.0	4.898979485566356	10.0	0.0	10	6.0	4.898979485566356	10.0	0.0	-0.003101484090601036	-2.554658949109042	0.033274527213678975	12.454249968864374	10.781999892180002
616	10092544	10	4.0	4.898979485566356	10.0	0.0	10	3.0	4.58257569495584	10.0	0.0	-0.004590963166999717	-2.5294558949617216	0.006385386406632581	12.817249967956874	17.398999826010005
620	10158080	10	5.0	5.0	10.0	0.0	10	6.0	4.898979485566356	10.0	0.0	-0.0034842011563653423	-2.5484286270864582	0.00639217047313155	13.121749967195626	15.010999849890002
624	10223616	10	4.0	4.898979485566356	10.0	0.0	10	5.0	5.0	10.0	0.0	-0.003257522288816812	-2.545982377959325	0.008224738085474503	11.1599999721	10.990999890090002
628	10289152	10	7.0	4.58257569495584	10.0	0.0	10	5.0	5.0	10.0	0.0	-0.002796969532646159	-2.5774146514433007	0.018319799873008184	13.163249967091875	7.267999927320001
632	10354688	10	6.0	4.898979485566356	10.0	0.0	10	1.0	3.0	10.0	0.0	-0.0017460893393945443	-2.59437604966557	0.01393727670960021	12.978749967553124	11.944999880550002
636	10420224	10	6.0	4.898979485566356	10.0	0.0	10	8.0	4.0	10.0	0.0	-0.0027283780773549055	-2.5785998078481494	0.032814999803645106	11.442749971393123	9.288999907110002
640	10485760	10	6.0	4.898979485566356	10.0	0.0	10	6.0	4.898979485566356	10.0	0.0	-0.004113978965380874	-2.537889969581249	0.023641681897630034	12.078249969804373	3.2009999679900005
644	10551296	10	3.0	4.58257569495584	10.0	0.0	10	4.0	4.898979485566356	10.0	0.0	-0.002651143064543271	-2.497237242498145	0.03075462250290996	13.669249965826875	6.0459999395400015
648	10616832	10	3.0	4.58257569495584	10.0	0.0	10	5.0	5.0	10.0	0.0	-0.0011826598346165583	-2.4836727204318523	0.026624405928442355	11.73049997067375	7.255999927440001
652	10682368	10	4.0	4.898979485566356	10.0	0.0	10	6.0	4.898979485566356	10.0	0.0	-0.0016384727179189894	-2.498852098721242	0.04583148649067043	12.304499969238751	2.6679999733200006
656	10747904	10	5.0	5.0	10.0	0.0	10	6.0	4.898979485566356	10.0	0.0	-0.0031966466627944825	-2.510029953953429	0.05863159602081527	13.685999965785001	3.6179999638200004
660	10813440	10	3.0	4.58257569495584	10.0	0.0	10	4.0	4.898979485566356	10.0	0.0	-0.0028089294522441856	-2.525820120905984	0.07252699933423473	11.744749970638125	7.482999925170001
664	10878976	10	4.0	4.898979485566356	10.0	0.0	10	6.0	4.898979485566356	10.0	0.0	-0.002637792232870094	-2.496657006182478	0.05550060634078367	12.246499969383752	3.5489999645100005
668	10944512	10	4.0	4.898979485566356	10.0	0.0	10	6.0	4.898979485566356	10.0	0.0	-0.002945252160312526	-2.5288499342747834	0.03731260304241595	13.89599996526	4.832999951670001
672	11010048	10	5.0	5.0	10.0	0.0	10	6.0	4.898979485566356	10.0	0.0	-0.0024980895441760556	-2.5085668486723876	0.0584283721727613	11.189249972026875	7.257999927420001
676	11075584	10	4.0	4.898979485566356	10.0	0.0	10	5.0	5.0	10.0	0.0	-0.002042782247765628	-2.516072856621117	0.059243236807755895	11.597249971006875	9.900999900990001
680	11141120	10	4.0	4.898979485566356	10.0	0.0	10	4.0	4.898979485566356	10.0	0.0	-0.004174138884556601	-2.5544168077231943	0.013237430649633598	12.848749967878126	9.952999900470001
684	11206656	10	6.0	4.898979485566356	10.0	0.0	10	4.0	4.898979485566356	10.0	0.0	-0.0026765645013196683	-2.5245523623975927	0.03970684691811185	12.5809999685475	4.622999953770001
688	11272192	10	5.0	5.0	10.0	0.0	10	6.0	4.898979485566356	10.0	0.0	-0.00237223442405742	-2.4708302639334545	0.0761098418121185	11.059249972351873	3.0459999695400004
692	11337728	10	5.0	5.0	10.0	0.0	10	4.0	4.898979485566356	10.0	0.0	-0.0026905136204354815	-2.471231584490212	0.07499033329751106	13.188249967029375	2.0499999795000003
696	11403264	10	3.0	4.58257569495584	10.0	0.0	10	2.0	4.0	10.0	0.0	-0.002273868245301463	-2.480342161893762	0.06899436206982916	11.451749971370626	11.781999882180003
700	11468800	10	7.0	4.58257569495584	10.0	0.0	10	5.0	5.0	10.0	0.0	-0.00318693499590911	-2.482476509848926	0.0745195972869003	11.318999971702501	5.625999943740001
704	11534336	10	3.0	4.58257569495584	10.0	0.0	10	5.0	5.0	10.0	0.0	-0.0024313880831458483	-2.486734779913472	0.059788523255052135	13.710749965723126	7.351999926480001
708	11599872	10	4.0	4.898979485566356	10.0	0.0	10	7.0	4.58257569495584	10.0	0.0	-0.0025791832034622224	-2.5236515300824003	0.06328749835491622	10.3609999740975	8.363999916360003
712	11665408	10	6.0	4.898979485566356	10.0	0.0	10	4.0	4.898979485566356	10.0	0.0	-0.003652022668497973	-2.4655038041288386	0.019408805349585594	11.11749997220625	8.101999918980002
716	11730944	10	4.0	4.898979485566356	10.0	0.0	10	3.0	4.58257569495584	10.0	0.0	-0.0026917603727497764	-2.4864268772197553	0.05189952920232446	11.039749972400626	8.74499991255
720	11796480	10	6.0	4.898979485566356	10.0	0.0	10	6.0	4.898979485566356	10.0	0.0	-0.002617148788916515	-2.462478955330243	0.03623720872430233	11.621749970945626	1.9079999809200001
724	11862016	10	4.0	4.898979485566356	10.0	0.0	10	5.0	5.0	10.0	0.0	-0.002156474550932229	-2.4812165918348486	0.08625910996802655	11.03449997241375	10.153999898460002
728	11927552	10	3.0	4.58257569495584	10.0	0.0	10	4.0	4.898979485566356	10.0	0.0	-0.0027991781507923736	-2.5049288667612664	0.032208377848574936	10.891499972771252	7.047999929520001
732	11993088	10	4.0	4.898979485566356	10.0	0.0	10	3.0	4.58257569495584	10.0	0.0	-0.0022037147740905033	-2.5476998882818758	0.04623032703242503	11.790749970523127	4.611999953880001
736	12058624	10	5.0	5.0	10.0	0.0	10	3.0	4.58257569495584	10.0	0.0	-0.0031079461765730586	-2.5248868884993056	0.09447292683748532	11.112249972219375	7.482999925170001
740	12124160	10	7.0	4.58257569495584	10.0	0.0	10	4.0	4.898979485566356	10.0	0.0	-0.0021416308176607163	-2.50683379892224	0.1070192505028379	11.019749972450626	7.453999925460001
744	12189696	10	5.0	5.0	10.0	0.0	10	4.0	4.898979485566356	10.0	0.0	-0.0031634348909431995	-2.5304133988764552	0.05088979806608961	11.635499970911251	4.88499995115
748	12255232	10	4.0	4.898979485566356	10.0	0.0	10	6.0	4.898979485566356	10.0	0.0	-0.004191849285707482	-2.5504024373815164	0.011382942374162925	12.157749969605625	5.931999940680002
752	12320768	10	5.0	5.0	10.0	0.0	10	3.0	4.58257569495584	10.0	0.0	-0.0026861903434343523	-2.4971966393174228	0.020084744451832778	10.660749973348125	8.53899991461
756	12386304	10	4.0	4.898979485566356	10.0	0.0	10	5.0	5.0	10.0	0.0	-0.002811315401242015	-2.485304899254835	0.04101861211708519	11.889249970276875	3.846999961530001
760	12451840	10	4.0	4.898979485566356	10.0	0.0	10	4.0	4.898979485566356	10.0	0.0	-0.0015433646135442369	-2.451463281852946	0.016781543251222168	11.331249971671875	12.57099987429
764	12517376	10	6.0	4.898979485566356	10.0	0.0	10	4.0	4.898979485566356	10.0	0.0	-0.003050943516109844	-2.5153319212160987	0.04384818217444683	10.97849997255375	6.270999937290001
768	12582912	10	1.0	3.0	10.0	0.0	10	4.0	4.898979485566356	10.0	0.0	-0.0035405422115774485	-2.525232746934106	0.07225316232481842	11.637999970905	8.921999910780002
772	12648448	10	1.0	3.0	10.0	0.0	10	2.0	4.0	10.0	0.0	-0.0034479595508598894	-2.5443562763265817	0.030203665596255355	11.941249970146876	11.598999884010002
776	12713984	10	7.0	4.58257569495584	10.0	0.0	10	6.0	4.898979485566356	10.0	0.0	-0.0031632784590671704	-2.5491727662411328	0.027542640009577377	10.888249972779377	7.106999928930001
780	12779520	10	5.0	5.0	10.0	0.0	10	6.0	4.898979485566356	10.0	0.0	-0.002809971714982415	-2.548120349380185	0.07873861960401748	10.918499972703751	4.55499995445
784	12845056	10	5.0	5.0	10.0	0.0	10	6.0	4.898979485566356	10.0	0.0	-0.002780277036752736	-2.5242572076472762	0.019062761757428864	11.701249970746876	5.505999944940001
788	12910592	10	5.0	5.0	10.0	0.0	10	3.0	4.58257569495584	10.0	0.0	-0.002203346038259932	-2.4864993043137305	0.0381345946549412	10.991249972521876	4.972999950270001
792	12976128	10	3.0	4.58257569495584	10.0	0.0	10	3.0	4.58257569495584	10.0	0.0	-0.0028368432925542546	-2.502643525339741	0.09247097531146428	11.280249971799376	5.463999945360001
796	13041664	10	5.0	5.0	10.0	0.0	10	6.0	4.898979485566356	10.0	0.0	-0.002843277478866808	-2.514752211408127	0.11697931820278311	11.5489999711275	4.975999950240001
800	13107200	10	4.0	4.898979485566356	10.0	0.0	10	4.0	4.898979485566356	10.0	0.0	-0.0027835824363875773	-2.50482930465276	0.0870955552873281	10.7209999731975	9.574999904250001
804	13172736	10	5.0	5.0	10.0	0.0	10	4.0	4.898979485566356	10.0	0.0	-0.003259247248594611	-2.5196161391693344	0.08368021203788512	11.234249971914375	6.886999931130001
808	13238272	10	3.0	4.58257569495584	10.0	0.0	10	6.0	4.898979485566356	10.0	0.0	-0.0031665945858888535	-2.5662189495870593	0.0696475791313391	11.539999971150001	4.616999953830001
812	13303808	10	2.0	4.0	10.0	0.0	10	2.0	4.0	10.0	0.0	-0.0039809871931332785	-2.564891971380563	0.09786195950145304	10.51049997372375	16.100999838990003
816	13369344	10	5.0	5.0	10.0	0.0	10	3.0	4.58257569495584	10.0	0.0	-0.0032563959511757003	-2.539704223209314	0.049660637542709905	10.33949997415125	10.587999894120001
820	13434880	10	8.0	4.0	10.0	0.0	10	3.0	4.58257569495584	10.0	0.0	-0.002834358931379066	-2.528502531086273	0.03546878164701199	12.601749968495627	3.2569999674300005
824	13500416	10	3.0	4.58257569495584	10.0	0.0	10	5.0	5.0	10.0	0.0	-0.0031069516101623045	-2.5441275534363874	0.04125469168557932	11.270999971822501	7.928999920710002
828	13565952	10	4.0	4.898979485566356	10.0	0.0	10	5.0	5.0	10.0	0.0	-0.0021853321108359297	-2.5263005591780923	0.05852801433620392	10.4969999737575	2.5519999744800006
832	13631488	10	5.0	5.0	10.0	0.0	10	6.0	4.898979485566356	10.0	0.0	-0.0032080636104176294	-2.5544249909442156	0.039600157148134855	12.60249996849375	6.0059999399400015
836	13697024	10	6.0	4.898979485566356	10.0	0.0	10	4.0	4.898979485566356	10.0	0.0	-0.003953882982581325	-2.5616813249701145	0.019206636709411105	11.604249970989374	11.731999882680002
840	13762560	10	6.0	4.898979485566356	10.0	0.0	10	3.0	4.58257569495584	10.0	0.0	-0.002432416525202591	-2.5508142930592372	0.033892631711555495	9.748999975627498	10.71899989281
844	13828096	10	3.0	4.58257569495584	10.0	0.0	10	3.0	4.58257569495584	10.0	0.0	-0.002477300809050213	-2.5711521255278535	0.10799468800387127	11.905999970235003	6.787999932120002
848	13893632	10	7.0	4.58257569495584	10.0	0.0	10	6.0	4.898979485566356	10.0	0.0	-0.003439122170317304	-2.5613223112935084	0.03429403602671199	12.817749967955626	7.351999926480001
852	13959168	10	4.0	4.898979485566356	10.0	0.0	10	4.0	4.898979485566356	10.0	0.0	-0.003160164846399061	-2.557022347779946	0.09431148723997308	10.524249973689376	10.355999896440002
856	14024704	10	5.0	5.0	10.0	0.0	10	3.0	4.58257569495584	10.0	0.0	-0.0031963143310051703	-2.544275829924358	0.10161394320223605	10.410749973973125	6.887999931120001
860	14090240	10	6.0	4.898979485566356	10.0	0.0	10	5.0	5.0	10.0	0.0	-0.003304396886616395	-2.5020487951612878	0.12178979486821036	13.5949999660125	4.166999958330001
864	14155776	10	3.0	4.58257569495584	10.0	0.0	10	8.0	4.0	10.0	0.0	-0.003511965740106248	-2.509784564114441	0.04624919995455423	11.128749972178126	6.470999935290001
868	14221312	10	5.0	5.0	10.0	0.0	10	3.0	4.58257569495584	10.0	0.0	-0.002428824914861089	-2.517851866519435	0.05179115700539256	10.368749974078124	6.806999931930002
872	14286848	10	3.0	4.58257569495584	10.0	0.0	10	5.0	5.0	10.0	0.0	-0.002749223688641412	-2.499673162637045	0.03991279854450296	13.034999967412501	2.2089999779100005
876	14352384	10	3.0	4.58257569495584	10.0	0.0	10	5.0	5.0	10.0	0.0	-0.002569135038089144	-2.533423592383018	0.052538256892739194	10.5109999737225	8.379999916200003
880	14417920	10	6.0	4.898979485566356	10.0	0.0	10	4.0	4.898979485566356	10.0	0.0	-0.003250217120658888	-2.531135891610971	0.09302126117595075	10.4009999739975	2.2079999779200006
884	14483456	10	4.0	4.898979485566356	10.0	0.0	10	5.0	5.0	10.0	0.0	-0.0028822698583734437	-2.5586774743911653	0.06983496367805397	13.144749967138127	6.737999932620001
888	14548992	10	4.0	4.898979485566356	10.0	0.0	10	7.0	4.58257569495584	10.0	0.0	-0.003506340914341378	-2.530822870368385	0.13562442496713623	10.397749974005624	5.305999946940001
892	14614528	10	4.0	4.898979485566356	10.0	0.0	10	5.0	5.0	10.0	0.0	-0.0036497594794569982	-2.5174198048671377	0.1395895512784401	11.162749972093126	5.081999949180001
896	14680064	10	5.0	5.0	10.0	0.0	10	3.0	4.58257569495584	10.0	0.0	-0.004240727432425925	-2.529902443026225	0.14159398080159877	13.380249966549375	3.3749999662500008
900	14745600	10	5.0	5.0	10.0	0.0	10	7.0	4.58257569495584	10.0	0.0	-0.0031007283805394754	-2.5047876087202168	0.08509922085879228	10.607749973480624	5.207999947920001
904	14811136	10	6.0	4.898979485566356	10.0	0.0	10	7.0	4.58257569495584	10.0	0.0	-0.0033645504296279335	-2.5418543986811906	0.04788720404502057	11.347249971631875	5.123999948760001
908	14876672	10	2.0	4.0	10.0	0.0	10	5.0	5.0	10.0	0.0	-0.0015625344772049227	-2.5361691164315374	0.06576836818609752	13.208749966978125	4.89299995107
912	14942208	10	5.0	5.0	10.0	0.0	10	3.0	4.58257569495584	10.0	0.0	-0.002465534091592674	-2.5471592145491746	0.03122763933948295	10.545749973635624	11.372999886270001
916	15007744	10	3.0	4.58257569495584	10.0	0.0	10	4.0	4.898979485566356	10.0	0.0	-0.0034160809915272216	-2.5727370130322664	0.012815772384661169	10.331749974170625	5.041999949580001
920	15073280	10	3.0	4.58257569495584	10.0	0.0	10	3.0	4.58257569495584	10.0	0.0	-0.0030382885861266464	-2.5573733247636157	0.08205517618741276	13.187749967030625	4.64499995355
924	15138816	10	5.0	5.0	10.0	0.0	10	5.0	5.0	10.0	0.0	-0.003404136317485714	-2.5623351581209097	0.13417436957203427	10.773499973066253	7.046999929530001
928	15204352	10	2.0	4.0	10.0	0.0	10	2.0	4.0	10.0	0.0	-0.003556597412406809	-2.5500580442275673	0.11781033724871445	10.364999974087498	3.8239999617600007
932	15269888	10	4.0	4.898979485566356	10.0	0.0	10	5.0	5.0	10.0	0.0	-0.003958555999100357	-2.5091855895885753	0.07325561653573748	13.3199999667	8.92299991077
936	15335424	10	4.0	4.898979485566356	10.0	0.0	10	4.0	4.898979485566356	10.0	0.0	-0.002276622047313673	-2.5319692837541337	0.09422174229003626	11.61149997097125	6.7199999328
940	15400960	10	3.0	4.58257569495584	10.0	0.0	10	4.0	4.898979485566356	10.0	0.0	-0.002958427857260628	-2.5428348429335794	0.10692726113340542	9.958249975104376	9.117999908820002
944	15466496	10	4.0	4.898979485566356	10.0	0.0	10	6.0	4.898979485566356	10.0	0.0	-0.0034410413472316776	-2.5351137317559855	0.09857982089492247	12.317249969206875	8.98099991019
948	15532032	10	6.0	4.898979485566356	10.0	0.0	10	7.0	4.58257569495584	10.0	0.0	-0.003761217098359234	-2.5074033908417617	0.12230518290197513	12.800249967999378	5.653999943460001
952	15597568	10	7.0	4.58257569495584	10.0	0.0	10	2.0	4.0	10.0	0.0	-0.002294886395008835	-2.516811176872346	0.06583947589672416	10.592499973518752	5.318999946810001
956	15663104	10	4.0	4.898979485566356	10.0	0.0	10	4.0	4.898979485566356	10.0	0.0	-0.0030222950356988037	-2.5424449416333488	0.02105853672181921	11.500999971247502	8.725999912740003
960	15728640	10	3.0	4.58257569495584	10.0	0.0	10	5.0	5.0	10.0	0.0	-0.002816717950139774	-2.585482837983859	0.03145187548131107	13.234249966914376	4.83499995165
964	15794176	10	4.0	4.898979485566356	10.0	0.0	10	5.0	5.0	10.0	0.0	-0.0036839314097154813	-2.5663284358689196	0.08586628313135605	11.13649997215875	6.646999933530001
968	15859712	10	4.0	4.898979485566356	10.0	0.0	10	3.0	4.58257569495584	10.0	0.0	-0.0030880612075449335	-2.5640048083972378	0.10773261288067665	10.410499973973751	9.687999903120001
972	15925248	10	4.0	4.898979485566356	10.0	0.0	10	5.0	5.0	10.0	0.0	-0.0034185149266781705	-2.5455221282771054	0.09297958708098196	12.74799996813	4.0059999599400005
976	15990784	10	2.0	4.0	10.0	0.0	10	5.0	5.0	10.0	0.0	-0.003271573513871134	-2.5694977539088013	0.018738068570371264	11.724499970688749	8.706999912930002
980	16056320	10	5.0	5.0	10.0	0.0	10	2.0	4.0	10.0	0.0	-0.0032559098092804187	-2.5638844889711905	0.05915365807949606	9.700749975748126	12.697999873020002
984	16121856	10	5.0	5.0	10.0	0.0	10	6.0	4.898979485566356	10.0	0.0	-0.0032253720731180296	-2.5709793167615067	0.04797840877882201	11.69049997077375	4.561999954380001
988	16187392	10	4.0	4.898979485566356	10.0	0.0	10	6.0	4.898979485566356	10.0	0.0	-0.0030107288569723462	-2.5310518118089433	0.02617524051038534	13.006249967484377	2.5759999742400006
992	16252928	10	5.0	5.0	10.0	0.0	10	3.0	4.58257569495584	10.0	0.0	-0.0031418176922429603	-2.5229545133664697	0.07276759544250345	9.923249975191876	7.614999923850001
996	16318464	10	3.0	4.58257569495584	10.0	0.0	10	5.0	5.0	10.0	0.0	-0.0030749229963304555	-2.5609870351666815	0.12186206625669259	11.536249971159377	4.5739999542600005
1000	16384000	10	6.0	4.898979485566356	10.0	0.0	10	6.0	4.898979485566356	10.0	0.0	-0.003273009544159444	-2.524979921415683	0.09066826005220313	12.82849996792875	4.510999954890001
1004	16449536	10	5.0	5.0	10.0	0.0	10	4.0	4.898979485566356	10.0	0.0	-0.0039032043273918644	-2.508860471086628	0.08225219638180786	9.87049997532375	9.7799999022
1008	16515072	10	2.0	4.0	10.0	0.0	10	1.0	3.0	10.0	0.0	-0.002647764730709312	-2.521402294174444	0.0858813566842374	11.602749970993125	5.280999947190001
1012	16580608	10	5.0	5.0	10.0	0.0	10	4.0	4.898979485566356	10.0	0.0	-0.002749980240288737	-2.5239739961776553	0.07923896782594168	12.833499967916252	6.033999939660001
1016	16646144	10	4.0	4.898979485566356	10.0	0.0	10	2.0	4.0	10.0	0.0	-0.0026741130808299145	-2.513022606309742	0.0899549220876275	10.734249973164374	8.018999919810001
1020	16711680	10	3.0	4.58257569495584	10.0	0.0	10	3.0	4.58257569495584	10.0	0.0	-0.0024054250483378993	-2.513779590265364	0.10177597844844362	11.108999972227501	2.1979999780200004
1024	16777216	10	4.0	4.898979485566356	10.0	0.0	10	8.0	4.0	10.0	0.0	-0.0033595145574647415	-2.489348488290084	0.14273744684243736	12.935499967661249	4.5199999548
1028	16842752	10	6.0	4.898979485566356	10.0	0.0	10	6.0	4.898979485566356	10.0	0.0	-0.001798016251808866	-2.456047527236208	0.08055577932716346	10.354249974114376	5.036999949630001
1032	16908288	10	4.0	4.898979485566356	10.0	0.0	10	5.0	5.0	10.0	0.0	-0.0037102035126509334	-2.489813988148097	0.0671399750866024	11.285249971786877	4.065999959340001
1036	16973824	10	5.0	5.0	10.0	0.0	10	6.0	4.898979485566356	10.0	0.0	-0.0036096073329219954	-2.432122314716352	0.07089828814533863	12.7989999680025	1.7389999826100004
1040	17039360	10	4.0	4.898979485566356	10.0	0.0	10	4.0	4.898979485566356	10.0	0.0	-0.003500868713914045	-2.4505979888071976	0.1562975108373383	9.89549997526125	7.976999920230002
1044	17104896	10	3.0	4.58257569495584	10.0	0.0	10	4.0	4.898979485566356	10.0	0.0	-0.003359395382129672	-2.492381582397873	0.049771219964562	11.661749970845625	3.9249999607500006
1048	17170432	10	2.0	4.0	10.0	0.0	10	4.0	4.898979485566356	10.0	0.0	-0.0031770038497623285	-2.4685288118731536	0.06849490034572994	12.439249968901876	6.048999939510002
1052	17235968	10	5.0	5.0	10.0	0.0	10	8.0	4.0	10.0	0.0	-0.003112157677888011	-2.482490889469476	0.04892481358037595	9.878749975303124	6.026999939730001
1056	17301504	10	6.0	4.898979485566356	10.0	0.0	10	2.0	4.0	10.0	0.0	-0.004222995419255612	-2.470168294748648	0.008496108360935601	12.090249969774376	3.5189999648100008
1060	17367040	10	6.0	4.898979485566356	10.0	0.0	10	5.0	5.0	10.0	0.0	-0.004540826906559166	-2.4950438611093912	0.0020914214326334915	12.074999969812499	10.913999890860001
1064	17432576	10	6.0	4.898979485566356	10.0	0.0	10	6.0	4.898979485566356	10.0	0.0	-0.002767133002346848	-2.488802258907785	0.02826531179692153	10.24849997437875	8.55499991445
1068	17498112	10	8.0	4.0	10.0	0.0	10	2.0	4.0	10.0	0.0	-0.0023370132982857613	-2.500092076498117	0.05336262066389728	11.40849997147875	2.7629999723700003
1072	17563648	10	2.0	4.0	10.0	0.0	10	5.0	5.0	10.0	0.0	-0.0034408635204022865	-2.5237540302031887	0.09551969091237565	12.770749968073124	10.915999890840002
1076	17629184	10	4.0	4.898979485566356	10.0	0.0	10	2.0	4.0	10.0	0.0	-0.0034358148158751835	-2.5391740100917697	0.09012930482307996	10.365249974086876	10.637999893620002
1080	17694720	10	4.0	4.898979485566356	10.0	0.0	10	4.0	4.898979485566356	10.0	0.0	-0.003208031590140832	-2.5408127230739357	0.10920287357126597	10.314999974212501	4.0969999590300015
1084	17760256	10	5.0	5.0	10.0	0.0	10	4.0	4.898979485566356	10.0	0.0	-0.0034308721390277426	-2.5304126488513417	0.06793935768917926	13.615249965961874	2.8199999718
1088	17825792	10	5.0	5.0	10.0	0.0	10	5.0	5.0	10.0	0.0	-0.0033211301848674545	-2.5262788904061915	0.0824543289599111	10.44949997387625	4.6399999536
1092	17891328	10	3.0	4.58257569495584	10.0	0.0	10	2.0	4.0	10.0	0.0	-0.0027178256578027265	-2.5410151652828405	0.13428794862855858	11.15599997211	3.5589999644100008
1096	17956864	10	4.0	4.898979485566356	10.0	0.0	10	4.0	4.898979485566356	10.0	0.0	-0.0025682090293890026	-2.547129211061114	0.0635664611018482	13.07149996732125	6.67199993328
1100	18022400	10	5.0	5.0	10.0	0.0	10	2.0	4.0	10.0	0.0	-0.002619816453291859	-2.556796540550292	0.13480388523072231	10.517249973706877	5.068999949310001
1104	18087936	10	6.0	4.898979485566356	10.0	0.0	10	3.0	4.58257569495584	10.0	0.0	-0.0038766215022612116	-2.5330716592415055	0.11791054984723397	11.5229999711925	3.5939999640600004
1108	18153472	10	3.0	4.58257569495584	10.0	0.0	10	2.0	4.0	10.0	0.0	-0.0030331157028309547	-2.5115350680913986	0.07749698487816574	13.425999966435	5.370999946290001
1112	18219008	10	4.0	4.898979485566356	10.0	0.0	10	6.0	4.898979485566356	10.0	0.0	-0.0033771481087386504	-2.4864243142200304	0.057947183751848416	10.349249974126874	2.8819999711800004
1116	18284544	10	6.0	4.898979485566356	10.0	0.0	10	4.0	4.898979485566356	10.0	0.0	-0.002942210557796917	-2.5274654301355044	0.159039947498166	12.228249969429374	3.6149999638500008
1120	18350080	10	4.0	4.898979485566356	10.0	0.0	10	7.0	4.58257569495584	10.0	0.0	-0.0025547248245621334	-2.5224010892068414	0.05472401908300434	12.873499967816251	3.8079999619200002
1124	18415616	10	3.0	4.58257569495584	10.0	0.0	10	2.0	4.0	10.0	0.0	-0.0028528335312087236	-2.5262361613264726	0.07107729476883166	9.895749975260625	8.91799991082
1128	18481152	10	3.0	4.58257569495584	10.0	0.0	10	6.0	4.898979485566356	10.0	0.0	-0.0032751899194635226	-2.53652383857372	0.026699154649524715	12.277749969305626	4.236999957630001
1132	18546688	10	6.0	4.898979485566356	10.0	0.0	10	4.0	4.898979485566356	10.0	0.0	-0.002024551934574862	-2.546319516731301	0.050551691252206654	13.050249967374373	11.293999887060002
1136	18612224	10	4.0	4.898979485566356	10.0	0.0	10	3.0	4.58257569495584	10.0	0.0	-0.0029271352417085056	-2.5813655180030306	0.02606690210178794	10.203999974490001	10.245999897540003
1140	18677760	10	6.0	4.898979485566356	10.0	0.0	10	4.0	4.898979485566356	10.0	0.0	-0.0028333163084809346	-2.5475449633924865	0.06154029805319166	11.400249971499374	5.4829999451700004
1144	18743296	10	6.0	4.898979485566356	10.0	0.0	10	5.0	5.0	10.0	0.0	-0.0030229270071872117	-2.5447257133654415	0.0372870631651762	12.521249968696873	5.510999944890001
1148	18808832	10	5.0	5.0	10.0	0.0	10	3.0	4.58257569495584	10.0	0.0	-0.0029917257085411166	-2.54874905172263	0.046329960934017776	11.521749971195625	8.957999910420002
1152	18874368	10	1.0	3.0	10.0	0.0	10	4.0	4.898979485566356	10.0	0.0	-0.003098714987249965	-2.540210433039704	0.06371427363110582	11.637999970904998	8.189999918100002
1156	18939904	10	3.0	4.58257569495584	10.0	0.0	10	2.0	4.0	10.0	0.0	-0.0026225954616465614	-2.5227868728195295	0.07049496148095025	11.96449997008875	12.617999873820002
1160	19005440	10	7.0	4.58257569495584	10.0	0.0	10	5.0	5.0	10.0	0.0	-0.002197900827997366	-2.5374410149792133	0.050650074335437466	11.141499972146251	2.42499997575
1164	19070976	10	4.0	4.898979485566356	10.0	0.0	10	3.0	4.58257569495584	10.0	0.0	-0.00233283517663902	-2.565302381645648	0.0754914412312735	12.596249968509374	3.7679999623200002
1168	19136512	10	5.0	5.0	10.0	0.0	10	4.0	4.898979485566356	10.0	0.0	-0.0026542019256303386	-2.540144711468266	0.048264982131336565	13.04049996739875	4.50399995496
1172	19202048	10	1.0	3.0	10.0	0.0	10	2.0	4.0	10.0	0.0	-0.0031737566723403095	-2.5238401266290307	0.0030166732076284696	11.443249971391877	9.129999908700002
1176	19267584	10	2.0	4.0	10.0	0.0	10	4.0	4.898979485566356	10.0	0.0	-0.003529775198569398	-2.515468636886511	0.007573224604553573	11.52149997119625	2.8329999716700005
1180	19333120	10	3.0	4.58257569495584	10.0	0.0	10	6.0	4.898979485566356	10.0	0.0	-0.0026696318015585713	-2.4735534114049167	0.04316915225874472	13.31649996670875	4.210999957890001
1184	19398656	10	6.0	4.898979485566356	10.0	0.0	10	4.0	4.898979485566356	10.0	0.0	-0.003343070483379454	-2.520854142542351	0.029594504733368436	10.43049997392375	15.789999842100002
1188	19464192	10	3.0	4.58257569495584	10.0	0.0	10	4.0	4.898979485566356	10.0	0.0	-0.0030601913067428922	-2.5407651834026788	0.015391017867754176	11.08799997228	10.304999896950001
1192	19529728	10	6.0	4.898979485566356	10.0	0.0	10	5.0	5.0	10.0	0.0	-0.0031685974945234426	-2.547787576648439	0.035484933052978236	12.508499968728747	3.453999965460001
1196	19595264	10	8.0	4.0	10.0	0.0	10	6.0	4.898979485566356	10.0	0.0	-0.003611029518275627	-2.516016259527382	0.09577753630555619	13.583249966041874	2.1909999780900002
1200	19660800	10	4.0	4.898979485566356	10.0	0.0	10	7.0	4.58257569495584	10.0	0.0	-0.002912970029076893	-2.5357578543167376	0.04203908127527498	10.126999974682501	8.443999915560003
1204	19726336	10	4.0	4.898979485566356	10.0	0.0	10	6.0	4.898979485566356	10.0	0.0	-0.0025085689919366696	-2.494084385274327	0.06038312200060697	11.9049999702375	3.2219999677800004
1208	19791872	10	4.0	4.898979485566356	10.0	0.0	10	4.0	4.898979485566356	10.0	0.0	-0.002366047311075524	-2.565576709539671	0.0743574450796741	13.209749966975625	8.8699999113
1212	19857408	10	3.0	4.58257569495584	10.0	0.0	10	1.0	3.0	10.0	0.0	-0.002617516548556107	-2.5686943304843233	0.030918533982117413	10.542249973644374	9.897999901020002
1216	19922944	10	5.0	5.0	10.0	0.0	10	2.0	4.0	10.0	0.0	-0.003116785068089509	-2.5684558274653333	0.024027273147337925	10.911249972721874	6.598999934010001
1220	19988480	10	6.0	4.898979485566356	10.0	0.0	10	5.0	5.0	10.0	0.0	-0.0032260576635634104	-2.5778732768989507	0.02688949706703498	13.169999967075	4.298999957010001
1224	20054016	10	6.0	4.898979485566356	10.0	0.0	10	4.0	4.898979485566356	10.0	0.0	-0.0035760223711414217	-2.5795817645683994	0.03906174395056904	10.755499973111252	11.486999885130002
1228	20119552	10	6.0	4.898979485566356	10.0	0.0	10	5.0	5.0	10.0	0.0	-0.0034770134561177674	-2.546764130128376	0.02062608361087554	10.81999997295	2.3219999767800004
1232	20185088	10	4.0	4.898979485566356	10.0	0.0	10	6.0	4.898979485566356	10.0	0.0	-0.003248555985581274	-2.543131952219539	0.017853980478280518	13.479499966301251	3.0939999690600004
1236	20250624	10	3.0	4.58257569495584	10.0	0.0	10	4.0	4.898979485566356	10.0	0.0	-0.0025636624435474405	-2.520381442939956	0.029906275989476937	11.567999971079999	5.9099999409000015
1240	20316160	10	5.0	5.0	10.0	0.0	10	5.0	5.0	10.0	0.0	-0.0027784071859803423	-2.5527527975363773	0.04188341295764044	10.4869999737825	4.9849999501500015
1244	20381696	10	5.0	5.0	10.0	0.0	10	4.0	4.898979485566356	10.0	0.0	-0.002472725434669694	-2.552242492370186	0.03018133096751922	13.033249967416877	2.8729999712700005
1248	20447232	10	5.0	5.0	10.0	0.0	10	3.0	4.58257569495584	10.0	0.0	-0.0026999467175823472	-2.560468675922866	0.05265235615112905	12.46149996884625	11.611999883880001
1252	20512768	10	3.0	4.58257569495584	10.0	0.0	10	4.0	4.898979485566356	10.0	0.0	-0.0031151475531956273	-2.571966481437593	0.0751789821728285	10.676749973308125	4.254999957450001
1256	20578304	10	7.0	4.58257569495584	10.0	0.0	10	5.0	5.0	10.0	0.0	-0.002841694013424058	-2.5469553964663865	0.03738131685142309	11.830249970424376	6.244999937550001
1260	20643840	10	2.0	4.0	10.0	0.0	10	1.0	3.0	10.0	0.0	-0.0035716944908844423	-2.5794670156931114	0.05828648024543415	13.220499966948752	9.528999904710002
1264	20709376	10	7.0	4.58257569495584	10.0	0.0	10	3.0	4.58257569495584	10.0	0.0	-0.0027945133779333177	-2.575390688806723	0.0454071782346237	11.444499971388751	7.385999926140001
1268	20774912	10	3.0	4.58257569495584	10.0	0.0	10	6.0	4.898979485566356	10.0	0.0	-0.003384632999112924	-2.566158448389092	0.04494107588245192	10.498249973754374	8.306999916930002
1272	20840448	10	5.0	5.0	10.0	0.0	10	3.0	4.58257569495584	10.0	0.0	-0.0031809206820698948	-2.5663934570857823	0.0673185976632247	12.418999968952498	7.916999920830001
1276	20905984	10	5.0	5.0	10.0	0.0	10	5.0	5.0	10.0	0.0	-0.003544306178440876	-2.551930782429785	0.07943757930379598	12.993249967516874	6.3869999361300005
1280	20971520	10	4.0	4.898979485566356	10.0	0.0	10	5.0	5.0	10.0	0.0	-0.002395465567186852	-2.5549782536745975	0.10339685456603943	10.827749972930626	5.592999944070001
1284	21037056	10	4.0	4.898979485566356	10.0	0.0	10	4.0	4.898979485566356	10.0	0.0	-0.0031980088881940817	-2.5642246377777274	0.1263878032200632	11.537249971156875	3.5049999649500005
1288	21102592	10	7.0	4.58257569495584	10.0	0.0	10	5.0	5.0	10.0	0.0	-0.004073123779441474	-2.5361076615592535	0.03566600858046672	14.200499964498752	5.329999946700001
1292	21168128	10	5.0	5.0	10.0	0.0	10	3.0	4.58257569495584	10.0	0.0	-0.0036669933441893076	-2.5520510919217245	0.08752201467903058	11.5329999711675	12.541999874580002
1296	21233664	10	1.0	3.0	10.0	0.0	10	4.0	4.898979485566356	10.0	0.0	-0.002486277667274929	-2.52937834683535	0.03375896189766854	10.51249997371875	10.847999891520002
1300	21299200	10	3.0	4.58257569495584	10.0	0.0	10	6.0	4.898979485566356	10.0	0.0	-0.0028969031357836475	-2.5469258722990107	0.021044372460519056	12.583749968540625	5.195999948040001
1304	21364736	10	2.0	4.0	10.0	0.0	10	4.0	4.898979485566356	10.0	0.0	-0.003425309814951431	-2.521339190240322	0.027642848800345742	13.04549996738625	9.784999902150002
1308	21430272	10	2.0	4.0	10.0	0.0	10	4.0	4.898979485566356	10.0	0.0	-0.0018420708848883407	-2.497439076242968	0.04120966626028059	10.827499972931252	8.601999913980002
1312	21495808	10	6.0	4.898979485566356	10.0	0.0	10	6.0	4.898979485566356	10.0	0.0	-0.003638152840342912	-2.474967295667013	0.10737786316746534	11.18449997203875	2.4099999759000004
1316	21561344	10	6.0	4.898979485566356	10.0	0.0	10	6.0	4.898979485566356	10.0	0.0	-0.002905664436488108	-2.4772575420540974	0.04291450706697854	13.305999966735001	6.244999937550001
1320	21626880	10	3.0	4.58257569495584	10.0	0.0	10	4.0	4.898979485566356	10.0	0.0	-0.002589741772411244	-2.4908427841850282	0.03865948643540126	10.83149997292125	6.204999937950001
1324	21692416	10	5.0	5.0	10.0	0.0	10	3.0	4.58257569495584	10.0	0.0	-0.003025980730235545	-2.479270120203524	0.002693948958972022	11.53249997116875	4.170999958290001
1328	21757952	10	5.0	5.0	10.0	0.0	10	5.0	5.0	10.0	0.0	-0.0028993182189284202	-2.5060939935219455	0.023487930153329704	13.10799996723	6.032999939670002
1332	21823488	10	3.0	4.58257569495584	10.0	0.0	10	5.0	5.0	10.0	0.0	-0.0033255975719103945	-2.5118758576478664	0.022440946703466684	13.054749967363128	9.047999909520001
1336	21889024	10	6.0	4.898979485566356	10.0	0.0	10	5.0	5.0	10.0	0.0	-0.0038201678613063146	-2.519997936721403	0.007618511513217011	10.02349997494125	7.812999921870001
1340	21954560	10	4.0	4.898979485566356	10.0	0.0	10	1.0	3.0	10.0	0.0	-0.0031243955815099572	-2.513077651199186	0.014895226593241518	11.370749971573126	6.964999930350001
1344	22020096	10	3.0	4.58257569495584	10.0	0.0	10	6.0	4.898979485566356	10.0	0.0	-0.002834264118375405	-2.5118929244444854	0.014217290341886527	14.297999964254998	3.981999960180001
1348	22085632	10	4.0	4.898979485566356	10.0	0.0	10	3.0	4.58257569495584	10.0	0.0	-0.002910764402561917	-2.497795156874346	0.04511116680335663	10.525249973686877	8.630999913690001
1352	22151168	10	4.0	4.898979485566356	10.0	0.0	10	6.0	4.898979485566356	10.0	0.0	-0.00263677382678422	-2.5220880878324703	0.0643216375046599	10.89949997275125	3.832999961670001
1356	22216704	10	4.0	4.898979485566356	10.0	0.0	10	3.0	4.58257569495584	10.0	0.0	-0.0018133381573767538	-2.5345285780571256	0.056141319669134944	13.77449996556375	2.8299999717000004
1360	22282240	10	5.0	5.0	10.0	0.0	10	4.0	4.898979485566356	10.0	0.0	-0.002965524782661018	-2.5352651548724947	0.10901015134324078	11.613249970966876	3.4169999658300005
1364	22347776	10	4.0	4.898979485566356	10.0	0.0	10	7.0	4.58257569495584	10.0	0.0	-0.00356874472550583	-2.532907724116648	0.03322940332648385	10.667249973331874	5.0329999496700015
1368	22413312	10	5.0	5.0	10.0	0.0	10	2.0	4.0	10.0	0.0	-0.0032815991237756105	-2.5313439118212155	0.10717309785685926	13.185249967036874	6.239999937600001
1372	22478848	10	2.0	4.0	10.0	0.0	10	6.0	4.898979485566356	10.0	0.0	-0.003291791309453689	-2.5181516406297213	0.08693871982848216	13.31949996670125	2.899999971
1376	22544384	10	4.0	4.898979485566356	10.0	0.0	10	4.0	4.898979485566356	10.0	0.0	-0.0025956930303764622	-2.4864600968751067	0.07172067147359393	10.07249997481875	6.451999935480001
1380	22609920	10	5.0	5.0	10.0	0.0	10	3.0	4.58257569495584	10.0	0.0	-0.0029450604727838813	-2.497781475124844	0.0438771181873635	12.519749968700623	2.0269999797300007
1384	22675456	10	8.0	4.0	10.0	0.0	10	6.0	4.898979485566356	10.0	0.0	-0.0032654843401293534	-2.491966634729205	0.08348703803595044	11.867749970330625	3.5339999646600004
1388	22740992	10	6.0	4.898979485566356	10.0	0.0	10	4.0	4.898979485566356	10.0	0.0	-0.0031863500792512476	-2.47113923702725	0.10859366382970846	10.490749973773125	2.38899997611
1392	22806528	10	6.0	4.898979485566356	10.0	0.0	10	4.0	4.898979485566356	10.0	0.0	-0.0027609115516956557	-2.4468121675088335	0.11341773050936352	13.322499966693748	1.9159999808400003
1396	22872064	10	4.0	4.898979485566356	10.0	0.0	10	3.0	4.58257569495584	10.0	0.0	-0.003770277311167029	-2.4528231667904086	0.11748883674094368	10.5769999735575	7.931999920680002
1400	22937600	10	5.0	5.0	10.0	0.0	10	3.0	4.58257569495584	10.0	0.0	-0.002503155036762692	-2.503003465371868	0.050641018930824996	10.554249973614375	2.7299999727000004
1404	23003136	10	8.0	4.0	10.0	0.0	10	9.0	3.0	10.0	0.0	-0.0035437587487292975	-2.4785285266638866	0.03470135906175125	13.515749966210626	3.3709999662900008
1408	23068672	10	6.0	4.898979485566356	10.0	0.0	10	6.0	4.898979485566356	10.0	0.0	-0.0030441722904634024	-2.473325356583449	0.03985976461332765	11.22749997193125	4.6299999537000005
1412	23134208	10	5.0	5.0	10.0	0.0	10	7.0	4.58257569495584	10.0	0.0	-0.00283576443174923	-2.4712752647607203	0.0661181861339725	11.241749971895626	4.5599999544
1416	23199744	10	7.0	4.58257569495584	10.0	0.0	10	6.0	4.898979485566356	10.0	0.0	-0.0029627206528499957	-2.448022919141557	0.03794096437042862	12.337249969156876	4.505999954940001
1420	23265280	10	4.0	4.898979485566356	10.0	0.0	10	4.0	4.898979485566356	10.0	0.0	-0.0025427982227866778	-2.5011232641714196	0.05290075585490541	11.99349997001625	7.947999920520002
1424	23330816	10	6.0	4.898979485566356	10.0	0.0	10	6.0	4.898979485566356	10.0	0.0	-0.0026955427926543714	-2.50873276813521	0.03227016173238615	10.316499974208751	3.4729999652700005
1428	23396352	10	4.0	4.898979485566356	10.0	0.0	10	6.0	4.898979485566356	10.0	0.0	-0.0040627595076645606	-2.523804681733608	0.008397444624617086	13.257999966855	3.870999961290001
1432	23461888	10	4.0	4.898979485566356	10.0	0.0	10	5.0	5.0	10.0	0.0	-0.0030934857322600044	-2.5405805331802376	0.013544170412492729	12.254749969363127	6.405999935940001
1436	23527424	10	3.0	4.58257569495584	10.0	0.0	10	1.0	3.0	10.0	0.0	-0.002984638526860631	-2.522234203652068	0.014885616904359066	10.5229999736925	4.073999959260001
1440	23592960	10	6.0	4.898979485566356	10.0	0.0	10	4.0	4.898979485566356	10.0	0.0	-0.003971635666747217	-2.528723445768003	0.008484356745334418	13.25949996685125	4.72299995277
1444	23658496	10	3.0	4.58257569495584	10.0	0.0	10	4.0	4.898979485566356	10.0	0.0	-0.00451462953862234	-2.567205538084913	0.007461962078934474	12.143249969641875	6.526999934730001
1448	23724032	10	5.0	5.0	10.0	0.0	10	6.0	4.898979485566356	10.0	0.0	-0.0038608307121568417	-2.547475032243011	0.001970975902114265	9.940749975148124	10.192999898070001
1452	23789568	10	3.0	4.58257569495584	10.0	0.0	10	7.0	4.58257569495584	10.0	0.0	-0.0029436137068201123	-2.55687396450032	0.014799030467631107	12.202249969494375	5.422999945770001
1456	23855104	10	3.0	4.58257569495584	10.0	0.0	10	5.0	5.0	10.0	0.0	-0.002374894004843855	-2.572040577461622	0.04807802568620309	13.0109999674725	5.184999948150001
1460	23920640	10	6.0	4.898979485566356	10.0	0.0	10	4.0	4.898979485566356	10.0	0.0	-0.0015835150502292005	-2.5746473617653334	0.025204960535526465	10.109999974725	11.658999883410003
1464	23986176	10	2.0	4.0	10.0	0.0	10	6.0	4.898979485566356	10.0	0.0	-0.0025711717289949323	-2.5718253773752098	0.03669013992578686	11.740249970649376	3.5319999646800007
1468	24051712	10	5.0	5.0	10.0	0.0	10	6.0	4.898979485566356	10.0	0.0	-0.0032234537935717615	-2.5652401990999927	0.053239622509168534	13.112249967219377	6.224999937750001
1472	24117248	10	5.0	5.0	10.0	0.0	10	4.0	4.898979485566356	10.0	0.0	-0.003332090917821643	-2.5794036534721947	0.0398518297559067	10.74349997314125	9.953999900460003
1476	24182784	10	1.0	3.0	10.0	0.0	10	2.0	4.0	10.0	0.0	-0.0038005023933674713	-2.505365897950821	0.06278909811542259	10.758749973103125	10.018999899810002
1480	24248320	10	3.0	4.58257569495584	10.0	0.0	10	5.0	5.0	10.0	0.0	-0.002521316394490496	-2.5412295035854306	0.08279699091131114	13.248249966879374	4.448999955510001
1484	24313856	10	5.0	5.0	10.0	0.0	10	3.0	4.58257569495584	10.0	0.0	-0.003325646497874706	-2.5643872392486573	0.10199008469649211	11.637999970905001	4.372999956270001
1488	24379392	10	5.0	5.0	10.0	0.0	10	6.0	4.898979485566356	10.0	0.0	-0.0029276146424290586	-2.5524244305812904	0.03863839413277187	10.523749973690625	2.9639999703600006
1492	24444928	10	5.0	5.0	10.0	0.0	10	5.0	5.0	10.0	0.0	-0.003234698439242664	-2.5061564591896635	0.06278990551873768	13.23749996690625	1.2089999879100002
1496	24510464	10	9.0	3.0	10.0	0.0	10	4.0	4.898979485566356	10.0	0.0	-0.0014253574237682947	-2.565673517416884	0.03510974867214111	11.34949997162625	3.4279999657200007
1500	24576000	10	4.0	4.898979485566356	10.0	0.0	10	3.0	4.58257569495584	10.0	0.0	-0.002542329871820421	-2.5547881247918913	0.03353473925274179	11.083999972290002	2.5309999746900007
1504	24641536	10	4.0	4.898979485566356	10.0	0.0	10	6.0	4.898979485566356	10.0	0.0	-0.002641497063175359	-2.553211902312712	0.02046249568258922	14.037499964906251	2.7869999721300003
1508	24707072	10	6.0	4.898979485566356	10.0	0.0	10	5.0	5.0	10.0	0.0	-0.004238135897607749	-2.5423790635997174	0.0017799161964492745	11.87049997032375	12.58099987419
1512	24772608	10	7.0	4.58257569495584	10.0	0.0	10	4.0	4.898979485566356	10.0	0.0	-0.00344508541421003	-2.539553075764287	0.02040124949143931	9.881249975296875	7.155999928440001
1516	24838144	10	4.0	4.898979485566356	10.0	0.0	10	5.0	5.0	10.0	0.0	-0.0032952993323814685	-2.5530478454950387	0.025812988657929574	12.267249969331877	5.680999943190001
1520	24903680	10	5.0	5.0	10.0	0.0	10	5.0	5.0	10.0	0.0	-0.0034329736126348016	-2.5341053527934148	0.05686917525007323	12.976749967558124	6.683999933160001
1524	24969216	10	3.0	4.58257569495584	10.0	0.0	10	4.0	4.898979485566356	10.0	0.0	-0.0027165170052790353	-2.5347717352054615	0.0807180812420682	10.58649997353375	2.7539999724600004
