iter	frame	n_test	mean_returns	std_returns	max_returns	min_returns	n_test_train	mean_returns_train	std_returns_train	max_returns_train	min_returns_train	actor_loss	entropy_loss	value_loss	training_time	evaluation_time
0	0	10	0.9	1.2206555615733703	3.0	0.0	10	0.9	1.5132745950421556	5.0	0.0	0	0	0	0.0	10.281999897180002
4	65536	10	0.9	1.1357816691600549	3.0	0.0	10	0.7	0.6403124237432849	2.0	0.0	0.0015632282955457045	-2.6643622365798763	0.13172378339208687	11.182749972043126	9.812999901870002
8	131072	10	0.9	1.2206555615733703	3.0	0.0	10	0.5	0.6708203932499369	2.0	0.0	-0.004953731828299445	-2.652553736887236	0.04837113416560284	12.24399996939	8.905999910940002
12	196608	10	0.5	0.806225774829855	2.0	0.0	10	0.9	1.2206555615733705	3.0	0.0	-0.006952088914844134	-2.608885794606247	0.05306743344825801	10.707749973230626	12.432999875670001
16	262144	10	0.7	1.4866068747318504	5.0	0.0	10	1.0	1.5491933384829668	5.0	0.0	-0.008978088661908001	-2.581437880525307	0.04420284278385589	11.915749970210625	11.338999886610003
20	327680	10	1.0	1.61245154965971	4.0	0.0	10	0.8	1.077032961426901	3.0	0.0	-0.009391170037747002	-2.5712009442154464	0.051391527051340744	11.75149997062125	13.010999869890002
24	393216	10	0.9	0.8306623862918076	2.0	0.0	10	0.6	0.66332495807108	2.0	0.0	-0.011116842508933368	-2.5574528944808557	0.05248480010230995	10.410249973974375	11.541999884580001
28	458752	10	1.8	1.8330302779823362	6.0	0.0	10	0.8	0.7483314773547883	2.0	0.0	-0.012042030176678474	-2.5624709126664253	0.04008305367285707	12.225749969435624	21.837999781620006
32	524288	10	1.3	1.4866068747318506	4.0	0.0	10	0.5	0.6708203932499369	2.0	0.0	-0.012897485890052381	-2.5344124210221044	0.039940401810562305	12.119749969700624	11.888999881110001
36	589824	10	1.3	1.676305461424021	5.0	0.0	10	0.8	1.077032961426901	3.0	0.0	-0.014264657038165356	-2.542816251251465	0.03744988793039505	10.874749972813126	14.388999856110003
40	655360	10	1.5	1.4317821063276353	4.0	0.0	10	1.9	1.445683229480096	4.0	0.0	-0.013895442237367375	-2.5441038953594677	0.039349359378465926	11.527249971181874	12.427999875720003
44	720896	10	0.8	1.2489995996796797	3.0	0.0	10	0.3	0.6403124237432849	2.0	0.0	-0.014985132854190288	-2.51270346565696	0.036322186561398295	11.622749970943126	13.543999864560003
48	786432	10	0.7	1.4866068747318504	5.0	0.0	10	1.2	1.5362291495737217	5.0	0.0	-0.01449592898128662	-2.4833361454204748	0.04322737264772731	10.886749972783125	8.54499991455
52	851968	10	0.4	0.66332495807108	2.0	0.0	10	1.7	1.8466185312619385	6.0	0.0	-0.01585814978490549	-2.488171952206985	0.03879322898946179	12.008749969978124	11.358999886410002
56	917504	10	0.9	1.8138357147217055	6.0	0.0	10	0.5	0.6708203932499369	2.0	0.0	-0.014953949038457679	-2.464828550558829	0.04128173676199843	11.361249971596873	13.137999868620001
60	983040	10	1.4	1.42828568570857	4.0	0.0	10	0.8	1.077032961426901	3.0	0.0	-0.015535899751637135	-2.4527790022321616	0.03804884237461814	10.776749973058125	17.031999829680004
64	1048576	10	1.1	1.374772708486752	4.0	0.0	10	1.6	1.5620499351813308	5.0	0.0	-0.0160257387453062	-2.4413032454689447	0.03843878040388291	11.725999970684999	14.577999854220002
68	1114112	10	0.6	0.7999999999999999	2.0	0.0	10	1.7	1.8466185312619385	5.0	0.0	-0.01584424617447923	-2.4309162221800285	0.04003169973119087	11.2349999719125	13.508999864910002
72	1179648	10	0.7	1.004987562112089	3.0	0.0	10	0.8	0.9797958971132713	3.0	0.0	-0.015480024469276972	-2.4508451593349476	0.04219183406818744	11.218249971954375	18.552999814470002
76	1245184	10	1.0	1.4832396974191326	5.0	0.0	10	0.9	1.445683229480096	4.0	0.0	-0.016302708191505623	-2.459208925308916	0.041040106245387724	12.03449996991375	12.569999874300002
80	1310720	10	1.6	1.624807680927192	5.0	0.0	10	1.4	1.7999999999999998	6.0	0.0	-0.016230659058062636	-2.429161200667703	0.04613476766103249	11.634499970913751	16.859999831400003
84	1376256	10	0.6	0.9165151389911681	3.0	0.0	10	2.0	2.1447610589527217	8.0	0.0	-0.016933682246775675	-2.4153145151801265	0.04579433920549041	10.89349997276625	13.459999865400002
88	1441792	10	1.2	1.8867962264113207	6.0	0.0	10	2.0	1.8973665961010275	6.0	0.0	-0.016174735652518816	-2.428306137269113	0.043866410148417224	11.249999971875	10.25099989749
92	1507328	10	1.5	1.91049731745428	6.0	0.0	10	1.1	1.2206555615733703	3.0	0.0	-0.01643441488775751	-2.3978915808087216	0.046542388809032414	10.969999972575001	18.49699981503
96	1572864	10	1.3	1.4866068747318506	4.0	0.0	10	1.8	2.039607805437114	6.0	0.0	-0.017894162273130135	-2.391055879244486	0.041097264887830255	10.871499972821251	19.749999802500003
100	1638400	10	1.5	2.9410882339705484	10.0	0.0	10	2.4	3.3823069050575527	11.0	0.0	-0.01595841215097508	-2.3502777439887876	0.04619051631990231	11.98949997002625	18.764999812350002
104	1703936	10	1.4	1.1135528725660044	3.0	0.0	10	2.4	2.764054992217051	8.0	0.0	-0.017140491777691013	-2.3539482973547483	0.04158071788991734	11.2329999719175	16.87399983126
108	1769472	10	1.1	1.57797338380595	5.0	0.0	10	0.9	0.8306623862918076	2.0	0.0	-0.017668099698594016	-2.342866860086056	0.04208882303935703	10.933499972666251	16.105999838940004
112	1835008	10	2.0	2.449489742783178	8.0	0.0	10	1.2	1.16619037896906	4.0	0.0	-0.017337228567473773	-2.321006789561733	0.044779904802942756	11.421499971446249	15.262999847370002
116	1900544	10	1.6	2.0591260281974	6.0	0.0	10	2.9	4.482186966202994	16.0	0.0	-0.015937846079554764	-2.3472400205869217	0.03968354364598928	11.60649997098375	27.624999723750005
120	1966080	10	1.6	1.854723699099141	6.0	0.0	10	1.8	1.7204650534085255	5.0	0.0	-0.01770896794245201	-2.3454578094224736	0.040568286548799376	11.612749970968125	10.067999899320002
124	2031616	10	0.6	0.66332495807108	2.0	0.0	10	2.3	2.193171219946131	7.0	0.0	-0.016864836367011256	-2.355178296320678	0.041640288851853405	11.290749971773126	10.45299989547
128	2097152	10	1.8	2.7129319932501077	9.0	0.0	10	3.3	3.6345563690772495	13.0	0.0	-0.01691701475956123	-2.335410512740527	0.041307218872985364	11.87049997032375	22.607999773920003
132	2162688	10	2.8	3.4583232931581165	12.0	0.0	10	4.3	3.0675723300355937	12.0	1.0	-0.01832106368047029	-2.3022762758121775	0.03685608715366359	11.425499971436249	35.77699964223001
136	2228224	10	2.8	3.2186953878862163	11.0	0.0	10	2.3	3.796050579220461	13.0	0.0	-0.01812742988894614	-2.3439417329969205	0.03718592290146353	11.139249972151873	16.814999831850002
140	2293760	10	2.9	3.753664875824692	10.0	0.0	10	3.1	2.0712315177207983	8.0	0.0	-0.01739522930257197	-2.3850111611186597	0.034411546304962716	11.71349997071625	14.417999855820002
144	2359296	10	1.7	1.7916472867168918	6.0	0.0	10	2.6	1.6852299546352716	5.0	0.0	-0.01805603717663446	-2.3855523787437445	0.03331317383604185	11.629249970926875	16.244999837550004
148	2424832	10	1.5	2.3345235059857505	8.0	0.0	10	3.8	4.237924020083418	14.0	0.0	-0.01677458556097199	-2.353512120498435	0.03896891600822539	11.037999972405	20.870999791290004
152	2490368	10	1.3	1.3453624047073711	4.0	0.0	10	1.9	2.467792535850613	9.0	0.0	-0.01857172604941867	-2.3487214021421656	0.03603542079618465	11.03049997242375	14.668999853310003
156	2555904	10	1.4	1.9078784028338915	5.0	0.0	10	2.3	2.238302928559939	6.0	0.0	-0.017570513842038907	-2.331680575763688	0.03857484121870759	11.213749971965626	14.886999851130003
160	2621440	10	1.5	1.6278820596099706	4.0	0.0	10	3.1	2.118962010041709	7.0	0.0	-0.015474215771574592	-2.336591161544115	0.03883581468430933	10.950499972623751	15.958999840410002
164	2686976	10	1.9	1.57797338380595	5.0	0.0	10	2.5	2.29128784747792	8.0	0.0	-0.017915508412092784	-2.3375283526926163	0.03519688358086157	10.755749973110627	13.554999864450002
168	2752512	10	1.9	2.3430749027719964	7.0	0.0	10	2.4	2.1540659228538015	6.0	0.0	-0.01761406915767652	-2.3341329443010173	0.034359614438833924	11.69249997076875	21.074999789250004
172	2818048	10	1.0	1.0	3.0	0.0	10	2.6	3.1685959035509725	10.0	0.0	-0.017074335638769995	-2.336941279227489	0.038015694605728005	11.15599997211	18.813999811860004
176	2883584	10	3.4	3.9799497484264794	14.0	0.0	10	1.4	1.9078784028338913	6.0	0.0	-0.017840606224087122	-2.3436017729384258	0.04037872905189517	11.071249972321876	24.896999751030002
180	2949120	10	1.4	1.8547236990991407	6.0	0.0	10	3.1	5.412023651093923	19.0	0.0	-0.016950701536242008	-2.3492594954904535	0.03914304655413633	10.830249972924374	19.355999806440003
184	3014656	10	2.9	2.5475478405713994	8.0	0.0	10	1.8	1.32664991614216	5.0	0.0	-0.017684157266534918	-2.30552071060563	0.037523115903576626	11.62149997094625	15.264999847350003
188	3080192	10	2.4	3.0397368307141326	11.0	0.0	10	5.8	7.2221880341071145	24.0	1.0	-0.015656938849927825	-2.289998071650541	0.038310219161102305	11.167999972079999	28.432999715670004
192	3145728	10	2.5	2.29128784747792	7.0	0.0	10	1.8	1.98997487421324	7.0	0.0	-0.01638835923779243	-2.3074530609031974	0.039014055700013116	10.66349997334125	23.285999767140005
196	3211264	10	0.6	0.9165151389911681	2.0	0.0	10	3.2	1.8867962264113207	6.0	0.0	-0.018157738892041697	-2.2846279439930512	0.03636305792421679	10.788749973028125	14.459999855400003
200	3276800	10	2.1	4.742362280551751	16.0	0.0	10	3.7	5.367494760127857	19.0	0.0	-0.016199315823673396	-2.253625732922246	0.037050336517880346	11.050749972373126	33.056999669430006
204	3342336	10	2.1	3.4190641994557516	11.0	0.0	10	2.0	1.8973665961010275	7.0	0.0	-0.015267898511336166	-2.2588632601133396	0.03550414051878787	11.351749971620624	18.555999814440003
208	3407872	10	2.2	1.9390719429665317	6.0	0.0	10	6.8	7.413501197140255	21.0	0.0	-0.016939594999160545	-2.2684656205397187	0.036093529833911925	10.069749974825625	37.69299962307
212	3473408	10	1.6	1.6852299546352716	4.0	0.0	10	2.0	2.8284271247461903	10.0	0.0	-0.01698029696677186	-2.280803404510856	0.037148842215548865	11.29349997176625	19.413999805860005
216	3538944	10	3.3	4.539823785126467	16.0	0.0	10	3.6	5.6780278266313555	20.0	0.0	-0.016475261142458942	-2.2960869543346143	0.03745702748805641	10.824249972939375	38.981999610180004
220	3604480	10	1.1	1.1357816691600546	4.0	0.0	10	4.7	5.060632371551998	19.0	1.0	-0.016236634256353723	-2.2885280000766417	0.04120759168831415	11.181249972046874	35.166999648330005
224	3670016	10	1.1	1.57797338380595	5.0	0.0	10	1.7	1.0999999999999999	3.0	0.0	-0.01687225768370588	-2.3060572169802507	0.03518604541141338	11.984499970038751	10.934999890650003
228	3735552	10	2.1	2.4269322199023193	7.0	0.0	10	2.6	1.6852299546352718	6.0	0.0	-0.01669289866618309	-2.310393656052885	0.03119373490010485	11.317249971706875	15.471999845280003
232	3801088	10	3.6	2.727636339397171	10.0	0.0	10	5.2	4.48998886412873	12.0	0.0	-0.016502575289853896	-2.3220281971062398	0.032866846747221956	10.700499973248752	29.976999700230007
236	3866624	10	4.2	6.193545026880809	22.0	0.0	10	2.8	1.9390719429665317	6.0	0.0	-0.017076125715943115	-2.30560636496369	0.03354364365455527	10.08249997479375	28.682999713170005
240	3932160	10	0.3	0.6403124237432849	2.0	0.0	10	5.4	11.62067123706716	40.0	0.0	-0.017238654985120727	-2.2928553469574218	0.03219417872270489	11.751249970621878	27.397999726020004
244	3997696	10	1.7	1.8466185312619388	5.0	0.0	10	3.1	4.2296571965113205	14.0	0.0	-0.01708369557131242	-2.2912906952299084	0.03161343716454142	11.841249970396873	15.717999842820003
248	4063232	10	1.3	1.9519221295943134	5.0	0.0	10	3.6	5.817215828899594	20.0	0.0	-0.015939925390594932	-2.2693805344522375	0.034002904563239005	11.129999972175002	21.687999783120002
252	4128768	10	2.6	4.054626986542658	11.0	0.0	10	6.4	11.403508232118746	40.0	0.0	-0.01660498719208122	-2.2552157687778505	0.034312278436182286	11.62249997094375	42.419999575800006
256	4194304	10	2.3	5.273518749374083	18.0	0.0	10	2.5	2.202271554554524	7.0	0.0	-0.016291760204816513	-2.2543271529313094	0.0351425386191371	11.551749971120625	25.894999741050004
260	4259840	10	2.6	4.673328578219168	16.0	0.0	10	5.9	4.592385001282014	14.0	1.0	-0.016313373255008253	-2.2426953586586675	0.0347081549468307	11.004749972488126	27.865999721340003
264	4325376	10	2.7	4.360045871318328	15.0	0.0	10	5.6	7.059745037889116	25.0	0.0	-0.01651984600003556	-2.2425457211979745	0.03469733581128763	10.353999974115	37.80299962197
268	4390912	10	2.0	2.6076809620810595	9.0	0.0	10	4.9	4.060788100849391	14.0	0.0	-0.016349633587615944	-2.2581388078761266	0.03355152708672048	12.064749969838125	15.374999846250002
272	4456448	10	2.0	1.9493588689617927	5.0	0.0	10	4.1	5.281098370604358	14.0	0.0	-0.017790063820905252	-2.205285419790704	0.034580212626108525	11.35749997160625	22.748999772510004
276	4521984	10	1.7	2.8653097563788803	9.0	0.0	10	3.1	3.6180105030251086	12.0	0.0	-0.01566715199036383	-2.206632214058059	0.0368198847437418	11.384249971539377	14.255999857440003
280	4587520	10	1.3	1.676305461424021	5.0	0.0	10	6.3	11.410959644131603	40.0	0.0	-0.015919189437690936	-2.2333637821334746	0.03578341641323426	10.420249973949375	44.82299955177001
284	4653056	10	2.5	2.5787593916455256	9.0	0.0	10	7.5	11.395174417269795	40.0	0.0	-0.01694509746878421	-2.2496034078440186	0.03625829414630114	10.392999974017501	27.397999726020004
288	4718592	10	2.4	2.65329983228432	8.0	0.0	10	2.2	2.6	9.0	0.0	-0.01691733508602048	-2.248434339726204	0.0335847302304987	10.802249972994376	18.991999810080003
292	4784128	10	2.5	2.4186773244895647	8.0	0.0	10	2.9	3.4481879299133333	11.0	0.0	-0.01676404221817693	-2.2301039966604677	0.03358903928542801	10.401999973995	25.272999747270003
296	4849664	10	2.1	3.8065732621348563	13.0	0.0	10	2.5	4.295346318982906	15.0	0.0	-0.01644219927231173	-2.2421554001817037	0.0350026877482903	10.620749973448126	28.095999719040005
300	4915200	10	6.1	11.588356225108027	40.0	0.0	10	4.1	2.7730849247724096	9.0	0.0	-0.016854150791371453	-2.2666328820211947	0.03530822024545711	11.27349997181625	33.85099966149001
304	4980736	10	3.3	4.450842616853577	13.0	0.0	10	3.8	4.467661580737736	14.0	0.0	-0.01635918509005903	-2.2778327090155597	0.03497425400442896	10.925999972685	23.793999762060004
308	5046272	10	6.1	11.945291959596466	40.0	0.0	10	3.0	4.560701700396552	16.0	0.0	-0.016519701467988205	-2.270414232971201	0.037630188721192816	11.238999971902501	36.0499996395
312	5111808	10	2.7	3.132091952673165	10.0	0.0	10	3.2	4.791659420284376	17.0	0.0	-0.016978340597587484	-2.2616578263668696	0.031784270401682385	11.940749970148126	24.578999754210006
316	5177344	10	1.6	1.3564659966250538	4.0	0.0	10	2.3	2.5317977802344327	8.0	0.0	-0.015861649433206056	-2.257476495964613	0.03398585047529273	11.305749971735626	15.284999847150003
320	5242880	10	3.7	4.050925820105819	13.0	0.0	10	1.5	1.5652475842498528	5.0	0.0	-0.017901212271029237	-2.2236226695446533	0.03291331927802914	10.598249973504375	37.619999623800005
324	5308416	10	3.4	3.6386810797320503	12.0	0.0	10	7.6	11.706408501329518	40.0	0.0	-0.01624642962100484	-2.2132385569492232	0.03592568272738573	11.069749972325626	34.17399965826001
328	5373952	10	1.3	1.5524174696260025	5.0	0.0	10	4.0	4.69041575982343	14.0	0.0	-0.017728617306271337	-2.2247412525283483	0.032744127341705336	11.218499971953749	25.504999744950002
332	5439488	10	5.4	11.646458689232535	40.0	0.0	10	2.9	3.5902646142032486	12.0	0.0	-0.016863966989514537	-2.2006540072652148	0.03801514056580893	11.463249971341876	33.077999669220006
336	5505024	10	2.2	1.6613247725836149	5.0	0.0	10	2.3	4.450842616853577	15.0	0.0	-0.016534350433575686	-2.2079263327205996	0.039590028944802715	11.042749972393125	24.388999756110003
340	5570560	10	2.9	3.047950130825634	8.0	0.0	10	1.3	1.1874342087037917	4.0	0.0	-0.014625442825179783	-2.2126014056483823	0.03510057172993266	10.704249973239376	18.21699981783
344	5636096	10	1.6	2.615339366124404	7.0	0.0	10	2.7	3.1	10.0	0.0	-0.01644627983549347	-2.2125387835184718	0.03285500544634824	11.332749971668123	18.700999812990002
348	5701632	10	8.4	6.135144660071187	21.0	2.0	10	3.8	4.422668877499196	13.0	1.0	-0.01610608121775112	-2.2186311779095327	0.03267846979869372	11.067749972330626	43.911999560880005
352	5767168	10	2.2	3.059411708155671	10.0	0.0	10	18.0	18.11629101113139	40.0	0.0	-0.01590038069435852	-2.209634495048029	0.03466367655227855	10.358499974103749	43.92499956075
356	5832704	10	2.5	1.9621416870348585	6.0	0.0	10	2.0	2.5298221281347035	7.0	0.0	-0.015106148097041285	-2.283080647151273	0.03199756789308768	10.441749973895623	25.639999743600004
360	5898240	10	1.8	1.8867962264113207	6.0	0.0	10	4.0	5.621387729022079	18.0	0.0	-0.017363601866853033	-2.2370241331710723	0.03274968312712107	10.72549997318625	30.782999692170005
364	5963776	10	2.0	2.0976176963403033	6.0	0.0	10	4.1	4.678675026115834	17.0	0.0	-0.01659351825046497	-2.2235231695243183	0.037654008382579124	11.314249971714375	17.132999828670002
368	6029312	10	1.8	1.1661903789690602	4.0	0.0	10	5.2	4.915282290977803	17.0	1.0	-0.015699934627447735	-2.245220410093239	0.03694696916115242	11.297999971755	27.252999727470005
372	6094848	10	0.7	1.1	3.0	0.0	10	2.5	3.2939338184001206	9.0	0.0	-0.01649140702597336	-2.251173245175627	0.03416691755054378	11.52349997119125	16.795999832040003
376	6160384	10	1.9	1.972308292331602	6.0	0.0	10	5.7	5.550675634551167	17.0	1.0	-0.01652135409989669	-2.2301979559323653	0.0356669583863989	10.873249972816875	25.290999747090005
380	6225920	10	1.4	1.2806248474865698	4.0	0.0	10	3.7	4.428317965096906	15.0	0.0	-0.01772437795744128	-2.206613287099818	0.03275663246214659	10.336249974159374	19.671999803280002
384	6291456	10	5.5	11.629703349613008	40.0	0.0	10	4.2	3.2802438933713454	11.0	0.0	-0.01641591825754086	-2.2102571971895673	0.033044959162800244	10.649749973375624	48.04799951952001
388	6356992	10	2.7	3.5227829907617076	10.0	0.0	10	4.2	3.7894590642992836	13.0	1.0	-0.016094530644741086	-2.2017996035706244	0.03788491367200635	10.145249974636876	25.686999743130006
392	6422528	10	2.5	4.224926034855522	14.0	0.0	10	9.6	12.443472184241825	40.0	0.0	-0.017081888708505084	-2.212266603875187	0.03353116418428992	10.682249973294375	46.488999535110004
396	6488064	10	2.1	1.8681541692269406	6.0	0.0	10	7.8	5.436910887627275	16.0	0.0	-0.01652274933995396	-2.230555074677973	0.0297479223584192	10.648749973378125	19.903999800960005
400	6553600	10	5.5	11.672617529928752	40.0	0.0	10	9.4	11.77454882362802	40.0	0.0	-0.015643793629540846	-2.1557406631846767	0.033684483221327687	11.57549997106125	43.93999956060001
404	6619136	10	14.9	16.73588957898564	40.0	0.0	10	9.8	11.608617488745162	40.0	0.0	-0.015611911850596936	-2.1536998423677365	0.03560833681081478	11.510749971223124	45.71099954289001
408	6684672	10	3.1	3.83275357934736	14.0	0.0	10	5.3	4.859012245302536	14.0	0.0	-0.015806388122827825	-2.1814824464631624	0.03348944277619409	10.64449997338875	20.624999793750003
412	6750208	10	2.8	3.709447398198281	13.0	0.0	10	6.4	7.901898506055365	24.0	0.0	-0.015794072121502176	-2.1828958787233694	0.030129929361054693	11.667249970831877	27.244999727550006
416	6815744	10	3.0	5.329165037789691	18.0	0.0	10	2.8	2.749545416973504	10.0	0.0	-0.016327255646316794	-2.17828295853892	0.034307307210902485	11.74849997062875	14.970999850290003
420	6881280	10	5.5	7.566372975210778	27.0	0.0	10	3.4	4.758150901348127	12.0	0.0	-0.016134310854024166	-2.1631142494809437	0.03472832099095207	11.02749997243125	30.122999698770005
424	6946816	10	2.7	2.8301943396169813	9.0	0.0	10	3.4	2.690724809414742	11.0	1.0	-0.015697619622674616	-2.1846425531019005	0.03054749264917335	10.00549997498625	23.156999768430005
428	7012352	10	2.4	5.023942674832188	17.0	0.0	10	2.8	2.039607805437114	7.0	0.0	-0.015479531959706118	-2.1739684465249804	0.03206717096478369	10.661749973345625	25.989999740100004
432	7077888	10	2.3	3.4073450074801634	11.0	0.0	10	5.9	8.117265549432272	28.0	0.0	-0.01641014587535559	-2.1948087759513233	0.030314041996942303	11.189249972026877	38.68999961310001
436	7143424	10	2.5	4.8425200051213	14.0	0.0	10	3.3	4.648655719667784	16.0	0.0	-0.015825179968961343	-2.2031828584958904	0.03118377450218314	11.077249972306877	16.17199983828
440	7208960	10	1.8	2.3579652245103193	7.0	0.0	10	6.0	5.761944116355173	16.0	0.0	-0.016767265297627336	-2.1962151127752763	0.032085427875237514	12.058249969854375	21.15299978847
444	7274496	10	5.2	5.4	15.0	0.0	10	3.9	4.592385001282014	16.0	0.0	-0.016678503281057695	-2.203813098141465	0.027213009944610553	11.532249971169374	30.643999693560005
448	7340032	10	2.3	2.2825424421026654	8.0	0.0	10	7.6	11.85073837362044	40.0	0.0	-0.015269642092714817	-2.168974503648844	0.029748709558825314	11.237749971905625	31.339999686600006
452	7405568	10	4.6	3.746998799039039	11.0	0.0	10	4.0	2.04939015319192	7.0	0.0	-0.01652043750386038	-2.1573105104503925	0.029770202543589835	11.587999971030001	14.563999854360002
456	7471104	10	2.2	2.181742422927143	8.0	0.0	10	6.3	7.029224708315988	24.0	1.0	-0.01581553329335469	-2.1564236703255597	0.03218396667366253	10.992249972519375	26.883999731160003
460	7536640	10	1.3	1.4866068747318506	4.0	0.0	10	1.6	2.154065922853802	7.0	0.0	-0.014890777515539582	-2.2040256358870773	0.031486618329284975	10.525999973685	13.938999860610002
464	7602176	10	1.7	2.368543856465402	7.0	0.0	10	3.0	3.255764119219941	11.0	0.0	-0.015273063873717005	-2.231160071756488	0.032481376505177795	10.470249973824375	24.395999756040005
468	7667712	10	2.8	2.85657137141714	10.0	0.0	10	5.2	5.758472019555188	17.0	0.0	-0.01572042533692441	-2.2064240473197296	0.033705452666987455	9.951249975121875	31.310999686890003
472	7733248	10	2.8	2.5219040425836985	8.0	0.0	10	4.0	3.605551275463989	12.0	0.0	-0.015321701455448873	-2.2015765431216834	0.03807148726958946	10.566249973584375	15.954999840450002
476	7798784	10	3.4	3.7469987990390385	10.0	0.0	10	3.4	3.0397368307141326	11.0	0.0	-0.016086007084738983	-2.185571208368566	0.03619802220890732	10.721999973194999	18.234999817650003
480	7864320	10	1.8	1.32664991614216	4.0	0.0	10	3.7	4.980963762164909	17.0	0.0	-0.01595797076713306	-2.2105951331736664	0.03316513446667903	11.900749970248125	19.08399980916
484	7929856	10	6.1	11.674330815939731	40.0	0.0	10	9.4	15.40908822740658	40.0	0.0	-0.015304611885082635	-2.197294456034498	0.03438848766993766	10.727999973180001	38.39799961602001
488	7995392	10	7.6	8.83402513014311	26.0	0.0	10	9.7	15.530936868070773	41.0	0.0	-0.0161873194672923	-2.2323517275511433	0.029769846933586797	11.694249970764373	36.52099963479001
492	8060928	10	2.7	2.934280150224242	9.0	0.0	10	6.6	12.427389106324787	40.0	0.0	-0.016237483052591668	-2.1900517739557785	0.029483213222153196	11.349749971625625	29.173999708260006
496	8126464	10	2.9	4.27668095606862	14.0	0.0	10	4.6	6.036555309114628	21.0	0.0	-0.014728421355945511	-2.157103113605391	0.033455825038649786	10.446999973882502	29.777999702220004
500	8192000	10	2.1	3.2388269481403293	11.0	0.0	10	2.7	2.368543856465402	8.0	0.0	-0.01611889803294058	-2.1522906519714153	0.03359111359303466	9.440249976399375	18.101999818980005
504	8257536	10	3.7	4.148493702538308	13.0	0.0	10	12.8	14.551975810864997	40.0	1.0	-0.014947349519347616	-2.179148206881185	0.03658886410613321	10.82649997293375	42.72399957276
508	8323072	10	2.8	3.340658617698013	12.0	0.0	10	5.6	11.58619868636819	40.0	0.0	-0.016443037984072425	-2.1392079043146843	0.03243792111026608	10.219249974451875	28.258999717410006
512	8388608	10	1.6	2.1071307505705477	5.0	0.0	10	3.6	2.939387691339814	10.0	0.0	-0.014977882184167549	-2.148935106669533	0.03274454292500167	11.191249972021874	20.906999790930005
516	8454144	10	0.8	0.9797958971132713	3.0	0.0	10	5.2	11.7881296226331	40.0	0.0	-0.014407134346598996	-2.111130681910745	0.03329988120475362	11.132749972168124	22.109999778900004
520	8519680	10	6.7	11.77327482054165	40.0	0.0	10	11.3	15.026975743641833	40.0	0.0	-0.0157638297589024	-2.143210097924141	0.03287436019209188	10.539249973651875	46.56499953435001
524	8585216	10	3.5	2.29128784747792	8.0	0.0	10	3.0	3.1304951684997055	9.0	0.0	-0.016099932531526702	-2.109202399630183	0.038086864724668414	11.785999970535002	13.26399986736
528	8650752	10	3.2	3.1874754901018454	10.0	0.0	10	13.5	15.894967757123636	40.0	0.0	-0.014584757674731831	-2.0953409048719083	0.03735125566986917	10.90399997274	39.11699960883001
532	8716288	10	8.1	11.466908912169835	40.0	1.0	10	4.1	6.847627326307996	23.0	0.0	-0.015206947576727218	-2.0863671797327483	0.03608282102128882	11.42849997142875	44.39799955602001
536	8781824	10	4.2	3.4	10.0	0.0	10	8.0	11.50651989091402	40.0	0.0	-0.01563875188810518	-2.1056203566781773	0.03784292276244052	10.668249973329376	34.81899965181001
540	8847360	10	2.5	2.6172504656604803	9.0	0.0	10	6.7	5.692978130996114	17.0	0.0	-0.015861243161922816	-2.0656847281092374	0.03837129807010439	10.8309999729225	18.801999811980004
544	8912896	10	0.7	0.7810249675906655	2.0	0.0	10	3.6	2.615339366124404	8.0	0.0	-0.01480121753742252	-2.006490553209786	0.044543641963990285	10.90249997274375	19.959999800400006
548	8978432	10	3.2	5.2687759489277965	17.0	0.0	10	3.8	4.166533331199931	16.0	1.0	-0.01524467405481178	-2.0495481762141874	0.03945432162510272	10.101499974746252	36.26699963733001
552	9043968	10	3.3	5.710516614107694	20.0	0.0	10	2.9	2.2561028345356955	7.0	0.0	-0.014923075281595468	-2.04356468323441	0.04396613151308379	10.106249974734375	23.728999762710004
556	9109504	10	1.1	1.374772708486752	4.0	0.0	10	8.5	11.083771921146699	40.0	0.0	-0.014641614192735741	-2.06352720884842	0.04085096049007422	10.255249974361876	25.660999743390004
560	9175040	10	4.5	4.544227107000705	13.0	0.0	10	7.0	11.882760622010357	41.0	0.0	-0.015219120998387476	-2.0921965636617115	0.03892807966701621	10.043499974891251	30.189999698100006
564	9240576	10	1.5	1.6881943016134133	6.0	0.0	10	10.3	5.916924876994806	25.0	3.0	-0.014707551297441423	-2.0478187586220806	0.03811233742541684	11.057999972355	36.45899963541001
568	9306112	10	2.3	3.2264531609803355	9.0	0.0	10	4.1	3.448187929913334	9.0	0.0	-0.01695798951131209	-2.12921592322661	0.03337035248251718	10.117749974705626	30.960999690390004
572	9371648	10	3.1	3.8587562763149474	13.0	0.0	10	7.1	7.077428911688199	23.0	0.0	-0.016297801015268037	-2.132165389534261	0.0347779012287751	10.510249973724374	36.43299963567001
576	9437184	10	3.5	5.103920062069938	18.0	0.0	10	2.0	2.0	7.0	0.0	-0.015214636497079569	-2.1367611858009736	0.03626278630312912	10.345249974136875	20.818999791810004
580	9502720	10	5.1	4.504442251822083	14.0	1.0	10	4.4	5.624944444170094	16.0	0.0	-0.016406351496202	-2.1636140269767528	0.03385032136804788	11.465749971335626	27.822999721770003
584	9568256	10	4.8	5.436910887627274	17.0	0.0	10	11.4	14.732277488562318	40.0	0.0	-0.016517749330985845	-2.138575342571491	0.035653119903069234	10.85549997286125	38.347999616520006
588	9633792	10	6.1	11.978731151503483	40.0	0.0	10	12.0	14.38054240979804	40.0	0.0	-0.016199935325383115	-2.1487181234108315	0.03528755761237798	11.2189999719525	46.02999953970001
592	9699328	10	2.7	2.4919871588754225	7.0	0.0	10	2.8	4.308131845707603	15.0	0.0	-0.015195029757032602	-2.171907119226713	0.033437963649251834	10.8049999729875	21.356999786430002
596	9764864	10	1.9	1.8138357147217055	5.0	0.0	10	3.4	4.715930449020639	14.0	0.0	-0.015919674741638433	-2.2001329285594813	0.03400747204078019	11.362749971593125	19.497999805020005
600	9830400	10	2.5	2.4596747752497685	7.0	0.0	10	3.1	3.5623026261113755	10.0	0.0	-0.016406216496871778	-2.1880856501763684	0.03538615025288933	11.203499971991251	23.095999769040002
604	9895936	10	2.3	2.0024984394500787	6.0	0.0	10	7.5	11.351211389098522	40.0	0.0	-0.015688372480814453	-2.1982007347241064	0.03424789065448825	10.696249973259375	26.581999734180005
608	9961472	10	3.1	3.8587562763149474	13.0	0.0	10	16.5	15.78131806916013	40.0	0.0	-0.015618061189232221	-2.1989057111436403	0.03189143208299422	11.142749972143125	36.082999639170005
612	10027008	10	3.5	6.360031446463139	22.0	0.0	10	7.3	4.243819034784589	16.0	3.0	-0.01593687977175072	-2.215283475585491	0.03274310703901984	10.473749973815625	37.405999625940005
616	10092544	10	1.9	1.445683229480096	4.0	0.0	10	6.6	11.951568934662928	40.0	0.0	-0.014796631256381537	-2.185915653676579	0.03355477761593364	10.96649997258375	28.861999711380005
620	10158080	10	1.7	2.0024984394500787	7.0	0.0	10	3.6	3.9293765408777	14.0	0.0	-0.015854625575397338	-2.177049087754607	0.035910045588528915	10.972749972568126	21.798999782010004
624	10223616	10	5.5	11.621101496846158	40.0	0.0	10	7.9	12.037026210821343	40.0	0.0	-0.016655805259469192	-2.182407254746713	0.03291428934750327	11.269249971826875	41.96299958037001
628	10289152	10	3.1	4.3	12.0	0.0	10	6.4	4.608687448721165	17.0	2.0	-0.014932674151735279	-2.15615826077651	0.03151873363008849	11.424999971437499	27.214999727850003
632	10354688	10	6.3	11.82412787481597	40.0	0.0	10	6.4	11.560276813294742	40.0	0.0	-0.015038624076876284	-2.1262004646430923	0.03087773777145245	11.139249972151875	43.999999560000006
636	10420224	10	3.1	4.437341546466758	15.0	0.0	10	8.0	8.19756061276768	24.0	0.0	-0.015326896418850603	-2.145619225775217	0.030903125586028715	11.30949997172625	29.633999703660006
640	10485760	10	2.9	2.913760456866693	11.0	0.0	10	15.3	16.352675622050356	40.0	1.0	-0.014090155567573266	-2.1450494451076536	0.03327965623507686	11.346499971633751	30.575999694240007
644	10551296	10	7.6	11.79152237838694	40.0	0.0	10	13.1	13.931618714277246	40.0	0.0	-0.014256370705910602	-2.1525618704898033	0.039566838236595056	11.143249972141875	45.514999544850006
648	10616832	10	3.6	3.4985711369071804	10.0	0.0	10	10.7	14.886571129712845	40.0	0.0	-0.015241561708160297	-2.145834378674619	0.03579489773853037	10.2909999742725	35.204999647950004
652	10682368	10	6.7	8.485870609430714	25.0	0.0	10	4.2	4.422668877499196	15.0	0.0	-0.015425296452637335	-2.1708926879091712	0.03564088098566386	10.277249974306876	30.532999694670007
656	10747904	10	2.1	2.3000000000000003	7.0	0.0	10	11.0	14.676511847165866	40.0	0.0	-0.01565656173947004	-2.1790341111734626	0.03802999764439937	10.989249972526874	37.104999628950004
660	10813440	10	10.8	15.025311976794358	40.0	0.0	10	9.2	11.311940593903417	40.0	0.0	-0.014412130926165757	-2.160357345912327	0.03926252833313795	10.840249972899377	49.34099950659001
664	10878976	10	9.5	12.371337841963577	40.0	0.0	10	9.9	11.605602095539895	40.0	2.0	-0.01478048290631749	-2.1607514468564872	0.03968045916383013	10.90549997273625	42.954999570450006
668	10944512	10	3.0	4.049691346263317	11.0	0.0	10	7.7	6.4815121692395214	20.0	0.0	-0.015271394604118778	-2.126402094738712	0.04468619888959011	10.65349997336625	25.029999749700004
672	11010048	10	4.9	4.3920382511995495	17.0	1.0	10	11.5	14.887914561818254	40.0	0.0	-0.014917954083064682	-2.1018883931434162	0.042846988959741754	10.80799997298	35.07299964927001
676	11075584	10	9.3	13.023440405668541	40.0	0.0	10	6.4	7.031358332498779	24.0	0.0	-0.014978887514144931	-2.130582359707944	0.03937570800749824	11.499249971251876	40.20799959792001
680	11141120	10	6.4	7.172168430816444	26.0	0.0	10	2.8	3.1874754901018454	10.0	0.0	-0.015173329628180144	-2.1642361628741655	0.043872013877543	11.704749970738126	27.445999725540005
684	11206656	10	2.9	2.5079872407968904	9.0	1.0	10	6.6	6.1351446600711865	20.0	0.0	-0.014647231523051609	-2.145046695843414	0.04921087102141466	11.264749971838125	24.781999752180003
688	11272192	10	6.9	6.818357573492315	23.0	0.0	10	10.5	12.018735374406077	40.0	0.0	-0.01458737108592923	-2.098078230798245	0.04460245770092864	10.128749974678126	41.58999958410001
692	11337728	10	1.5	1.91049731745428	5.0	0.0	10	8.6	8.151073548925934	24.0	0.0	-0.01437463650262268	-2.1341270727676354	0.043187360624009345	10.067249974831876	27.324999726750004
696	11403264	10	4.9	3.2078029864690882	12.0	1.0	10	10.8	14.831048513169932	40.0	0.0	-0.015094308081586748	-2.104525707442884	0.03995215391789696	10.50399997374	33.55599966444
700	11468800	10	3.8	4.445222154178574	13.0	0.0	10	3.6	4.2708313008125245	16.0	0.0	-0.015236385368784739	-2.12489590523361	0.04047501238107024	10.70049997324875	30.523999694760004
704	11534336	10	1.6	2.244994432064365	6.0	0.0	10	9.7	7.267048919609665	24.0	1.0	-0.014472494264139121	-2.1100680577543804	0.04128491625846273	10.113749974715624	34.83399965166001
708	11599872	10	5.5	7.310950690573696	21.0	0.0	10	4.3	4.605431575867782	13.0	0.0	-0.015424294980130147	-2.1436318082364636	0.03504660245985423	10.73049997317375	30.761999692380005
712	11665408	10	6.9	11.22007130102122	40.0	0.0	10	3.5	4.738143096192854	16.0	0.0	-0.015695660436481983	-2.1491797663516223	0.0353887967029976	10.362249974094375	35.02099964979001
716	11730944	10	4.5	4.455333881989093	16.0	0.0	10	10.2	12.172099243762352	40.0	0.0	-0.015062706842953197	-2.1694959673012413	0.03800810616998827	10.376499974058751	43.43399956566
720	11796480	10	5.9	11.734138229968147	40.0	0.0	10	7.8	11.702991070662236	41.0	0.0	-0.01451225015353388	-2.2098060198309866	0.040109726537963186	10.137499974656249	39.50399960496
724	11862016	10	6.2	6.289674077406556	21.0	0.0	10	8.3	11.463420083029323	40.0	0.0	-0.015509259693823895	-2.205609063077693	0.034833126891811665	10.184749974538125	41.46399958536001
728	11927552	10	4.3	2.72213151776324	9.0	0.0	10	16.2	14.309437445266672	40.0	0.0	-0.015992681856764633	-2.1937996444801127	0.037662604257111286	10.743249973141875	41.16599958834
732	11993088	10	11.2	12.367699866992245	40.0	0.0	10	6.7	5.197114584074513	18.0	0.0	-0.013692715075283928	-2.2087690256718733	0.038857424724679936	10.259749974350626	33.43199966568001
736	12058624	10	2.7	2.758622844826744	8.0	0.0	10	8.6	11.901260437449473	40.0	0.0	-0.015517699972002493	-2.2047008075007004	0.03743890331047201	10.446249973884374	33.21599966784001
740	12124160	10	6.0	6.928203230275509	22.0	0.0	10	7.4	11.80847153530041	40.0	0.0	-0.0150185560629445	-2.200904374092041	0.033357848894877654	11.192749972018126	45.11399954886001
744	12189696	10	13.8	15.374004032782091	40.0	0.0	10	11.1	14.7	40.0	1.0	-0.014336145411129757	-2.2508796624978165	0.031555376477977806	11.245249971886874	57.115999428840006
748	12255232	10	1.3	1.4177446878757827	4.0	0.0	10	2.4	3.1368774282716245	10.0	0.0	-0.014740001092206322	-2.294538758456111	0.03293756430159881	10.77349997306625	16.01099983989
752	12320768	10	4.8	5.325410782277739	15.0	0.0	10	2.7	2.0024984394500787	5.0	0.0	-0.01336076065836377	-2.2990879687258827	0.036088783329008334	10.881499972796249	27.548999724510004
756	12386304	10	11.9	14.570175016107392	40.0	0.0	10	6.4	5.919459434779497	18.0	0.0	-0.014697289745208777	-2.248048543695882	0.040726333580704564	11.27349997181625	36.193999638060006
760	12451840	10	3.3	4.243819034784589	15.0	0.0	10	4.6	4.476605857119878	15.0	0.0	-0.01333945019099598	-2.257626883450419	0.04064515321868215	11.381999971545001	21.514999784850005
764	12517376	10	5.7	5.831809324729334	18.0	0.0	10	7.6	11.297787393998881	40.0	0.0	-0.013959209949826997	-2.2714387200890207	0.037723159297165215	12.605749968485625	24.971999750280006
768	12582912	10	10.9	14.74754216810381	40.0	0.0	10	3.1	5.281098370604358	14.0	0.0	-0.013767134610215982	-2.262891230248132	0.04024098595806005	10.79349997301625	71.20399928796
772	12648448	10	4.9	8.287943049997388	29.0	0.0	10	7.7	8.025584090893322	26.0	0.0	-0.014476071012124538	-2.2572859250141244	0.03655237832191557	11.286249971784374	33.13099966869
776	12713984	10	5.6	6.829348431585549	22.0	0.0	10	4.4	3.411744421846396	10.0	0.0	-0.013126910919857626	-2.2054080190944134	0.038383421949769264	11.352249971619376	21.930999780690005
780	12779520	10	8.4	11.951568934662932	40.0	0.0	10	4.8	5.706137047074843	20.0	0.0	-0.01442600300259172	-2.240352647766552	0.03524418952895763	10.976749972558126	34.635999653640006
784	12845056	10	9.6	15.480310074413882	40.0	0.0	10	12.5	15.56438241627338	40.0	0.0	-0.0156421122964049	-2.186523993582255	0.037341202605351294	11.556749971108125	41.500999584990005
788	12910592	10	10.0	15.17893276880822	40.0	0.0	10	7.1	11.81058846967415	40.0	0.0	-0.014933940128342248	-2.197735972473572	0.03773666811170605	11.927749970180626	39.78099960219001
792	12976128	10	2.6	2.8000000000000003	9.0	0.0	10	14.0	14.324803663575986	40.0	0.0	-0.014212757252946337	-2.2172622305825382	0.04134687272556321	12.026249969934375	29.439999705600005
796	13041664	10	4.2	3.9446165846632044	13.0	0.0	10	15.7	14.553693689232297	40.0	0.0	-0.015208676783238945	-2.254435288174555	0.03715718457631522	11.030249972424373	41.93299958067001
800	13107200	10	4.9	3.7	12.0	0.0	10	10.6	12.257242756835648	40.0	1.0	-0.014640288981345182	-2.219880543417959	0.04161774488896609	10.35199997412	34.34799965652
804	13172736	10	8.1	11.631422956801115	40.0	0.0	10	13.6	14.499655168313485	40.0	0.0	-0.012980804622062905	-2.2209145896306834	0.0439164293108086	11.052499972368748	43.310999566890004
808	13238272	10	18.0	18.09419796509367	40.0	0.0	10	13.2	15.765785740013087	40.0	0.0	-0.014233358292618944	-2.2242746773032027	0.05228701613609225	10.6989999732525	53.58999946410001
812	13303808	10	8.7	11.19866063420086	40.0	0.0	10	10.3	8.474078120952154	22.0	0.0	-0.014835999830787958	-2.2349629250820944	0.04236587662351764	10.12749997468125	41.04399958956
816	13369344	10	7.1	7.395268757793729	23.0	0.0	10	17.5	16.28649747490233	40.0	0.0	-0.015088697988423385	-2.2163648950731725	0.0416796630554257	10.389249974026876	45.55399954446001
820	13434880	10	8.4	12.395160345876933	40.0	0.0	10	12.5	14.094325099131211	40.0	0.0	-0.014085838678862922	-2.2674171599370676	0.039955137603789964	10.83599997291	46.03099953969001
824	13500416	10	8.9	13.25481044753187	41.0	0.0	10	7.9	11.193301568348813	40.0	0.0	-0.01520113436793112	-2.276356654625442	0.033183544385670824	10.209749974475624	42.954999570450006
828	13565952	10	8.4	7.989993742175272	24.0	0.0	10	13.1	11.431972708154966	40.0	0.0	-0.014440221215723909	-2.2695341977099797	0.03490086452439092	11.401249971496876	37.21899962781001
832	13631488	10	12.9	13.103053079339945	40.0	0.0	10	7.5	8.17618492941543	21.0	0.0	-0.013501597959888046	-2.272361576320455	0.03128065480912848	10.827749972930626	53.62699946373001
836	13697024	10	4.3	4.920365840057018	17.0	0.0	10	13.2	14.5657131648265	40.0	0.0	-0.014479073146208074	-2.2423088548231886	0.03398694704941656	10.729749973175624	48.97899951021001
840	13762560	10	2.9	2.467792535850613	7.0	0.0	10	6.3	5.586591089385369	16.0	0.0	-0.014539601810915648	-2.260460801187131	0.030641118061330956	10.235749974410625	42.008999579910004
844	13828096	10	7.0	5.796550698475776	18.0	0.0	10	14.5	16.936646657470305	40.0	0.0	-0.014042682812085625	-2.215489826865682	0.03329292071325976	9.640749975898126	55.472999445270005
848	13893632	10	7.0	11.366617790706258	40.0	0.0	10	16.6	16.758281534811378	40.0	0.0	-0.013134572248566047	-2.192410416672735	0.02930146665007126	10.958749972603126	52.01699947983001
852	13959168	10	7.2	11.133732527773423	40.0	0.0	10	7.0	6.767569726275452	17.0	0.0	-0.014267106927066031	-2.2322436643301766	0.02971618814317165	11.317749971705624	36.718999632810004
856	14024704	10	9.2	11.496086290559932	40.0	0.0	10	8.4	11.723480711802276	40.0	0.0	-0.014230827533874715	-2.2272106158400176	0.03671530321401245	10.717999973205	45.683999543160006
860	14090240	10	8.6	11.551623262554921	40.0	0.0	10	9.5	11.307077429645558	40.0	0.0	-0.0141963671737425	-2.248127738400565	0.03244581290493191	11.251749971870627	45.51999954480001
864	14155776	10	14.2	15.471263684650973	41.0	0.0	10	13.0	11.738824472663351	40.0	0.0	-0.014568724692251702	-2.2081154309396567	0.035431255524546915	11.211499971971252	47.6599995234
868	14221312	10	6.9	11.308846094982458	40.0	0.0	10	12.7	15.453478572800364	40.0	0.0	-0.013858921540679787	-2.2135075229087438	0.03395132011923561	11.084249972289376	42.84099957159001
872	14286848	10	3.0	4.604345773288535	12.0	0.0	10	6.1	3.5057096285916205	13.0	1.0	-0.013424409064521086	-2.220065742499837	0.03704774464715546	11.685749970785626	23.394999766050002
876	14352384	10	4.1	4.504442251822083	15.0	0.0	10	5.1	5.243090691567332	19.0	0.0	-0.01378907210990962	-2.2168231976703296	0.032480768099303434	11.414499971463751	23.584999764150005
880	14417920	10	9.4	11.60344776348823	40.0	0.0	10	9.1	11.379367293483412	40.0	0.0	-0.013231382645685312	-2.2232935128280227	0.03840074456905786	11.42249997144375	34.92399965076
884	14483456	10	6.1	12.111564721372709	40.0	0.0	10	13.1	14.031749712705112	40.0	0.0	-0.013870813831464457	-2.2303948971292633	0.038053163536740924	10.62799997343	45.32999954670001
888	14548992	10	4.3	2.8653097563788807	9.0	0.0	10	12.5	14.813844875656015	40.0	0.0	-0.013080291046058132	-2.228981507089013	0.03661267264985629	11.83849997040375	34.15899965841
892	14614528	10	11.3	14.859676981684359	41.0	2.0	10	10.9	11.388151737661385	40.0	1.0	-0.014649384149066011	-2.189217942228361	0.03913927720063894	11.915749970210626	35.11699964883
896	14680064	10	4.7	6.768308503607087	24.0	0.0	10	14.4	17.07161386629864	40.0	0.0	-0.012418317209489365	-2.2512699661293993	0.040444032634120816	12.064999969837498	39.111999608880005
900	14745600	10	5.2	5.74108003776293	16.0	0.0	10	12.0	14.505171491574997	40.0	0.0	-0.015087319452752136	-2.220041366683654	0.03406342588165471	11.0049999724875	40.326999596730005
904	14811136	10	6.1	11.484337159801603	40.0	1.0	10	6.3	6.870953354520753	21.0	0.0	-0.014037082089143008	-2.217507953214126	0.036579042843923625	11.049749972375626	41.694999583050006
908	14876672	10	7.9	12.111564721372709	40.0	0.0	10	8.7	5.119570294468081	17.0	1.0	-0.014006047463283284	-2.1979489945069237	0.03873337296520771	10.989749972525626	37.216999627830006
912	14942208	10	3.4	5.161395160225576	17.0	0.0	10	17.4	16.69850292690935	40.0	0.0	-0.01383521896157807	-2.159750312341783	0.038605490152117526	11.09449997226375	39.84799960152001
916	15007744	10	14.3	14.539944979263161	40.0	0.0	10	10.5	12.298373876248844	40.0	0.0	-0.013959885432754593	-2.199109454720623	0.03788534780414395	10.112999974717502	45.407999545920006
920	15073280	10	11.6	14.691494137765565	40.0	0.0	10	12.5	12.64317997973611	40.0	1.0	-0.014401689034473024	-2.1959162675040376	0.03737651055755047	10.297749974255625	42.627999573720004
924	15138816	10	12.2	14.455448799674121	40.0	0.0	10	10.3	12.377802712921223	40.0	0.0	-0.014758803918972538	-2.189298701554969	0.03511996828817939	11.168249972079376	44.28799955712
928	15204352	10	11.1	11.894956914591999	40.0	0.0	10	9.8	11.625833303466896	40.0	0.0	-0.01210612780530948	-2.203997862606142	0.038093040887334104	12.80249996799375	36.53899963461001
932	15269888	10	4.9	3.8327535793473597	11.0	0.0	10	11.6	15.18025032731674	40.0	0.0	-0.012829830352102879	-2.2067463271504697	0.0352092447149523	12.349749969125625	26.907999730920004
936	15335424	10	2.3	2.8301943396169813	10.0	0.0	10	3.0	2.756809750418044	10.0	0.0	-0.0142685960754829	-2.1863036153423283	0.04167421119008724	12.270249969324373	21.255999787440004
940	15400960	10	4.3	6.914477565225011	18.0	0.0	10	7.3	11.619380362136358	40.0	0.0	-0.014741545500308602	-2.1708551171147517	0.04243152281603538	11.091749972270627	41.05899958941001
944	15466496	10	5.4	4.409081537009721	16.0	0.0	10	10.8	8.388086790204307	26.0	0.0	-0.01405852952883819	-2.189090634157714	0.038163417073182285	12.434999968912498	28.806999711930004
948	15532032	10	11.0	15.665248162732693	40.0	0.0	10	13.8	14.709180806557518	41.0	0.0	-0.014092424114144365	-2.1557712130486477	0.037123061790299776	13.450749966373124	41.70399958296001
952	15597568	10	3.7	3.8223029707232787	14.0	0.0	10	10.3	11.480853626799707	40.0	0.0	-0.013285293104198355	-2.1560860224305767	0.04270469061197423	12.74799996813	20.814999791850006
956	15663104	10	8.2	11.694443124834972	40.0	0.0	10	14.2	14.034243834279065	41.0	0.0	-0.013395000187119121	-2.17505925622774	0.042406673771568475	13.733249965666877	41.66399958336001
960	15728640	10	13.6	14.813507349712964	40.0	0.0	10	19.7	16.988525539316235	40.0	0.0	-0.013145448379110426	-2.149419498716411	0.040658776333666456	10.886749972783125	51.04599948954001
964	15794176	10	1.9	2.467792535850613	8.0	0.0	10	14.6	16.865349092147486	40.0	0.0	-0.014739767583685974	-2.1779649851437646	0.036729550644965095	9.51349997621625	32.42599967574001
968	15859712	10	8.3	11.29645962237727	40.0	0.0	10	18.1	14.969635934116766	40.0	2.0	-0.012952375246201455	-2.162210327658331	0.03941405082952692	10.770999973072499	48.63799951362001
972	15925248	10	3.8	3.627671429443411	11.0	0.0	10	12.4	11.16422858956229	40.0	0.0	-0.014404044172215679	-2.169988962285181	0.039990035851666564	10.003999974990002	39.08499960915001
976	15990784	10	7.5	11.342398335449166	40.0	0.0	10	12.7	14.387842089764538	40.0	0.0	-0.013757236489640808	-2.211477865545064	0.03418576769407502	10.531499973671252	46.51399953486001
980	16056320	10	7.5	12.776932339180638	40.0	0.0	10	16.8	16.104657711357916	40.0	0.0	-0.013329229866764493	-2.2068395661995766	0.04004119256637506	10.141999974645	41.17199958828
984	16121856	10	11.5	11.783462988442743	40.0	0.0	10	20.9	19.164811504421326	40.0	0.0	-0.014129581699655048	-2.2175723560327993	0.044357718196733543	10.543749973640624	46.15599953844001
988	16187392	10	7.0	6.082762530298219	21.0	0.0	10	7.3	7.267048919609664	20.0	0.0	-0.01207536754732274	-2.209613856939778	0.03783544362128542	10.10449997473875	36.6099996339
992	16252928	10	10.6	14.820256408038288	40.0	0.0	10	15.5	12.002083152519816	40.0	0.0	-0.01333855576722784	-2.177833311032889	0.041444777041081786	10.61949997345125	35.87999964120001
996	16318464	10	13.3	13.97891269019161	40.0	2.0	10	14.8	16.779749700159417	40.0	1.0	-0.012268517342146444	-2.189697456628475	0.04056445898764109	11.042249972394377	48.53199951468
1000	16384000	10	16.8	15.593588426016636	40.0	2.0	10	10.7	11.49826073804208	40.0	0.0	-0.014738510043551858	-2.174363349648318	0.04068332099087193	9.629249975926877	52.74899947251001
1004	16449536	10	24.3	16.715561611863357	40.0	1.0	10	16.3	16.266837430797665	40.0	0.0	-0.011826454907937193	-2.165639236343817	0.03965297131386109	9.750749975623124	49.970999500290006
1008	16515072	10	10.6	14.927826365549674	40.0	0.0	10	23.0	15.238110119040353	40.0	0.0	-0.012995586246547569	-2.1422947195920985	0.04030977418071102	11.352499971618752	40.581999594180004
1012	16580608	10	14.1	14.473769377739858	40.0	0.0	10	20.9	19.13347851280577	40.0	0.0	-0.011603462826319045	-2.143996832048084	0.04716704777571477	10.88349997279125	51.68599948314001
1016	16646144	10	8.4	12.076423311560422	40.0	0.0	10	15.7	16.199074047611486	40.0	0.0	-0.013928138363315254	-2.1808147875183073	0.03972664269360091	10.511749973720626	49.17499950825
1020	16711680	10	17.9	18.294534703019913	40.0	0.0	10	8.5	11.244998888394788	40.0	1.0	-0.01405500422308576	-2.229308681951205	0.04446245756623672	10.983749972540624	47.557999524420005
1024	16777216	10	8.6	8.822698000045111	24.0	0.0	10	14.5	16.90118339052032	40.0	0.0	-0.012880867319100969	-2.201112235356566	0.04234576480953368	11.30849997172875	41.58099958419001
1028	16842752	10	10.0	15.132745950421556	40.0	0.0	10	14.4	15.173661390712528	40.0	0.0	-0.013204551088305667	-2.212951955465431	0.04043064450346359	10.954749972613126	56.732999432670006
1032	16908288	10	8.0	11.85748708622531	40.0	1.0	10	9.5	11.351211389098522	40.0	1.0	-0.012794608081580556	-2.190260573993459	0.03951610783479505	12.708749968228124	39.796999602030006
1036	16973824	10	5.5	6.15223536610881	17.0	0.0	10	14.6	16.912717108732117	40.0	0.0	-0.013900296174210444	-2.207364928989153	0.041430131295105546	12.203749969490627	41.779999582200006
1040	17039360	10	3.0	4.219004621945797	15.0	0.0	10	13.6	17.385051049680584	40.0	0.0	-0.011662952120481544	-2.2153170454181303	0.04011623510517776	10.578749973553125	38.298999617010004
1044	17104896	10	4.2	4.190465367951393	13.0	0.0	10	9.0	11.171392035015153	40.0	0.0	-0.012414655508635512	-2.2045743959832524	0.03666314164105116	10.680999973297501	35.71099964289
1048	17170432	10	12.1	14.222868908908637	40.0	0.0	10	15.9	14.362799170078235	40.0	0.0	-0.013282014142968162	-2.2081302153750864	0.03872731717598477	11.618249970954375	44.22099955779
1052	17235968	10	8.7	6.496922348312315	20.0	2.0	10	13.5	14.582523787054146	41.0	1.0	-0.014129060361527472	-2.1994341013524656	0.03483905798082238	10.586249973534375	47.16699952833001
1056	17301504	10	9.3	11.30530848760882	40.0	0.0	10	12.8	14.225329521666625	40.0	0.0	-0.01196590034787385	-2.14744261629862	0.046364679578518676	10.51199997372	47.72399952276
1060	17367040	10	10.3	15.185848675658532	40.0	0.0	10	14.9	16.902366698187567	40.0	0.0	-0.013672461908846094	-2.1359222454587936	0.0407232428703257	10.143249974641876	52.18599947814001
1064	17432576	10	7.1	11.246777316191514	40.0	0.0	10	6.7	4.405678154382137	14.0	0.0	-0.013128221967384031	-2.1273737299213096	0.04874715297751227	10.350749974123127	34.22099965779
1068	17498112	10	14.6	14.53409783921933	40.0	0.0	10	18.4	17.79438113562818	40.0	0.0	-0.012593945322100127	-2.1359268673022904	0.03997460340975061	10.0749999748125	48.99699951003001
1072	17563648	10	7.0	11.189280584559492	40.0	0.0	10	11.0	12.0	40.0	0.0	-0.011722901990036928	-2.1352643269063045	0.04238771233498958	10.533249973666875	52.250999477490005
1076	17629184	10	4.6	5.730619512757761	18.0	0.0	10	15.5	16.451443705644802	40.0	1.0	-0.012986486555606424	-2.140141750152498	0.04617701225898711	10.677999973305	39.16799960832
1080	17694720	10	11.4	15.863164879682744	40.0	0.0	10	14.8	14.105318146004363	40.0	2.0	-0.011337445926408837	-2.1201215930558135	0.043401440717415536	11.460749971348125	52.65799947342001
1084	17760256	10	4.6	5.4258639865002145	14.0	0.0	10	6.9	11.596982366115766	40.0	0.0	-0.013421538662862801	-2.1765256869512544	0.04265874325008631	11.2269999719325	42.54099957459
1088	17825792	10	12.0	14.696938456699069	41.0	0.0	10	20.5	16.42102311063473	40.0	2.0	-0.0119260426641941	-2.211781866618075	0.038682975938084264	11.04549997238625	43.804999561950005
1092	17891328	10	6.4	5.219195340279955	16.0	2.0	10	13.1	17.846288129468267	40.0	0.0	-0.011611680850671066	-2.215093791254094	0.044554286922809376	11.0249999724375	31.410999685890005
1096	17956864	10	11.0	14.798648586948742	40.0	1.0	10	13.4	14.368020044529448	40.0	0.0	-0.010907253855673326	-2.213668435581406	0.04197228676202286	11.02049997244875	54.12699945873001
1100	18022400	10	9.6	11.101351269102334	40.0	0.0	10	23.7	16.911830178901393	40.0	0.0	-0.011781652590177404	-2.226318758990917	0.04213552514117883	11.26649997183375	41.29399958706
1104	18087936	10	10.9	11.370576062803503	40.0	0.0	10	11.1	14.869095466772684	40.0	0.0	-0.012952778096571957	-2.2177813870384777	0.041531493805368844	11.386249971534376	39.52499960475001
1108	18153472	10	9.6	11.749042514179612	40.0	0.0	10	9.0	12.0	40.0	0.0	-0.012286223945247452	-2.23592437283749	0.043352602549658864	11.2329999719175	43.252999567470006
1112	18219008	10	8.2	12.139192724394814	40.0	0.0	10	13.5	15.173990905493518	40.0	0.0	-0.01303817287756832	-2.2375824300104106	0.043172838549909984	11.045249972386877	63.453999365460014
1116	18284544	10	11.1	14.801689092802889	40.0	0.0	10	10.7	12.63368513142543	40.0	0.0	-0.013072130812212117	-2.257273629072614	0.03956632897776978	9.052499977368749	53.05499946945001
1120	18350080	10	8.5	15.762296786953353	40.0	0.0	10	6.7	11.627983488120371	40.0	0.0	-0.011896242185052105	-2.247160131498543	0.040312748087716996	10.165249974586876	45.54099954459
1124	18415616	10	10.3	14.960280746028797	40.0	0.0	10	17.5	18.521609001379982	40.0	0.0	-0.013473252221159365	-2.2551637786264505	0.03815811103743695	11.472249971319377	46.45599953544001
1128	18481152	10	15.6	16.746342884343434	40.0	0.0	10	12.6	14.451297519600098	40.0	0.0	-0.013678555596106914	-2.243912691637584	0.03631726143658594	11.763749970590625	50.61699949383001
1132	18546688	10	3.4	4.363484845854286	16.0	0.0	10	15.1	14.060227594174997	40.0	0.0	-0.01350755411214742	-2.256396444900234	0.035209708862840375	11.1109999722225	36.96899963031001
1136	18612224	10	11.2	11.84736257569591	40.0	0.0	10	5.9	5.52177507691141	20.0	0.0	-0.01228643251057244	-2.2683191868286823	0.038074228190731384	10.8509999728725	34.40299965597001
1140	18677760	10	11.2	14.951922953252534	40.0	0.0	10	14.8	14.4	40.0	0.0	-0.013355734160059304	-2.29757380958307	0.03913694057050714	11.45249997136875	45.066999549330006
1144	18743296	10	3.4	4.24735211631906	16.0	1.0	10	13.9	17.195638982020995	40.0	0.0	-0.013734666517630346	-2.265306447707082	0.039100509016426914	12.2969999692575	25.206999747930006
1148	18808832	10	18.2	18.043281298034458	40.0	1.0	10	10.6	15.021318184500318	40.0	0.0	-0.013967700111970993	-2.2806361936140633	0.03857026995766844	11.957749970105626	52.086999479130014
1152	18874368	10	7.3	11.45469336123844	40.0	0.0	10	7.6	11.993331480451959	40.0	0.0	-0.013381630845409777	-2.2639315051462345	0.041741101299721126	10.954749972613124	32.44599967554
1156	18939904	10	4.1	4.253234063627348	15.0	0.0	10	12.7	12.814444974324873	40.0	0.0	-0.014058921026289495	-2.239759189153854	0.035892209053802165	12.778499968053751	29.996999700030006
1160	19005440	10	3.8	5.015974481593781	16.0	0.0	10	15.6	16.457217261736567	40.0	0.0	-0.012915726366543272	-2.2500122510036515	0.03514658182027649	12.34949996912625	39.000999609990004
1164	19070976	10	7.2	11.487384384619503	40.0	0.0	10	12.3	10.982258419833325	40.0	0.0	-0.01370353723156207	-2.198974517255446	0.03953416418105194	11.21349997196625	42.25699957743001
1168	19136512	10	15.7	16.131026005806326	40.0	2.0	10	10.5	11.926860441876563	40.0	0.0	-0.01333994389867452	-2.16183559077314	0.03768305982613801	10.674249973314376	47.752999522470006
1172	19202048	10	14.2	14.76346842716846	40.0	1.0	10	18.7	17.458808664969098	40.0	2.0	-0.012197728061379436	-2.2139866523621943	0.03783761959827312	10.716749973208124	46.899999531000006
1176	19267584	10	17.7	16.26068879229905	40.0	0.0	10	12.8	14.837789592793127	40.0	0.0	-0.013192745135246696	-2.2035272218475175	0.03718771653172928	11.038999972402502	36.398999636010004
1180	19333120	10	12.3	14.58115221784616	40.0	0.0	10	17.4	15.799999999999999	40.0	0.0	-0.014086533719564583	-2.222035119699441	0.030575382811092025	11.310749971723128	47.22299952777001
1184	19398656	10	7.5	11.10180165558726	40.0	1.0	10	14.1	10.940292500660117	40.0	5.0	-0.013649673337965094	-2.2274232181573286	0.03174524488140148	10.635749973410626	54.58699945413001
1188	19464192	10	14.7	17.02967997350508	41.0	0.0	10	21.6	16.187649613208215	40.0	1.0	-0.013155550347764736	-2.2299086672725053	0.028044986962523825	10.109749974725624	45.556999544430006
1192	19529728	10	8.6	11.766052864066182	40.0	0.0	10	19.8	17.780888616714293	40.0	0.0	-0.012842606254582676	-2.2383874776614587	0.028628347943038344	10.915749972710625	51.038999489610006
1196	19595264	10	8.6	11.680753400359071	40.0	0.0	10	11.3	11.171839597846006	40.0	1.0	-0.01290382487894818	-2.2158795319672904	0.030781596837618514	11.26949997182625	45.86499954135001
1200	19660800	10	10.0	11.349008767288886	40.0	2.0	10	22.5	17.912286286233815	40.0	0.0	-0.012355963778268088	-2.204197088647756	0.03219722573853297	11.074499972313749	48.87699951123001
1204	19726336	10	11.1	11.130588483993108	40.0	0.0	10	14.9	13.194316958448436	40.0	3.0	-0.011785119935651485	-2.1999708014421824	0.03605679742383502	10.807749972980623	56.240999437590006
1208	19791872	10	24.1	16.391766225761028	40.0	1.0	10	21.9	18.184883832458212	40.0	0.0	-0.013165489179748077	-2.1872137981361686	0.036508307439197425	11.048499972378751	71.91399928086001
1212	19857408	10	10.5	13.366001645967279	40.0	0.0	10	15.6	13.843409984537768	40.0	0.0	-0.013541621534188723	-2.1694001950547315	0.04180329112133419	9.933249975166877	46.32799953672001
1216	19922944	10	15.1	14.631814651641813	40.0	0.0	10	11.9	12.46956294342348	40.0	0.0	-0.011542829931093339	-2.175823807489721	0.033642503739865944	10.885249972786875	40.50299959497001
1220	19988480	10	14.4	17.425269007966566	40.0	0.0	10	13.4	11.35077089893017	40.0	2.0	-0.012172780214258777	-2.1971287551220398	0.03937235020156603	10.565999973584999	50.991999490080005
1224	20054016	10	18.7	18.12760326132498	40.0	0.0	10	17.5	13.69854006819705	40.0	0.0	-0.012238729683241764	-2.203832266001812	0.038889571515828	9.276249976809375	58.09299941907001
1228	20119552	10	21.7	18.390486671102533	40.0	1.0	10	19.8	17.098537949193197	40.0	0.0	-0.011954111567287509	-2.1979200688695224	0.03594757623906495	9.526499976183748	56.01999943980001
1232	20185088	10	5.9	7.687002016391045	22.0	0.0	10	18.3	15.466415227841258	40.0	0.0	-0.01225239453069362	-2.1942051323949503	0.037895565169486015	11.955749970110626	33.06499966935
1236	20250624	10	14.1	17.090640713560155	40.0	0.0	10	15.1	17.317332358074093	41.0	0.0	-0.013008058101310617	-2.1948345301249175	0.03484225167995594	11.785749970535626	44.25899955741001
1240	20316160	10	14.6	13.343163043296743	40.0	1.0	10	26.9	14.74754216810381	40.0	3.0	-0.0120720892118249	-2.1848419529903955	0.03862289457257225	10.92749997268125	49.607999503920006
1244	20381696	10	19.7	17.06487620816512	40.0	1.0	10	23.1	15.55281325034156	40.0	1.0	-0.01324941482121101	-2.1845006493438666	0.03818144010525458	11.897999970255	46.149999538500005
1248	20447232	10	6.9	6.7889616289974715	22.0	0.0	10	6.9	11.605602095539895	40.0	0.0	-0.01275244885486193	-2.193357514609903	0.03833848078491034	12.17999996955	42.19299957807
1252	20512768	10	4.2	6.2577951388648065	22.0	0.0	10	25.6	15.787336697492709	40.0	0.0	-0.012022424053875245	-2.2538666126764464	0.03264347298584464	12.746499968133751	36.59899963401
1256	20578304	10	13.2	15.509996776273036	40.0	0.0	10	16.3	15.893709447451215	40.0	0.0	-0.011542123182163218	-2.2535210423307626	0.029146451441794653	12.871249967821875	38.517999614820006
1260	20643840	10	3.9	4.6141087980237305	14.0	0.0	10	12.2	15.171025014810304	40.0	0.0	-0.011966942784022402	-2.2554972591633535	0.03457936861502537	12.441999968895	26.531999734680003
1264	20709376	10	14.8	16.89260193102294	41.0	0.0	10	23.0	17.24528921183985	40.0	3.0	-0.012232970981069466	-2.2662928275886793	0.030264946085663127	12.1249999696875	44.08799955912001
1268	20774912	10	11.2	14.729562111617575	40.0	0.0	10	19.1	18.1463494951464	40.0	0.0	-0.01281548778072848	-2.260664917293143	0.035454747845450836	12.36049996909875	47.683999523160004
1272	20840448	10	15.0	17.064583206161235	40.0	0.0	10	14.5	14.847558721890948	40.0	0.0	-0.013029491001217168	-2.2465697648767926	0.03271061565851921	10.448999973877502	47.26899952731001
1276	20905984	10	12.4	14.554724318928203	40.0	1.0	10	22.7	13.138112497615477	40.0	4.0	-0.012037906151776589	-2.2375116445276935	0.03604460336513365	10.93849997265375	42.755999572440004
1280	20971520	10	21.5	15.957756734578956	40.0	0.0	10	21.2	16.216041440499588	40.0	0.0	-0.012577118343469475	-2.2423599384872825	0.03209538642991662	11.355249971611874	42.6899995731
1284	21037056	10	9.0	11.610340218959994	40.0	0.0	10	14.1	17.008527273106274	40.0	1.0	-0.011605379507579958	-2.2025879122506	0.03745966590550747	10.698249973254375	40.78099959219001
1288	21102592	10	22.4	16.212340978402842	40.0	0.0	10	19.5	17.362315513778686	40.0	2.0	-0.012061262748179851	-2.2378744480662958	0.03746329895606556	9.907249975231874	59.849999401500014
1292	21168128	10	6.7	7.550496672405068	22.0	0.0	10	20.2	16.922174801130026	41.0	2.0	-0.01206884603617957	-2.2112018414021914	0.04102913072526235	11.785999970535002	37.80299962197
1296	21233664	10	13.1	14.638647478507021	40.0	0.0	10	20.6	16.788091017146648	40.0	0.0	-0.01206098315859462	-2.1998938294940436	0.036649522736421	11.899249970251876	56.368999436310006
1300	21299200	10	14.9	16.884608375677537	40.0	0.0	10	15.0	16.91744661584602	40.0	0.0	-0.01149713593017611	-2.257990754905574	0.038577298338697476	12.712499968218749	53.04699946953001
1304	21364736	10	10.8	14.945233353815523	40.0	0.0	10	19.3	12.35354200219516	41.0	0.0	-0.012220577876420988	-2.261816565953524	0.03507185659083595	10.70449997323875	47.50499952495001
1308	21430272	10	5.9	6.579513659838393	22.0	0.0	10	21.3	16.38932579455299	40.0	0.0	-0.012241476708912116	-2.2280721786284143	0.04396246353792915	10.543499973641248	48.27499951725001
1312	21495808	10	17.9	15.20164464786623	40.0	2.0	10	17.7	12.87672318565558	40.0	1.0	-0.011660016556559532	-2.1973319721913267	0.042839785878119784	11.792749970518125	47.15999952840001
1316	21561344	10	19.8	17.1743995528228	40.0	0.0	10	18.9	17.71694104522561	40.0	0.0	-0.01227273346854512	-2.162761504226146	0.038563477589301835	10.323749974190626	47.106999528930004
1320	21626880	10	11.4	11.757550765359255	40.0	0.0	10	21.8	16.363373735266208	40.0	1.0	-0.012888926361353817	-2.183875833720966	0.047284615259969576	9.846249975384374	47.04799952952001
1324	21692416	10	11.9	11.361778029868388	40.0	0.0	10	16.1	16.81338752304246	40.0	0.0	-0.012538599815553051	-2.178546515376928	0.04664177877808288	10.955499972611252	43.11799956882001
1328	21757952	10	15.4	14.92112596287559	40.0	0.0	10	22.0	15.381807436059	40.0	2.0	-0.011143931281115927	-2.1857978003927094	0.042681570373841383	11.404499971488748	41.289999587100006
1332	21823488	10	16.0	14.892951352905172	40.0	0.0	10	17.0	14.615060725156088	40.0	0.0	-0.01248215002721771	-2.2232131384480787	0.03680526270768611	11.618999970952501	41.58099958419001
1336	21889024	10	15.7	16.340440630533806	40.0	0.0	10	18.0	15.388307249337076	40.0	0.0	-0.011388120266955432	-2.2160784351504117	0.04165224080549051	11.846249970384372	44.375999556240004
1340	21954560	10	10.2	12.294714311442947	40.0	0.0	10	19.0	17.52141546793523	40.0	1.0	-0.011759581246818147	-2.2315754515588306	0.04216340628091007	11.652749970868125	44.68699955313001
1344	22020096	10	11.0	14.812157169028419	40.0	0.0	10	24.8	16.412190591142913	41.0	0.0	-0.011602530766447489	-2.2208360629947266	0.039471557709002104	12.112249969719375	37.49999962500001
1348	22085632	10	14.8	14.905032707109367	40.0	0.0	10	21.9	16.22004932174992	40.0	0.0	-0.011978088336001249	-2.2321284609694723	0.039337403932369175	12.006249969984376	45.75199954248001
1352	22151168	10	11.7	10.807867504739313	40.0	2.0	10	18.6	15.982490419205636	40.0	0.0	-0.011018803504525436	-2.2426207684127926	0.044709058551427636	11.204749971988125	52.59899947401001
1356	22216704	10	8.1	6.847627326307997	23.0	0.0	10	12.7	14.731259280862583	40.0	0.0	-0.012067907910584683	-2.2250749938355723	0.041549276303983716	11.123749972190625	40.38499959615
1360	22282240	10	12.8	14.076931483814219	40.0	1.0	10	10.1	11.379367293483412	40.0	1.0	-0.011289309122160987	-2.2436552914626753	0.04639841231499838	12.938249967654375	32.93499967065001
1364	22347776	10	9.9	11.166467659918244	40.0	0.0	10	22.5	17.845167413056117	40.0	0.0	-0.011144789536098772	-2.2438296698180014	0.043242552856445994	12.50549996873625	42.38099957619001
1368	22413312	10	14.9	14.522052196573322	40.0	0.0	10	19.3	17.67512376194294	40.0	0.0	-0.012329988466494326	-2.2499179440379926	0.042342987935459875	11.218249971954375	46.56599953434001
1372	22478848	10	17.4	15.519020587653074	40.0	0.0	10	15.7	13.505924625881782	40.0	0.0	-0.012052252237438514	-2.253106213871384	0.03851322260827357	10.403499973991252	46.978999530210004
1376	22544384	10	15.1	16.84309947723399	40.0	0.0	10	27.6	15.583324420674813	40.0	0.0	-0.012078059110793526	-2.234909077252599	0.03582958492542852	12.057249969856874	55.73799944262001
1380	22609920	10	10.4	8.138795979750322	26.0	0.0	10	15.5	17.613914953808536	40.0	0.0	-0.012550750615048428	-2.2441812875516023	0.03865906413397074	11.797749970505626	44.06299955937001
1384	22675456	10	15.0	14.642404174178502	40.0	0.0	10	15.5	16.70478973228936	40.0	0.0	-0.01171934554682389	-2.2251471229063235	0.03754657436702445	12.174499969563751	53.90799946092001
1388	22740992	10	25.4	18.095303258028036	40.0	0.0	10	11.0	14.587666023048376	40.0	1.0	-0.011033228092919371	-2.256370417538685	0.033981560396060866	11.899749970250625	45.95299954047001
1392	22806528	10	5.2	11.754148203932091	40.0	0.0	10	19.2	17.10438540258024	40.0	3.0	-0.011877456341583619	-2.279370230695596	0.02773562022972028	10.405999973984999	42.866999571330005
1396	22872064	10	8.1	5.57584074378026	18.0	0.0	10	13.0	14.38749456993816	40.0	0.0	-0.011286317779535253	-2.3084917860805363	0.03287656694152965	10.58949997352625	36.641999633580006
1400	22937600	10	18.6	17.749366185867032	40.0	0.0	10	23.3	17.070735192135107	40.0	0.0	-0.012280028224807699	-2.319657988604671	0.03426052877943468	11.061249972346877	48.65799951342001
1404	23003136	10	11.7	11.941942890501528	40.0	0.0	10	10.6	11.128342194594843	40.0	1.0	-0.011491758143787428	-2.3055166649403662	0.03693055902455876	11.91199997022	50.631999493680006
1408	23068672	10	11.7	14.491721774861674	40.0	1.0	10	13.5	13.865424623862047	40.0	0.0	-0.01198876025709393	-2.321809929864149	0.03621033419632968	11.449249971376876	47.109999528900005
1412	23134208	10	5.0	5.966573556070519	17.0	0.0	10	10.0	12.231107881136523	40.0	0.0	-0.011476281786616641	-2.331962845976627	0.039688480955605315	10.763749973090627	34.27699965723001
1416	23199744	10	12.1	15.443121446132578	40.0	0.0	10	18.7	15.382132491953122	40.0	0.0	-0.011777202367118473	-2.3327625043743767	0.04599725082037532	10.49349997376625	45.660999543390005
1420	23265280	10	7.3	6.356886030125127	18.0	0.0	10	4.1	5.467174773134658	20.0	0.0	-0.011087610191131511	-2.329681974903459	0.039860558226277744	11.971749970070624	27.230999727690005
1424	23330816	10	10.0	11.497825881443848	40.0	1.0	10	17.9	15.921369287847075	40.0	0.0	-0.011247909347771458	-2.3348651550761574	0.03276710347707234	12.0549999698625	40.08599959914
1428	23396352	10	15.7	16.199074047611486	40.0	0.0	10	11.6	15.81265316131357	40.0	0.0	-0.011863302523101629	-2.3175814944078366	0.0332585827917296	11.730249970674375	52.74799947252001
1432	23461888	10	16.2	16.436544649043483	40.0	0.0	10	10.5	8.546929273136639	24.0	0.0	-0.011649087836606183	-2.2759290633215024	0.043658498398447605	11.526749971183126	38.091999619080006
1436	23527424	10	8.4	11.49956520917204	40.0	1.0	10	21.7	15.640012787718558	40.0	1.0	-0.011737218548650199	-2.2816775264946108	0.036409572713785796	12.425499968936252	42.47799957522001
1440	23592960	10	22.4	15.304901175767194	40.0	2.0	10	17.0	14.219704638282751	40.0	1.0	-0.011570734358739574	-2.285376461605589	0.034021381828494464	12.3069999692325	43.12799956872001
1444	23658496	10	15.2	17.02233826476257	40.0	0.0	10	30.8	15.018655066283399	40.0	2.0	-0.011395163927495454	-2.278355598212378	0.03341440382686381	11.010749972473127	52.33099947669001
1448	23724032	10	8.9	6.487680633323437	23.0	3.0	10	12.8	14.647866738880445	41.0	0.0	-0.010877440553868696	-2.3003290467051594	0.0319610605720355	11.342249971644375	52.62099947379001
1452	23789568	10	11.6	12.611106216347556	40.0	1.0	10	22.0	15.479018056711478	40.0	3.0	-0.010856438550723928	-2.271818145872933	0.03217349476621932	11.803749970490626	45.46599954534001
1456	23855104	10	7.9	11.657186624567696	40.0	0.0	10	17.7	12.89224573144648	40.0	1.0	-0.011405187461326691	-2.2699951179444526	0.0312690394315893	11.494749971263126	61.52899938471001
1460	23920640	10	25.4	15.78100123566309	40.0	0.0	10	14.0	15.21840990379744	40.0	0.0	-0.010879719502633863	-2.2984438958356685	0.03379524859713396	10.775249973061875	44.07899955921001
1464	23986176	10	10.4	15.173661390712526	40.0	0.0	10	21.9	15.782585339544342	40.0	4.0	-0.009788183795122314	-2.3133874831174053	0.03213539040157483	10.65449997336375	41.53499958465
1468	24051712	10	18.3	16.36490146624782	40.0	0.0	10	15.6	14.416657032752079	40.0	1.0	-0.011723872122569357	-2.2936489281649326	0.031318925550670396	11.852749970368123	44.829999551700006
1472	24117248	10	13.4	14.630105946301278	40.0	0.0	10	20.7	16.715561611863357	40.0	0.0	-0.011199618686123914	-2.30899374659646	0.03294904157176121	11.329749971675627	55.07299944927001
1476	24182784	10	16.4	16.236994795835834	40.0	0.0	10	23.6	16.65653025092561	40.0	0.0	-0.010444207964735261	-2.3041776788814756	0.03602638855822122	11.325999971684999	52.424999475750006
1480	24248320	10	11.4	11.697863052711808	40.0	0.0	10	15.7	16.811008298136077	40.0	0.0	-0.010063635060621332	-2.2937620552971776	0.03575171054511757	11.60449997098875	46.05199953948001
1484	24313856	10	19.2	15.13803157613301	41.0	2.0	10	12.5	15.252868582663394	40.0	0.0	-0.010662012887628879	-2.2995039992122646	0.03057930858797682	10.502749973743127	72.24699927753001
1488	24379392	10	13.9	14.306991297963384	40.0	0.0	10	12.5	12.387493693237547	40.0	0.0	-0.011170394006864892	-2.2942763266557726	0.031743633926178204	11.653249970866876	53.708999462910015
1492	24444928	10	12.7	15.741982086128797	40.0	0.0	10	16.3	15.95650337636664	40.0	0.0	-0.011342123409153183	-2.291805440942135	0.03169845020999628	11.372249971569376	55.432999445670006
1496	24510464	10	8.2	12.512393855693642	40.0	0.0	10	12.2	15.210522673465237	40.0	0.0	-0.01131731618204	-2.281156254073782	0.03365846909232006	10.99849997250375	52.14299947857001
1500	24576000	10	21.2	16.442627527253666	40.0	0.0	10	29.1	14.7	41.0	3.0	-0.012087819429582139	-2.2958028065753653	0.03155286691288545	9.948249975129375	55.87999944120001
1504	24641536	10	11.7	14.798986451781081	40.0	0.0	10	21.8	16.35726138447387	40.0	2.0	-0.011062834898196292	-2.3240447960856616	0.02805628221733057	9.883749975290625	55.55499944445001
1508	24707072	10	9.5	12.467958934805647	40.0	0.0	10	10.3	11.52432210587677	40.0	0.0	-0.010432277409689503	-2.3259934085171436	0.03279929167326986	11.029499972426251	50.58199949418001
1512	24772608	10	14.6	13.857849761056007	40.0	0.0	10	12.5	15.14100392972672	40.0	0.0	-0.010588122113513827	-2.337821746622385	0.0350795884308496	11.798249970504374	49.87099950129001
1516	24838144	10	11.3	16.006561154726523	40.0	0.0	10	19.5	17.287278559680814	40.0	0.0	-0.01081698244169678	-2.3173705287347297	0.038331029680445244	10.90349997274125	65.33699934663001
1520	24903680	10	8.6	11.46472851837321	40.0	0.0	10	16.5	15.876082640248507	40.0	0.0	-0.010855223996947392	-2.3054501362226962	0.030329068362813207	10.70949997322625	44.51799955482001
1524	24969216	10	4.4	4.294182110716778	11.0	0.0	10	25.2	16.048675957847735	40.0	1.0	-0.010395374526351035	-2.3055184058926987	0.036910157355826034	11.465499971336248	32.458999675410006
