iter	frame	n_test	mean_returns	std_returns	max_returns	min_returns	n_test_train	mean_returns_train	std_returns_train	max_returns_train	min_returns_train	actor_loss	entropy_loss	value_loss	training_time	evaluation_time
0	0	10	1.1	1.445683229480096	4.0	0.0	10	0.7	1.1874342087037917	4.0	0.0	0	0	0	0.0	7.287999927120001
4	65536	10	1.0	0.8944271909999159	3.0	0.0	10	1.2	1.5362291495737217	5.0	0.0	0.030733325246255876	-2.051933767060279	0.18590580530390774	10.639999973399998	13.245999867540002
8	131072	10	0.5	1.02469507659596	3.0	0.0	10	1.3	1.2688577540449522	3.0	0.0	-0.002053939230273885	-2.063927668863119	0.06939363789332265	13.00749996748125	7.009999929900001
12	196608	10	0.7	0.7810249675906655	2.0	0.0	10	0.7	1.268857754044952	4.0	0.0	-0.0031805090714464267	-2.157197598143221	0.06076064476265637	13.66549996583625	5.38699994613
16	262144	10	0.7	1.004987562112089	3.0	0.0	10	0.5	0.6708203932499369	2.0	0.0	-0.005052998261290911	-2.188053597778644	0.0531321793428845	11.760749970598127	8.33099991669
20	327680	10	2.0	2.5298221281347035	7.0	0.0	10	1.2	1.469693845669907	5.0	0.0	-0.006411956594637518	-2.2727707944926445	0.04733238430821581	12.66849996832875	11.006999889930002
24	393216	10	1.3	1.2688577540449522	3.0	0.0	10	0.7	1.1874342087037917	3.0	0.0	-0.006554870053074337	-2.26049928343591	0.038447627968340836	11.747999970630001	10.678999893210001
28	458752	10	0.6	1.0198039027185568	3.0	0.0	10	0.4	0.8000000000000002	2.0	0.0	-0.007889831858631645	-2.2286204594039045	0.038357359974064364	11.741749970645625	14.759999852400002
32	524288	10	0.8	1.661324772583615	5.0	0.0	10	2.0	3.847076812334269	13.0	0.0	-0.009580242213726478	-2.257565950118777	0.03588949246346251	12.756749968108126	22.402999775970002
36	589824	10	1.8	1.5362291495737217	6.0	0.0	10	2.5	5.220153254455275	18.0	0.0	-0.010635619627872567	-2.283991505464421	0.04273269982796202	12.448999968877498	22.883999771160003
40	655360	10	1.3	1.345362404707371	4.0	0.0	10	1.1	1.3	3.0	0.0	-0.012166585851997778	-2.2788036041071513	0.03966291048538912	11.529999971175	12.13899987861
44	720896	10	1.4	1.4966629547095764	5.0	0.0	10	2.0	3.4641016151377544	12.0	0.0	-0.01092224145039143	-2.262479230525853	0.035793550890867186	11.924749970188126	21.563999784360004
48	786432	10	0.3	0.6403124237432849	2.0	0.0	10	1.9	1.8681541692269403	6.0	0.0	-0.011190274954713777	-2.2632613477733527	0.03729572414497709	12.147499969631252	12.338999876610002
52	851968	10	0.3	0.6403124237432849	2.0	0.0	10	1.9	4.060788100849391	14.0	0.0	-0.011719389953205865	-2.2052774253177243	0.04208371902300015	12.358749969103126	16.921999830780003
56	917504	10	1.0	1.8973665961010275	6.0	0.0	10	1.5	2.3769728648009427	8.0	0.0	-0.011980296669172457	-2.246232772632902	0.04659587939871009	12.70149996824625	14.034999859650002
60	983040	10	0.5	0.6708203932499369	2.0	0.0	10	0.6	0.66332495807108	2.0	0.0	-0.012650653332958508	-2.2470810907725256	0.04177813553592239	13.593249966016877	4.366999956330001
64	1048576	10	1.3	1.676305461424021	5.0	0.0	10	0.6	0.8	2.0	0.0	-0.014527929933140282	-2.263890122138077	0.03679796791019311	12.866249967834374	8.74699991253
68	1114112	10	1.1	1.0440306508910548	3.0	0.0	10	2.4	3.4698703145794947	12.0	0.0	-0.013920142905655991	-2.278438622515488	0.041115075733575986	13.127749967180625	11.617999883820001
72	1179648	10	1.2	1.6613247725836149	4.0	0.0	10	1.0	0.8944271909999159	3.0	0.0	-0.013279621534043797	-2.269040651383076	0.039666640684533266	11.784499970538748	12.752999872470003
76	1245184	10	1.5	1.02469507659596	3.0	0.0	10	1.7	1.8466185312619385	6.0	0.0	-0.01527580863413922	-2.3516437955234566	0.03668839408401071	11.068249972329376	10.820999891790002
80	1310720	10	1.4	0.9165151389911681	3.0	0.0	10	1.8	1.9899748742132402	5.0	0.0	-0.015360727012109568	-2.369412029536117	0.033845426161973224	12.599749968500625	9.306999906930002
84	1376256	10	0.7	1.1874342087037917	4.0	0.0	10	0.9	1.5132745950421556	5.0	0.0	-0.014632074856906442	-2.348054140561609	0.034692518196024966	11.498999971252498	9.71799990282
88	1441792	10	1.7	2.491987158875422	8.0	0.0	10	2.1	4.060788100849391	14.0	0.0	-0.015310690300108424	-2.3087852843184336	0.03471309819362816	10.914249972714375	25.564999744350004
92	1507328	10	0.8	1.077032961426901	3.0	0.0	10	1.1	1.3	3.0	0.0	-0.015424725713182883	-2.3444173283916414	0.032842704887029964	11.375749971560625	6.115999938840001
96	1572864	10	0.5	0.806225774829855	2.0	0.0	10	2.2	2.181742422927143	7.0	0.0	-0.015588919548052122	-2.3643873281797525	0.031902897420586135	13.073999967315	6.896999931030002
100	1638400	10	1.6	3.2	11.0	0.0	10	1.5	1.746424919657298	5.0	0.0	-0.015300171455462653	-2.3318470093165713	0.03569631363514261	11.81249997046875	14.147999858520002
104	1703936	10	1.4	2.244994432064365	7.0	0.0	10	4.0	4.857983120596447	13.0	0.0	-0.014684361338657402	-2.31686099842892	0.03507273145197938	11.133249972166876	18.233999817660006
108	1769472	10	0.7	0.6403124237432849	2.0	0.0	10	1.9	2.1656407827707715	6.0	0.0	-0.01536887872095858	-2.302167696017623	0.03302085492415976	11.561999971095	7.7469999225300015
112	1835008	10	0.9	1.5132745950421556	5.0	0.0	10	0.8	0.7483314773547882	2.0	0.0	-0.016080641428584303	-2.314244026698007	0.032930924941770176	12.1809999695475	8.313999916860002
116	1900544	10	1.5	1.118033988749895	4.0	0.0	10	2.0	3.40587727318528	12.0	0.0	-0.01590747133818217	-2.332642363762264	0.029715015219999256	10.54349997364125	15.480999845190002
120	1966080	10	1.3	1.5524174696260022	5.0	0.0	10	1.2	1.32664991614216	4.0	0.0	-0.01584496328558565	-2.292619608103833	0.030655841960793236	12.341999969145	9.416999905830002
124	2031616	10	1.3	2.1	7.0	0.0	10	2.1	1.9209372712298545	6.0	0.0	-0.015141663441923617	-2.293559198339286	0.029894116564333807	12.351249969121874	9.390999906090002
128	2097152	10	0.6	0.66332495807108	2.0	0.0	10	1.0	1.1832159566199232	4.0	0.0	-0.01463994905345612	-2.291857249796074	0.02859235599261584	10.918749972703125	7.8989999210100015
132	2162688	10	2.0	1.4142135623730951	4.0	0.0	10	1.1	1.445683229480096	4.0	0.0	-0.015381699268714293	-2.2951959518187555	0.028427912734281635	11.192749972018126	10.056999899430002
136	2228224	10	1.3	2.0024984394500787	7.0	0.0	10	2.0	2.0	7.0	0.0	-0.014459074553400538	-2.278802908719629	0.03298882064842022	12.256249969359375	16.281999837180003
140	2293760	10	0.5	0.9219544457292888	3.0	0.0	10	1.1	0.9433981132056604	3.0	0.0	-0.014314560800231009	-2.256218010945537	0.036918759827226436	11.536499971158753	6.318999936810001
144	2359296	10	0.9	0.9433981132056605	3.0	0.0	10	2.3	2.72213151776324	8.0	0.0	-0.015376195438486555	-2.241206365093581	0.03414789361833963	12.493249968766875	9.820999901790001
148	2424832	10	1.1	1.7578395831246947	5.0	0.0	10	2.9	2.662705391138869	8.0	0.0	-0.014362592340774744	-2.281383710365275	0.03242957853607164	10.522499973693751	9.328999906710003
152	2490368	10	1.2	1.3266499161421599	4.0	0.0	10	1.6	2.1071307505705477	6.0	0.0	-0.01587988295145615	-2.2677706254146566	0.03312261722404072	12.4889999687775	13.979999860200003
156	2555904	10	0.6	0.66332495807108	2.0	0.0	10	1.5	1.284523257866513	4.0	0.0	-0.014863483329734343	-2.3107138174352087	0.03637515735666408	12.15599996961	7.468999925310001
160	2621440	10	1.4	1.42828568570857	4.0	0.0	10	1.9	2.3430749027719964	8.0	0.0	-0.014959031915732373	-2.2961717071724226	0.03157503960790894	11.308749971728124	7.545999924540001
164	2686976	10	0.9	1.1357816691600546	3.0	0.0	10	2.8	4.955804677345546	17.0	0.0	-0.015515197682867745	-2.3095563002008452	0.030594249737832157	11.56549997108625	20.482999795170002
168	2752512	10	1.7	1.7916472867168918	4.0	0.0	10	2.3	3.3778691508109073	12.0	0.0	-0.01638518501154676	-2.2950499452743394	0.02912555832578089	11.894499970263752	18.666999813330005
172	2818048	10	1.1	1.1357816691600549	3.0	0.0	10	1.3	1.5524174696260025	4.0	0.0	-0.016136780061804967	-2.274004662793431	0.030913024574868164	12.320749969198125	12.639999873600003
176	2883584	10	1.7	1.4177446878757827	4.0	0.0	10	1.7	1.7916472867168918	5.0	0.0	-0.01582533381665976	-2.2117263548255797	0.03721500500105716	10.771249973071875	13.268999867310002
180	2949120	10	1.5	1.5	5.0	0.0	10	1.3	2.238302928559939	7.0	0.0	-0.01615167821317613	-2.197395783930606	0.03697349895182803	12.317499969206251	13.559999864400003
184	3014656	10	1.6	1.7435595774162693	5.0	0.0	10	0.9	1.2206555615733703	3.0	0.0	-0.017321087893545008	-2.2124045464078708	0.03652786121633626	12.254749969363125	9.038999909610002
188	3080192	10	1.2	1.16619037896906	4.0	0.0	10	2.0	2.569046515733026	9.0	0.0	-0.01696055755812643	-2.2481654755912848	0.033282445468577324	12.853749967865625	8.689999913100001
192	3145728	10	1.5	1.857417562100671	6.0	0.0	10	1.5	1.6278820596099706	5.0	0.0	-0.016565229256929714	-2.2923670681909996	0.030776920822192286	11.472249971319377	6.597999934020001
196	3211264	10	1.5	1.5652475842498528	5.0	0.0	10	3.3	3.7960505792204615	11.0	0.0	-0.014957324115087945	-2.264996953072645	0.02993508204893999	13.34849996662875	12.443999875560003
200	3276800	10	0.6	0.8	2.0	0.0	10	2.9	5.485435260760992	19.0	0.0	-0.0153721648587083	-2.284224264085771	0.03135519099948895	12.134249969664374	18.882999811170002
204	3342336	10	1.6	1.562049935181331	5.0	0.0	10	3.3	3.8223029707232783	13.0	0.0	-0.01646077632732586	-2.292289696395035	0.030747832901832563	11.448999971377498	17.981999820180004
208	3407872	10	0.9	1.6401219466856725	5.0	0.0	10	6.8	12.229472596968359	40.0	0.0	-0.01580051062609557	-2.3054673247121316	0.03109903968934742	10.154499974613751	22.08899977911
212	3473408	10	1.7	1.7349351572897471	6.0	0.0	10	1.6	1.7435595774162693	5.0	0.0	-0.015956670175157745	-2.2731614880379456	0.029331459253299358	10.217749974455623	8.241999917580003
216	3538944	10	1.3	1.791647286716892	6.0	0.0	10	1.1	1.445683229480096	5.0	0.0	-0.015991888519088275	-2.260653426014337	0.030349341761263846	11.900249970249375	8.327999916720001
220	3604480	10	1.5	1.3601470508735443	3.0	0.0	10	1.0	1.0	3.0	0.0	-0.01618092122057238	-2.2509756532946903	0.03017105703160672	11.301999971745001	6.349999936500001
224	3670016	10	1.4	1.3564659966250536	5.0	0.0	10	1.4	1.4282856857085702	4.0	0.0	-0.015952705020790346	-2.2369540852958343	0.030263514216009913	10.904749972738125	11.395999886040002
228	3735552	10	2.0	2.280350850198276	7.0	0.0	10	1.9	2.662705391138869	8.0	0.0	-0.01576055130456392	-2.2490166696550182	0.029001967687398364	11.56399997109	11.944999880550002
232	3801088	10	1.6	1.562049935181331	4.0	0.0	10	4.0	2.0	9.0	2.0	-0.01633452236710203	-2.273155813179058	0.0326127565121455	11.57349997106625	9.233999907660001
236	3866624	10	1.4	2.244994432064365	7.0	0.0	10	1.1	1.5779733838059502	5.0	0.0	-0.016105311346250727	-2.280667456250245	0.03178767473493821	10.50549997373625	14.712999852870002
240	3932160	10	1.5	1.4317821063276353	4.0	0.0	10	1.4	1.4966629547095767	4.0	0.0	-0.016546788968090843	-2.2579809102050796	0.02928289367201871	11.30549997173625	7.726999922730002
244	3997696	10	2.0	1.4832396974191326	5.0	0.0	10	2.3	2.570992026436488	8.0	0.0	-0.016716794070288157	-2.2277811117633184	0.031081140076918805	13.181249967046874	9.366999906330003
248	4063232	10	1.3	2.3259406699226015	8.0	0.0	10	2.3	3.163858403911275	11.0	0.0	-0.015593012630731597	-2.2057394532051795	0.03518715240470852	10.233249974416875	13.866999861330003
252	4128768	10	1.2	1.7204650534085253	5.0	0.0	10	2.4	2.4576411454889016	7.0	0.0	-0.016920016710533163	-2.2365363312418083	0.032500062464300164	11.93199997017	11.029999889700001
256	4194304	10	1.5	2.0615528128088303	7.0	0.0	10	3.0	2.6832815729997477	8.0	0.0	-0.015437303887876556	-2.212731378543355	0.033814383958203645	11.41249997146875	17.398999826010005
260	4259840	10	1.6	2.4166091947189146	8.0	0.0	10	1.1	0.7	2.0	0.0	-0.015338825438669306	-2.2454531438793213	0.03170341210264777	10.517749973705625	10.126999898730002
264	4325376	10	1.1	1.57797338380595	5.0	0.0	10	2.6	3.3823069050575527	12.0	0.0	-0.01593498882191391	-2.2525112601755133	0.02847134820277076	11.177249972056876	20.987999790120003
268	4390912	10	1.8	2.6	8.0	0.0	10	2.3	3.7696153649941526	13.0	0.0	-0.016913095634114354	-2.199901516009692	0.029631610199982075	10.08249997479375	16.105999838940004
272	4456448	10	2.1	2.8792360097775944	10.0	0.0	10	1.5	1.284523257866513	4.0	0.0	-0.016243363498512076	-2.185677210262234	0.029646705813566907	12.380999969047501	14.923999850760001
276	4521984	10	1.6	2.3748684174075834	7.0	0.0	10	3.0	5.458937625582473	19.0	0.0	-0.016115812990532698	-2.1695264575605675	0.032491417307281764	10.955499972611252	13.42399986576
280	4587520	10	1.3	1.6155494421403513	5.0	0.0	10	1.4	1.6248076809271923	5.0	0.0	-0.015698027562577467	-2.168837417932928	0.031237593460678555	12.065749969835624	5.80199994198
284	4653056	10	5.0	11.77285012220915	40.0	0.0	10	3.4	2.690724809414742	9.0	0.0	-0.015783028807641732	-2.143838944311144	0.034679635094436334	11.364249971589375	14.341999856580003
288	4718592	10	1.1	1.044030650891055	3.0	0.0	10	1.6	1.9595917942265426	5.0	0.0	-0.016053081575738724	-2.1230873786184965	0.03155057601457256	11.670999970822502	8.091999919080003
292	4784128	10	3.1	3.726929030716845	12.0	0.0	10	1.4	1.3564659966250538	4.0	0.0	-0.014975831859329852	-2.1472030677148197	0.03235842719880315	11.807249970481877	10.310999896890001
296	4849664	10	1.5	2.9748949561287032	10.0	0.0	10	2.8	3.059411708155671	11.0	0.0	-0.015552547634996451	-2.1965013367629846	0.03179433951211211	13.703749965740625	7.885999921140002
300	4915200	10	0.5	0.5	1.0	0.0	10	0.9	1.3	4.0	0.0	-0.018048851535482892	-2.2191374895645244	0.03127104689739867	12.79249996801875	9.037999909620002
304	4980736	10	2.0	2.5298221281347035	8.0	0.0	10	3.3	3.001666203960727	9.0	0.0	-0.01680036978427095	-2.1782995162125314	0.035445298840635305	10.98949997252625	10.918999890810003
308	5046272	10	1.1	0.8306623862918074	2.0	0.0	10	1.3	1.6763054614240211	5.0	0.0	-0.01689126328292217	-2.1678328834699454	0.030073909066433976	13.251249966871875	5.204999947950001
312	5111808	10	1.7	1.345362404707371	4.0	0.0	10	2.7	1.1874342087037917	4.0	0.0	-0.01621804034658378	-2.171379476559474	0.03044496722745534	11.26549997183625	9.383999906160001
316	5177344	10	1.0	2.04939015319192	6.0	0.0	10	2.8	2.5612496949731396	9.0	0.0	-0.016040693345981846	-2.1846643485336714	0.03049215130811201	11.076999972307501	12.401999875980001
320	5242880	10	1.4	1.42828568570857	4.0	0.0	10	1.6	1.624807680927192	5.0	0.0	-0.01673072312231287	-2.200028734673371	0.02841329362801154	10.655249973361876	9.540999904590002
324	5308416	10	3.5	4.695742752749559	17.0	0.0	10	3.0	3.0659419433511785	9.0	0.0	-0.016790687323079437	-2.1603258125717177	0.027239359175122026	10.982999972542501	13.814999861850001
328	5373952	10	1.0	2.04939015319192	7.0	0.0	10	2.2	1.6	6.0	0.0	-0.016843844646007255	-2.1622232643497727	0.026626846575664203	10.185249974536875	11.840999881590001
332	5439488	10	2.5	2.692582403567252	9.0	0.0	10	3.9	2.4269322199023193	9.0	0.0	-0.015763570543211147	-2.1437114003054454	0.029062205010636503	12.156499969608749	10.174999898250002
336	5505024	10	0.9	1.044030650891055	3.0	0.0	10	2.1	2.507987240796891	7.0	0.0	-0.015710964098798817	-2.1442330080024012	0.02727401465824754	10.310749974223127	8.024999919750002
340	5570560	10	2.0	3.4351128074635335	12.0	0.0	10	2.1	2.879236009777594	9.0	0.0	-0.01605380135227095	-2.1083044829755306	0.029758050297391554	13.50849996622875	7.6239999237600005
344	5636096	10	0.9	1.8138357147217055	6.0	0.0	10	2.4	2.416609194718914	7.0	0.0	-0.016459235844602713	-2.0880693319251638	0.036867298628243735	9.8949999752625	9.048999909510002
348	5701632	10	0.8	1.2489995996796797	4.0	0.0	10	2.0	2.23606797749979	7.0	0.0	-0.016191164107548426	-2.088469368498532	0.03307425269202084	11.198499972003752	12.537999874620002
352	5767168	10	1.8	2.2715633383201093	8.0	0.0	10	2.4	2.576819745345025	9.0	0.0	-0.01737812873580846	-2.078301653049463	0.0341176014396834	11.165999972085	8.052999919470002
356	5832704	10	3.1	3.176476034853718	10.0	0.0	10	3.4	1.8547236990991407	8.0	1.0	-0.016715110411271092	-2.0711271909702087	0.03399685028741525	11.9469999701325	15.959999840400004
360	5898240	10	0.7	1.1874342087037917	4.0	0.0	10	2.6	1.9078784028338915	6.0	0.0	-0.016282054552722768	-2.044916170125777	0.03598891840484742	10.795749973010626	13.43399986566
364	5963776	10	0.9	2.071231517720798	7.0	0.0	10	1.5	1.284523257866513	4.0	0.0	-0.015562509623927556	-2.009572632401467	0.04044785437451301	10.80649997298375	8.24099991759
368	6029312	10	1.7	2.238302928559939	7.0	0.0	10	6.0	11.47170431975999	40.0	0.0	-0.015545178594844618	-2.0179749377453327	0.03416773693978638	13.010249967474376	20.024999799750002
372	6094848	10	1.0	1.2649110640673518	4.0	0.0	10	3.5	2.3345235059857505	9.0	0.0	-0.016276085386200543	-2.0093533680233397	0.03651172399606205	9.605499975986252	11.275999887240001
376	6160384	10	2.2	2.5612496949731396	8.0	0.0	10	2.2	1.32664991614216	4.0	0.0	-0.015439984471927303	-1.9994854167504494	0.0386727254331806	12.6349999684125	5.79399994206
380	6225920	10	1.4	1.7435595774162693	4.0	0.0	10	2.7	2.491987158875422	9.0	0.0	-0.01644163038701381	-2.004764518181269	0.035606018710121694	10.90249997274375	7.811999921880002
384	6291456	10	1.5	1.02469507659596	3.0	0.0	10	1.8	1.7204650534085253	5.0	0.0	-0.014258357750532274	-1.9780932737316506	0.044720994381542666	12.06849996982875	8.226999917730001
388	6356992	10	1.7	2.570992026436488	7.0	0.0	10	2.5	4.522167621838006	15.0	0.0	-0.015841274932899062	-2.04899321475143	0.039126920664953435	10.19349997451625	11.110999888890003
392	6422528	10	3.2	3.249615361854384	9.0	0.0	10	5.4	5.868560300448483	18.0	0.0	-0.015971897449620912	-2.105173960108813	0.03467390600541152	11.922249970194377	19.491999805080003
396	6488064	10	0.9	1.3	4.0	0.0	10	2.1	1.7578395831246947	5.0	0.0	-0.015291112114557111	-2.099837874154067	0.0387196473659351	10.754749973113126	7.262999927370001
400	6553600	10	3.1	3.8845849199110067	11.0	0.0	10	2.7	1.7349351572897473	6.0	0.0	-0.015316649743525958	-2.065175406419685	0.03819310703537877	12.770999968072502	9.235999907640002
404	6619136	10	1.5	1.2041594578792296	3.0	0.0	10	6.8	11.57410903698423	40.0	0.0	-0.01676828120805975	-2.096610111276462	0.0352057554179141	10.68949997327625	18.581999814180005
408	6684672	10	2.5	2.8722813232690143	10.0	0.0	10	4.3	5.404627646748664	17.0	0.0	-0.01555658095296009	-2.1370408532777576	0.03395711911566117	12.09649996975875	13.166999868330002
412	6750208	10	1.9	1.7578395831246945	5.0	0.0	10	2.4	2.0591260281974	6.0	0.0	-0.01731365222381133	-2.1274496165682084	0.03271526757597382	10.237249974406875	9.919999900800002
416	6815744	10	1.4	3.0066592756745814	10.0	0.0	10	4.0	4.449719092257398	14.0	0.0	-0.01569463584583214	-2.096131016592388	0.03452672153196445	12.528749968678127	13.431999865680002
420	6881280	10	2.4	2.4979991993593593	7.0	0.0	10	3.6	5.1613951602255765	18.0	0.0	-0.01665811751999363	-2.1295766430861724	0.03168517110228793	10.168749974578125	10.926999890730002
424	6946816	10	1.1	1.7000000000000004	6.0	0.0	10	4.7	5.0803543183522155	19.0	0.0	-0.015189307150886025	-2.1282903823026342	0.03346342232195398	11.3369999716575	22.287999777120003
428	7012352	10	3.2	3.3406586176980135	11.0	0.0	10	3.7	3.925557285278104	11.0	0.0	-0.015366315362286262	-2.0990920486846507	0.03199513388153917	10.21199997447	13.543999864560003
432	7077888	10	1.5	2.0124611797498106	7.0	0.0	10	1.9	1.9723082923316018	6.0	0.0	-0.015173553642788466	-2.1177602110087244	0.03208458838494935	9.987499975031248	11.276999887230001
436	7143424	10	2.6	2.65329983228432	9.0	0.0	10	5.5	4.410215414239989	16.0	1.0	-0.015944005701543477	-2.1446000012508257	0.030442141400738712	13.06849996732875	10.610999893890002
440	7208960	10	2.2	1.4000000000000001	4.0	0.0	10	3.1	2.0712315177207983	6.0	0.0	-0.015435743709136147	-2.187493473063533	0.029927517109692714	9.979749975050625	8.95899991041
444	7274496	10	2.7	6.148983655857284	21.0	0.0	10	2.9	3.3600595232822887	11.0	0.0	-0.015406846763261227	-2.1543469873806838	0.03209132153672226	12.473749968815627	16.956999830430004
448	7340032	10	2.4	3.261901286060018	9.0	0.0	10	2.2	2.925747767665559	10.0	0.0	-0.01574864133805289	-2.171414772443285	0.03175283122166541	10.197499974506252	9.780999902190002
452	7405568	10	1.1	2.0712315177207983	7.0	0.0	10	5.6	4.223742416388575	16.0	0.0	-0.015568044587977921	-2.1537812349936956	0.03179906585776247	11.641999970895002	21.078999789210005
456	7471104	10	1.1	1.1357816691600549	3.0	0.0	10	4.4	4.6303347611160905	14.0	0.0	-0.014759534560934802	-2.1017810402111334	0.032218253062010226	9.73199997567	9.842999901570002
460	7536640	10	4.1	4.205948168962618	12.0	0.0	10	3.6	4.651881339845203	16.0	0.0	-0.016362261401317774	-2.1582621482746696	0.031250967020018	11.481249971296876	12.745999872540002
464	7602176	10	2.8	5.455272678794342	18.0	0.0	10	4.5	6.00416522091123	21.0	0.0	-0.015137499179763468	-2.102068235257846	0.032031307168227954	11.005749972485624	20.372999796270005
468	7667712	10	2.8	3.944616584663204	13.0	0.0	10	2.4	2.416609194718914	8.0	0.0	-0.01624870956900152	-2.1232379573358715	0.035024443404825946	12.88349996779125	9.2899999071
472	7733248	10	1.6	2.65329983228432	8.0	0.0	10	4.5	3.905124837953327	11.0	0.0	-0.016045563491233157	-2.115659010686633	0.03335376875127614	10.668249973329376	12.727999872720002
476	7798784	10	2.0	1.9493588689617927	7.0	0.0	10	2.9	3.9610604640676716	12.0	0.0	-0.014608076042041132	-2.1181379777966907	0.037142468127433534	12.4509999688725	7.372999926270001
480	7864320	10	1.5	1.5	5.0	0.0	10	3.7	5.292447448959697	19.0	0.0	-0.01610869919946256	-2.1166547484974587	0.034212397116863545	10.659249973351875	9.581999904180002
484	7929856	10	2.1	1.7	6.0	0.0	10	2.5	2.692582403567252	9.0	0.0	-0.014149633225054222	-2.128441189504481	0.03636273881041714	13.54949996612625	8.297999917020002
488	7995392	10	3.1	2.507987240796891	9.0	0.0	10	4.4	3.0724582991474434	9.0	0.0	-0.01595241690984609	-2.154900533233128	0.03130437119072178	10.903749972740625	11.662999883370002
492	8060928	10	1.3	2.0024984394500787	7.0	0.0	10	1.4	1.4966629547095764	5.0	0.0	-0.016144174539917275	-2.1784717165147964	0.02957845653564828	12.69199996827	22.149999778500003
496	8126464	10	3.1	3.3600595232822887	11.0	0.0	10	2.5	3.2939338184001206	10.0	0.0	-0.016192022806364687	-2.1792017591709834	0.02997952957402931	10.056249974859375	16.92899983071
500	8192000	10	2.9	2.5475478405713994	9.0	0.0	10	4.6	5.314132102234569	18.0	0.0	-0.01613494683092724	-2.164848208201924	0.03379670625278096	11.756499970608749	9.606999903930001
504	8257536	10	3.5	4.780167361086848	15.0	0.0	10	5.3	6.050619802962337	20.0	0.0	-0.016877320806755657	-2.155249992781883	0.034386009187736225	10.8489999728775	31.760999682390004
508	8323072	10	1.1	1.445683229480096	5.0	0.0	10	3.2	2.4413111231467406	6.0	0.0	-0.016232452086849227	-2.1528068058433747	0.03426410884161879	9.92349997519125	12.729999872700002
512	8388608	10	2.0	1.6733200530681511	6.0	0.0	10	2.2	2.181742422927143	6.0	0.0	-0.016980979405514934	-2.152681422506049	0.03349361271481384	12.801999967995	7.915999920840002
516	8454144	10	1.5	1.5652475842498528	4.0	0.0	10	3.4	3.555277766926235	10.0	0.0	-0.015618402894880258	-2.1606150714292554	0.03288048125150524	9.7089999757275	20.145999798540004
520	8519680	10	2.4	2.4576411454889016	6.0	0.0	10	3.4	2.4576411454889016	8.0	0.0	-0.015795447760129634	-2.174860603880832	0.03177002669602003	11.495749971260622	9.414999905850001
524	8585216	10	3.1	3.9862262855989496	13.0	0.0	10	2.3	1.6155494421403513	4.0	0.0	-0.016038284759054562	-2.179242955914626	0.03266145317707851	10.910749972723126	16.219999837800003
528	8650752	10	3.8	5.418486873657626	16.0	0.0	10	5.6	3.2924155266308657	12.0	1.0	-0.015553895275739013	-2.1904916512671213	0.032939361676557415	10.85049997287375	19.269999807300003
532	8716288	10	1.8	3.249615361854384	11.0	0.0	10	7.1	7.313685801290619	23.0	0.0	-0.014973217964281272	-2.1996587189727514	0.033617389520698496	12.169999969575002	15.104999848950003
536	8781824	10	4.1	4.3920382511995495	15.0	0.0	10	2.1	1.445683229480096	4.0	0.0	-0.015645783914388978	-2.1974910793399576	0.03495932329314748	9.739249975651875	14.988999850110003
540	8847360	10	3.8	4.556314299957807	13.0	0.0	10	7.8	11.668761716651858	40.0	0.0	-0.015527967335299953	-2.1787911154543727	0.03439748931007401	10.954249972614376	18.330999816690003
544	8912896	10	6.4	11.456002793295749	40.0	0.0	10	9.4	15.467385040788248	40.0	0.0	-0.015385203090989211	-2.202541072933919	0.03502237105687721	11.672749970818124	42.72899957271001
548	8978432	10	2.0	2.0976176963403033	7.0	0.0	10	2.2	2.7856776554368237	10.0	0.0	-0.016069720677017202	-2.18309868104367	0.03612296180035271	9.865999975335	12.654999873450002
552	9043968	10	3.1	2.947880594596735	9.0	0.0	10	6.1	4.346262762420146	13.0	0.0	-0.015310424785863195	-2.2305086103738487	0.03727300437555128	12.364749969088127	13.164999868350002
556	9109504	10	2.1	2.6627053911388696	9.0	0.0	10	5.1	5.539855593785816	17.0	0.0	-0.016638460264185615	-2.2306776988169514	0.037085669324750735	11.357249971606874	15.312999846870003
560	9175040	10	3.7	4.001249804748512	13.0	0.0	10	6.4	6.6663333249995835	19.0	0.0	-0.01654500173581715	-2.209580423701116	0.0382501965465227	11.42849997142875	16.6299998337
564	9240576	10	3.3	3.465544690232691	12.0	0.0	10	3.2	1.8330302779823362	6.0	0.0	-0.014684402278045574	-2.210006778208677	0.037097631096079976	10.869249972826877	14.033999859660003
568	9306112	10	1.9	2.211334438749598	7.0	0.0	10	5.9	7.475961476626268	23.0	0.0	-0.015323570947274025	-2.192349247406041	0.043665692011623396	10.731249973171876	17.744999822550003
572	9371648	10	2.0	2.9664793948382653	10.0	0.0	10	2.0	1.7320508075688772	4.0	0.0	-0.016344809069894824	-2.204937974382237	0.03539889482024501	9.737499975656249	13.521999864780003
576	9437184	10	1.6	1.8547236990991407	5.0	0.0	10	2.8	2.6758176320519307	7.0	0.0	-0.015446214898684871	-2.1816132091196785	0.040925516994908345	11.85349997036625	7.927999920720001
580	9502720	10	0.4	1.2000000000000002	4.0	0.0	10	3.0	3.4641016151377544	10.0	0.0	-0.01586924971177946	-2.1804475434336696	0.039185291249103714	12.006249969984374	8.806999911930001
584	9568256	10	4.9	11.827510304370909	40.0	0.0	10	7.6	11.53429668423697	40.0	0.0	-0.01660561555833263	-2.181329503428212	0.035811662514999384	11.927749970180624	24.471999755280006
588	9633792	10	3.8	3.4	11.0	0.0	10	4.8	5.095095681142799	14.0	0.0	-0.015961890580157928	-2.163984762900163	0.04072366796087331	12.602749968493125	9.07199990928
592	9699328	10	1.9	1.8681541692269403	6.0	0.0	10	2.2	1.8867962264113207	6.0	0.0	-0.014305091165650327	-2.211324823169038	0.03640827751572039	10.59449997351375	5.82099994179
596	9764864	10	3.7	4.539823785126467	14.0	0.0	10	7.5	11.307077429645558	40.0	0.0	-0.015340457431111358	-2.2020667938084366	0.03759201596254676	12.152999969617499	17.71799982282
600	9830400	10	2.0	1.9493588689617927	5.0	0.0	10	2.4	3.4985711369071804	12.0	0.0	-0.015831494498512965	-2.186765067051551	0.03670187610362498	10.83849997290375	15.478999845210001
604	9895936	10	2.5	2.4596747752497685	7.0	0.0	10	2.4	2.8	8.0	0.0	-0.014574811971819184	-2.1912477262519108	0.03876203127422482	11.464249971339376	9.424999905750003
608	9961472	10	2.0	3.1622776601683795	10.0	0.0	10	4.4	4.737087712930805	16.0	0.0	-0.014742299650889915	-2.176444651953164	0.0402547389925435	8.986249977534376	21.308999786910004
612	10027008	10	2.2	1.469693845669907	5.0	0.0	10	2.3	1.9000000000000001	7.0	0.0	-0.015052392645529239	-2.199731021890383	0.0367836086041162	10.303499974241252	5.249999947500001
616	10092544	10	3.0	3.4641016151377544	12.0	0.0	10	4.8	4.422668877499196	16.0	0.0	-0.01604672579635807	-2.21468810962416	0.03470221716393899	11.447249971381874	16.659999833400004
620	10158080	10	4.4	6.102458520956943	19.0	0.0	10	3.5	5.953990258641679	21.0	0.0	-0.01645861822251538	-2.2142389339882333	0.03492099368425783	11.70249997074375	14.226999857730002
624	10223616	10	2.1	2.3	6.0	0.0	10	2.9	2.7367864366808017	8.0	0.0	-0.01468808271206496	-2.224111638731544	0.03487427225749261	10.248249974379373	13.063999869360002
628	10289152	10	3.1	5.18555686498567	17.0	0.0	10	2.9	3.269556544854363	11.0	0.0	-0.015089096366505274	-2.186035342286803	0.03637364787679632	12.553749968615627	12.019999879800002
632	10354688	10	3.6	5.4258639865002145	18.0	0.0	10	7.9	11.536463929644993	40.0	0.0	-0.015691541812765965	-2.1838273056060165	0.03423212252899185	11.491249971271877	23.999999760000005
636	10420224	10	1.9	1.972308292331602	6.0	0.0	10	6.7	11.480853626799707	40.0	0.0	-0.01538956853459003	-2.175237116487731	0.03470062460233656	10.76849997307875	13.618999863810002
640	10485760	10	1.7	2.0999999999999996	6.0	0.0	10	3.7	2.0024984394500787	7.0	0.0	-0.015800349339943155	-2.1379929381368705	0.040277494889524174	12.058249969854375	11.754999882450003
644	10551296	10	1.3	1.5524174696260022	5.0	0.0	10	8.4	12.483589227461787	40.0	0.0	-0.015227136249076767	-2.088141458512388	0.04274149079517099	10.0969999747575	19.28699980713
648	10616832	10	8.4	11.706408501329518	40.0	0.0	10	7.2	11.124747188138704	40.0	0.0	-0.015833006583173548	-2.123760384596693	0.043876492840634496	11.376999971557503	26.893999731060003
652	10682368	10	0.6	1.2806248474865698	4.0	0.0	10	6.9	7.634788798650556	27.0	0.0	-0.015748749365408234	-2.1292077449726423	0.043555412010098875	11.342249971644375	19.085999809140002
656	10747904	10	3.4	4.1521078984053394	14.0	0.0	10	4.8	4.578209256903839	15.0	0.0	-0.015289609539573128	-2.122463211196108	0.04902510658792838	9.963749975090625	18.837999811620005
660	10813440	10	1.3	1.5524174696260025	5.0	0.0	10	4.7	4.405678154382138	15.0	0.0	-0.015324331088393773	-2.1144167257133	0.04604571215173528	10.744749973138125	11.090999889090002
664	10878976	10	5.6	11.706408501329518	40.0	0.0	10	3.2	3.3105890714493698	8.0	0.0	-0.014456711147744715	-2.1025199664429173	0.046732633563788956	10.3429999741425	27.244999727550006
668	10944512	10	1.6	1.9078784028338915	6.0	0.0	10	4.5	4.863126566315131	15.0	1.0	-0.014427499570060034	-2.0993316941259987	0.052453872393009374	9.63199997592	21.621999783780005
672	11010048	10	5.3	4.775981574503821	13.0	0.0	10	2.8	1.6	6.0	0.0	-0.015134514858436832	-2.153447155926818	0.047061457022158054	12.58399996854	14.861999851380002
676	11075584	10	2.4	3.2619012860600183	10.0	0.0	10	5.3	4.583666654546335	14.0	1.0	-0.015151257840987474	-2.1563652552901593	0.044837627089568406	9.028249977429375	15.074999849250002
680	11141120	10	5.3	4.495553358597804	12.0	0.0	10	12.9	14.895972610071489	40.0	0.0	-0.014476848633732452	-2.1464879162857176	0.044584969791285615	12.166249969584374	19.67899980321
684	11206656	10	5.9	9.115371632577578	28.0	0.0	10	7.0	11.445523142259598	40.0	0.0	-0.014988550487896636	-2.181059432299236	0.03990209274897696	12.148749969628126	30.874999691250004
688	11272192	10	5.8	11.435033887138246	40.0	1.0	10	3.4	5.0635955604688645	18.0	0.0	-0.014382487146897563	-2.1705795201385003	0.04166106770622881	11.13549997216125	25.542999744570004
692	11337728	10	3.9	4.504442251822083	13.0	0.0	10	2.7	2.0518284528683193	6.0	0.0	-0.01514429467436653	-2.125252723472467	0.04444570881627701	9.7029999757425	16.916999830830004
696	11403264	10	2.7	3.63455636907725	12.0	0.0	10	9.3	11.593532679903914	40.0	0.0	-0.01590755200914955	-2.135348016794614	0.040401719234711	11.116999972207502	21.67299978327
700	11468800	10	3.2	5.230678732248809	14.0	0.0	10	10.6	14.833745312630928	40.0	0.0	-0.013834750545128194	-2.131733469442995	0.044608828451804736	11.02799997243	29.125999708740007
704	11534336	10	2.6	2.764054992217051	9.0	0.0	10	6.9	4.657252408878008	14.0	0.0	-0.015058165448507391	-2.157817003402845	0.04445733129515082	10.920749972698125	17.4099998259
708	11599872	10	2.2	2.821347195933177	8.0	0.0	10	6.1	11.475626344561764	40.0	0.0	-0.015552343270324325	-2.161560363842392	0.05214873817206105	10.335749974160626	17.402999825970003
712	11665408	10	6.1	11.335342959081563	40.0	1.0	10	6.9	6.057227088363123	18.0	0.0	-0.014912411634479253	-2.1629624389342434	0.05085565589692309	11.570749971073125	26.123999738760002
716	11730944	10	4.6	5.9363288318623315	21.0	0.0	10	5.9	11.700000000000001	40.0	0.0	-0.012988730366346955	-2.123604386823698	0.046277000253545746	11.339499971651252	26.594999734050003
720	11796480	10	5.7	11.73072887761029	40.0	0.0	10	2.2	1.3266499161421599	4.0	0.0	-0.013993263325632126	-2.1321375193957777	0.04087148949776646	10.585749973535624	20.235999797640005
724	11862016	10	4.2	2.4	9.0	0.0	10	12.3	14.415616532080756	40.0	1.0	-0.013845216331065729	-2.1066985426138802	0.04604261139083363	12.532999968667502	14.917999850820001
728	11927552	10	3.3	4.148493702538308	12.0	0.0	10	6.3	6.885491994040803	19.0	0.0	-0.014885460449442505	-2.1122539463425816	0.04635323121816119	10.882249972794376	27.872999721270006
732	11993088	10	2.4	1.624807680927192	6.0	0.0	10	9.4	15.350570021989412	40.0	0.0	-0.013320330531442829	-2.1322062932217336	0.04139066533685711	11.728749970678127	18.035999819640004
736	12058624	10	3.7	4.050925820105819	14.0	0.0	10	1.8	2.6758176320519302	9.0	0.0	-0.013657218503584896	-2.1693411839728833	0.049105333392049796	12.704749968238126	9.82799990172
740	12124160	10	4.9	7.119691004531026	23.0	0.0	10	2.9	2.947880594596735	8.0	0.0	-0.014544418671904038	-2.180814849606479	0.04722396943536719	10.820249972949375	15.627999843720003
744	12189696	10	5.9	11.484337159801607	40.0	0.0	10	12.3	14.394790724425276	40.0	0.0	-0.014955299332499452	-2.1775948303656403	0.04244958405173578	12.927249967681874	22.958999770410003
748	12255232	10	2.3	1.9519221295943134	6.0	0.0	10	7.0	6.841052550594828	19.0	0.0	-0.014923782120262399	-2.1725403987091703	0.049969249011710626	11.156999972107501	23.201999767980006
752	12320768	10	2.8	4.308131845707603	14.0	0.0	10	5.7	3.874274125562103	13.0	1.0	-0.01468135288297936	-2.178522055120831	0.048961026239696705	10.30049997424875	14.692999853070003
756	12386304	10	6.0	11.497825881443848	40.0	0.0	10	4.3	4.1	15.0	0.0	-0.0143302109824545	-2.1724761821550125	0.05353182091906595	10.953499972616248	27.062999729370002
760	12451840	10	6.7	11.627983488120371	40.0	0.0	10	3.6	2.90516780926679	9.0	0.0	-0.015041055968695803	-2.1634092055491108	0.04897830029439355	10.186749974533125	18.51899981481
764	12517376	10	2.7	4.583666654546336	16.0	0.0	10	16.8	15.772127313713899	40.0	1.0	-0.014042793269610814	-2.1613137148552832	0.054283829943520746	12.403749968990624	24.351999756480005
768	12582912	10	3.2	2.749545416973504	8.0	0.0	10	8.4	11.368377192897851	40.0	0.0	-0.014326419039534048	-2.181398716838423	0.04841888334563415	10.023499974941249	23.104999768950005
772	12648448	10	4.0	4.381780460041329	13.0	0.0	10	13.2	15.03196593929084	40.0	2.0	-0.013840232513528623	-2.1760803111114315	0.04912939861215493	11.551249971121877	19.528999804710004
776	12713984	10	11.6	15.252540771950095	40.0	0.0	10	3.4	4.673328578219168	14.0	0.0	-0.014938281275095276	-2.1316867518191303	0.04037940001160245	11.860249970349376	33.34699966653001
780	12779520	10	3.6	3.6110940170535577	11.0	0.0	10	6.1	11.614215427655886	40.0	0.0	-0.013805778957629435	-2.12303780245521	0.0448220614685243	9.232249976919375	55.63099944369001
784	12845056	10	4.7	5.1000000000000005	16.0	0.0	10	3.9	3.645545226711637	9.0	0.0	-0.014807107611860167	-2.072120909673693	0.04458341312440742	10.1249999746875	16.528999834710003
788	12910592	10	6.7	11.773274820541648	40.0	0.0	10	6.3	5.933801479658719	19.0	0.0	-0.01371600203713485	-2.077306856495319	0.0454959757578665	10.10149997474625	28.839999711600004
792	12976128	10	10.8	11.21427661510095	40.0	0.0	10	8.0	10.981803130633876	40.0	0.0	-0.014501012067138766	-2.0837838871096563	0.04815296467357704	10.45249997386875	30.490999695090004
796	13041664	10	3.3	3.7429934544425802	10.0	0.0	10	10.7	15.133076356114772	40.0	0.0	-0.0150697089080562	-2.0878608472953952	0.04447560378585522	10.959499972601249	23.716999762830003
800	13107200	10	2.4	1.9078784028338913	6.0	0.0	10	11.6	15.23942256123899	40.0	0.0	-0.015096411631267046	-2.115633509832779	0.03805288901000953	12.557749968605625	22.201999777980006
804	13172736	10	4.9	5.48543526076099	17.0	0.0	10	7.3	11.77327482054165	40.0	0.0	-0.013747483119391715	-2.1262265739610284	0.03593608536771245	10.268749974328124	23.848999761510004
808	13238272	10	2.1	3.0479501308256345	11.0	0.0	10	5.1	2.5865034312755126	10.0	2.0	-0.012949532056624646	-2.0800036313949977	0.04225754529806497	12.3509999691225	11.470999885290002
812	13303808	10	15.8	16.998823488700623	40.0	0.0	10	7.2	11.214276615100948	40.0	0.0	-0.014841217718306808	-2.113483972627307	0.04076002894786596	9.2469999768825	27.027999729720005
816	13369344	10	4.8	4.853864439804639	16.0	0.0	10	12.1	14.528936643815333	40.0	0.0	-0.014231147432265124	-2.132808439211407	0.03962723543687516	12.1669999695825	21.65299978347
820	13434880	10	6.3	11.40219277156811	40.0	1.0	10	1.7	1.9519221295943134	7.0	0.0	-0.012910918093610186	-2.1578062124786155	0.04207916972565172	11.608249970979378	14.027999859720003
824	13500416	10	3.7	4.337049688440288	14.0	0.0	10	4.0	3.286335345030997	12.0	0.0	-0.013547016029814063	-2.1593848737811765	0.038558961159879265	9.694999975762501	39.412999605870006
828	13565952	10	2.5	6.2008063991709985	21.0	0.0	10	5.8	6.690291473471092	21.0	0.0	-0.014084477558196222	-2.1597166928386065	0.04093833418602228	10.844749972888126	17.733999822660003
832	13631488	10	3.2	4.853864439804639	14.0	0.0	10	9.1	11.449454135459908	40.0	0.0	-0.013246747848051639	-2.1858456877577277	0.04496773506511975	10.458499973853751	33.141999668580006
836	13697024	10	2.4	3.4698703145794942	12.0	0.0	10	4.6	4.6946778377222005	17.0	0.0	-0.013243602661365466	-2.2227161077329827	0.0405890801685181	9.343999976640001	14.613999853860003
840	13762560	10	3.4	3.168595903550972	9.0	0.0	10	5.2	4.578209256903839	13.0	0.0	-0.013773775595008484	-2.230103656417287	0.04447889742754255	9.76149997559625	41.01799958982001
844	13828096	10	5.8	4.4	12.0	0.0	10	9.7	12.578155667664475	40.0	0.0	-0.013009528955544724	-2.203397842515465	0.038749494352998154	8.41149997897125	38.12299961877
848	13893632	10	7.5	11.333578428722324	40.0	0.0	10	3.1	5.048762224545736	17.0	0.0	-0.01340726366088144	-2.257583088937675	0.03772399259803876	10.30399997424	18.360999816390002
852	13959168	10	10.9	15.029637387508723	40.0	0.0	10	7.6	11.208925015361643	40.0	0.0	-0.014213310618626669	-2.2146217597204245	0.03831981221047603	11.559249971101874	29.680999703190007
856	14024704	10	1.9	2.2561028345356955	8.0	0.0	10	4.2	2.4819347291981715	9.0	0.0	-0.014658176256175007	-2.182358237376971	0.04031343214414798	10.71199997322	6.362999936370001
860	14090240	10	8.7	15.678328992593567	40.0	0.0	10	6.1	11.536463929644992	40.0	0.0	-0.014336110103332777	-2.203250979154281	0.045742014146612185	12.4229999689425	66.50999933490002
864	14155776	10	7.8	11.813551540497887	40.0	0.0	10	1.9	2.1656407827707715	6.0	0.0	-0.013949962316839697	-2.182734295498454	0.04114771422423829	12.745249968136875	13.834999861650003
868	14221312	10	12.6	17.956614380222124	40.0	0.0	10	5.9	6.609841147864297	19.0	0.0	-0.013974075809285611	-2.1968683573302044	0.04305782781775798	9.82849997542875	27.791999722080007
872	14286848	10	7.2	12.929037087115189	40.0	0.0	10	6.1	4.6141087980237305	13.0	0.0	-0.015073342700761968	-2.1792115318491985	0.04074840208401503	10.220749974448124	21.239999787600002
876	14352384	10	6.3	11.756274920228773	40.0	0.0	10	12.5	10.538026380684384	40.0	0.0	-0.015212943957756235	-2.1612636991077414	0.05056639007386836	11.74799997063	24.506999754930007
880	14417920	10	3.8	3.3704599092705436	11.0	0.0	10	17.9	18.0911580613293	40.0	1.0	-0.014386077116510623	-2.0982687570452496	0.048863377145368654	12.084749969788128	21.081999789180003
884	14483456	10	3.3	2.9342801502242417	9.0	0.0	10	1.6	2.0099751242241783	6.0	0.0	-0.01257216329991941	-2.131329923646166	0.046275101442036726	10.167749974580625	9.582999904170002
888	14548992	10	3.2	4.069397989875162	13.0	0.0	10	2.9	4.346262762420146	14.0	0.0	-0.014404634322712386	-2.126941506839766	0.047398150039866506	12.109749969725625	16.463999835360003
892	14614528	10	6.8	12.039933554633931	40.0	0.0	10	9.2	10.85172797300043	40.0	0.0	-0.012448548444724629	-2.1071665259987586	0.047958116430139766	9.226249976934376	36.13799963862
896	14680064	10	6.6	11.85073837362044	41.0	0.0	10	3.6	4.317406628984581	12.0	0.0	-0.014209131531702883	-2.128919325547185	0.05078423519400247	8.50249997874375	34.033999659660005
900	14745600	10	3.4	3.7469987990390385	10.0	0.0	10	10.6	14.961283367412035	40.0	0.0	-0.013668503230080974	-2.112677655894031	0.046039427975053504	10.5669999735825	38.69499961305001
904	14811136	10	8.4	11.42103322821539	40.0	1.0	10	8.0	11.687600266949584	40.0	0.0	-0.012571157625546699	-2.177173591923422	0.050268891999539156	8.441499978896251	27.032999729670006
908	14876672	10	2.0	2.0	6.0	0.0	10	12.8	14.441606558828557	40.0	0.0	-0.01417571266184473	-2.161030898266434	0.04804925635577407	11.571749971070624	15.912999840870002
912	14942208	10	3.6	4.409081537009721	14.0	0.0	10	7.1	11.299999999999999	40.0	0.0	-0.01421451646308194	-2.149901265675392	0.04275506697537805	10.51199997372	26.309999736900004
916	15007744	10	4.3	6.388270501473774	21.0	0.0	10	11.8	12.319090875547595	40.0	0.0	-0.014594487252599528	-2.159068229072894	0.04011006214393343	11.19749997200625	48.74899951251001
920	15073280	10	5.9	11.51911454930456	40.0	0.0	10	9.8	12.319090875547595	40.0	0.0	-0.013846797437885553	-2.1509864725415433	0.04516596754076729	10.276749974308125	37.18099962819
924	15138816	10	10.1	13.72188033762137	40.0	0.0	10	9.3	11.798728745080973	40.0	0.0	-0.014007633181847574	-2.170449549727054	0.043903253541100924	9.602249975994376	30.172999698270004
928	15204352	10	8.4	11.808471535300411	40.0	0.0	10	16.0	16.44992401198255	40.0	0.0	-0.014633341057855439	-2.1600027578805956	0.044453153653717284	9.6509999758725	36.764999632350005
932	15269888	10	7.8	11.2942463227964	40.0	0.0	10	6.0	5.458937625582473	19.0	1.0	-0.013368921568873844	-2.228355447219153	0.05285384233800855	9.920499975198751	15.931999840680003
936	15335424	10	4.7	5.330103188494572	19.0	0.0	10	6.7	7.457211275000863	21.0	0.0	-0.01439792584856238	-2.1775077653643207	0.04755669560098481	12.035499969911251	25.104999748950004
940	15400960	10	7.3	11.428473213863697	40.0	0.0	10	11.2	15.058552387264852	40.0	0.0	-0.012856811693558614	-2.1951749297676675	0.046287720552480593	9.667249975831876	46.533999534660005
944	15466496	10	3.1	3.269556544854363	12.0	0.0	10	4.3	5.139066063011839	16.0	0.0	-0.014759636219401916	-2.194359334578022	0.03585756709425654	10.198249974504375	13.225999867740002
948	15532032	10	4.3	4.8999999999999995	18.0	0.0	10	12.4	11.16422858956229	40.0	2.0	-0.014495577651971979	-2.1619016724559743	0.036909051352061135	12.153499969616249	21.288999787110004
952	15597568	10	3.5	3.0083217912982647	11.0	1.0	10	7.4	11.53429668423697	40.0	0.0	-0.014261951734048619	-2.1490257007625284	0.03820071386473935	10.18849997452875	19.859999801400004
956	15663104	10	10.7	15.843295111813072	40.0	0.0	10	7.8	11.608617488745162	40.0	0.0	-0.013729018031663976	-2.159906811787205	0.04102608239006062	12.157249969606875	28.863999711360005
960	15728640	10	8.8	11.948221624995076	40.0	0.0	10	8.8	11.364858116140297	40.0	0.0	-0.013901845562705711	-2.1831579280605706	0.043305917463876596	12.153749969615626	21.969999780300004
964	15794176	10	3.6	4.862098312457287	15.0	0.0	10	10.5	15.318289721767245	40.0	0.0	-0.013783402640081493	-2.1870680126256437	0.035517011222144734	10.783249973041876	47.75699952243001
968	15859712	10	8.0	11.3754120804479	40.0	0.0	10	15.1	16.849035580709064	40.0	0.0	-0.01368110292341929	-2.160069030794998	0.03668150303425631	11.5599999711	34.441999655580005
972	15925248	10	4.3	4.148493702538308	11.0	0.0	10	3.0	3.286335345030997	10.0	0.0	-0.014073038292785755	-2.187907519211949	0.03546077255178284	10.754249973114375	19.356999806430004
976	15990784	10	6.5	6.902897942168926	20.0	0.0	10	10.7	12.418131904598212	40.0	0.0	-0.014554461933281686	-2.2050024765419844	0.03699320569869973	12.164999969587502	18.117999818820003
980	16056320	10	3.4	5.219195340279955	17.0	0.0	10	8.0	7.042726744663604	21.0	0.0	-0.013400405852552059	-2.227170797453785	0.03491603580793493	10.651999973370001	20.537999794620003
984	16121856	10	3.8	6.3529520697074355	22.0	0.0	10	10.3	12.791012469699183	40.0	0.0	-0.014186680172353435	-2.1502380045995424	0.039351095383147384	9.57049997607375	24.557999754420003
988	16187392	10	5.3	8.866228059327145	29.0	0.0	10	11.5	13.595955280891445	40.0	0.0	-0.01229413142930321	-2.1645263033837407	0.04980567694743722	11.654499970863752	25.456999745430004
992	16252928	10	1.6	2.3323807579381204	8.0	0.0	10	7.8	11.435033887138246	40.0	0.0	-0.01351689512477473	-2.1576094004251143	0.04551831038660264	11.838749970403125	14.933999850660001
996	16318464	10	10.4	14.974645237867906	40.0	0.0	10	8.6	11.297787393998881	40.0	0.0	-0.012648338067463573	-2.1667764308778414	0.041544622310455866	11.446749971383127	37.854999621450006
1000	16384000	10	2.4	3.168595903550972	10.0	0.0	10	8.6	11.842297074469968	40.0	0.0	-0.012732581961737837	-2.182872903616338	0.04117678836878493	10.854749972863125	24.298999757010005
1004	16449536	10	5.0	3.9749213828703582	13.0	2.0	10	2.0	2.0976176963403033	5.0	0.0	-0.013098229480571256	-2.197536267111273	0.037182990224884034	9.000999977497502	18.839999811600002
1008	16515072	10	8.1	11.844407963254222	40.0	0.0	10	12.6	14.402777509911065	40.0	1.0	-0.0138936990949715	-2.161050160500802	0.037160509824762426	10.130749974673126	35.64499964355001
1012	16580608	10	6.9	11.175419455215094	40.0	0.0	10	7.4	7.964923100695952	25.0	0.0	-0.014144837544378445	-2.1222312150175053	0.03898950739512756	9.703249975741876	34.052999659470004
1016	16646144	10	2.2	2.227105745132009	7.0	0.0	10	9.0	11.738824472663351	40.0	0.0	-0.014225330604892773	-2.1400083549575046	0.04161527655430021	10.502499973743749	18.82799981172
1020	16711680	10	4.8	3.7629775444453557	11.0	0.0	10	21.4	16.3902409988383	40.0	1.0	-0.015089456225667557	-2.108327706435249	0.04025028001408224	12.016749969958124	22.454999775450002
1024	16777216	10	1.1	1.044030650891055	3.0	0.0	10	14.4	17.292773056973832	41.0	0.0	-0.012370539250620372	-2.0978708314697165	0.047063012641298356	10.108999974727501	69.30999930690001
1028	16842752	10	6.7	12.562245022288014	40.0	0.0	10	3.9	2.9478805945967346	10.0	0.0	-0.013985772181572284	-2.099140122314184	0.04598808590775012	10.3489999741275	24.249999757500003
1032	16908288	10	5.1	3.961060464067672	12.0	0.0	10	10.4	15.067846561469889	40.0	0.0	-0.01385886055602839	-2.1067766122808935	0.043860605253615355	10.18049997454875	27.337999726620005
1036	16973824	10	3.9	2.7367864366808012	8.0	0.0	10	15.9	16.250846131817262	40.0	1.0	-0.014159248155657805	-2.129115432279056	0.044991828612953186	10.49999997375	31.913999680860005
1040	17039360	10	2.4	3.0724582991474434	10.0	0.0	10	11.5	13.514806694880988	40.0	0.0	-0.014116114593328571	-2.1254694136749985	0.04740049373252784	10.995249972511873	23.973999760260003
1044	17104896	10	7.5	11.681181447096865	40.0	0.0	10	5.5	11.621101496846158	40.0	0.0	-0.01390097699284029	-2.173035795263589	0.046763872936308584	9.102749977243125	51.54499948455001
1048	17170432	10	4.5	4.964876634922564	17.0	0.0	10	6.0	11.593101396951552	40.0	0.0	-0.013350514225571045	-2.1354684827487467	0.04898584827580895	11.52349997119125	15.628999843710002
1052	17235968	10	3.2	2.6758176320519307	9.0	0.0	10	15.4	16.243152403397563	40.0	0.0	-0.01451799790660263	-2.122771789409132	0.04677165834677282	13.500499966248752	17.822999821770004
1056	17301504	10	4.8	5.035871324805668	16.0	0.0	10	7.7	11.126994203287785	40.0	0.0	-0.013602763000661714	-2.1410924069836637	0.04908560293525755	11.558499971103751	21.20499978795
1060	17367040	10	4.9	5.146843692983109	18.0	1.0	10	7.0	6.0	23.0	2.0	-0.01393680907349679	-2.1564134307442937	0.041140008073205656	10.21049997447375	25.322999746770005
1064	17432576	10	4.6	5.351635264103861	17.0	0.0	10	5.9	11.50173899895142	40.0	0.0	-0.013846114458296296	-2.145182867621443	0.04537105559830119	11.541749971145626	22.784999772150005
1068	17498112	10	2.0	2.569046515733026	7.0	0.0	10	8.7	11.278741064498288	40.0	0.0	-0.012764149361105188	-2.1682593571867956	0.0451803767308096	12.93449996766375	16.211999837880004
1072	17563648	10	2.1	2.9137604568666933	9.0	0.0	10	11.8	15.69585932658674	40.0	0.0	-0.014730460557056676	-2.1644164470563774	0.04629675973655823	12.354749969113126	21.467999785320004
1076	17629184	10	3.5	5.200961449578338	17.0	0.0	10	3.1	2.808914381037628	8.0	0.0	-0.013714824862377894	-2.1905405643287352	0.04753065469645316	8.487249978781875	11.448999885510002
1080	17694720	10	3.0	3.521363372331802	11.0	0.0	10	7.8	5.99666574022598	24.0	3.0	-0.01366634524289847	-2.211990254390295	0.038801080329803284	12.762999968092501	14.520999854790004
1084	17760256	10	8.9	12.13630915888352	40.0	0.0	10	17.0	16.881943016134134	40.0	0.0	-0.013462115875692219	-2.2145449218827364	0.039736454720194964	12.429999968925	27.055999729440007
1088	17825792	10	10.4	15.24598307751914	40.0	0.0	10	8.4	4.882622246293481	15.0	0.0	-0.011234853289394393	-2.2115390819987684	0.0439809486806214	10.643249973391875	22.36799977632
1092	17891328	10	7.3	11.541663658242689	40.0	0.0	10	6.0	11.541230437002806	40.0	0.0	-0.012508001373650974	-2.1786026853040426	0.046742893246100495	12.345999969135	25.866999741330005
1096	17956864	10	13.5	17.794662120984484	41.0	0.0	10	17.6	16.52392205258788	41.0	0.0	-0.013251057380768837	-2.175220759979796	0.047858767594503006	9.685499975786252	32.27299967727001
1100	18022400	10	3.0	2.32379000772445	8.0	1.0	10	11.0	14.892951352905172	40.0	1.0	-0.013584517358240917	-2.1583357997473893	0.0440367684886554	10.33149997417125	18.642999813570004
1104	18087936	10	5.2	6.063002556489648	21.0	0.0	10	9.8	15.276125163142648	40.0	0.0	-0.012739259578551603	-2.1572924105065976	0.05241188938028287	12.697499968256253	18.406999815930003
1108	18153472	10	4.6	4.029888335921977	12.0	0.0	10	8.6	10.947145746723207	40.0	1.0	-0.012973778639674565	-2.1450782316675503	0.05253012609741769	10.175999974560002	21.038999789610006
1112	18219008	10	3.9	4.928488612140643	17.0	0.0	10	15.0	16.673332000533065	40.0	0.0	-0.01376358940229416	-2.1594431571896533	0.04592628376856126	12.236999969407501	20.780999792190002
1116	18284544	10	6.7	11.550324670761423	40.0	0.0	10	6.8	9.81631295344642	29.0	0.0	-0.012566805951695665	-2.178666668406675	0.04763000027246091	10.669249973326876	29.562999704370004
1120	18350080	10	1.9	1.6401219466856727	5.0	0.0	10	8.9	11.527792503337317	40.0	0.0	-0.013114591869905736	-2.1376004291334314	0.042362412452786394	9.720249975699375	17.271999827280002
1124	18415616	10	2.8	2.9933259094191533	8.0	0.0	10	7.9	11.785160160133593	41.0	0.0	-0.012804468698232211	-2.1792690701996156	0.046817941042995234	11.558749971103126	13.553999864460003
1128	18481152	10	5.0	3.492849839314596	12.0	0.0	10	12.5	14.657762448614045	40.0	0.0	-0.01342630058915855	-2.205069941549283	0.05526105798981384	10.412749973968124	21.66499978335
1132	18546688	10	10.0	15.251229458637097	40.0	0.0	10	10.8	12.843675486401859	40.0	0.0	-0.013297349547862741	-2.1812129688971074	0.04763215007540375	12.13199996967	26.251999737480002
1136	18612224	10	9.7	15.330035877322661	40.0	0.0	10	6.6	6.102458520956943	22.0	0.0	-0.014125729150432996	-2.1831396766216367	0.04452526859940954	12.732749968168125	23.21099976789
1140	18677760	10	8.9	11.308846094982458	40.0	0.0	10	7.2	6.997142273814361	23.0	0.0	-0.014038178265514494	-2.171733180455642	0.038265450970009045	11.82249997044375	23.937999760620002
1144	18743296	10	6.8	8.23164625090267	26.0	0.0	10	15.2	16.815469068687914	40.0	0.0	-0.013722164698048527	-2.19053404755424	0.03752536918033801	12.39049996902375	24.428999755710002
1148	18808832	10	3.2	3.2186953878862163	9.0	0.0	10	7.8	11.05260150371848	40.0	0.0	-0.014557000146244491	-2.211861011652221	0.0417528740707754	10.411249973971875	14.173999858260002
1152	18874368	10	3.9	6.7	23.0	0.0	10	11.3	10.479026672358458	40.0	2.0	-0.012991877370809871	-2.222852341599183	0.0408482222076796	12.936749967658125	18.005999819940005
1156	18939904	10	2.5	2.3769728648009427	6.0	0.0	10	18.3	15.735628363684752	40.0	0.0	-0.012422031091085901	-2.261684325598523	0.0408488708544502	10.832249972919376	16.622999833770002
1160	19005440	10	3.9	3.6999999999999997	12.0	0.0	10	10.0	11.636150566231086	40.0	0.0	-0.013653538651642119	-2.2967033383838067	0.041169050591589866	13.588999966027501	12.892999871070003
1164	19070976	10	9.8	11.998333217576514	40.0	0.0	10	8.8	8.207313811473277	29.0	0.0	-0.014225537176605376	-2.3160926821402112	0.03820568291693314	10.491749973770625	25.720999742790003
1168	19136512	10	8.0	12.657013865837392	40.0	0.0	10	2.5	2.6172504656604803	8.0	0.0	-0.01346949570972717	-2.265872212511704	0.03890879965990917	9.25449997686375	16.645999833540003
1172	19202048	10	9.6	15.38310761842353	40.0	0.0	10	6.5	11.664047325006875	40.0	0.0	-0.012116913137966142	-2.234450114037296	0.038125976217664476	11.355499971611252	24.971999750280006
1176	19267584	10	8.3	10.03045362882457	28.0	0.0	10	16.9	16.002812252851058	41.0	1.0	-0.012988889734071881	-2.221393545237253	0.041079299326121824	9.713249975716876	32.800999671990006
1180	19333120	10	7.6	11.689311356961968	40.0	0.0	10	6.7	9.726767191621274	27.0	0.0	-0.01314996465573789	-2.2384224879396797	0.04029817319986664	10.469249973826875	19.55199980448
1184	19398656	10	6.2	11.643023662262308	40.0	0.0	10	14.7	16.805058762170393	40.0	0.0	-0.013792245181703347	-2.217379040785125	0.04009654306544172	12.714499968213747	32.27899967721001
1188	19464192	10	3.5	6.296824596572466	21.0	0.0	10	6.4	6.437390775772433	22.0	0.0	-0.014240617109288893	-2.219687235620865	0.03851760754659015	11.688999970777498	25.223999747760004
1192	19529728	10	7.6	11.447270417003347	40.0	0.0	10	14.1	13.64148085803004	40.0	1.0	-0.013454722317988548	-2.192005621661893	0.04265754572447591	8.95049997762375	34.90099965099001
1196	19595264	10	10.5	11.5	40.0	0.0	10	5.7	6.1	19.0	0.0	-0.011483806807535133	-2.2000422698947872	0.04270423952200476	9.033999977415	35.26999964730001
1200	19660800	10	4.9	5.940538696111658	20.0	0.0	10	20.4	13.313151392514095	40.0	3.0	-0.013034229682041001	-2.213730454214288	0.036382381994523136	10.263749974340625	27.303999726960004
1204	19726336	10	5.6	6.499230723708768	21.0	0.0	10	10.1	9.761659694949419	26.0	1.0	-0.012256064569794898	-2.2082015124643375	0.03731713160328518	10.340249974149375	30.268999697310004
1208	19791872	10	11.8	14.613692209705253	40.0	0.0	10	14.3	14.000357138301867	40.0	0.0	-0.013162503171611932	-2.205219708153373	0.038334033991252764	9.292249976769375	36.424999635750005
1212	19857408	10	6.9	12.477579893553076	40.0	0.0	10	15.1	17.207265907168402	41.0	0.0	-0.013655577309481783	-2.2265873126849782	0.03931611739077533	9.658249975854377	25.706999742930005
1216	19922944	10	6.9	6.7889616289974715	18.0	0.0	10	11.0	14.812157169028419	40.0	1.0	-0.01380392057861688	-2.2358275103226863	0.03591121940421878	11.681999970795	26.058999739410005
1220	19988480	10	10.9	12.676355943251199	40.0	0.0	10	8.7	11.225417586887358	40.0	0.0	-0.012825897083407064	-2.252881367766627	0.03399382973667034	10.261249974346876	28.453999715460004
1224	20054016	10	15.7	16.787197502859136	40.0	0.0	10	14.2	17.12191578065959	40.0	0.0	-0.013124759272459525	-2.221733905143573	0.03378713373130899	9.227499976931249	41.053999589460005
1228	20119552	10	12.6	14.793241700181877	40.0	0.0	10	16.0	16.90562036720333	40.0	0.0	-0.013129648954869687	-2.212438635297625	0.0360215666161891	9.666749975833124	38.341999616580004
1232	20185088	10	7.7	11.619380362136354	40.0	0.0	10	13.7	17.32656919300529	40.0	0.0	-0.013501416664852193	-2.1798741939380006	0.03177417818281127	10.898749972753125	34.71499965285001
1236	20250624	10	10.3	15.03362896974646	40.0	0.0	10	14.7	16.917742166140254	41.0	0.0	-0.012777380675473288	-2.157043690258083	0.032313085759262714	10.317249974206876	33.79299966207
1240	20316160	10	15.2	16.648123017325407	40.0	0.0	10	5.9	11.475626344561764	40.0	0.0	-0.01359659716136722	-2.197050918906552	0.035282665782347664	11.553249971116875	28.339999716600005
1244	20381696	10	12.6	17.962182495454165	40.0	0.0	10	13.0	14.44299137990465	40.0	0.0	-0.013228093914056705	-2.212461158402767	0.03382329487199919	11.664499970838751	35.738999642610004
1248	20447232	10	13.2	14.715977711317723	40.0	0.0	10	19.9	16.789580101956094	40.0	1.0	-0.0135710890303432	-2.172165654373399	0.038754225995545656	11.869249970326875	32.98099967019001
1252	20512768	10	7.2	11.496086290559932	40.0	0.0	10	18.4	17.839282496782204	40.0	0.0	-0.012420281601629668	-2.148225307240826	0.04252286778785651	8.900249977749375	41.83799958162001
1256	20578304	10	2.8	2.821347195933177	8.0	0.0	10	7.8	11.513470371699404	40.0	0.0	-0.01321724944241656	-2.169491283369573	0.042759669493931105	10.00849997497875	25.270999747290006
1260	20643840	10	5.6	4.882622246293481	15.0	1.0	10	4.8	6.80881781221968	24.0	0.0	-0.01335826819419712	-2.1514130679512102	0.04604345726456194	11.243249971891874	23.188999768110005
1264	20709376	10	5.7	11.722201158485552	40.0	0.0	10	10.4	15.014659503298768	40.0	0.0	-0.013356790564833815	-2.152670231733994	0.04317662538510819	11.569499971076247	30.422999695770002
1268	20774912	10	10.5	12.854960132182441	40.0	0.0	10	9.6	10.809255293497328	40.0	1.0	-0.012222332684602235	-2.1508999439820267	0.042730749929529285	10.0709999748225	30.714999692850004
1272	20840448	10	8.1	8.312039460926542	27.0	0.0	10	7.7	8.36719785830358	23.0	0.0	-0.012853368207162206	-2.1739619173328513	0.03968854011399135	12.673499968316252	26.666999733330005
1276	20905984	10	14.5	14.186260959111108	40.0	0.0	10	14.9	14.003213916812097	40.0	0.0	-0.013823616627405572	-2.196192775934649	0.041013207398739406	12.333999969165	26.499999735000003
1280	20971520	10	17.4	15.938632312717425	40.0	2.0	10	13.4	14.263239463740348	40.0	0.0	-0.013514888648495592	-2.199463469057649	0.03927568052874296	11.905999970235	25.548999744510002
1284	21037056	10	3.2	5.6000000000000005	19.0	0.0	10	13.2	13.818827736099758	40.0	1.0	-0.012484344158932317	-2.2037578520863446	0.039276463712820474	10.852749972868125	30.692999693070007
1288	21102592	10	13.7	14.464093473149292	40.0	0.0	10	12.1	15.352198539622917	40.0	0.0	-0.012974280343630523	-2.1701913324718065	0.03712731230772477	9.080999977297502	40.33599959664001
1292	21168128	10	1.9	2.071231517720798	6.0	0.0	10	9.2	11.702991070662236	40.0	0.0	-0.013861267993354371	-2.1805735724879804	0.04395470748352857	9.2849999767875	21.219999787800003
1296	21233664	10	2.6	3.7202150475476548	12.0	0.0	10	9.0	12.891857895586655	40.0	0.0	-0.012104903510238359	-2.181926888496884	0.04506101340439792	10.90649997273375	13.973999860260003
1300	21299200	10	18.4	17.85609139761555	40.0	0.0	10	16.7	17.0061753489725	41.0	0.0	-0.011195728903401436	-2.202245317170101	0.044530341009006554	11.5189999712025	32.04199967958001
1304	21364736	10	9.4	13.032267646115928	41.0	0.0	10	10.2	15.347964034359737	40.0	0.0	-0.012871565948316056	-2.230311870342627	0.04231937836492433	9.716249975709374	37.55099962449001
1308	21430272	10	16.8	16.922174801130023	40.0	0.0	10	13.8	15.347964034359737	40.0	0.0	-0.012306728140711565	-2.2129160163481623	0.045490940911613334	9.5289999761775	35.87699964123001
1312	21495808	10	5.0	4.604345773288535	15.0	0.0	10	9.5	11.351211389098522	40.0	1.0	-0.012644971464898607	-2.1966689698593442	0.043391922173847776	9.708249975729375	26.551999734480003
1316	21561344	10	1.8	1.9899748742132402	5.0	0.0	10	8.7	11.384638773364749	40.0	0.0	-0.012340714649253568	-2.178327878089334	0.043355649022215434	10.568749973578125	20.90599979094
1320	21626880	10	13.2	15.84171707865028	40.0	0.0	10	11.6	15.087743370033838	40.0	1.0	-0.013039682146433309	-2.15745249864834	0.04644836783701383	9.853249975366875	38.80699961193001
1324	21692416	10	11.6	14.961283367412035	40.0	0.0	10	18.9	17.50114281982751	40.0	0.0	-0.012668797846844436	-2.13993568199437	0.044849398774079674	9.657999975854999	38.619999613800005
1328	21757952	10	1.9	2.947880594596735	10.0	0.0	10	19.2	17.948816116947658	40.0	1.0	-0.012658392829704889	-2.137468673066169	0.040653949851436784	10.20649997448375	23.032999769670006
1332	21823488	10	6.3	11.515641536623136	40.0	0.0	10	13.6	14.35409349279849	40.0	0.0	-0.012877962941145949	-2.1406163769717415	0.04037817662238805	11.85999997035	27.040999729590006
1336	21889024	10	8.1	11.211155159036911	40.0	0.0	10	12.4	14.402777509911068	40.0	0.0	-0.013622326040094595	-2.134734362141447	0.03990204435900819	12.264499969338752	23.593999764060005
1340	21954560	10	4.9	4.7	16.0	0.0	10	14.1	15.168717810019409	40.0	0.0	-0.01255729907391328	-2.1387430253383877	0.044096957693560514	11.03849997240375	30.202999697970004
1344	22020096	10	6.8	11.496086290559932	40.0	0.0	10	8.6	11.49956520917204	40.0	0.0	-0.013242610190430505	-2.1106823134210493	0.039364980975877276	10.595249973511875	26.172999738270004
1348	22085632	10	15.2	17.330897264711943	40.0	0.0	10	15.0	17.0	40.0	0.0	-0.013402000536308788	-2.1155765253088528	0.043559571568352426	11.877999970305	39.21199960788001
1352	22151168	10	5.1	4.437341546466758	15.0	0.0	10	7.9	11.536463929644992	40.0	0.0	-0.013447689269432706	-2.123637869732897	0.040121022239028664	11.438499971403752	24.552999754470004
1356	22216704	10	10.5	15.00166657408436	40.0	0.0	10	11.4	11.385956261992227	40.0	3.0	-0.01405397412696132	-2.1388374937332935	0.03781856545629296	11.7689999705775	26.026999739730005
1360	22282240	10	6.9	11.291146974510607	40.0	0.0	10	13.1	15.552813250341561	40.0	0.0	-0.014053310329221651	-2.131774939374593	0.03884794593694458	11.106249972234375	32.756999672430005
1364	22347776	10	7.8	8.034923770640267	23.0	0.0	10	7.2	11.347246362003427	40.0	0.0	-0.013162921348787146	-2.124835890806908	0.03842440662350099	11.1529999721175	28.963999710360003
1368	22413312	10	8.7	11.49826073804208	40.0	0.0	10	8.0	11.392980294900891	40.0	0.0	-0.012286592969691009	-2.1690416979517133	0.037751603964664246	10.000999974997502	28.348999716510004
1372	22478848	10	7.7	12.609916732476863	40.0	0.0	10	14.8	14.524462124292244	40.0	0.0	-0.012062407249036485	-2.202656951813931	0.04231608059049307	11.383249971541876	23.842999761570002
1376	22544384	10	4.7	6.0835844697020525	17.0	0.0	10	17.8	15.848028268526026	41.0	1.0	-0.012042872582200319	-2.1896974814637438	0.04082538635277539	12.52249996869375	24.006999759930004
1380	22609920	10	10.1	15.539948519863248	41.0	0.0	10	8.8	11.651609330903607	40.0	0.0	-0.01229149125592105	-2.1940038673777797	0.041414280417717886	12.368749969078124	29.257999707420005
1384	22675456	10	9.3	11.841030360572512	40.0	0.0	10	11.9	15.016324450410629	40.0	0.0	-0.013113702112451745	-2.195939751734077	0.034799140020684446	10.8329999729175	30.363999696360004
1388	22740992	10	13.6	14.2	40.0	0.0	10	14.0	14.198591479439079	40.0	0.0	-0.01329569154387222	-2.213958151407887	0.039700466766698514	10.180749974548124	40.04399959956
1392	22806528	10	10.9	15.022982393652732	40.0	0.0	10	5.2	6.368673331236264	22.0	0.0	-0.013239092716033785	-2.203606026638483	0.03472699053844671	8.57949997855125	41.86899958131001
1396	22872064	10	4.8	4.308131845707603	15.0	0.0	10	11.4	11.568923891183655	40.0	2.0	-0.01302059097467953	-2.2092236675504306	0.03982276187717222	8.940999977647499	35.13099964869001
1400	22937600	10	11.9	14.369759914487092	40.0	0.0	10	23.1	15.332644912082195	41.0	0.0	-0.013098303397024651	-2.2220881504485974	0.037457065711087076	9.629749975925627	39.11699960883001
1404	23003136	10	8.7	11.216505694733987	40.0	0.0	10	12.5	14.867750334196495	40.0	0.0	-0.01274970218813882	-2.216186207798735	0.036227263719881615	11.029249972426875	25.541999744580007
1408	23068672	10	4.1	4.2059481689626175	16.0	1.0	10	9.3	12.000416659433123	40.0	0.0	-0.013085384990064355	-2.1924022930563587	0.033658239016839044	11.508749971228125	21.21399978786
1412	23134208	10	2.8	3.3105890714493693	12.0	0.0	10	14.3	17.059015211904818	40.0	0.0	-0.013053488569468407	-2.192822654813593	0.03667580512513519	12.522749968693123	19.83899980161
1416	23199744	10	9.5	13.67662239004938	40.0	0.0	10	13.9	14.67957765060017	40.0	1.0	-0.013229635181370616	-2.232745222514748	0.03505754577174057	9.284249976789376	40.541999594580005
1420	23265280	10	5.4	5.589275444992849	18.0	0.0	10	15.4	16.829735589129143	40.0	0.0	-0.012553238609351786	-2.231768804059408	0.035688253348701016	10.9999999725	23.096999769030006
1424	23330816	10	6.5	6.682065548915245	21.0	0.0	10	18.1	18.190382074052213	40.0	0.0	-0.013027280019597388	-2.242591611807393	0.039141240079380066	12.2409999693975	23.89099976109
1428	23396352	10	15.4	14.00142849854971	40.0	0.0	10	13.5	14.541320435228707	40.0	0.0	-0.012853924358321644	-2.221396277116805	0.03665660715202493	12.915249967711874	22.932999770670005
1432	23461888	10	7.8	11.711532777565882	40.0	0.0	10	7.9	11.15750868249718	40.0	1.0	-0.012579844106366362	-2.217807193366136	0.03617658005883332	12.268249969329375	29.104999708950004
1436	23527424	10	6.2	7.011419257183241	23.0	0.0	10	16.0	13.813037319865606	40.0	0.0	-0.013025080233251057	-2.227222859627464	0.030935459670027025	11.168249972079376	34.49399965506001
1440	23592960	10	7.6	11.60344776348823	40.0	0.0	10	21.2	18.835073665903195	40.0	0.0	-0.011549999927723379	-2.2364415052190343	0.033034552350924486	9.6769999758075	39.665999603340005
1444	23658496	10	3.0	3.847076812334269	12.0	0.0	10	16.2	16.023732399163436	40.0	0.0	-0.011324234562716513	-2.215334603953069	0.032329320574381724	10.28749997428125	24.144999758550004
1448	23724032	10	5.2	4.770744176750625	17.0	0.0	10	11.1	15.096025967121282	40.0	0.0	-0.012733721820533514	-2.2125731232444394	0.030375597083415723	9.9289999751775	28.345999716540003
1452	23789568	10	12.0	14.979986648859205	40.0	0.0	10	7.3	11.090987332063815	40.0	1.0	-0.012133249975350143	-2.1864275930034482	0.03370867962209795	9.633499975916251	29.884999701150008
1456	23855104	10	11.4	13.610290224679268	40.0	0.0	10	4.4	6.452906321960672	22.0	0.0	-0.012563847631003558	-2.2065341693844673	0.029886781506542007	11.022749972443128	22.592999774070005
1460	23920640	10	13.4	11.191067866830224	40.0	3.0	10	17.4	16.590358645912392	40.0	0.0	-0.011834417233310803	-2.21328738805445	0.03559940098414036	11.002749972493126	36.86099963139
1464	23986176	10	11.6	12.84678948220138	40.0	0.0	10	16.5	15.660459763365825	40.0	1.0	-0.011095271322176416	-2.248384857936938	0.035038966468455536	9.056749977358127	28.288999717110006
1468	24051712	10	2.0	1.2649110640673518	4.0	0.0	10	11.5	15.10132444522665	40.0	0.0	-0.012255380120462202	-2.2836029701039657	0.03260047632550855	10.795999973010002	18.02499981975
1472	24117248	10	6.0	5.585696017507576	19.0	0.0	10	17.2	15.954936540143304	40.0	0.0	-0.010559363083415468	-2.2504588487386923	0.033792452068273325	12.574749968563125	15.755999842440003
1476	24182784	10	3.2	2.891366458960192	9.0	0.0	10	12.0	14.886235252742717	40.0	0.0	-0.01193790883186562	-2.2327858977177493	0.0334516321856142	12.789749968025626	18.788999812110003
1480	24248320	10	16.1	16.597891432347666	40.0	0.0	10	23.2	16.868906307167634	40.0	3.0	-0.01265948038649192	-2.264568701150559	0.034489523305379854	10.21049997447375	30.047999699520002
1484	24313856	10	14.2	14.23938200906205	40.0	0.0	10	4.0	4.878524367060187	17.0	0.0	-0.011605620053163977	-2.2744544891133964	0.03503161852736812	9.01949997745125	23.346999766530004
1488	24379392	10	7.6	8.368990381163071	25.0	0.0	10	5.6	6.135144660071187	20.0	0.0	-0.011605716175840008	-2.277937384705882	0.03525726229050806	11.5349999711625	22.341999776580003
1492	24444928	10	7.9	13.057181931795238	40.0	0.0	10	9.7	11.866338946785568	40.0	0.0	-0.012078622051634076	-2.2801447359332534	0.03252347570039547	11.766499970583752	27.968999720310006
1496	24510464	10	5.8	6.8527366796047255	25.0	0.0	10	6.2	7.743384273042377	21.0	0.0	-0.011620532608505894	-2.2624028943605916	0.03942756278728144	10.763249973091874	26.898999731010004
1500	24576000	10	6.2	11.565465835840769	40.0	0.0	10	19.4	17.709884245810304	41.0	0.0	-0.01315264409503797	-2.256917491320118	0.04105535442125179	10.545999973635	28.127999718720005
1504	24641536	10	10.9	14.679577650600171	40.0	0.0	10	15.1	16.555663683464942	40.0	0.0	-0.012861023941871882	-2.225331452753799	0.03819555771372085	10.8189999729525	35.94799964052
1508	24707072	10	6.4	11.394735626595294	40.0	0.0	10	16.1	13.64880947189168	40.0	2.0	-0.012957670765762722	-2.2279469269180123	0.038039487084136674	12.522749968693125	32.499999675000005
1512	24772608	10	15.7	14.050266901379489	40.0	0.0	10	9.6	11.438531374263043	40.0	0.0	-0.01246074508396563	-2.253142436110716	0.03203186807665101	13.301999966744999	25.344999746550002
1516	24838144	10	3.5	6.070420084310475	20.0	0.0	10	15.2	12.990765951243985	40.0	0.0	-0.012763231904080562	-2.2862324463926464	0.03126949566323549	14.109999964725	22.33699977663
1520	24903680	10	2.3	2.5317977802344327	8.0	0.0	10	12.9	13.837991183694259	40.0	2.0	-0.011412049634017981	-2.294331341742895	0.03485942899352036	12.56399996859	24.365999756340003
1524	24969216	10	10.5	15.10132444522665	40.0	0.0	10	19.9	17.04963342714441	40.0	0.0	-0.0126033054122883	-2.2605499598015983	0.032985498252148394	11.400749971498126	29.325999706740006
