iter	frame	n_test	mean_returns	std_returns	max_returns	min_returns	n_test_train	mean_returns_train	std_returns_train	max_returns_train	min_returns_train	actor_loss	entropy_loss	value_loss	training_time	evaluation_time
0	0	10	3.5	4.924428900898052	11.0	0.0	10	2.2	4.4	11.0	0.0	0	0	0	0.0	28.793999712060007
4	65536	10	1.2	3.2802438933713454	11.0	0.0	10	2.4	4.317406628984581	11.0	0.0	0.0017062815627207255	-2.612794299648234	0.13125770327160358	11.884749970288125	26.511999734880003
8	131072	10	1.5	3.2326459750489227	11.0	0.0	10	1.1	3.3000000000000003	11.0	0.0	-0.002405486990990382	-2.5657520316352063	0.09578286836012595	14.423249963941874	28.841999711580005
12	196608	10	1.3	3.2572994949804657	11.0	0.0	10	4.6	5.44426303552648	12.0	0.0	-0.0033324421379969196	-2.5729291163188304	0.15032394248202433	11.18549997203625	31.654999683450008
16	262144	10	0.0	0.0	0.0	0.0	10	3.7	5.040833264451424	12.0	0.0	-0.002014747599880665	-2.5781277216768896	0.08905748109142832	11.421249971446876	28.359999716400004
20	327680	10	3.6	4.882622246293481	11.0	0.0	10	1.8	3.4871191548325386	12.0	0.0	-0.002176333907376895	-2.651325764479228	0.10553279791557821	10.955499972611252	28.001999719980002
24	393216	10	1.4	3.261901286060018	11.0	0.0	10	3.5	5.142956348249516	12.0	0.0	-0.002710076834491345	-2.6599170041293774	0.1319809860878048	10.950499972623751	27.894999721050006
28	458752	10	1.5	3.2015621187164243	11.0	0.0	10	3.7	5.23545604508337	12.0	0.0	-0.0023995357245365466	-2.658080309352557	0.12227578789739901	10.88649997278375	27.760999722390004
32	524288	10	2.5	4.295346318982906	11.0	0.0	10	0.2	0.4000000000000001	1.0	0.0	-0.003318846072597702	-2.66801561884109	0.1414962892350808	10.987749972530626	27.713999722860002
36	589824	10	2.5	4.295346318982906	11.0	0.0	10	3.5	4.924428900898052	11.0	0.0	-0.0032623977285399473	-2.668410735547738	0.11766155870026576	11.9169999702075	23.993999760060003
40	655360	10	2.6	4.476605857119878	12.0	0.0	10	4.1	5.223983154643591	13.0	0.0	-0.0033841312975822864	-2.669549171845195	0.1380428937119992	12.491499968771251	21.658999783410003
44	720896	10	1.4	3.2310988842807022	11.0	0.0	10	3.9	4.72122865364515	11.0	0.0	-0.003308949448444477	-2.6581129652473097	0.17171918975418451	13.243249966891876	30.110999698890005
48	786432	10	2.6	4.5431266766402185	12.0	0.0	10	3.4	4.983974317750844	11.0	0.0	-0.004176923861621865	-2.643218430104691	0.12780929836665414	12.44049996889875	30.555999694440004
52	851968	10	3.6	5.083306010855534	12.0	0.0	10	3.6	5.083306010855534	12.0	0.0	-0.0037441733398474483	-2.644335781259061	0.14078787250995617	10.80049997299875	25.645999743540006
56	917504	10	1.7	3.1638584039112754	11.0	0.0	10	2.5	4.295346318982906	11.0	0.0	-0.003794050651381856	-2.6527443003871434	0.13639022119397143	11.394999971512501	27.601999723980004
60	983040	10	0.4	0.48989794855663565	1.0	0.0	10	2.4	4.31740662898458	11.0	0.0	-0.0034729721151982008	-2.6510504853944155	0.10594488613290426	11.522249971194375	27.686999723130004
64	1048576	10	2.0	3.1622776601683795	11.0	0.0	10	2.3	4.360045871318328	11.0	0.0	-0.004156126987124773	-2.6437403060225484	0.12821473804674366	10.80049997299875	27.779999722200007
68	1114112	10	4.7	5.158488150611572	11.0	0.0	10	1.8	3.4871191548325386	12.0	0.0	-0.003738066501293242	-2.620013355935883	0.06573548772618883	11.6969999707575	24.760999752390003
72	1179648	10	3.6	4.862098312457287	11.0	0.0	10	4.6	5.238320341483519	11.0	0.0	-0.004832585324747784	-2.607166955596823	0.12731232632488043	12.327749969180624	22.117999778820003
76	1245184	10	1.7	3.1953090617340916	11.0	0.0	10	3.8	4.975942121849891	12.0	0.0	-0.004898250058830845	-2.596178253221284	0.09810504704312775	12.236499969408749	21.502999784970005
80	1310720	10	1.5	3.2939338184001206	11.0	0.0	10	3.7	5.040833264451424	12.0	0.0	-0.004710680908944723	-2.5719080837868806	0.12428405763218091	12.39449996901375	20.898999791010006
84	1376256	10	1.4	3.2310988842807022	11.0	0.0	10	4.5	5.315072906367325	11.0	0.0	-0.005121965181460869	-2.5903087330146493	0.14990600235750895	12.521999968695	20.771999792280003
88	1441792	10	3.8	4.749736834815167	11.0	0.0	10	1.7	3.2264531609803355	11.0	0.0	-0.00525591087419467	-2.5940966702779025	0.16138299215300903	12.656249968359376	20.322999796770002
92	1507328	10	1.4	3.2310988842807022	11.0	0.0	10	3.0	4.33589667773576	12.0	0.0	-0.005368206115889279	-2.5888270360514936	0.1504739928678638	12.684999968287501	20.749999792500002
96	1572864	10	2.6	4.24735211631906	11.0	0.0	10	2.7	4.450842616853578	12.0	0.0	-0.004138234223797587	-2.6090505095585397	0.13071363130774963	12.823499967941249	20.692999793070005
100	1638400	10	0.0	0.0	0.0	0.0	10	6.8	5.362835071116769	12.0	0.0	-0.005646442266291431	-2.6126215678712197	0.10515156643301155	12.825499967936251	20.480999795190005
104	1703936	10	1.5	3.2015621187164243	11.0	0.0	10	3.0	4.0743097574926725	11.0	0.0	-0.005441129575692818	-2.5833139541041055	0.12145340421989777	12.988999967527501	20.288999797110005
108	1769472	10	3.5	5.142956348249516	12.0	0.0	10	4.7	5.158488150611572	11.0	0.0	-0.00446833452056571	-2.5938036165913143	0.20989360207988922	13.458249966354375	17.89399982106
112	1835008	10	2.5	4.295346318982906	11.0	0.0	10	5.1	5.4671747731346585	12.0	0.0	-0.005145162037852707	-2.6006633686297143	0.13307808920286174	13.809749965475625	18.035999819640004
116	1900544	10	1.4	3.261901286060018	11.0	0.0	10	3.6	5.295280917949491	12.0	0.0	-0.005541643971232862	-2.586047072935932	0.1680341755485836	13.352249966619375	20.812999791870002
120	1966080	10	2.8	4.66476151587624	13.0	0.0	10	2.8	4.621688003316537	12.0	0.0	-0.005369000000475118	-2.579635309407617	0.19699490704694744	12.629749968425624	22.721999772780006
124	2031616	10	5.9	5.127377497317708	11.0	0.0	10	5.0	5.549774770204643	12.0	0.0	-0.00605094554276272	-2.542165256771877	0.1364635558035878	12.223749969440625	23.314999766850004
128	2097152	10	4.1	5.281098370604358	14.0	0.0	10	2.7	4.450842616853578	12.0	0.0	-0.006051920780592073	-2.5186708517232517	0.14646195968018705	12.240749969398125	25.325999746740006
132	2162688	10	2.9	4.158124577258358	11.0	0.0	10	3.7	4.817675788178362	11.0	0.0	-0.005665482537871065	-2.5119579555954554	0.15775373669560583	12.14149996964625	25.259999747400006
136	2228224	10	4.7	5.1778373863998475	11.0	0.0	10	1.7	3.195309061734091	11.0	0.0	-0.005994980283485389	-2.487167867262365	0.15720773308142083	11.488249971279377	25.366999746330006
140	2293760	10	3.8	4.975942121849891	12.0	0.0	10	2.7	4.267317658670374	11.0	0.0	-0.00627530251641893	-2.494096080202336	0.141782008484759	11.57849997105375	25.252999747470003
144	2359296	10	2.5	4.272001872658765	11.0	0.0	10	1.6	3.5832945734337835	12.0	0.0	-0.006053452170793525	-2.497725317615364	0.11197321542614078	11.58399997104	25.344999746550002
148	2424832	10	3.7	5.235456045083371	12.0	0.0	10	2.9	4.346262762420146	12.0	0.0	-0.0055189274396081935	-2.520791070894078	0.11462051191259787	11.535749971160625	25.196999748030002
152	2490368	10	3.6	4.862098312457287	11.0	0.0	10	1.4	3.2310988842807022	11.0	0.0	-0.005652131313296177	-2.524394395187793	0.10926050458827932	11.491249971271877	25.246999747530005
156	2555904	10	6.8	5.5641710972974225	12.0	0.0	10	4.7	5.367494760127857	12.0	0.0	-0.005252223977912262	-2.540973496669093	0.19258406422578403	11.40049997149875	25.091999749080003
160	2621440	10	3.8	4.975942121849891	12.0	0.0	10	2.5	4.759201613716317	12.0	0.0	-0.006236160442573016	-2.5342315656287138	0.148276034959979	12.0869999697825	24.58599975414
164	2686976	10	6.1	5.337602458033007	12.0	0.0	10	3.7	5.23545604508337	12.0	0.0	-0.005913606965492393	-2.5243639620495846	0.14367262660581354	12.114249969714377	22.851999771480003
168	2752512	10	2.5	4.272001872658765	11.0	0.0	10	2.5	4.272001872658765	11.0	0.0	-0.006030294757367909	-2.513651636477733	0.18513765292797177	12.149999969625	22.839999771600002
172	2818048	10	0.4	0.4898979485566356	1.0	0.0	10	5.0	5.531726674375733	12.0	0.0	-0.005550340489236053	-2.5207163515048063	0.1641943006760458	12.193749969515626	22.7199997728
176	2883584	10	0.4	0.66332495807108	2.0	0.0	10	5.1	5.068530358989674	12.0	0.0	-0.006414367302506446	-2.514604086415295	0.16094859323029548	13.391249966521876	17.817999821820003
180	2949120	10	3.9	4.968903299521938	12.0	0.0	10	6.1	5.337602458033007	12.0	0.0	-0.006131166518842094	-2.516827920810472	0.14550836080100868	13.557249966106875	17.89699982103
184	3014656	10	2.5	4.272001872658765	11.0	0.0	10	4.8	5.528109984434102	13.0	0.0	-0.006649199525695728	-2.4670396270764985	0.18429897001887344	13.714249965714375	20.323999796760006
188	3080192	10	1.5	3.263433774416144	11.0	0.0	10	2.6	4.24735211631906	11.0	0.0	-0.0059451221913930175	-2.5019405580934406	0.21225080667957055	13.379749966550625	20.600999793990002
192	3145728	10	6.1	5.734980383575867	13.0	0.0	10	3.2	4.044749683231337	11.0	0.0	-0.006591618104034792	-2.5148431060078735	0.10216006336756074	12.97849996755375	22.741999772580005
196	3211264	10	1.8	3.4583232931581165	12.0	0.0	10	6.1	5.166236541235795	12.0	0.0	-0.006003972725598654	-2.5074580607186494	0.14945380605442188	12.319999969200001	21.889999781100006
200	3276800	10	5.1	5.3	12.0	0.0	10	5.0	5.531726674375733	12.0	0.0	-0.0064426604797173295	-2.5144875245653955	0.17313827250367167	12.395749969010625	22.229999777700005
204	3342336	10	2.9	4.3920382511995495	12.0	0.0	10	5.0	5.138093031466052	12.0	0.0	-0.007046202118114082	-2.5136154514913045	0.14473998731357146	12.559749968600626	21.415999785840004
208	3407872	10	3.8	4.955804677345546	12.0	0.0	10	4.2	4.995998398718719	13.0	0.0	-0.006996808948799272	-2.457853627445574	0.14973921451399594	12.45449996886375	22.694999773050004
212	3473408	10	1.7	3.1953090617340916	11.0	0.0	10	2.6	4.223742416388575	11.0	0.0	-0.006756530984202518	-2.441067447010711	0.20244130466818558	12.11749996970625	22.537999774620005
216	3538944	10	1.4	3.2310988842807022	11.0	0.0	10	2.8	4.1424630354415966	11.0	0.0	-0.007612224546205488	-2.444781814757631	0.18994825168396778	12.538249968654375	25.285999747140007
220	3604480	10	5.2	4.853864439804639	11.0	0.0	10	4.9	5.008991914547277	11.0	0.0	-0.00644156709003761	-2.468457519750956	0.13061967188063117	11.533749971165625	25.281999747180006
224	3670016	10	4.1	5.467174773134658	14.0	0.0	10	2.6	4.498888751680798	12.0	0.0	-0.0063317491845811145	-2.419708952055648	0.1949129192110766	11.497749971255626	25.499999745000004
228	3735552	10	2.8	4.4	12.0	0.0	10	2.1	3.1128764832546763	11.0	0.0	-0.00649932946961503	-2.4075051891282744	0.14214448924247927	11.530999971172498	25.138999748610004
232	3801088	10	3.7	5.020956084253277	12.0	0.0	10	2.9	4.635730794599704	13.0	0.0	-0.007202019865728108	-2.347276987884313	0.12729454380686303	11.699999970750001	24.556999754430002
236	3866624	10	5.8	5.230678732248808	11.0	0.0	10	5.4	5.660388679233963	13.0	0.0	-0.007127178509578734	-2.2470014142636305	0.17051921006999388	12.072499969818752	24.395999756040005
240	3932160	10	4.9	5.008991914547277	11.0	0.0	10	5.2	5.688585061331157	15.0	0.0	-0.0061614313447483395	-2.334673044339013	0.1721427365182087	11.7629999705925	22.888999771110004
244	3997696	10	3.2	4.791659420284375	14.0	0.0	10	4.2	5.844655678480983	15.0	0.0	-0.007021113106501786	-2.3384780906188416	0.1980446204336817	12.001999969995001	22.741999772580005
248	4063232	10	2.5	4.759201613716317	12.0	0.0	10	5.1	5.068530358989674	12.0	0.0	-0.005959515798759435	-2.33888054366385	0.14570569478320244	12.001749969995625	25.113999748860003
252	4128768	10	4.7	5.386093203798093	12.0	0.0	10	9.7	4.172529209005013	13.0	1.0	-0.007968650196217517	-2.3469005944867027	0.17677809808424458	11.465249971336876	25.040999749590004
256	4194304	10	2.9	4.369210454990696	12.0	0.0	10	1.6	3.4985711369071804	12.0	0.0	-0.007469407323222043	-2.337034118428771	0.1412588041128595	11.759999970600001	24.800999751990002
260	4259840	10	4.9	5.204805471869242	12.0	0.0	10	4.9	5.629387178015028	13.0	0.0	-0.007310593921977396	-2.3314346941863806	0.16786984352508938	12.106249969734375	25.1099997489
264	4325376	10	4.2	5.211525688318153	13.0	0.0	10	7.1	5.430469592954186	13.0	0.0	-0.007330345675497577	-2.3428459438227955	0.19114983755035347	11.81149997047125	18.370999816290002
268	4390912	10	5.0	4.9396356140913875	11.0	0.0	10	5.0	4.979959839195493	11.0	0.0	-0.0072553589796695555	-2.310910443224195	0.17962377563110496	10.897749972755625	27.747999722520007
272	4456448	10	5.9	5.923681287847955	13.0	0.0	10	3.0	4.0743097574926725	11.0	0.0	-0.007794559845121757	-2.3265793519775473	0.1643938351406525	11.217999971955	28.343999716560006
276	4521984	10	4.3	4.73392015141785	12.0	0.0	10	5.3	4.754997371187496	11.0	0.0	-0.007369575890294021	-2.3485996944246006	0.1762255066822185	10.935249972661875	28.054999719450006
280	4587520	10	4.1	5.281098370604358	13.0	0.0	10	5.9	5.717516943569122	12.0	0.0	-0.008148881685944333	-2.329989673947973	0.18062735222882015	11.421999971445	28.249999717500003
284	4653056	10	6.1	5.5578772926361015	13.0	0.0	10	2.9	4.570557952810575	12.0	0.0	-0.007740701135644581	-2.343347375347497	0.1801462159304423	11.460249971349375	26.766999732330003
288	4718592	10	3.9	5.146843692983108	13.0	0.0	10	7.4	4.862098312457287	13.0	1.0	-0.008645093222800389	-2.38014169757607	0.14057990612239551	11.659499970851252	25.406999745930005
292	4784128	10	2.3	4.360045871318328	11.0	0.0	10	9.4	4.758150901348127	13.0	0.0	-0.007403574902569183	-2.3038420798961563	0.22422255286163442	12.632249968419377	21.279999787200005
296	4849664	10	2.6	4.223742416388575	11.0	0.0	10	4.3	4.69148164229596	12.0	0.0	-0.007945533731881348	-2.3231451459292574	0.1899125707758826	12.942249967644376	20.827999791720003
300	4915200	10	3.7	4.796873982084582	11.0	0.0	10	2.7	4.428317965096906	12.0	0.0	-0.007254792985352127	-2.282534569264113	0.1870699461044215	12.7909999680225	23.160999768390006
304	4980736	10	3.7	4.796873982084582	11.0	0.0	10	3.9	4.928488612140643	12.0	0.0	-0.006635237297729615	-2.299133683004894	0.20998942399693626	12.069999969825	23.161999768380003
308	5046272	10	3.7	5.23545604508337	12.0	0.0	10	4.3	5.330103188494572	13.0	0.0	-0.007875518482037172	-2.3107343810376544	0.1739444245092676	12.252249969369375	23.180999768190006
312	5111808	10	5.7	5.514526271584895	12.0	0.0	10	3.5	4.924428900898052	11.0	0.0	-0.007976080315608196	-2.3270166985750143	0.14624899298291869	12.169249969576876	23.144999768550004
316	5177344	10	5.1	5.6824290580701495	13.0	0.0	10	8.2	4.770744176750625	13.0	0.0	-0.008160749616822912	-2.2824672309166845	0.17163604379706346	12.03249996991875	23.311999766880003
320	5242880	10	1.5	3.2326459750489227	11.0	0.0	10	5.5	4.8218253804964775	12.0	0.0	-0.008400187847386924	-2.2708607586839626	0.1954166292940667	12.061999969845	23.801999761980003
324	5308416	10	5.3	5.235456045083369	12.0	0.0	10	6.8	6.337191807101944	16.0	0.0	-0.00851984108554237	-2.299920695283846	0.14692016099601418	11.879249970301874	21.111999788880002
328	5373952	10	4.6	5.257375771237966	11.0	0.0	10	3.0	4.404543109109048	12.0	0.0	-0.007966576317892366	-2.2915182434118955	0.1653848432297837	11.363999971590001	25.339999746600004
332	5439488	10	4.8	5.287721626560915	12.0	0.0	10	2.5	4.522167621838006	12.0	0.0	-0.007835932283738533	-2.2847975713614836	0.1565907038585149	11.454749971363126	25.26899974731
336	5505024	10	2.3	4.026164427839479	14.0	0.0	10	5.1	5.281098370604357	12.0	0.0	-0.008596162589749044	-2.276087641478911	0.1516181425964849	11.56849997107875	26.508999734910006
340	5570560	10	4.1	5.243090691567332	13.0	0.0	10	6.2	5.473572873361603	14.0	0.0	-0.009300523657294847	-2.28296521282257	0.1487730940804134	11.25999997185	30.549999694500006
344	5636096	10	1.5	3.2015621187164243	11.0	0.0	10	4.2	4.975942121849891	12.0	0.0	-0.008614984541369847	-2.284610214094759	0.13321582079098254	10.324249974189375	30.549999694500006
348	5701632	10	5.1	5.300000000000001	12.0	0.0	10	3.8	4.955804677345547	12.0	0.0	-0.007607612770209029	-2.2023673825155345	0.15459595564694645	10.19649997450875	30.765999692340003
352	5767168	10	4.9	5.262128846769148	12.0	0.0	10	10.1	4.158124577258358	13.0	1.0	-0.008795424743153464	-2.2379135834826407	0.17011964365930524	10.206249974484374	30.646999693530002
356	5832704	10	1.6	3.3526109228480423	11.0	0.0	10	8.2	5.173006862551025	12.0	0.0	-0.008237970577335076	-2.3076248688082175	0.14388324435232852	10.844749972888126	29.992999700070005
360	5898240	10	4.6	5.44426303552648	12.0	0.0	10	6.4	5.748043145279966	15.0	0.0	-0.008277554756555477	-2.3238531000975033	0.1464169586390476	10.57149997357125	29.430999705690006
364	5963776	10	2.8	4.64327470649756	12.0	0.0	10	6.1	5.3563046963368315	13.0	0.0	-0.008742931559935323	-2.2891095899144505	0.1455494585916281	10.885249972786875	28.493999715060003
368	6029312	10	2.7	4.6701177715342475	12.0	0.0	10	6.6	5.986651818838306	16.0	0.0	-0.008562767962168998	-2.2683553643645302	0.16470388926712626	12.023749969940624	23.91499976085
372	6094848	10	2.1	3.1128764832546763	11.0	0.0	10	3.2	4.044749683231338	11.0	0.0	-0.008171637236104362	-2.2379174329492817	0.1858788653238457	12.268999969327501	23.006999769930005
376	6160384	10	5.9	5.146843692983108	11.0	0.0	10	5.2	5.3814496188294845	12.0	0.0	-0.009353570066737465	-2.226267382270653	0.1738779387876566	12.302499969243751	22.968999770310006
380	6225920	10	5.1	5.281098370604358	12.0	0.0	10	6.3	5.780138406647371	14.0	0.0	-0.008324133616994564	-2.2809685863661993	0.18005613934235745	12.336249969159375	22.619999773800004
384	6291456	10	4.7	4.775981574503821	12.0	0.0	10	6.0	5.674504383644443	14.0	0.0	-0.008868584506657734	-2.266007115207505	0.17409064665485943	12.093249969766875	23.088999769110004
388	6356992	10	4.8	5.509990925582365	12.0	0.0	10	7.5	5.389805191284746	14.0	0.0	-0.009411391282133466	-2.2475172775629466	0.14294374841328586	12.126249969684375	23.177999768220005
392	6422528	10	5.0	5.366563145999495	12.0	0.0	10	5.0	5.549774770204643	12.0	0.0	-0.008693206035790668	-2.2381193287822763	0.16730243260781671	12.141999969645001	22.964999770350005
396	6488064	10	3.8	5.192301994298868	12.0	0.0	10	6.3	5.367494760127857	12.0	0.0	-0.00771737328291187	-2.23264801478971	0.17932639921078708	12.147499969631252	25.580999744190002
400	6553600	10	3.6	5.314132102234569	13.0	0.0	10	6.4	5.642694391866355	13.0	0.0	-0.00972556972212209	-2.2434004493204376	0.17472078331167915	11.5189999712025	23.376999766230004
404	6619136	10	7.1	5.664803615307418	14.0	0.0	10	5.9	5.889821729050889	14.0	0.0	-0.010021285009787701	-2.2259223458832453	0.16008732132498285	11.398999971502501	26.550999734490002
408	6684672	10	5.0	5.2345009313209605	12.0	0.0	10	6.8	6.063002556489648	14.0	0.0	-0.009715211644610425	-2.2981343391130595	0.13957273454193247	11.100999972247502	27.586999724130003
412	6750208	10	4.4	4.862098312457287	13.0	0.0	10	2.7	4.24381903478459	11.0	0.0	-0.009941490766197035	-2.3082887279569686	0.1169921848801101	10.905249972736875	30.266999697330004
416	6815744	10	4.8	5.706137047074843	13.0	0.0	10	8.3	5.273518749374084	13.0	0.0	-0.008928426072371383	-2.259438966476004	0.15277992156294967	10.3149999742125	30.375999696240005
420	6881280	10	6.4	5.276362383309167	12.0	0.0	10	6.2	5.653317610041028	13.0	0.0	-0.009393686849693146	-2.220315247542841	0.15862428946320417	10.359749974100625	32.70299967297001
424	6946816	10	4.9	5.647123161398199	13.0	0.0	10	4.9	5.223983154643591	12.0	0.0	-0.009519383327257299	-2.296033955871307	0.13391774728430578	10.506249973734377	32.135999678640005
428	7012352	10	2.7	4.196427051671458	11.0	0.0	10	6.4	5.6956123463592565	13.0	0.0	-0.008821990286672124	-2.275231155019427	0.18502502793381484	10.83049997292375	29.117999708820005
432	7077888	10	2.6	4.737087712930805	12.0	0.0	10	7.7	5.441507144165117	15.0	0.0	-0.009825821831516765	-2.234140224522087	0.159881000079945	11.287749971780624	22.383999776160003
436	7143424	10	9.5	4.031128874149275	12.0	1.0	10	5.4	5.0635955604688645	13.0	0.0	-0.009058962405375303	-2.2721191667137055	0.13182005432303018	10.178749974553126	30.473999695260005
440	7208960	10	3.9	5.146843692983108	12.0	0.0	10	3.2	4.7286361670147565	13.0	0.0	-0.00905205005646765	-2.1997548364294954	0.1676939703194211	10.836249972909375	27.899999721000004
444	7274496	10	5.0	5.744562646538029	13.0	0.0	10	6.4	5.730619512757761	14.0	0.0	-0.008784840484010768	-2.151738750213756	0.19056323254048127	10.894249972764374	27.492999725070003
448	7340032	10	5.3	5.848931526355904	16.0	0.0	10	4.8	5.287721626560915	13.0	0.0	-0.009703295600249467	-2.191807458569777	0.17018936518359118	10.966999972582501	28.059999719400004
452	7405568	10	6.1	5.374941860150675	12.0	0.0	10	7.2	4.975942121849891	13.0	0.0	-0.009285010062985655	-2.2528579977788237	0.14032617504798942	10.826249972934376	28.415999715840005
456	7471104	10	6.0	5.2345009313209605	12.0	0.0	10	6.4	5.660388679233963	13.0	0.0	-0.01011189942695806	-2.2259879929488777	0.1281577760685848	10.9669999725825	27.784999722150005
460	7536640	10	8.8	4.4	11.0	0.0	10	3.0	4.358898943540674	12.0	0.0	-0.00883853479080035	-2.189894474814706	0.14168411608240836	10.996749972508123	27.722999722770002
464	7602176	10	6.4	5.868560300448485	14.0	0.0	10	5.0	4.979959839195493	11.0	0.0	-0.008963667518679996	-2.2346780744847425	0.15167555071696207	11.081999972295	27.545999724540003
468	7667712	10	3.4	4.983974317750844	11.0	0.0	10	6.1	5.337602458033007	12.0	0.0	-0.009762928092533754	-2.181326401503157	0.13551656706399226	11.175749972060625	26.697999733020005
472	7733248	10	4.9	5.664803615307418	14.0	0.0	10	4.8	5.30659966456864	12.0	0.0	-0.010206013195327383	-2.1452457455546203	0.14221286624740848	11.375249971561876	26.319999736800003
476	7798784	10	4.2	5.635601121442148	15.0	0.0	10	6.3	5.780138406647371	14.0	0.0	-0.008616056178361621	-2.233747340506091	0.2082213515509331	11.580249971049374	24.936999750630005
480	7864320	10	2.6	4.24735211631906	11.0	0.0	10	3.6	5.023942674832188	14.0	0.0	-0.009618635301708327	-2.258744460605734	0.1202118457945882	11.535249971161877	27.320999726790006
484	7929856	10	3.2	4.5563142999578075	12.0	0.0	10	4.9	5.243090691567332	12.0	0.0	-0.008766950187233214	-2.2507427456617277	0.1443897297765907	10.847749972880626	28.217999717820003
488	7995392	10	8.7	5.119570294468081	13.0	0.0	10	6.7	5.273518749374083	11.0	0.0	-0.008941879148226263	-2.2034215105264927	0.16404928901697016	10.841249972896875	25.537999744620006
492	8060928	10	6.2	5.2687759489277965	13.0	0.0	10	6.4	5.276362383309167	13.0	0.0	-0.009359296118049972	-2.220328698324344	0.14759285086780663	10.9989999725025	28.572999714270004
496	8126464	10	6.4	5.730619512757761	15.0	0.0	10	7.0	5.253570214625479	13.0	1.0	-0.009962944266764908	-2.247423693303605	0.1354862227118693	11.067499972331252	32.88999967110001
500	8192000	10	5.9	5.539855593785816	12.0	0.0	10	6.6	6.036555309114628	13.0	0.0	-0.009110151044560484	-2.2268530028725637	0.1669787354593386	9.92449997518875	33.139999668600005
504	8257536	10	2.1	3.83275357934736	13.0	0.0	10	6.4	4.651881339845203	11.0	1.0	-0.009956001911808059	-2.167971275520992	0.16850957575361478	10.053749974865626	33.840999661590004
508	8323072	10	4.0	5.059644256269407	12.0	0.0	10	7.5	5.044799302251775	13.0	0.0	-0.00930796541457973	-2.1801416076932307	0.16328751938268846	9.564999976087499	28.550999714490004
512	8388608	10	6.7	6.1489836558572835	14.0	0.0	10	6.5	5.181698563212646	13.0	0.0	-0.009321011029532299	-2.223528322842564	0.13531896424001533	9.776749975558126	33.03999966960001
516	8454144	10	5.9	5.337602458033007	12.0	0.0	10	7.4	5.276362383309168	12.0	0.0	-0.009672887464656747	-2.201317158608809	0.12548838958078778	10.337249974156876	32.842999671570006
520	8519680	10	2.9	4.482186966202994	12.0	0.0	10	5.2	5.2115256883181535	12.0	0.0	-0.00864507175872543	-2.1255201248100626	0.15045355204477787	10.024749974938125	32.096999679030006
524	8585216	10	2.1	3.1128764832546763	11.0	0.0	10	6.0	5.830951894845301	13.0	0.0	-0.00876927074962529	-2.1504937805478814	0.13920002405944348	10.116749974708124	30.865999691340004
528	8650752	10	5.3	5.119570294468081	12.0	0.0	10	5.6	5.083306010855534	12.0	0.0	-0.009538208846522652	-2.176781522504238	0.13621363678769963	10.21349997446625	30.612999693870005
532	8716288	10	3.5	4.944694126030447	11.0	0.0	10	7.7	5.459853477887479	15.0	0.0	-0.009703328439071495	-2.129637131866506	0.16721675706216796	10.24549997438625	30.221999697780006
536	8781824	10	4.5	5.315072906367325	11.0	0.0	10	7.9	4.635730794599704	13.0	0.0	-0.008680072849837581	-2.1643156158656427	0.17084267330128533	10.7409999731475	27.672999723270003
540	8847360	10	5.8	5.6178287620752565	12.0	0.0	10	8.5	5.463515351859094	14.0	0.0	-0.009318433019506668	-2.1669212552634693	0.18260861931329178	11.49449997126375	25.005999749940003
544	8912896	10	6.0	5.253570214625479	12.0	0.0	10	7.7	5.568662316930341	14.0	0.0	-0.009477358448670687	-2.1739192602754116	0.14224607201053144	11.689249970776876	25.974999740250006
548	8978432	10	1.4	3.555277766926235	12.0	0.0	10	6.2	5.653317610041028	13.0	0.0	-0.009648512914489642	-2.2197167250188645	0.1354550253458783	11.504249971239375	28.488999715110005
552	9043968	10	6.1	5.752390807307862	13.0	0.0	10	4.2	4.915282290977803	12.0	0.0	-0.009128589053599303	-2.1741427454074467	0.15538798232185977	10.675499973311252	28.647999713520004
556	9109504	10	6.7	5.273518749374083	11.0	0.0	10	6.6	5.314132102234569	13.0	0.0	-0.009362820464588657	-2.1896079130673436	0.16497493370580288	10.664249973339375	28.813999711860006
560	9175040	10	3.7	4.817675788178362	11.0	0.0	10	8.9	5.906775770248943	14.0	0.0	-0.00996617680010957	-2.1587194649116612	0.15358552195394573	10.95149997262125	31.083999689160006
564	9240576	10	4.9	5.61159513863928	12.0	0.0	10	6.3	5.441507144165117	13.0	0.0	-0.008952624784470845	-2.1788548750395877	0.1542354292696488	10.302749974243126	30.262999697370006
568	9306112	10	7.2	5.74108003776293	14.0	0.0	10	3.5	4.201190307520001	12.0	0.0	-0.009341135908710812	-2.1690283738300806	0.14976735939263874	10.429999973925	33.02799966972
572	9371648	10	7.0	5.329165037789691	12.0	0.0	10	6.4	6.374950980203692	16.0	0.0	-0.009865115236792423	-2.121319035468065	0.1599963741831215	10.442499973893751	29.606999703930004
576	9437184	10	4.2	4.833218389437829	12.0	0.0	10	6.0	5.403702434442518	14.0	0.0	-0.008692440874260167	-2.143350692863517	0.149652513349362	10.295249974261875	30.628999693710007
580	9502720	10	4.5	5.315072906367325	11.0	0.0	10	3.8	5.3999999999999995	12.0	0.0	-0.008990044745863707	-2.1439901637784504	0.13824118509379957	10.342749974143125	30.938999690610004
584	9568256	10	5.9	5.262128846769148	13.0	0.0	10	7.0	6.2289646009589745	17.0	0.0	-0.008605823375862826	-2.0976016668280466	0.15262997141070225	10.438749973903125	30.147999698520003
588	9633792	10	5.9	5.107837115648853	13.0	0.0	10	7.1	5.430469592954186	12.0	0.0	-0.009254414251342255	-2.0882139178922126	0.16475328576276635	11.040749972398125	27.640999723590003
592	9699328	10	4.0	5.0990195135927845	13.0	0.0	10	5.3	5.3113086899558	13.0	0.0	-0.00975993165673769	-2.0730558134939514	0.1710229283020565	11.307249971731874	26.726999732730004
596	9764864	10	10.3	3.1320919526731648	12.0	1.0	10	7.6	5.0635955604688645	13.0	0.0	-0.009600705878468707	-2.101459560076044	0.1717639775612595	11.428749971428125	16.706999832930002
600	9830400	10	3.7	5.040833264451424	12.0	0.0	10	6.0	5.932958789676531	17.0	0.0	-0.009026955914092577	-2.11452379552352	0.16253568113951075	10.86549997283625	28.010999719890005
604	9895936	10	8.8	5.249761899362675	15.0	0.0	10	6.2	5.287721626560915	12.0	0.0	-0.008838004063049472	-2.1133296413008384	0.1408676147935082	12.30799996923	23.28399976716
608	9961472	10	5.9	5.957348403442592	14.0	0.0	10	8.5	5.200961449578338	13.0	0.0	-0.00909300206842565	-2.0813707657473803	0.1676967304490911	12.11949996970125	19.917999800820002
612	10027008	10	5.1	6.122907805936653	15.0	0.0	10	8.0	5.0990195135927845	14.0	0.0	-0.009662877401048372	-2.0839997552647955	0.15883256229469694	12.666999968332501	23.559999764400004
616	10092544	10	8.6	4.841487374764082	13.0	0.0	10	8.2	5.4	13.0	0.0	-0.009019494013319043	-2.0835065988516095	0.15657270162598008	12.025999969935	28.245999717540002
620	10158080	10	5.2	5.2306787322488075	12.0	0.0	10	5.8	5.582114294781145	14.0	0.0	-0.009642956481513679	-2.134323914623459	0.13151728771809182	11.197749972005624	29.232999707670004
624	10223616	10	8.1	5.3563046963368315	13.0	0.0	10	6.6	5.868560300448484	14.0	0.0	-0.010068692847968857	-2.1083462385127185	0.13543654790599985	10.972249972569376	22.001999779980004
628	10289152	10	2.1	3.1128764832546763	11.0	0.0	10	7.7	5.348831648126533	13.0	0.0	-0.008924025820589342	-2.1121277335072826	0.1602711723950449	10.83949997290125	27.211999727880006
632	10354688	10	3.6	5.499090833947008	12.0	0.0	10	8.6	5.043808085167396	13.0	0.0	-0.008520610980083299	-2.151548057570451	0.18930212173501673	11.196749972008124	27.410999725890004
636	10420224	10	1.2	3.6000000000000005	12.0	0.0	10	6.4	5.4258639865002145	12.0	0.0	-0.009995927778486603	-2.1878159813787446	0.12416332066317948	11.603499970991251	28.205999717940003
640	10485760	10	4.4	4.363484845854286	11.0	0.0	10	6.2	5.706137047074843	13.0	0.0	-0.010107124982377237	-2.189778685341661	0.15816791392767418	11.962249970094376	25.010999749890004
644	10551296	10	4.9	5.243090691567332	12.0	0.0	10	8.3	5.040833264451424	12.0	0.0	-0.009340088001042133	-2.1539792664588875	0.1542990176467305	11.49249997126875	26.566999734330004
648	10616832	10	5.0	5.585696017507576	12.0	0.0	10	4.2	5.3814496188294845	13.0	0.0	-0.009998317045321104	-2.12871079869746	0.12548960775071527	13.2789999668025	26.969999730300003
652	10682368	10	2.4	4.317406628984581	11.0	0.0	10	6.1	5.430469592954186	12.0	0.0	-0.009652418837711427	-2.0807220759807232	0.13847426789301626	13.0769999673075	20.016999799830003
656	10747904	10	4.6	5.660388679233963	13.0	0.0	10	9.1	5.412023651093923	14.0	0.0	-0.0093084778044921	-2.1228607369238155	0.16209513645793308	11.839999970400001	24.536999754630003
660	10813440	10	2.9	4.323193264243457	12.0	0.0	10	6.3	6.181423784210236	15.0	0.0	-0.01000620231345295	-2.120567045884969	0.1613554004411704	11.834749970413126	24.131999758680006
664	10878976	10	4.5	5.315072906367325	11.0	0.0	10	6.5	5.162363799656123	13.0	0.0	-0.00984588140169974	-2.1093839081911394	0.15369991746992706	11.661749970845625	24.923999750760004
668	10944512	10	5.2	6.241794613730893	15.0	0.0	10	4.2	5.418486873657626	14.0	0.0	-0.009617848214079558	-2.1531075832985143	0.13578784937797647	11.459749971350625	24.416999755830005
672	11010048	10	5.5	5.315072906367325	13.0	0.0	10	7.8	5.491812087098393	15.0	0.0	-0.009594757623048664	-2.17013959315662	0.12489631421494352	11.733249970666874	16.99399983006
676	11075584	10	2.6	4.737087712930805	13.0	0.0	10	9.0	4.69041575982343	13.0	0.0	-0.009595137578405875	-2.1815338877551254	0.15388103658282695	11.444999971387501	25.489999745100004
680	11141120	10	6.1	5.752390807307862	13.0	0.0	10	7.4	6.102458520956943	14.0	0.0	-0.009161768907037196	-2.1075278468718226	0.16000268009066332	11.414749971463126	17.8099998219
684	11206656	10	8.1	4.90815647672321	12.0	0.0	10	6.6	6.003332407921453	15.0	0.0	-0.009462349195852086	-2.090307382028118	0.15822954994219882	10.908999972727502	27.811999721880007
688	11272192	10	4.8	5.3065996645686395	12.0	0.0	10	7.8	5.861740355901138	15.0	0.0	-0.009347798231461674	-2.185610738665682	0.1469446495022294	10.996249972509375	28.287999717120005
692	11337728	10	8.3	4.627094120503711	12.0	0.0	10	7.5	5.9707620954112715	14.0	0.0	-0.010631691927709646	-2.1121492880369472	0.12293678435458157	10.937749972655626	27.282999727170004
696	11403264	10	2.6	4.24735211631906	11.0	0.0	10	5.1	4.867237409455183	11.0	0.0	-0.009969281458499178	-2.134662208235427	0.14458685816932615	11.242499971893752	27.099999729000007
700	11468800	10	4.0	5.019960159204453	12.0	0.0	10	4.3	5.177837386399847	14.0	0.0	-0.010517465085403037	-2.1648296786079815	0.13555163283351696	11.07249997231875	25.750999742490006
704	11534336	10	5.4	5.462600113499065	13.0	0.0	10	10.4	4.409081537009721	14.0	0.0	-0.009476912725932608	-2.1486528637753897	0.15155729440324808	11.418749971453124	25.155999748440003
708	11599872	10	6.2	5.114684741017769	12.0	0.0	10	8.2	5.688585061331157	14.0	0.0	-0.009383825036146463	-2.142576627210115	0.14985122770683165	11.90549997023625	24.238999757610003
712	11665408	10	5.6	5.748043145279966	14.0	0.0	10	4.6	4.8207883172775805	13.0	0.0	-0.009706926894876452	-2.1927073570788678	0.13921704968384357	11.731749970670625	24.569999754300003
716	11730944	10	3.7	5.040833264451424	12.0	0.0	10	7.1	5.769748694700662	16.0	0.0	-0.008954794147613075	-2.1408619108552873	0.12840236962677143	11.679499970801249	24.608999753910005
720	11796480	10	4.9	5.048762224545735	11.0	0.0	10	8.5	5.389805191284746	13.0	0.0	-0.009419712438334017	-2.067387337270596	0.19133746854830463	11.57249997106875	18.206999817930004
724	11862016	10	8.3	5.020956084253277	12.0	0.0	10	5.6	5.96992462263972	15.0	0.0	-0.009895927732516848	-2.1433141601833277	0.14791152376382583	12.025999969935	23.813999761860003
728	11927552	10	6.2	5.455272678794342	12.0	0.0	10	8.6	4.862098312457287	14.0	0.0	-0.009677034287559155	-2.1531582273783534	0.13375335216370715	11.770249970574376	24.020999759790005
732	11993088	10	4.5	4.631414470763764	12.0	0.0	10	7.6	5.499090833947008	14.0	1.0	-0.008983151200455846	-2.1164645848453763	0.14198207620914985	11.811749970470625	24.440999755590003
736	12058624	10	5.8	5.81033561853358	12.0	0.0	10	6.1	5.337602458033007	12.0	0.0	-0.009719184462986507	-2.1798505954657257	0.17336357732360214	11.73049997067375	24.399999756000003
740	12124160	10	8.3	5.1000000000000005	14.0	0.0	10	7.1	5.85576638878294	14.0	0.0	-0.010331522038071281	-2.14939549294573	0.13165821335459216	11.62249997094375	25.407999745920005
744	12189696	10	7.9	5.6824290580701495	13.0	0.0	10	8.2	5.827520913733386	14.0	0.0	-0.009054501862583157	-2.1446971940747024	0.15821808854332528	11.7369999706575	24.143999758560003
748	12255232	10	3.1	4.437341546466758	12.0	0.0	10	11.3	3.950949253027682	15.0	0.0	-0.008549925610793636	-2.2050859553305107	0.17342939707196214	11.856499970358751	17.895999821040004
752	12320768	10	6.8	5.418486873657627	14.0	0.0	10	9.8	4.261455150532504	14.0	1.0	-0.011361822853388761	-2.191942984630821	0.12561673716264776	11.564249971089374	25.153999748460002
756	12386304	10	8.4	4.903060268852505	13.0	0.0	10	9.5	5.6258332716140815	14.0	0.0	-0.010029138270982006	-2.175048909854819	0.1551975000022365	11.585749971035627	24.330999756690005
760	12451840	10	4.1	5.5578772926361015	15.0	0.0	10	10.1	4.657252408878008	14.0	0.0	-0.010683124032563168	-2.184611441960858	0.11928346868293208	11.473749971315625	21.68499978315
764	12517376	10	6.1	5.593746508378798	13.0	0.0	10	9.0	5.531726674375733	14.0	0.0	-0.009710465830922811	-2.1624793507389697	0.11349933810591571	11.030749972423125	26.682999733170004
768	12582912	10	4.8	5.706137047074843	13.0	0.0	10	9.0	5.329165037789691	14.0	0.0	-0.01010207169157152	-2.0945418052677027	0.13096231267354647	10.900249972749375	23.097999769020003
772	12648448	10	5.4	5.063595560468865	12.0	0.0	10	8.3	5.020956084253277	12.0	0.0	-0.009512322580343482	-2.0832514959390513	0.1393200928044977	11.392249971519377	24.945999750540004
776	12713984	10	4.3	4.980963762164908	13.0	0.0	10	5.5	5.06458290484024	12.0	0.0	-0.009593315445788831	-2.0552943172896767	0.16311151703362317	11.660499970848749	25.222999747770004
780	12779520	10	7.1	5.611595138639279	12.0	0.0	10	5.2	5.015974481593782	12.0	0.0	-0.008888904346333158	-2.071680329524247	0.1340117711279023	11.24349997189125	25.931999740680002
784	12845056	10	3.4	5.141984052872976	15.0	0.0	10	10.8	3.789459064299283	14.0	0.0	-0.010104230817441388	-2.0626816201048217	0.14972679160217445	11.323249971691874	25.933999740660006
788	12910592	10	3.9	4.805205510693585	11.0	0.0	10	7.3	5.984145720150872	13.0	0.0	-0.008466441564175496	-2.064381484968994	0.149365028118057	11.059749972350625	26.050999739490003
792	12976128	10	7.4	5.553377350765928	14.0	0.0	10	6.4	5.885575587824865	14.0	0.0	-0.010732598798104634	-2.159943560534232	0.12694849646880077	11.29549997176125	26.050999739490003
796	13041664	10	7.2	4.935585071701226	12.0	0.0	10	6.2	5.878775382679628	14.0	0.0	-0.010308765200066752	-2.1116146194722067	0.14727449904524498	11.099999972249998	18.81599981184
800	13107200	10	6.1	5.769748694700662	14.0	0.0	10	8.3	5.040833264451424	13.0	0.0	-0.010277172391842756	-2.1141880897465457	0.1186915647580517	11.086749972283126	26.330999736690003
804	13172736	10	5.8	5.8275209137333865	13.0	0.0	10	9.9	5.068530358989674	15.0	0.0	-0.010754069469932476	-2.100494575778392	0.12724543361530438	11.025999972435	27.619999723800007
808	13238272	10	6.2	5.7758116312774614	15.0	0.0	10	11.0	4.732863826479693	17.0	0.0	-0.010104889977970738	-2.1939950732091495	0.1002777658764125	11.128749972178126	27.661999723380003
812	13303808	10	4.8	5.075431016179809	14.0	0.0	10	7.9	5.906775770248943	14.0	0.0	-0.010965938136672815	-2.1836503493498043	0.12941487019620077	10.963749972590627	27.538999724610004
816	13369344	10	7.8	5.035871324805669	13.0	0.0	10	7.6	5.043808085167397	14.0	0.0	-0.009769301273579698	-2.1517637369775486	0.14263046065722318	10.820249972949375	28.360999716390005
820	13434880	10	9.6	4.882622246293481	17.0	0.0	10	7.1	5.85576638878294	14.0	0.0	-0.010648783226115817	-2.13734837102481	0.1003150660440139	10.737999973155	24.794999752050007
824	13500416	10	3.5	4.944694126030447	11.0	0.0	10	11.1	3.5623026261113755	14.0	1.0	-0.009273634283943344	-2.113178717373229	0.12675893786595102	11.138249972154375	24.575999754240005
828	13565952	10	6.5	6.00416522091123	14.0	0.0	10	7.6	6.036555309114628	17.0	0.0	-0.010372047423041958	-2.159057703886038	0.10566530476465343	10.724249973189373	27.725999722740003
832	13631488	10	6.1	5.127377497317708	12.0	0.0	10	9.0	4.959838707054898	14.0	0.0	-0.010432175682100791	-2.0830101616994345	0.14423243420558782	10.725999973184999	28.028999719710004
836	13697024	10	5.1	5.4671747731346585	12.0	0.0	10	10.4	4.294182110716778	14.0	1.0	-0.00976179520774345	-2.133037864939704	0.11919738995221876	10.793999973015	27.911999720880004
840	13762560	10	1.3	3.2572994949804657	11.0	0.0	10	9.1	5.243090691567332	14.0	0.0	-0.009559751466657353	-2.0663663047386462	0.13331538010552113	10.80649997298375	27.747999722520007
844	13828096	10	4.4	4.498888751680798	11.0	0.0	10	11.3	4.075536774462966	16.0	0.0	-0.009665883108839755	-1.9983009768431015	0.1006169182454045	10.91349997271625	18.51699981483
848	13893632	10	6.4	6.086049621881176	14.0	0.0	10	7.6	5.885575587824865	14.0	0.0	-0.009432947048710916	-2.0245785363393103	0.14358651403704667	12.132749969668124	22.59199977408
852	13959168	10	8.7	5.1778373863998475	15.0	0.0	10	10.3	4.1	15.0	0.0	-0.010260133367554058	-2.086387693664656	0.10084117078724109	12.229249969426876	21.34199978658
856	14024704	10	9.0	4.516635916254486	12.0	0.0	10	8.3	5.496362433464518	13.0	0.0	-0.011168814010841265	-2.095473758658045	0.09791752768747021	12.377749969055628	15.139999848600002
860	14090240	10	3.5	4.924428900898052	11.0	0.0	10	7.3	5.64003546088143	14.0	0.0	-0.010229396091892098	-2.071032720091776	0.12652796311538178	12.12249996969375	23.427999765720006
864	14155776	10	5.2	4.995998398718719	12.0	0.0	10	5.9	5.906775770248943	12.0	0.0	-0.011053282135799878	-2.079054494482274	0.10764629757462686	12.106249969734376	23.561999764380005
868	14221312	10	6.6	5.817215828899594	16.0	0.0	10	4.2	4.749736834815167	12.0	0.0	-0.00966037829635774	-2.0745366536403385	0.1410890866389679	12.137999969655002	23.605999763940005
872	14286848	10	5.5	5.220153254455275	12.0	0.0	10	7.5	5.426785420486054	14.0	0.0	-0.009637391865510719	-2.0912497140772306	0.1150834851312713	12.14349996964125	23.197999768020004
876	14352384	10	6.5	5.220153254455275	12.0	0.0	10	7.4	4.454211490264018	11.0	1.0	-0.010063983227319731	-2.047219794030322	0.11780242372318855	12.10399996974	23.220999767790005
880	14417920	10	8.5	4.759201613716317	12.0	0.0	10	9.9	4.323193264243457	14.0	0.0	-0.009022626907274827	-2.074899447244834	0.11733754179770375	12.014749969963127	21.77199978228
884	14483456	10	6.2	5.455272678794342	13.0	0.0	10	6.0	5.830951894845301	13.0	0.0	-0.008906998959276454	-2.1185062128085477	0.12748105838187798	12.042249969894375	24.002999759970002
888	14548992	10	6.4	5.517245689653489	14.0	0.0	10	9.9	4.592385001282014	14.0	0.0	-0.00827048776080673	-2.109483348606829	0.11607888692867332	11.734499970663752	17.19399982806
892	14614528	10	7.0	5.549774770204643	13.0	0.0	10	7.3	5.158488150611572	12.0	1.0	-0.010311704110929265	-2.0785511158725103	0.13353968930281435	11.39149997152125	25.219999747800003
896	14680064	10	6.5	6.053924347066125	15.0	0.0	10	5.0	5.347896782848375	12.0	0.0	-0.008738303870206904	-2.064026673419844	0.14150038329031328	11.421749971445625	25.531999744680004
900	14745600	10	3.3	4.220189569201839	11.0	0.0	10	8.3	5.478138369920935	13.0	0.0	-0.009657386136399432	-2.0453612392500324	0.1589094682741534	11.195249972011874	23.309999766900003
904	14811136	10	7.2	5.095095681142799	12.0	0.0	10	9.0	5.796550698475776	15.0	0.0	-0.009308847406161629	-2.0815375544446058	0.14668255359889984	10.927249972681874	21.583999784160003
908	14876672	10	5.2	5.381449618829484	13.0	0.0	10	9.0	5.291502622129181	13.0	0.0	-0.009866043664748471	-2.1489763506001864	0.13243102676718294	10.443499973891251	29.731999702680003
912	14942208	10	6.5	5.389805191284746	13.0	0.0	10	7.8	5.509990925582364	14.0	0.0	-0.0098025089624061	-2.1166167281846766	0.11980752731046306	10.258749974353124	30.858999691410006
916	15007744	10	2.2	3.8418745424597094	13.0	0.0	10	7.4	5.535341001239218	14.0	0.0	-0.008754611545552791	-2.1262564408551112	0.1471052703604846	10.19349997451625	30.091999699080002
920	15073280	10	4.4	5.571355310873648	15.0	0.0	10	6.9	5.374941860150675	13.0	0.0	-0.010256638162438273	-2.0804914805112724	0.12892905815403244	10.30949997422625	27.793999722060004
924	15138816	10	7.1	5.61159513863928	12.0	0.0	10	6.0	5.865151319446072	14.0	0.0	-0.0099139449874788	-2.100486069698878	0.1388134412943764	10.530999973672499	29.590999704090006
928	15204352	10	6.3	5.000999900019995	12.0	0.0	10	6.1	4.948737212663449	11.0	0.0	-0.010541771165171023	-2.0973528671066726	0.11684334664940643	10.470749973823127	29.035999709640006
932	15269888	10	5.9	5.146843692983108	11.0	0.0	10	10.2	4.534313619501853	14.0	1.0	-0.009614609105694533	-2.1635945635767087	0.13858741396215363	10.505249973736875	25.566999744330005
936	15335424	10	8.7	5.139066063011839	13.0	0.0	10	9.1	5.412023651093923	14.0	0.0	-0.009427540599899876	-2.0660194417172293	0.1806252130584767	10.199749974500625	31.493999685060004
940	15400960	10	3.7	5.254521862167861	13.0	0.0	10	11.1	4.1340053217188775	17.0	0.0	-0.009914923481299185	-2.1244823831093624	0.11960670366258255	10.120249974699375	26.429999735700004
944	15466496	10	5.3	6.293647591023825	17.0	0.0	10	5.6	5.370288632839022	13.0	0.0	-0.009537224972131612	-2.1352878334880856	0.1450858627450085	10.227749974430626	30.768999692310004
948	15532032	10	5.0	5.157518783291051	12.0	0.0	10	8.4	5.332916650389353	13.0	0.0	-0.009632612228321479	-2.115342500088801	0.1535676534438106	10.238499974403751	30.660999693390007
952	15597568	10	5.3	5.74543296888929	14.0	0.0	10	8.8	4.975942121849891	14.0	1.0	-0.009376109317229563	-2.0997406316596527	0.17430237407222196	10.087749974780625	32.87999967120001
956	15663104	10	4.6	5.023942674832188	14.0	0.0	10	7.9	5.629387178015028	15.0	0.0	-0.009652244888967444	-2.127743787841886	0.15577070397875334	9.798749975503124	31.954999680450005
960	15728640	10	8.1	5.974110812497538	16.0	0.0	10	7.9	6.204030947698439	16.0	0.0	-0.010446826278715434	-2.1713992777191717	0.13614303702622588	10.525999973685002	34.09399965906
964	15794176	10	3.8	5.211525688318153	13.0	0.0	10	7.9	5.6471231613982	16.0	0.0	-0.009220933387899916	-2.1476168555764414	0.1256723118970268	9.86399997534	32.8699996713
968	15859712	10	5.1	5.107837115648853	12.0	0.0	10	7.5	5.572252686302013	14.0	0.0	-0.009867422276817275	-2.1171490547835834	0.1356313767856886	9.802249975494377	33.32799966672001
972	15925248	10	7.2	5.528109984434102	13.0	0.0	10	6.4	6.069596362197408	14.0	0.0	-0.0100002378035436	-2.1381051612653366	0.12827786491468457	9.9729999750675	32.951999670480006
976	15990784	10	6.1	5.166236541235795	12.0	0.0	10	9.0	4.669047011971501	14.0	2.0	-0.009791219232476505	-2.1299538858499707	0.14220660581945235	11.852749970368125	25.194999748050005
980	16056320	10	4.0	5.079370039680118	13.0	0.0	10	9.9	4.323193264243457	13.0	0.0	-0.009295397136401068	-2.148583265418514	0.14588702421978378	11.700249970749375	22.546999774530004
984	16121856	10	5.5	5.004997502496879	13.0	0.0	10	7.6	6.887670143089026	16.0	0.0	-0.009506458871550907	-2.1335494987927683	0.12564327772174064	12.173749969565625	25.269999747300005
988	16187392	10	7.5	4.984977432245807	13.0	0.0	10	7.9	5.5578772926361015	14.0	0.0	-0.010064961261542127	-2.112063598909511	0.1521712016000536	12.418249968954376	23.252999767470005
992	16252928	10	7.3	5.441507144165117	14.0	0.0	10	5.9	5.52177507691141	12.0	0.0	-0.00945253023041979	-2.1708216366890793	0.14819906014026224	12.1189999697025	23.066999769330003
996	16318464	10	6.1	6.155485358604957	14.0	0.0	10	10.1	4.3920382511995495	14.0	1.0	-0.009867017609882688	-2.140706705327362	0.12917917018652417	12.180999969547502	21.488999785110003
1000	16384000	10	3.2	3.994996871087636	11.0	0.0	10	7.4	5.4626001134990645	13.0	0.0	-0.010518658808112927	-2.130045773860463	0.1009584538300596	11.25649997185875	26.682999733170004
1004	16449536	10	6.4	5.678027826631356	14.0	0.0	10	12.8	0.9797958971132712	15.0	12.0	-0.009366402229346848	-2.1337536869210596	0.13524789757549088	11.360749971598125	16.81899983181
1008	16515072	10	5.4	5.122499389946279	12.0	0.0	10	3.0	4.8373546489791295	14.0	0.0	-0.009363548773393847	-2.201260499426902	0.11493516494874971	10.995749972510625	27.74299972257
1012	16580608	10	9.0	4.774934554525329	13.0	0.0	10	5.5	5.678908345800274	15.0	0.0	-0.009691311458988544	-2.1544282185773964	0.1362673952878379	10.799749973000624	24.347999756520004
1016	16646144	10	6.0	5.477225575051661	12.0	0.0	10	6.1	5.539855593785816	12.0	0.0	-0.010059656496664056	-2.130716621653813	0.11618675426145834	10.663749973340625	17.626999823730003
1020	16711680	10	8.5	5.004997502496879	13.0	0.0	10	10.0	5.329165037789691	16.0	0.0	-0.010666688635663665	-2.107166006941644	0.1510252842987963	10.794499973013751	27.839999721600005
1024	16777216	10	6.1	5.028916384272063	11.0	0.0	10	10.0	4.626013402488151	15.0	1.0	-0.008642977461637896	-2.1064691640725934	0.15704098497433766	10.903499972741251	19.300999806990003
1028	16842752	10	7.7	4.8999999999999995	14.0	0.0	10	8.2	6.2257529665093525	16.0	0.0	-0.010115871750569026	-2.1094860929040156	0.12768593378742402	11.200249971999375	25.476999745230003
1032	16908288	10	7.0	5.966573556070519	17.0	0.0	10	7.9	5.539855593785816	14.0	0.0	-0.010031390276876129	-2.088622602106126	0.15204086587732768	11.261249971846874	26.723999732760003
1036	16973824	10	5.2	5.2115256883181535	13.0	0.0	10	9.7	4.920365840057018	14.0	0.0	-0.00956172231378472	-2.1134963381075695	0.16664038162184405	11.195749972010624	16.156999838430004
1040	17039360	10	2.9	5.3188344587888805	14.0	0.0	10	8.4	5.122499389946279	13.0	0.0	-0.009768121678354174	-2.1128876082881765	0.14866278031844554	11.726249970684375	24.260999757390003
1044	17104896	10	5.4	5.517245689653489	13.0	0.0	10	12.2	3.919183588453085	15.0	1.0	-0.009722652169833151	-2.119147471862824	0.11083978584123412	11.76949997057625	17.647999823520003
1048	17170432	10	6.2	5.2115256883181535	12.0	1.0	10	7.9	5.8898217290508885	14.0	0.0	-0.009441788899116794	-2.1339615382514774	0.11974981332813035	12.100749969748128	22.299999777000004
1052	17235968	10	5.9	5.717516943569122	12.0	0.0	10	8.9	5.906775770248943	14.0	0.0	-0.009316936304093883	-2.144239946976463	0.13289358442196259	11.949249970126877	22.892999771070006
1056	17301504	10	8.7	5.404627646748664	15.0	0.0	10	5.5	4.674398357008098	14.0	0.0	-0.010675695791582214	-2.121574533261395	0.11817712909863216	11.920249970199375	23.535999764640007
1060	17367040	10	7.5	4.759201613716317	12.0	0.0	10	8.3	4.69148164229596	12.0	0.0	-0.00932069463451548	-2.0557483507041523	0.1557348892706583	11.577249971056876	16.55099983449
1064	17432576	10	8.2	4.995998398718719	13.0	0.0	10	6.1	5.166236541235795	12.0	0.0	-0.008359479375069503	-2.131538741068534	0.14530246090182555	11.457999971355001	24.928999750710002
1068	17498112	10	7.4	5.314132102234569	13.0	0.0	10	4.8	5.095095681142799	11.0	0.0	-0.010355481338423452	-2.0933948132201943	0.09838712369619146	11.421999971445	28.227999717720007
1072	17563648	10	7.2	4.935585071701226	12.0	0.0	10	10.2	3.9949968710876362	14.0	2.0	-0.009891201447499469	-2.094470386485635	0.12902310077930088	11.215249971961876	26.906999730930004
1076	17629184	10	7.6	5.295280917949491	14.0	0.0	10	7.3	5.675385449465084	14.0	0.0	-0.009805881783489507	-2.05179099717225	0.15747000981655027	11.171499972071251	26.799999732000003
1080	17694720	10	6.2	5.491812087098393	14.0	0.0	10	8.8	5.2306787322488075	15.0	0.0	-0.009326005916226255	-2.053785599554226	0.13411571627327495	10.79749997300625	21.261999787380002
1084	17760256	10	7.2	5.946427498927402	14.0	0.0	10	7.2	5.688585061331157	12.0	0.0	-0.009812518812586386	-2.1319233872259176	0.10295109736902494	11.223249971941874	25.26899974731
1088	17825792	10	4.4	5.517245689653489	15.0	0.0	10	10.6	3.6110940170535577	13.0	0.0	-0.010289950661434098	-2.0388424816590662	0.1303993551079945	11.103249972241876	16.366999836330002
1092	17891328	10	6.7	5.4230987451825	14.0	0.0	10	5.5	5.5901699437494745	14.0	0.0	-0.00944124404873219	-2.099608056028525	0.13014650040813103	11.5729999710675	22.535999774640004
1096	17956864	10	3.9	5.146843692983108	13.0	0.0	10	7.5	5.608029957123981	13.0	0.0	-0.010034427050581203	-2.0823412113206095	0.09285050753778608	12.20249996949375	22.461999775380004
1100	18022400	10	5.1	5.337602458033007	13.0	0.0	10	10.8	3.893584466786357	16.0	0.0	-0.010162854762562366	-2.0738034246191837	0.11476073249910419	12.202749969493127	22.117999778820003
1104	18087936	10	4.7	4.670117771534247	12.0	0.0	10	8.4	6.2641839053463295	17.0	0.0	-0.01058296147080416	-2.0769714487415687	0.09363893115848923	12.408749968978126	16.07199983928
1108	18153472	10	4.9	5.430469592954186	13.0	0.0	10	10.7	3.661966684720111	13.0	0.0	-0.009030890402723953	-2.0936816903754685	0.12716357897573802	12.936499967658749	23.489999765100002
1112	18219008	10	6.5	5.220153254455275	13.0	0.0	10	7.9	5.593746508378799	14.0	0.0	-0.008957272295120463	-2.0640411672826304	0.1297485469705312	12.637749968405625	13.393999866060001
1116	18284544	10	9.1	4.323193264243457	12.0	0.0	10	10.3	4.337049688440288	15.0	1.0	-0.009281128636700494	-2.07538960852462	0.10958882943982509	13.929249965176876	14.508999854910003
1120	18350080	10	3.6	4.862098312457287	11.0	0.0	10	8.2	4.512205669071391	12.0	1.0	-0.008996753217588393	-2.117911323684375	0.12269965208720068	13.776249965559376	19.08299980917
1124	18415616	10	4.3	5.197114584074513	13.0	0.0	10	6.4	5.043808085167396	12.0	0.0	-0.01026806895135812	-2.128373796519462	0.10017313322095432	13.715249965711877	18.359999816400002
1128	18481152	10	6.8	5.5641710972974225	12.0	0.0	10	8.7	5.367494760127856	14.0	0.0	-0.00893260850744833	-2.173880611630332	0.1362074736053423	13.514749966213124	18.0599998194
1132	18546688	10	4.9	5.412023651093923	12.0	0.0	10	9.4	4.2708313008125245	13.0	0.0	-0.00921008886047743	-2.1380723960954016	0.11774851535772599	13.70649996573375	17.96399982036
1136	18612224	10	6.3	6.067124524847006	16.0	0.0	10	6.7	6.165225056719341	14.0	0.0	-0.009766269255925586	-2.105141301730533	0.10684351668511494	13.479499966301251	19.460999805390003
1140	18677760	10	5.1	5.223983154643591	12.0	0.0	10	7.6	5.5533773507659285	15.0	0.0	-0.009784664340452465	-2.105497382361911	0.10565149670452786	13.368249966579375	17.68499982315
1144	18743296	10	5.0	5.329165037789691	12.0	0.0	10	8.9	6.10655385630881	18.0	0.0	-0.008850280371601021	-2.1032943301195437	0.13361509880211397	13.158749967103127	18.899999811
1148	18808832	10	8.6	5.043808085167396	13.0	0.0	10	9.6	5.141984052872976	14.0	0.0	-0.009847348584000572	-2.0769264348171337	0.1261264637834948	13.314999966712502	20.945999790540004
1152	18874368	10	5.1	5.4671747731346585	13.0	0.0	10	7.5	6.2008063991709985	15.0	0.0	-0.009740730940591405	-2.044520107195394	0.12672082888349875	12.858249967854377	21.590999784090005
1156	18939904	10	8.3	5.254521862167861	13.0	0.0	10	6.6	5.571355310873647	14.0	0.0	-0.009554926862837404	-2.0648087583814947	0.14348562588041466	12.493749968765625	17.294999827050006
1160	19005440	10	2.8	4.214261501141095	11.0	0.0	10	7.0	5.347896782848375	12.0	0.0	-0.00943690297231342	-2.134071399545894	0.10668074470454325	12.9869999675325	20.18199979818
1164	19070976	10	5.9	5.374941860150676	14.0	0.0	10	4.4	5.180733538795447	13.0	0.0	-0.008885785104499175	-2.1658912696171697	0.1302071333882429	12.832249967919376	20.176999798230003
1168	19136512	10	2.8	4.166533331199932	11.0	0.0	10	6.6	6.2960304954788775	15.0	0.0	-0.011113173807395633	-2.1532535054030166	0.09490339782963063	12.888999967777501	23.784999762150004
1172	19202048	10	6.1	5.957348403442592	14.0	0.0	10	10.6	5.314132102234569	16.0	0.0	-0.009545734585335627	-2.1172353300233597	0.1400654781463872	12.22349996944125	22.564999774350007
1176	19267584	10	4.4	4.882622246293481	13.0	0.0	10	8.0	5.253570214625479	12.0	0.0	-0.010233992002662982	-2.126424943185874	0.10811647818228916	12.647499968381249	22.054999779450004
1180	19333120	10	6.7	5.478138369920935	12.0	0.0	10	6.2	6.063002556489648	14.0	0.0	-0.010019703786552555	-2.165727751724826	0.07885732446596642	12.395749969010627	22.283999777160002
1184	19398656	10	6.4	5.314132102234569	12.0	0.0	10	9.1	5.61159513863928	14.0	0.0	-0.010741030939337303	-2.1615482814841918	0.09100218310314687	12.442249968894375	17.274999827250003
1188	19464192	10	4.0	5.585696017507576	15.0	0.0	10	5.5	4.883646178829912	12.0	0.0	-0.010311570752327488	-2.217285389470558	0.09554286882217387	12.54849996862875	22.640999773590003
1192	19529728	10	7.7	5.367494760127857	14.0	0.0	10	7.3	6.017474553332154	14.0	0.0	-0.010576452203884994	-2.1348377190790035	0.0986871877970441	12.31249996921875	23.024999769750004
1196	19595264	10	5.4	5.695612346359257	14.0	0.0	10	8.7	5.3113086899558	13.0	0.0	-0.009556269180004313	-2.1875474823222745	0.11750313320214936	12.137499969656249	22.706999772930004
1200	19660800	10	8.2	5.418486873657627	13.0	0.0	10	10.5	3.640054944640259	14.0	0.0	-0.009980837739497962	-2.133470939870963	0.10028741197236786	12.160999969597501	24.914999750850004
1204	19726336	10	7.5	5.200961449578338	14.0	0.0	10	6.4	5.76541412215983	14.0	0.0	-0.010631318574071309	-2.1167287675321544	0.12700845850860792	12.16449996958875	21.689999783100006
1208	19791872	10	5.9	5.52177507691141	12.0	0.0	10	11.2	4.142463035441596	17.0	0.0	-0.009270899047749645	-2.1676925989714273	0.10835337773544174	11.678999970802499	14.358999856410001
1212	19857408	10	3.7	5.254521862167861	13.0	0.0	10	9.4	6.003332407921453	17.0	0.0	-0.00895924182893748	-2.11229479787599	0.12242029241252769	12.840749967898125	20.424999795750004
1216	19922944	10	6.7	5.866003750424985	15.0	0.0	10	9.8	4.995998398718719	14.0	0.0	-0.008415908365080006	-2.1365218135475805	0.11107561417940047	12.775999968060002	23.506999764930004
1220	19988480	10	5.9	5.3188344587888805	13.0	0.0	10	9.7	4.73392015141785	14.0	0.0	-0.009055275088300013	-2.108108699102152	0.1448166066785056	12.148749969628126	16.264999837350004
1224	20054016	10	6.8	5.582114294781145	13.0	0.0	10	10.5	4.2485291572496005	16.0	2.0	-0.00871655354573553	-2.115577667731211	0.15054485782344065	12.817749967955626	14.071999859280002
1228	20119552	10	7.1	5.430469592954186	13.0	0.0	10	9.3	5.119570294468081	14.0	0.0	-0.01037853377675794	-2.102968024491755	0.10739731667220699	13.582249966044376	10.669999893300002
1232	20185088	10	8.6	4.94368283772331	15.0	0.0	10	9.4	4.758150901348127	13.0	0.0	-0.009448291162926758	-2.0984467464486376	0.14026686353700055	12.221249969446877	21.231999787680003
1236	20250624	10	4.6	5.71314274283428	14.0	0.0	10	6.5	5.572252686302013	12.0	0.0	-0.00983118159535844	-2.1125854624097338	0.12736769205495171	10.827499972931252	27.971999720280007
1240	20316160	10	7.2	5.509990925582365	12.0	0.0	10	7.5	5.766281297335398	13.0	0.0	-0.009619398487816335	-2.151658827835701	0.1219671556288608	10.980499972548749	22.576999774230007
1244	20381696	10	7.2	5.706137047074843	13.0	0.0	10	7.0	6.0332412515993425	15.0	0.0	-0.009232113469148276	-2.127117417531168	0.13278045527185198	9.9449999751375	31.798999682010006
1248	20447232	10	5.5	5.06458290484024	12.0	0.0	10	7.6	5.851495535331118	13.0	0.0	-0.00995739294393651	-2.1281904749838936	0.11533157433113118	9.789249975526877	22.778999772210003
1252	20512768	10	5.3	5.710516614107694	13.0	0.0	10	9.1	5.4671747731346585	15.0	0.0	-0.009287161283527577	-2.0964368927281822	0.1456794810019179	10.443249973891874	25.368999746310003
1256	20578304	10	6.9	5.48543526076099	15.0	0.0	10	6.5	5.608029957123981	14.0	0.0	-0.009757696642629913	-2.1142419723454173	0.15137930344765554	9.837999975405001	33.40799966592001
1260	20643840	10	5.0	5.347896782848375	12.0	0.0	10	7.2	5.929586832149438	14.0	0.0	-0.010141640619172103	-2.130495217717291	0.11506430586222273	10.076749974808125	21.494999785050005
1264	20709376	10	7.8	5.362835071116769	15.0	0.0	10	9.4	5.4258639865002145	15.0	0.0	-0.009410242444806094	-2.1362340373555813	0.16968459052128818	10.554999973612501	29.336999706630003
1268	20774912	10	5.5	5.445181356024793	14.0	0.0	10	8.2	5.3814496188294845	12.0	0.0	-0.009610216253561385	-2.103730718075641	0.1325778217537683	10.9589999726025	13.933999860660002
1272	20840448	10	5.8	4.578209256903839	12.0	0.0	10	7.3	5.797413216254298	17.0	0.0	-0.010723076451636364	-2.1634984461199647	0.11909850883453996	12.3109999692225	26.512999734870007
1276	20905984	10	4.2	5.81033561853358	16.0	0.0	10	7.7	4.712748667179271	13.0	1.0	-0.009562053390471344	-2.1324910146756886	0.12441032661846987	11.388999971527502	26.075999739240004
1280	20971520	10	6.9	4.52658811910251	12.0	0.0	10	9.4	4.5431266766402185	14.0	0.0	-0.009964831515564616	-2.140430713470339	0.10817545783200062	11.216749971958125	14.913999850860002
1284	21037056	10	4.5	5.2583267300539625	13.0	0.0	10	8.0	4.979959839195493	14.0	2.0	-0.008968133534204926	-2.119461595791338	0.1316987258089735	11.610749970973124	25.203999747960005
1288	21102592	10	5.1	5.08822169328342	12.0	0.0	10	7.3	5.235456045083369	13.0	0.0	-0.008983597695658093	-2.1912504457138287	0.13754918735283306	12.30749996923125	23.072999769270005
1292	21168128	10	4.6	5.063595560468865	12.0	0.0	10	5.8	6.095900261651268	17.0	0.0	-0.0099841318674618	-2.1415386992449	0.11487430953776294	12.280249969299376	22.635999773640002
1296	21233664	10	7.2	5.546169849544819	14.0	0.0	10	10.3	5.25452186216786	15.0	0.0	-0.009485642703639543	-2.1426144687089628	0.10326586930402545	12.396749969008127	12.060999879390002
1300	21299200	10	7.4	5.695612346359257	13.0	0.0	10	10.6	2.615339366124404	13.0	3.0	-0.010291683178506537	-2.181887576750132	0.11747385210996565	12.550249968624374	13.837999861620002
1304	21364736	10	2.8	4.214261501141095	11.0	0.0	10	8.8	4.377213725647858	13.0	0.0	-0.008738072035156808	-2.142872407809201	0.1654442377060919	11.449999971375	19.041999809580005
1308	21430272	10	5.4	5.3516352641038605	12.0	0.0	10	9.6	4.6303347611160905	14.0	0.0	-0.009761897135420998	-2.1268256850808718	0.11489652709149044	10.884249972789375	27.562999724370002
1312	21495808	10	7.7	5.1778373863998475	13.0	0.0	10	6.5	6.168468205316454	14.0	0.0	-0.00825937313164774	-2.1387398538745805	0.15261821338558873	11.429499971426251	25.562999744370003
1316	21561344	10	4.8	5.491812087098393	12.0	0.0	10	9.0	5.403702434442518	15.0	0.0	-0.009735999623036676	-2.2106858092230484	0.1026531188098575	12.053749969865624	24.913999750860004
1320	21626880	10	8.9	4.763402145525822	14.0	0.0	10	6.4	5.868560300448485	14.0	1.0	-0.009500217169484357	-2.165438214712279	0.09734226859247229	12.356249969109376	22.641999773580004
1324	21692416	10	8.4	5.571355310873647	14.0	0.0	10	6.8	5.946427498927402	15.0	0.0	-0.009004607798156344	-2.175920891038416	0.09957146977279004	12.457249968856875	22.43199977568
1328	21757952	10	6.4	5.76541412215983	15.0	0.0	10	8.3	5.459853477887479	14.0	0.0	-0.009654817199492944	-2.1669766776489974	0.10553543322862069	12.0269999699325	21.965999780340006
1332	21823488	10	5.6	5.40740233383831	11.0	0.0	10	5.8	5.89576118919347	15.0	0.0	-0.009902792753745544	-2.118410368539759	0.10793573252974163	12.026999969932499	22.601999773980005
1336	21889024	10	6.0	4.9396356140913875	12.0	0.0	10	10.3	4.583666654546335	15.0	0.0	-0.009407741152477538	-2.1212602826730107	0.11621030535269723	12.1609999695975	22.621999773780004
1340	21954560	10	5.3	5.831809324729333	14.0	0.0	10	7.5	5.643580423808985	15.0	0.0	-0.008052525851851646	-2.1007864572402997	0.15120709724701423	12.178249969554376	22.874999771250003
1344	22020096	10	5.1	5.906775770248943	14.0	0.0	10	8.0	5.458937625582473	15.0	0.0	-0.010451556315701622	-2.1309548440342674	0.11325994714846097	12.147249969631876	22.42099977579
1348	22085632	10	9.7	4.670117771534247	13.0	0.0	10	8.3	5.478138369920935	13.0	0.0	-0.008916978104915612	-2.1140277756038586	0.10671181785538589	12.222499969443751	17.367999826320002
1352	22151168	10	5.8	5.946427498927402	17.0	0.0	10	10.8	3.340658617698013	13.0	1.0	-0.010155630112576712	-2.0958026943407844	0.1025060927000532	10.879749972800626	27.585999724140002
1356	22216704	10	6.2	5.287721626560914	13.0	0.0	10	5.6	5.407402333838309	13.0	0.0	-0.008955459167713623	-2.1082612547069117	0.13908078124229242	10.95049997262375	27.423999725760005
1360	22282240	10	5.4	5.161395160225576	13.0	0.0	10	4.7	4.94064773081425	13.0	0.0	-0.00849804148222274	-2.1450711834183065	0.15028858447123675	10.817249972956876	27.508999724910005
1364	22347776	10	5.3	5.404627646748664	13.0	0.0	10	10.8	5.564171097297422	16.0	0.0	-0.008910144690446788	-2.0913359694487923	0.13976390844617753	11.714749970713125	20.221999797780004
1368	22413312	10	10.1	2.6248809496813377	12.0	4.0	10	9.0	4.919349550499537	14.0	0.0	-0.00907043062909707	-2.1435139400514327	0.0961850448023297	11.187249972031875	23.33899976661
1372	22478848	10	6.3	5.1778373863998475	13.0	0.0	10	8.7	5.386093203798092	15.0	0.0	-0.008131227115641538	-2.0919844977862034	0.14156344430598714	10.9149999727125	27.676999723230004
1376	22544384	10	8.8	5.287721626560914	15.0	0.0	10	10.5	4.652956049652737	17.0	0.0	-0.009759993111901013	-2.1603820942575407	0.1079263122407055	11.819749970450626	24.869999751300004
1380	22609920	10	4.2	4.975942121849892	12.0	0.0	10	9.1	4.928488612140643	14.0	1.0	-0.008971656760246138	-2.188662007223072	0.0953681243794659	11.61049997097375	22.564999774350007
1384	22675456	10	8.5	5.162363799656123	13.0	0.0	10	8.6	5.499090833947008	14.0	0.0	-0.009585981678266848	-2.1838225123991664	0.1007670822525981	11.597249971006875	24.655999753440003
1388	22740992	10	5.5	5.818075283115543	14.0	0.0	10	8.1	5.448853090330111	15.0	0.0	-0.00879612498131418	-2.057652433498938	0.11493718254269208	12.414749968963125	24.29799975702
1392	22806528	10	9.9	4.323193264243457	14.0	1.0	10	8.8	5.582114294781145	13.0	0.0	-0.008612318729938374	-2.109939224798239	0.10907701913993799	11.817249970456874	27.836999721630004
1396	22872064	10	6.6	5.407402333838309	15.0	0.0	10	7.6	5.276362383309167	13.0	0.0	-0.009692437024165489	-2.130194167074196	0.099138709744977	10.88949997277625	28.514999714850006
1400	22937600	10	4.1	4.825971404805461	12.0	0.0	10	6.1	6.122907805936653	13.0	0.0	-0.009142662083485933	-2.054665243659966	0.135921720672831	10.934499972663748	27.797999722020002
1404	23003136	10	8.7	5.883026432033091	16.0	0.0	10	8.6	5.257375771237966	13.0	0.0	-0.009400748064693569	-2.109357399025378	0.0872134601140817	11.517249971206875	30.517999694820006
1408	23068672	10	7.5	4.738143096192854	12.0	1.0	10	9.2	4.975942121849892	14.0	0.0	-0.008372214289654744	-2.1250523997119783	0.11482869304762218	10.2589999743525	30.313999696860005
1412	23134208	10	8.5	6.15223536610881	17.0	0.0	10	10.3	4.561797891182818	15.0	1.0	-0.00936789743378577	-2.110373052238138	0.10152120153759144	10.503999973740001	29.723999702760004
1416	23199744	10	7.2	5.325410782277739	13.0	0.0	10	10.8	5.192301994298868	16.0	0.0	-0.009085491599422386	-2.142450893695501	0.09340828143949849	11.057249972356875	21.160999788390004
1420	23265280	10	4.4	4.6303347611160905	12.0	0.0	10	8.1	5.52177507691141	15.0	0.0	-0.008740959560781334	-2.14109656937469	0.12148263451619606	11.602999970992501	24.940999750590002
1424	23330816	10	6.9	5.699999999999999	14.0	0.0	10	9.8	4.534313619501853	14.0	0.0	-0.00947804894189884	-2.155838501725538	0.10261592492944492	12.252749969368125	14.201999857980002
1428	23396352	10	6.3	6.181423784210236	15.0	0.0	10	9.7	4.69148164229596	14.0	0.0	-0.009165406740324757	-2.058949353579783	0.1181968942471903	12.210499969473751	17.381999826180003
1432	23461888	10	3.9	4.7	11.0	0.0	10	8.6	4.673328578219169	13.0	0.0	-0.009559995132414529	-2.0918258798923652	0.09216642813417876	11.515249971211876	28.356999716430003
1436	23527424	10	8.6	4.715930449020639	15.0	1.0	10	11.4	3.6110940170535577	14.0	1.0	-0.009210879464819046	-2.0528265570945994	0.08461287752619902	11.6429999708925	23.345999766540004
1440	23592960	10	5.1	4.988987873306569	11.0	0.0	10	8.7	5.550675634551166	14.0	0.0	-0.009224550375568914	-2.078689081998699	0.12324678539566858	11.035249972411876	26.896999731030004
1444	23658496	10	5.2	5.635601121442148	14.0	0.0	10	5.9	5.734980383575867	13.0	0.0	-0.00897360612874663	-2.0640461666222105	0.10617740854756681	11.165749972085624	28.068999719310003
1448	23724032	10	6.6	6.359245238233859	16.0	0.0	10	10.0	4.626013402488151	14.0	1.0	-0.008900101538208506	-2.113146083830218	0.08442740708020542	10.97749997255625	27.046999729530004
1452	23789568	10	7.7	5.441507144165117	15.0	0.0	10	8.6	5.0039984012787215	13.0	1.0	-0.009571740172369019	-2.1312002140050406	0.07523822775879074	10.993749972515626	31.014999689850004
1456	23855104	10	5.0	5.347896782848375	12.0	0.0	10	8.7	5.386093203798093	14.0	0.0	-0.008822448373687508	-2.1415659336005057	0.10264845594936263	10.6399999734	24.318999756810005
1460	23920640	10	7.5	5.239274758971894	13.0	0.0	10	9.3	4.980963762164908	16.0	2.0	-0.008558554392056765	-2.1563757407405846	0.09414750658702395	11.029999972425	27.717999722820004
1464	23986176	10	7.1	5.664803615307419	14.0	0.0	10	7.7	5.728001396647874	14.0	0.0	-0.009386014582795114	-2.1955420968629724	0.06625593152215958	10.916749972708127	28.740999712590003
1468	24051712	10	6.5	5.315072906367325	12.0	1.0	10	10.5	4.695742752749559	15.0	1.0	-0.008418532591988397	-2.226583279437349	0.07684759740538094	11.477999971305	27.577999724220003
1472	24117248	10	6.1	5.957348403442592	14.0	0.0	10	7.5	6.00416522091123	15.0	0.0	-0.009638199327033465	-2.2233349753090406	0.08011380881012674	11.566249971084375	15.463999845360004
1476	24182784	10	3.5	4.924428900898052	11.0	0.0	10	7.6	5.868560300448483	14.0	0.0	-0.00966501228827811	-2.1491786934680164	0.06312297924229858	11.217999971955	25.887999741120005
1480	24248320	10	8.1	4.928488612140643	15.0	1.0	10	6.0	5.639148871948674	13.0	0.0	-0.009414088402010547	-2.112000914691429	0.13032937149401402	11.285749971785625	25.901999740980006
1484	24313856	10	4.6	4.758150901348127	13.0	0.0	10	8.9	5.068530358989675	14.0	0.0	-0.009024974317950497	-2.145317248776602	0.10054538134059016	11.379999971550001	25.375999746240005
1488	24379392	10	8.0	5.692099788303083	14.0	0.0	10	7.8	5.473572873361603	14.0	0.0	-0.010171141874557246	-2.109304691134714	0.09842519678391949	11.577249971056874	25.219999747800003
1492	24444928	10	8.3	5.020956084253277	12.0	0.0	10	5.3	5.532630477449221	13.0	0.0	-0.00898413348262483	-2.1927931529979596	0.11139571572424899	11.401249971496876	25.476999745230003
1496	24510464	10	5.3	5.330103188494572	13.0	0.0	10	7.9	4.346262762420146	12.0	0.0	-0.008629543383308345	-2.1217791609739414	0.09153220103100156	12.085749969785624	25.037999749620003
1500	24576000	10	5.6	6.374950980203692	15.0	0.0	10	8.2	5.89576118919347	16.0	0.0	-0.00834757519718908	-2.162617529206706	0.11969570364177126	11.4629999713425	26.68799973312
1504	24641536	10	7.3	6.017474553332153	17.0	0.0	10	7.4	5.535341001239218	13.0	0.0	-0.009407927615868616	-2.1283930984902595	0.11285043894689954	11.626249970934374	23.677999763220004
1508	24707072	10	5.0	5.966573556070519	14.0	0.0	10	6.9	5.769748694700662	14.0	0.0	-0.008521605020199784	-2.1142532177550635	0.142509544719067	11.922749970193125	24.826999751730007
1512	24772608	10	4.8	5.2497618993626745	15.0	0.0	10	4.9	5.821511831131154	13.0	0.0	-0.008215728658850851	-2.099804130474547	0.12758207040441238	12.311249969221876	25.038999749610007
1516	24838144	10	5.6	5.332916650389354	13.0	0.0	10	5.9	5.467174773134658	13.0	0.0	-0.008938272647637505	-2.1234971481336506	0.14139813268636497	11.549749971125626	25.380999746190003
1520	24903680	10	5.4	5.817215828899595	16.0	0.0	10	4.2	5.362835071116769	14.0	0.0	-0.0076267287165984795	-2.1050078916343784	0.13913387120804266	11.422499971443752	26.549999734500005
1524	24969216	10	4.5	5.903388857258177	16.0	0.0	10	6.7	5.459853477887479	14.0	0.0	-0.008588208590496261	-2.1292192387349753	0.11227628005430298	11.202249971994375	27.589999724100004
